1 2 0.966264
1 3 0.846811
1 5 0.904347
1 8 0.990583
1 12 0.880541
1 16 0.854144
1 17 0.961394
1 19 0.996792
2 1 0.966264
2 8 0.984579
2 19 0.994089
3 1 0.846811
3 8 0.821994
4 17 0.500000
5 1 0.904347
5 8 0.939198
8 1 0.990583
8 2 0.984579
8 3 0.821994
8 5 0.939198
8 12 0.931681
8 13 0.960593
8 14 0.994711
8 15 0.884658
8 16 0.872519
8 17 0.981429
8 19 0.999222
10 19 0.995842
12 1 0.880541
12 8 0.931681
13 8 0.960593
14 8 0.994711
15 8 0.884658
16 1 0.854144
16 8 0.872519
17 1 0.961394
17 4 0.500000
17 8 0.981429
17 19 0.992927
18 19 0.998893
19 1 0.996792
19 2 0.994089
19 8 0.999222
19 10 0.995842
19 17 0.992927
19 18 0.998893
1 1 0.979812
1 4 0.500000
1 6 0.996314
1 7 0.502453
1 9 0.590362
1 10 0.961704
1 11 0.681420
1 13 0.923648
1 14 0.987527
1 15 0.828673
1 18 0.979250
2 2 0.951930
2 3 0.780709
2 4 0.500000
2 5 0.878225
2 6 0.992418
2 7 0.502135
2 9 0.577375
2 10 0.947722
2 11 0.668216
2 12 0.856922
2 13 0.903820
2 14 0.977777
2 15 0.804934
2 16 0.812245
2 17 0.945959
2 18 0.970889
3 2 0.780709
3 3 0.996725
3 4 0.500000
3 5 0.766860
3 6 0.960709
3 7 0.502339
3 9 0.614722
3 10 0.765029
3 11 0.593516
3 12 0.665257
3 13 0.668053
3 14 0.965558
3 15 0.607239
3 16 0.766783
3 17 0.784319
3 18 0.824577
3 19 0.879547
4 1 0.500000
4 2 0.500000
4 3 0.500000
4 4 0.500000
4 5 0.500000
4 6 0.500000
4 7 0.500000
4 8 0.500000
4 9 0.500000
4 10 0.500000
4 11 0.500000
4 12 0.500000
4 13 0.500000
4 14 0.500000
4 15 0.500000
4 16 0.500000
4 18 0.500000
4 19 0.500000
5 2 0.878225
5 3 0.766860
5 4 0.500000
5 5 0.805057
5 6 0.964347
5 7 0.501350
5 9 0.556195
5 10 0.859412
5 11 0.610555
5 12 0.766408
5 13 0.811088
5 14 0.936044
5 15 0.718027
5 16 0.736211
5 17 0.868576
5 18 0.903758
5 19 0.962400
6 1 0.996314
6 2 0.992418
6 3 0.960709
6 4 0.500000
6 5 0.964347
6 6 0.999995
6 7 0.504173
6 8 0.998567
6 9 0.723068
6 10 0.993880
6 11 0.751791
6 12 0.922799
6 13 0.958316
6 14 0.998272
6 15 0.896867
6 16 0.918825
6 17 0.992096
6 18 0.998013
6 19 0.999855
7 1 0.502453
7 2 0.502135
7 3 0.502339
7 4 0.500000
7 5 0.501350
7 6 0.504173
7 7 0.500016
7 8 0.502897
7 9 0.500435
7 10 0.502514
7 11 0.500873
7 12 0.501258
7 13 0.501432
7 14 0.503804
7 15 0.500895
7 16 0.501189
7 17 0.502083
7 18 0.503394
7 19 0.504294
8 4 0.500000
8 6 0.998567
8 7 0.502897
8 8 0.997367
8 9 0.580175
8 10 0.982272
8 11 0.740908
8 18 0.992471
9 1 0.590362
9 2 0.577375
9 3 0.614722
9 4 0.500000
9 5 0.556195
9 6 0.723068
9 7 0.500435
9 8 0.580175
9 9 0.540684
9 10 0.588916
9 11 0.514005
9 12 0.521981
9 13 0.534907
9 14 0.626612
9 15 0.522774
9 16 0.557298
9 17 0.579878
9 18 0.608361
9 19 0.638493
10 1 0.961704
10 2 0.947722
10 3 0.765029
10 4 0.500000
10 5 0.859412
10 6 0.993880
10 7 0.502514
10 8 0.982272
10 9 0.588916
10 10 0.958971
10 11 0.688836
10 12 0.846550
10 13 0.891354
10 14 0.980246
10 15 0.790305
10 16 0.788179
10 17 0.942896
10 18 0.980276
11 1 0.681420
11 2 0.668216
11 3 0.593516
11 4 0.500000
11 5 0.610555
11 6 0.751791
11 7 0.500873
11 8 0.740908
11 9 0.514005
11 10 0.688836
11 11 0.592586
11 12 0.621300
11 13 0.617173
11 14 0.737492
11 15 0.583576
11 16 0.568667
11 17 0.659817
11 18 0.750753
11 19 0.801207
12 2 0.856922
12 3 0.665257
12 4 0.500000
12 5 0.766408
12 6 0.922799
12 7 0.501258
12 9 0.521981
12 10 0.846550
12 11 0.621300
12 12 0.769269
12 13 0.803043
12 14 0.908614
12 15 0.710208
12 16 0.689949
12 17 0.844779
12 18 0.891765
12 19 0.955643
13 1 0.923648
13 2 0.903820
13 3 0.668053
13 4 0.500000
13 5 0.811088
13 6 0.958316
13 7 0.501432
13 9 0.534907
13 10 0.891354
13 11 0.617173
13 12 0.803043
13 13 0.865936
13 14 0.942715
13 15 0.754408
13 16 0.741642
13 17 0.894301
13 18 0.923837
13 19 0.977375
14 1 0.987527
14 2 0.977777
14 3 0.965558
14 4 0.500000
14 5 0.936044
14 6 0.998272
14 7 0.503804
14 9 0.626612
14 10 0.980246
14 11 0.737492
14 12 0.908614
14 13 0.942715
14 14 0.999147
14 15 0.845493
14 16 0.881476
14 17 0.973842
14 18 0.993143
14 19 0.998948
15 1 0.828673
15 2 0.804934
15 3 0.607239
15 4 0.500000
15 5 0.718027
15 6 0.896867
15 7 0.500895
15 9 0.522774
15 10 0.790305
15 11 0.583576
15 12 0.710208
15 13 0.754408
15 14 0.845493
15 15 0.671025
15 16 0.656037
15 17 0.794378
15 18 0.831809
15 19 0.915417
16 2 0.812245
16 3 0.766783
16 4 0.500000
16 5 0.736211
16 6 0.918825
16 7 0.501189
16 9 0.557298
16 10 0.788179
16 11 0.568667
16 12 0.689949
16 13 0.741642
16 14 0.881476
16 15 0.656037
16 16 0.726891
16 17 0.802838
16 18 0.820850
16 19 0.911364
17 2 0.945959
17 3 0.784319
17 5 0.868576
17 6 0.992096
17 7 0.502083
17 9 0.579878
17 10 0.942896
17 11 0.659817
17 12 0.844779
17 13 0.894301
17 14 0.973842
17 15 0.794378
17 16 0.802838
17 17 0.940220
17 18 0.967436
18 1 0.979250
18 2 0.970889
18 3 0.824577
18 4 0.500000
18 5 0.903758
18 6 0.998013
18 7 0.503394
18 8 0.992471
18 9 0.608361
18 10 0.980276
18 11 0.750753
18 12 0.891765
18 13 0.923837
18 14 0.993143
18 15 0.831809
18 16 0.820850
18 17 0.967436
18 18 0.993656
19 3 0.879547
19 4 0.500000
19 5 0.962400
19 6 0.999855
19 7 0.504294
19 9 0.638493
19 11 0.801207
19 12 0.955643
19 13 0.977375
19 14 0.998948
19 15 0.915417
19 16 0.911364
19 19 0.999933
