1 2 0.944259
1 3 0.968735
1 5 0.915481
1 8 0.989538
1 12 0.927446
1 16 0.925007
1 17 0.916813
1 19 0.966400
2 1 0.944259
2 8 0.922952
2 19 0.864841
3 1 0.968735
3 8 0.985085
4 17 0.680740
5 1 0.915481
5 8 0.880973
8 1 0.989538
8 2 0.922952
8 3 0.985085
8 5 0.880973
8 12 0.951062
8 13 0.912334
8 14 0.957850
8 15 0.899334
8 16 0.945240
8 17 0.914482
8 19 0.974547
10 19 0.912457
12 1 0.927446
12 8 0.951062
13 8 0.912334
14 8 0.957850
15 8 0.899334
16 1 0.925007
16 8 0.945240
17 1 0.916813
17 4 0.680740
17 8 0.914482
17 19 0.867655
18 19 0.944270
19 1 0.966400
19 2 0.864841
19 8 0.974547
19 10 0.912457
19 17 0.867655
19 18 0.944270
1 1 0.988585
1 4 0.786551
1 6 0.999599
1 7 0.502988
1 9 0.633924
1 10 0.928385
1 11 0.724697
1 13 0.856288
1 14 0.890676
1 15 0.837729
1 18 0.952814
2 2 0.909544
2 3 0.860436
2 4 0.678562
2 5 0.792243
2 6 0.983736
2 7 0.501695
2 9 0.569342
2 10 0.807199
2 11 0.588319
2 12 0.818190
2 13 0.710921
2 14 0.723510
2 15 0.706863
2 16 0.826133
2 17 0.811621
2 18 0.809359
3 2 0.860436
3 3 0.965481
3 4 0.728634
3 5 0.839113
3 6 0.999567
3 7 0.502756
3 9 0.616848
3 10 0.892229
3 11 0.729874
3 12 0.897276
3 13 0.842823
3 14 0.894524
3 15 0.825973
3 16 0.882705
3 17 0.859210
3 18 0.895164
3 19 0.944619
4 1 0.786551
4 2 0.678562
4 3 0.728634
4 4 0.610278
4 5 0.700487
4 6 0.899481
4 7 0.500921
4 8 0.775018
4 9 0.544030
4 10 0.690337
4 11 0.571268
4 12 0.667928
4 13 0.614494
4 14 0.641393
4 15 0.602316
4 16 0.662596
4 18 0.736511
4 19 0.737406
5 2 0.792243
5 3 0.839113
5 4 0.700487
5 5 0.854771
5 6 0.981012
5 7 0.501525
5 9 0.582141
5 10 0.811447
5 11 0.616909
5 12 0.766525
5 13 0.681534
5 14 0.697073
5 15 0.655787
5 16 0.761288
5 17 0.803892
5 18 0.894813
5 19 0.864252
6 1 0.999599
6 2 0.983736
6 3 0.999567
6 4 0.899481
6 5 0.981012
6 6 1.000000
6 7 0.505949
6 8 0.999929
6 9 0.773240
6 10 0.993847
6 11 0.913392
6 12 0.992293
6 13 0.982287
6 14 0.991914
6 15 0.972314
6 16 0.988271
6 17 0.983632
6 18 0.994895
6 19 0.998760
7 1 0.502988
7 2 0.501695
7 3 0.502756
7 4 0.500921
7 5 0.501525
7 6 0.505949
7 7 0.500013
7 8 0.503496
7 9 0.500336
7 10 0.501552
7 11 0.500870
7 12 0.501778
7 13 0.501174
7 14 0.501770
7 15 0.501223
7 16 0.501706
7 17 0.501605
7 18 0.501042
7 19 0.502153
8 4 0.775018
8 6 0.999929
8 7 0.503496
8 8 0.996986
8 9 0.651038
8 10 0.936609
8 11 0.799868
8 18 0.936494
9 1 0.633924
9 2 0.569342
9 3 0.616848
9 4 0.544030
9 5 0.582141
9 6 0.773240
9 7 0.500336
9 8 0.651038
9 9 0.527532
9 10 0.598650
9 11 0.539887
9 12 0.581781
9 13 0.560710
9 14 0.583053
9 15 0.555763
9 16 0.575178
9 17 0.579629
9 18 0.613810
9 19 0.622509
10 1 0.928385
10 2 0.807199
10 3 0.892229
10 4 0.690337
10 5 0.811447
10 6 0.993847
10 7 0.501552
10 8 0.936609
10 9 0.598650
10 10 0.867081
10 11 0.635875
10 12 0.816657
10 13 0.765298
10 14 0.786996
10 15 0.733228
10 16 0.802454
10 17 0.811743
10 18 0.907472
11 1 0.724697
11 2 0.588319
11 3 0.729874
11 4 0.571268
11 5 0.616909
11 6 0.913392
11 7 0.500870
11 8 0.799868
11 9 0.539887
11 10 0.635875
11 11 0.621398
11 12 0.662063
11 13 0.625642
11 14 0.687851
11 15 0.623442
11 16 0.654330
11 17 0.628039
11 18 0.643131
11 19 0.686396
12 2 0.818190
12 3 0.897276
12 4 0.667928
12 5 0.766525
12 6 0.992293
12 7 0.501778
12 9 0.581781
12 10 0.816657
12 11 0.662063
12 12 0.830314
12 13 0.769477
12 14 0.815271
12 15 0.752765
12 16 0.824229
12 17 0.791704
12 18 0.836755
12 19 0.880025
13 1 0.856288
13 2 0.710921
13 3 0.842823
13 4 0.614494
13 5 0.681534
13 6 0.982287
13 7 0.501174
13 9 0.560710
13 10 0.765298
13 11 0.625642
13 12 0.769477
13 13 0.756176
13 14 0.776691
13 15 0.716806
13 16 0.756668
13 17 0.713122
13 18 0.811546
13 19 0.828667
14 1 0.890676
14 2 0.723510
14 3 0.894524
14 4 0.641393
14 5 0.697073
14 6 0.991914
14 7 0.501770
14 9 0.583053
14 10 0.786996
14 11 0.687851
14 12 0.815271
14 13 0.776691
14 14 0.874999
14 15 0.765976
14 16 0.802249
14 17 0.751726
14 18 0.769135
14 19 0.857834
15 1 0.837729
15 2 0.706863
15 3 0.825973
15 4 0.602316
15 5 0.655787
15 6 0.972314
15 7 0.501223
15 9 0.555763
15 10 0.733228
15 11 0.623442
15 12 0.752765
15 13 0.716806
15 14 0.765976
15 15 0.702541
15 16 0.744000
15 17 0.697031
15 18 0.732244
15 19 0.796646
16 2 0.826133
16 3 0.882705
16 4 0.662596
16 5 0.761288
16 6 0.988271
16 7 0.501706
16 9 0.575178
16 10 0.802454
16 11 0.654330
16 12 0.824229
16 13 0.756668
16 14 0.802249
16 15 0.744000
16 16 0.823505
16 17 0.787472
16 18 0.821661
16 19 0.867373
17 2 0.811621
17 3 0.859210
17 5 0.803892
17 6 0.983632
17 7 0.501605
17 9 0.579629
17 10 0.811743
17 11 0.628039
17 12 0.791704
17 13 0.713122
17 14 0.751726
17 15 0.697031
17 16 0.787472
17 17 0.794480
17 18 0.849698
18 1 0.952814
18 2 0.809359
18 3 0.895164
18 4 0.736511
18 5 0.894813
18 6 0.994895
18 7 0.501042
18 8 0.936494
18 9 0.613810
18 10 0.907472
18 11 0.643131
18 12 0.836755
18 13 0.811546
18 14 0.769135
18 15 0.732244
18 16 0.821661
18 17 0.849698
18 18 0.991850
19 3 0.944619
19 4 0.737406
19 5 0.864252
19 6 0.998760
19 7 0.502153
19 9 0.622509
19 11 0.686396
19 12 0.880025
19 13 0.828667
19 14 0.857834
19 15 0.796646
19 16 0.867373
19 19 0.951692
