1 2 0.680407
1 3 0.742503
1 5 0.674187
1 8 0.784914
1 12 0.644042
1 16 0.691876
1 17 0.787986
1 19 0.868842
2 1 0.680407
2 8 0.686187
2 19 0.720068
3 1 0.742503
3 8 0.732582
4 17 0.822083
5 1 0.674187
5 8 0.677143
8 1 0.784914
8 2 0.686187
8 3 0.732582
8 5 0.677143
8 12 0.627799
8 13 0.643283
8 14 0.624223
8 15 0.500000
8 16 0.711035
8 17 0.787247
8 19 0.876695
10 19 0.925098
12 1 0.644042
12 8 0.627799
13 8 0.643283
14 8 0.624223
15 8 0.500000
16 1 0.691876
16 8 0.711035
17 1 0.787986
17 4 0.822083
17 8 0.787247
17 19 0.929708
18 19 0.943078
19 1 0.868842
19 2 0.720068
19 8 0.876695
19 10 0.925098
19 17 0.929708
19 18 0.943078
1 1 0.795581
1 4 0.742116
1 6 0.779852
1 7 0.500684
1 9 0.540901
1 10 0.757371
1 11 0.588850
1 13 0.599040
1 14 0.614425
1 15 0.500000
1 18 0.797582
2 2 0.633026
2 3 0.649348
2 4 0.619436
2 5 0.612473
2 6 0.696845
2 7 0.500299
2 9 0.520406
2 10 0.630252
2 11 0.525096
2 12 0.575961
2 13 0.587512
2 14 0.563001
2 15 0.500000
2 16 0.615253
2 17 0.646625
2 18 0.664377
3 2 0.649348
3 3 0.702008
3 4 0.687873
3 5 0.641519
3 6 0.723545
3 7 0.500579
3 9 0.532940
3 10 0.691339
3 11 0.566463
3 12 0.611526
3 13 0.583444
3 14 0.583979
3 15 0.500000
3 16 0.653623
3 17 0.725248
3 18 0.723556
3 19 0.795784
4 1 0.742116
4 2 0.619436
4 3 0.687873
4 4 0.788318
4 5 0.637947
4 6 0.686383
4 7 0.501085
4 8 0.746020
4 9 0.537244
4 10 0.800849
4 11 0.630910
4 12 0.613618
4 13 0.570723
4 14 0.605488
4 15 0.500000
4 16 0.694700
4 18 0.811282
4 19 0.896332
5 2 0.612473
5 3 0.641519
5 4 0.637947
5 5 0.604773
5 6 0.679740
5 7 0.500441
5 9 0.522620
5 10 0.646483
5 11 0.547930
5 12 0.575653
5 13 0.572701
5 14 0.563941
5 15 0.500000
5 16 0.615155
5 17 0.665546
5 18 0.673118
5 19 0.734796
6 1 0.779852
6 2 0.696845
6 3 0.723545
6 4 0.686383
6 5 0.679740
6 6 0.999614
6 7 0.498878
6 8 0.745836
6 9 0.581900
6 10 0.742040
6 11 0.509738
6 12 0.575302
6 13 0.483731
6 14 0.667230
6 15 0.500000
6 16 0.612213
6 17 0.751967
6 18 0.856778
6 19 0.868592
7 1 0.500684
7 2 0.500299
7 3 0.500579
7 4 0.501085
7 5 0.500441
7 6 0.498878
7 7 0.500010
7 8 0.501009
7 9 0.500124
7 10 0.500987
7 11 0.500673
7 12 0.500252
7 13 0.500573
7 14 0.500285
7 15 0.500000
7 16 0.500827
7 17 0.501128
7 18 0.500724
7 19 0.501458
8 4 0.746020
8 6 0.745836
8 7 0.501009
8 8 0.804145
8 9 0.538578
8 10 0.765004
8 11 0.597594
8 18 0.802556
9 1 0.540901
9 2 0.520406
9 3 0.532940
9 4 0.537244
9 5 0.522620
9 6 0.581900
9 7 0.500124
9 8 0.538578
9 9 0.513584
9 10 0.531415
9 11 0.520369
9 12 0.518075
9 13 0.508311
9 14 0.518735
9 15 0.500000
9 16 0.526139
9 17 0.544450
9 18 0.546820
9 19 0.557394
10 1 0.757371
10 2 0.630252
10 3 0.691339
10 4 0.800849
10 5 0.646483
10 6 0.742040
10 7 0.500987
10 8 0.765004
10 9 0.531415
10 10 0.837573
10 11 0.623773
10 12 0.622350
10 13 0.577685
10 14 0.620244
10 15 0.500000
10 16 0.702122
10 17 0.839009
10 18 0.851448
11 1 0.588850
11 2 0.525096
11 3 0.566463
11 4 0.630910
11 5 0.547930
11 6 0.509738
11 7 0.500673
11 8 0.597594
11 9 0.520369
11 10 0.623773
11 11 0.600359
11 12 0.545255
11 13 0.537238
11 14 0.543523
11 15 0.500000
11 16 0.575449
11 17 0.646954
11 18 0.625983
11 19 0.684839
12 2 0.575961
12 3 0.611526
12 4 0.613618
12 5 0.575653
12 6 0.575302
12 7 0.500252
12 9 0.518075
12 10 0.622350
12 11 0.545255
12 12 0.580761
12 13 0.535270
12 14 0.546077
12 15 0.500000
12 16 0.579461
12 17 0.638506
12 18 0.639331
12 19 0.694561
13 1 0.599040
13 2 0.587512
13 3 0.583444
13 4 0.570723
13 5 0.572701
13 6 0.483731
13 7 0.500573
13 9 0.508311
13 10 0.577685
13 11 0.537238
13 12 0.535270
13 13 0.610284
13 14 0.543600
13 15 0.500000
13 16 0.590286
13 17 0.580602
13 18 0.593015
13 19 0.637343
14 1 0.614425
14 2 0.563001
14 3 0.583979
14 4 0.605488
14 5 0.563941
14 6 0.667230
14 7 0.500285
14 9 0.518735
14 10 0.620244
14 11 0.543523
14 12 0.546077
14 13 0.543600
14 14 0.556761
14 15 0.500000
14 16 0.580320
14 17 0.630227
14 18 0.654059
14 19 0.693005
15 1 0.500000
15 2 0.500000
15 3 0.500000
15 4 0.500000
15 5 0.500000
15 6 0.500000
15 7 0.500000
15 9 0.500000
15 10 0.500000
15 11 0.500000
15 12 0.500000
15 13 0.500000
15 14 0.500000
15 15 0.500000
15 16 0.500000
15 17 0.500000
15 18 0.500000
15 19 0.500000
16 2 0.615253
16 3 0.653623
16 4 0.694700
16 5 0.615155
16 6 0.612213
16 7 0.500827
16 9 0.526139
16 10 0.702122
16 11 0.575449
16 12 0.579461
16 13 0.590286
16 14 0.580320
16 15 0.500000
16 16 0.658914
16 17 0.725437
16 18 0.727780
16 19 0.802673
17 2 0.646625
17 3 0.725248
17 5 0.665546
17 6 0.751967
17 7 0.501128
17 9 0.544450
17 10 0.839009
17 11 0.646954
17 12 0.638506
17 13 0.580602
17 14 0.630227
17 15 0.500000
17 16 0.725437
17 17 0.860076
17 18 0.859109
18 1 0.797582
18 2 0.664377
18 3 0.723556
18 4 0.811282
18 5 0.673118
18 6 0.856778
18 7 0.500724
18 8 0.802556
18 9 0.546820
18 10 0.851448
18 11 0.625983
18 12 0.639331
18 13 0.593015
18 14 0.654059
18 15 0.500000
18 16 0.727780
18 17 0.859109
18 18 0.897226
19 3 0.795784
19 4 0.896332
19 5 0.734796
19 6 0.868592
19 7 0.501458
19 9 0.557394
19 11 0.684839
19 12 0.694561
19 13 0.637343
19 14 0.693005
19 15 0.500000
19 16 0.802673
19 19 0.980856
