1 2 0.742770
1 3 0.681110
1 5 0.720783
1 8 0.864572
1 12 0.700639
1 16 0.667921
1 17 0.795287
1 19 0.885366
2 1 0.742770
2 8 0.858298
2 19 0.937716
3 1 0.681110
3 8 0.772534
4 17 0.500000
5 1 0.720783
5 8 0.790101
8 1 0.864572
8 2 0.858298
8 3 0.772534
8 5 0.790101
8 12 0.771993
8 13 0.789780
8 14 0.864539
8 15 0.736795
8 16 0.713639
8 17 0.882377
8 19 0.963927
10 19 0.909622
12 1 0.700639
12 8 0.771993
13 8 0.789780
14 8 0.864539
15 8 0.736795
16 1 0.667921
16 8 0.713639
17 1 0.795287
17 4 0.500000
17 8 0.882377
17 19 0.917556
18 19 0.948586
19 1 0.885366
19 2 0.937716
19 8 0.963927
19 10 0.909622
19 17 0.917556
19 18 0.948586
1 1 0.784697
1 4 0.500000
1 6 0.812252
1 7 0.500984
1 9 0.515311
1 10 0.734122
1 11 0.586967
1 13 0.697696
1 14 0.770706
1 15 0.661147
1 18 0.783637
2 2 0.859625
2 3 0.674544
2 4 0.500000
2 5 0.665308
2 6 0.644367
2 7 0.499836
2 9 0.536584
2 10 0.799565
2 11 0.484816
2 12 0.660216
2 13 0.684922
2 14 0.770169
2 15 0.654933
2 16 0.496319
2 17 0.793781
2 18 0.850255
3 2 0.674544
3 3 0.678338
3 4 0.500000
3 5 0.632606
3 6 0.671424
3 7 0.500401
3 9 0.492419
3 10 0.667541
3 11 0.575921
3 12 0.629295
3 13 0.650926
3 14 0.690009
3 15 0.618306
3 16 0.553616
3 17 0.690155
3 18 0.673361
3 19 0.799932
4 1 0.500000
4 2 0.500000
4 3 0.500000
4 4 0.500000
4 5 0.500000
4 6 0.500000
4 7 0.500000
4 8 0.500000
4 9 0.500000
4 10 0.500000
4 11 0.500000
4 12 0.500000
4 13 0.500000
4 14 0.500000
4 15 0.500000
4 16 0.500000
4 18 0.500000
4 19 0.500000
5 2 0.665308
5 3 0.632606
5 4 0.500000
5 5 0.673882
5 6 0.747251
5 7 0.500916
5 9 0.504883
5 10 0.662695
5 11 0.570129
5 12 0.651785
5 13 0.649981
5 14 0.696120
5 15 0.618882
5 16 0.616762
5 17 0.724829
5 18 0.701451
5 19 0.796528
6 1 0.812252
6 2 0.644367
6 3 0.671424
6 4 0.500000
6 5 0.747251
6 6 0.999943
6 7 0.500837
6 8 0.870217
6 9 0.478676
6 10 0.698122
6 11 0.655808
6 12 0.719033
6 13 0.632254
6 14 0.807498
6 15 0.653811
6 16 0.827060
6 17 0.820084
6 18 0.729426
6 19 0.831420
7 1 0.500984
7 2 0.499836
7 3 0.500401
7 4 0.500000
7 5 0.500916
7 6 0.500837
7 7 0.500018
7 8 0.501194
7 9 0.499954
7 10 0.500259
7 11 0.500743
7 12 0.500616
7 13 0.500724
7 14 0.500490
7 15 0.500488
7 16 0.501883
7 17 0.500771
7 18 0.500192
7 19 0.500426
8 4 0.500000
8 6 0.870217
8 7 0.501194
8 8 0.944873
8 9 0.527099
8 10 0.839672
8 11 0.609254
8 18 0.886127
9 1 0.515311
9 2 0.536584
9 3 0.492419
9 4 0.500000
9 5 0.504883
9 6 0.478676
9 7 0.499954
9 8 0.527099
9 9 0.529950
9 10 0.532826
9 11 0.485970
9 12 0.507361
9 13 0.501001
9 14 0.536358
9 15 0.501470
9 16 0.550889
9 17 0.524864
9 18 0.562590
9 19 0.564768
10 1 0.734122
10 2 0.799565
10 3 0.667541
10 4 0.500000
10 5 0.662695
10 6 0.698122
10 7 0.500259
10 8 0.839672
10 9 0.532826
10 10 0.766049
10 11 0.523836
10 12 0.655869
10 13 0.671271
10 14 0.753742
10 15 0.644674
10 16 0.589332
10 17 0.769800
10 18 0.815561
11 1 0.586967
11 2 0.484816
11 3 0.575921
11 4 0.500000
11 5 0.570129
11 6 0.655808
11 7 0.500743
11 8 0.609254
11 9 0.485970
11 10 0.523836
11 11 0.590744
11 12 0.561837
11 13 0.554902
11 14 0.570368
11 15 0.544095
11 16 0.637299
11 17 0.566729
11 18 0.502305
11 19 0.549812
12 2 0.660216
12 3 0.629295
12 4 0.500000
12 5 0.651785
12 6 0.719033
12 7 0.500616
12 9 0.507361
12 10 0.655869
12 11 0.561837
12 12 0.638721
12 13 0.637738
12 14 0.690279
12 15 0.609343
12 16 0.610310
12 17 0.707433
12 18 0.692252
12 19 0.787539
13 1 0.697696
13 2 0.684922
13 3 0.650926
13 4 0.500000
13 5 0.649981
13 6 0.632254
13 7 0.500724
13 9 0.501001
13 10 0.671271
13 11 0.554902
13 12 0.637738
13 13 0.670015
13 14 0.691507
13 15 0.623516
13 16 0.579990
13 17 0.709367
13 18 0.698513
13 19 0.805317
14 1 0.770706
14 2 0.770169
14 3 0.690009
14 4 0.500000
14 5 0.696120
14 6 0.807498
14 7 0.500490
14 9 0.536358
14 10 0.753742
14 11 0.570368
14 12 0.690279
14 13 0.691507
14 14 0.794382
14 15 0.656825
14 16 0.671786
14 17 0.791351
14 18 0.803624
14 19 0.904462
15 1 0.661147
15 2 0.654933
15 3 0.618306
15 4 0.500000
15 5 0.618882
15 6 0.653811
15 7 0.500488
15 9 0.501470
15 10 0.644674
15 11 0.544095
15 12 0.609343
15 13 0.623516
15 14 0.656825
15 15 0.596811
15 16 0.569961
15 17 0.672784
15 18 0.669117
15 19 0.764573
16 2 0.496319
16 3 0.553616
16 4 0.500000
16 5 0.616762
16 6 0.827060
16 7 0.501883
16 9 0.550889
16 10 0.589332
16 11 0.637299
16 12 0.610310
16 13 0.579990
16 14 0.671786
16 15 0.569961
16 16 0.943329
16 17 0.659674
16 18 0.639611
16 19 0.664885
17 2 0.793781
17 3 0.690155
17 5 0.724829
17 6 0.820084
17 7 0.500771
17 9 0.524864
17 10 0.769800
17 11 0.566729
17 12 0.707433
17 13 0.709367
17 14 0.791351
17 15 0.672784
17 16 0.659674
17 17 0.816303
17 18 0.824462
18 1 0.783637
18 2 0.850255
18 3 0.673361
18 4 0.500000
18 5 0.701451
18 6 0.729426
18 7 0.500192
18 8 0.886127
18 9 0.562590
18 10 0.815561
18 11 0.502305
18 12 0.692252
18 13 0.698513
18 14 0.803624
18 15 0.669117
18 16 0.639611
18 17 0.824462
18 18 0.884175
19 3 0.799932
19 4 0.500000
19 5 0.796528
19 6 0.831420
19 7 0.500426
19 9 0.564768
19 11 0.549812
19 12 0.787539
19 13 0.805317
19 14 0.904462
19 15 0.764573
19 16 0.664885
19 19 0.989403
