1 2 0.831505
1 3 0.806257
1 5 0.796276
1 8 0.896516
1 12 0.702790
1 16 0.759752
1 17 0.788751
1 19 0.894900
2 1 0.831505
2 8 0.858151
2 19 0.873756
3 1 0.806257
3 8 0.830584
4 17 0.500000
5 1 0.796276
5 8 0.781393
8 1 0.896516
8 2 0.858151
8 3 0.830584
8 5 0.781393
8 12 0.748042
8 13 0.529055
8 14 0.821638
8 15 0.712360
8 16 0.789124
8 17 0.832017
8 19 0.925155
10 19 0.855764
12 1 0.702790
12 8 0.748042
13 8 0.529055
14 8 0.821638
15 8 0.712360
16 1 0.759752
16 8 0.789124
17 1 0.788751
17 4 0.500000
17 8 0.832017
17 19 0.861241
18 19 0.870444
19 1 0.894900
19 2 0.873756
19 8 0.925155
19 10 0.855764
19 17 0.861241
19 18 0.870444
1 1 0.880615
1 4 0.500000
1 6 0.916282
1 7 0.501216
1 9 0.599518
1 10 0.777203
1 11 0.613813
1 13 0.649630
1 14 0.796734
1 15 0.675089
1 18 0.795730
2 2 0.807582
2 3 0.771770
2 4 0.500000
2 5 0.724682
2 6 0.895278
2 7 0.501290
2 9 0.587943
2 10 0.757279
2 11 0.595049
2 12 0.665531
2 13 0.607857
2 14 0.751028
2 15 0.652174
2 16 0.725883
2 17 0.772185
2 18 0.761302
3 2 0.771770
3 3 0.746929
3 4 0.500000
3 5 0.712538
3 6 0.867202
3 7 0.500965
3 9 0.573303
3 10 0.729684
3 11 0.588405
3 12 0.651440
3 13 0.565084
3 14 0.726180
3 15 0.634646
3 16 0.700572
3 17 0.738741
3 18 0.736666
3 19 0.842878
4 1 0.500000
4 2 0.500000
4 3 0.500000
4 4 0.500000
4 5 0.500000
4 6 0.500000
4 7 0.500000
4 8 0.500000
4 9 0.500000
4 10 0.500000
4 11 0.500000
4 12 0.500000
4 13 0.500000
4 14 0.500000
4 15 0.500000
4 16 0.500000
4 18 0.500000
4 19 0.500000
5 2 0.724682
5 3 0.712538
5 4 0.500000
5 5 0.759914
5 6 0.769989
5 7 0.500667
5 9 0.568498
5 10 0.677413
5 11 0.563061
5 12 0.615100
5 13 0.705452
5 14 0.710956
5 15 0.597667
5 16 0.670956
5 17 0.675327
5 18 0.699705
5 19 0.782892
6 1 0.916282
6 2 0.895278
6 3 0.867202
6 4 0.500000
6 5 0.769989
6 6 0.999628
6 7 0.502409
6 8 0.960423
6 9 0.632046
6 10 0.902447
6 11 0.795365
6 12 0.797962
6 13 0.723665
6 14 0.845934
6 15 0.760516
6 16 0.821700
6 17 0.902558
6 18 0.928317
6 19 0.976173
7 1 0.501216
7 2 0.501290
7 3 0.500965
7 4 0.500000
7 5 0.500667
7 6 0.502409
7 7 0.500046
7 8 0.501126
7 9 0.500090
7 10 0.501004
7 11 0.500474
7 12 0.500250
7 13 0.501585
7 14 0.500793
7 15 0.500403
7 16 0.500700
7 17 0.500719
7 18 0.500365
7 19 0.501454
8 4 0.500000
8 6 0.960423
8 7 0.501126
8 8 0.928231
8 9 0.606645
8 10 0.813127
8 11 0.644098
8 18 0.833370
9 1 0.599518
9 2 0.587943
9 3 0.573303
9 4 0.500000
9 5 0.568498
9 6 0.632046
9 7 0.500090
9 8 0.606645
9 9 0.534904
9 10 0.574928
9 11 0.527331
9 12 0.537434
9 13 0.558311
9 14 0.564450
9 15 0.534814
9 16 0.557968
9 17 0.578923
9 18 0.586263
9 19 0.627550
10 1 0.777203
10 2 0.757279
10 3 0.729684
10 4 0.500000
10 5 0.677413
10 6 0.902447
10 7 0.501004
10 8 0.813127
10 9 0.574928
10 10 0.744112
10 11 0.607992
10 12 0.639785
10 13 0.529164
10 14 0.699861
10 15 0.627008
10 16 0.687932
10 17 0.746894
10 18 0.753607
11 1 0.613813
11 2 0.595049
11 3 0.588405
11 4 0.500000
11 5 0.563061
11 6 0.795365
11 7 0.500474
11 8 0.644098
11 9 0.527331
11 10 0.607992
11 11 0.579762
11 12 0.560606
11 13 0.544059
11 14 0.565071
11 15 0.549980
11 16 0.566638
11 17 0.601520
11 18 0.628514
11 19 0.672724
12 2 0.665531
12 3 0.651440
12 4 0.500000
12 5 0.615100
12 6 0.797962
12 7 0.500250
12 9 0.537434
12 10 0.639785
12 11 0.560606
12 12 0.624516
12 13 0.436948
12 14 0.653926
12 15 0.598474
12 16 0.633004
12 17 0.655501
12 18 0.657139
12 19 0.728227
13 1 0.649630
13 2 0.607857
13 3 0.565084
13 4 0.500000
13 5 0.705452
13 6 0.723665
13 7 0.501585
13 9 0.558311
13 10 0.529164
13 11 0.544059
13 12 0.436948
13 13 0.981866
13 14 0.558326
13 15 0.473956
13 16 0.519251
13 17 0.512201
13 18 0.560185
13 19 0.567450
14 1 0.796734
14 2 0.751028
14 3 0.726180
14 4 0.500000
14 5 0.710956
14 6 0.845934
14 7 0.500793
14 9 0.564450
14 10 0.699861
14 11 0.565071
14 12 0.653926
14 13 0.558326
14 14 0.740618
14 15 0.630554
14 16 0.696591
14 17 0.716673
14 18 0.709032
14 19 0.812029
15 1 0.675089
15 2 0.652174
15 3 0.634646
15 4 0.500000
15 5 0.597667
15 6 0.760516
15 7 0.500403
15 9 0.534814
15 10 0.627008
15 11 0.549980
15 12 0.598474
15 13 0.473956
15 14 0.630554
15 15 0.582468
15 16 0.614167
15 17 0.640324
15 18 0.634266
15 19 0.707596
16 2 0.725883
16 3 0.700572
16 4 0.500000
16 5 0.670956
16 6 0.821700
16 7 0.500700
16 9 0.557968
16 10 0.687932
16 11 0.566638
16 12 0.633004
16 13 0.519251
16 14 0.696591
16 15 0.614167
16 16 0.673482
16 17 0.702054
16 18 0.695553
16 19 0.794070
17 2 0.772185
17 3 0.738741
17 5 0.675327
17 6 0.902558
17 7 0.500719
17 9 0.578923
17 10 0.746894
17 11 0.601520
17 12 0.655501
17 13 0.512201
17 14 0.716673
17 15 0.640324
17 16 0.702054
17 17 0.763081
17 18 0.754479
18 1 0.795730
18 2 0.761302
18 3 0.736666
18 4 0.500000
18 5 0.699705
18 6 0.928317
18 7 0.500365
18 8 0.833370
18 9 0.586263
18 10 0.753607
18 11 0.628514
18 12 0.657139
18 13 0.560185
18 14 0.709032
18 15 0.634266
18 16 0.695553
18 17 0.754479
18 18 0.794108
19 3 0.842878
19 4 0.500000
19 5 0.782892
19 6 0.976173
19 7 0.501454
19 9 0.627550
19 11 0.672724
19 12 0.728227
19 13 0.567450
19 14 0.812029
19 15 0.707596
19 16 0.794070
19 19 0.952232
