1 2 0.780216
1 3 0.800793
1 5 0.686295
1 8 0.910585
1 12 0.719250
1 16 0.777318
1 17 0.663027
1 19 0.878608
2 1 0.780216
2 8 0.800961
2 19 0.823902
3 1 0.800793
3 8 0.839944
4 17 0.640250
5 1 0.686295
5 8 0.719698
8 1 0.910585
8 2 0.800961
8 3 0.839944
8 5 0.719698
8 12 0.732048
8 13 0.860822
8 14 0.928858
8 15 0.780081
8 16 0.824886
8 17 0.639086
8 19 0.894058
10 19 0.821212
12 1 0.719250
12 8 0.732048
13 8 0.860822
14 8 0.928858
15 8 0.780081
16 1 0.777318
16 8 0.824886
17 1 0.663027
17 4 0.640250
17 8 0.639086
17 19 0.634890
18 19 0.813349
19 1 0.878608
19 2 0.823902
19 8 0.894058
19 10 0.821212
19 17 0.634890
19 18 0.813349
1 1 0.889225
1 4 0.663027
1 6 0.973206
1 7 0.501283
1 9 0.565830
1 10 0.732732
1 11 0.610270
1 13 0.802175
1 14 0.877679
1 15 0.727100
1 18 0.715947
2 2 0.742958
2 3 0.691281
2 4 0.571141
2 5 0.582846
2 6 0.921268
2 7 0.500567
2 9 0.523242
2 10 0.705832
2 11 0.551393
2 12 0.632276
2 13 0.676752
2 14 0.739828
2 15 0.633482
2 16 0.662849
2 17 0.571141
2 18 0.702179
3 2 0.691281
3 3 0.741672
3 4 0.586261
3 5 0.639625
3 6 0.871572
3 7 0.500985
3 9 0.552849
3 10 0.646613
3 11 0.570195
3 12 0.654215
3 13 0.733508
3 14 0.801386
3 15 0.670918
3 16 0.711929
3 17 0.586261
3 18 0.637863
3 19 0.783993
4 1 0.663027
4 2 0.571141
4 3 0.586261
4 4 0.640250
4 5 0.557641
4 6 0.833549
4 7 0.500538
4 8 0.639086
4 9 0.511531
4 10 0.571317
4 11 0.540224
4 12 0.577937
4 13 0.603486
4 14 0.635279
4 15 0.563267
4 16 0.591217
4 18 0.569348
4 19 0.634890
5 2 0.582846
5 3 0.639625
5 4 0.557641
5 5 0.660930
5 6 0.642580
5 7 0.500619
5 9 0.531132
5 10 0.521541
5 11 0.570987
5 12 0.598127
5 13 0.648319
5 14 0.685858
5 15 0.598179
5 16 0.615018
5 17 0.557641
5 18 0.473244
5 19 0.587430
6 1 0.973206
6 2 0.921268
6 3 0.871572
6 4 0.833549
6 5 0.642580
6 6 0.999995
6 7 0.502112
6 8 0.977517
6 9 0.645791
6 10 0.941098
6 11 0.628481
6 12 0.792295
6 13 0.934355
6 14 0.959239
6 15 0.839788
6 16 0.880844
6 17 0.833549
6 18 0.909778
6 19 0.987808
7 1 0.501283
7 2 0.500567
7 3 0.500985
7 4 0.500538
7 5 0.500619
7 6 0.502112
7 7 0.500009
7 8 0.501609
7 9 0.500258
7 10 0.500287
7 11 0.499892
7 12 0.500615
7 13 0.501385
7 14 0.501383
7 15 0.500617
7 16 0.500783
7 17 0.500538
7 18 0.500384
7 19 0.500963
8 4 0.639086
8 6 0.977517
8 7 0.501609
8 8 0.951679
8 9 0.582039
8 10 0.740131
8 11 0.593338
8 18 0.705219
9 1 0.565830
9 2 0.523242
9 3 0.552849
9 4 0.511531
9 5 0.531132
9 6 0.645791
9 7 0.500258
9 8 0.582039
9 9 0.544581
9 10 0.528633
9 11 0.525569
9 12 0.530282
9 13 0.568873
9 14 0.576090
9 15 0.540283
9 16 0.550414
9 17 0.511531
9 18 0.512936
9 19 0.559565
10 1 0.732732
10 2 0.705832
10 3 0.646613
10 4 0.571317
10 5 0.521541
10 6 0.941098
10 7 0.500287
10 8 0.740131
10 9 0.528633
10 10 0.727407
10 11 0.548011
10 12 0.583237
10 13 0.646778
10 14 0.700452
10 15 0.617947
10 16 0.644025
10 17 0.571317
10 18 0.705243
11 1 0.610270
11 2 0.551393
11 3 0.570195
11 4 0.540224
11 5 0.570987
11 6 0.628481
11 7 0.499892
11 8 0.593338
11 9 0.525569
11 10 0.548011
11 11 0.596664
11 12 0.554601
11 13 0.544732
11 14 0.591729
11 15 0.550170
11 16 0.563115
11 17 0.540224
11 18 0.514129
11 19 0.583998
12 2 0.632276
12 3 0.654215
12 4 0.577937
12 5 0.598127
12 6 0.792295
12 7 0.500615
12 9 0.530282
12 10 0.583237
12 11 0.554601
12 12 0.619712
12 13 0.641326
12 14 0.695325
12 15 0.597500
12 16 0.627892
12 17 0.577937
12 18 0.593204
12 19 0.685473
13 1 0.802175
13 2 0.676752
13 3 0.733508
13 4 0.603486
13 5 0.648319
13 6 0.934355
13 7 0.501385
13 9 0.568873
13 10 0.646778
13 11 0.544732
13 12 0.641326
13 13 0.789315
13 14 0.833505
13 15 0.688720
13 16 0.721303
13 17 0.603486
13 18 0.605033
13 19 0.778029
14 1 0.877679
14 2 0.739828
14 3 0.801386
14 4 0.635279
14 5 0.685858
14 6 0.959239
14 7 0.501383
14 9 0.576090
14 10 0.700452
14 11 0.591729
14 12 0.695325
14 13 0.833505
14 14 0.919218
14 15 0.756424
14 16 0.805368
14 17 0.635279
14 18 0.657757
14 19 0.850557
15 1 0.727100
15 2 0.633482
15 3 0.670918
15 4 0.563267
15 5 0.598179
15 6 0.839788
15 7 0.500617
15 9 0.540283
15 10 0.617947
15 11 0.550170
15 12 0.597500
15 13 0.688720
15 14 0.756424
15 15 0.640301
15 16 0.668176
15 17 0.563267
15 18 0.585739
15 19 0.715975
16 2 0.662849
16 3 0.711929
16 4 0.591217
16 5 0.615018
16 6 0.880844
16 7 0.500783
16 9 0.550414
16 10 0.644025
16 11 0.563115
16 12 0.627892
16 13 0.721303
16 14 0.805368
16 15 0.668176
16 16 0.713433
16 17 0.591217
16 18 0.619488
16 19 0.764156
17 2 0.571141
17 3 0.586261
17 5 0.557641
17 6 0.833549
17 7 0.500538
17 9 0.511531
17 10 0.571317
17 11 0.540224
17 12 0.577937
17 13 0.603486
17 14 0.635279
17 15 0.563267
17 16 0.591217
17 17 0.640250
17 18 0.569348
18 1 0.715947
18 2 0.702179
18 3 0.637863
18 4 0.569348
18 5 0.473244
18 6 0.909778
18 7 0.500384
18 8 0.705219
18 9 0.512936
18 10 0.705243
18 11 0.514129
18 12 0.593204
18 13 0.605033
18 14 0.657757
18 15 0.585739
18 16 0.619488
18 17 0.569348
18 18 0.747701
19 3 0.783993
19 4 0.634890
19 5 0.587430
19 6 0.987808
19 7 0.500963
19 9 0.559565
19 11 0.583998
19 12 0.685473
19 13 0.778029
19 14 0.850557
19 15 0.715975
19 16 0.764156
19 19 0.930692
