1 2 0.963051
1 3 0.958222
1 5 0.964033
1 8 0.992118
1 12 0.942866
1 16 0.964953
1 17 0.945279
1 19 0.994754
2 1 0.963051
2 8 0.941322
2 19 0.965351
3 1 0.958222
3 8 0.962128
4 17 0.693815
5 1 0.964033
5 8 0.953049
8 1 0.992118
8 2 0.941322
8 3 0.962128
8 5 0.953049
8 12 0.930282
8 13 0.930095
8 14 0.990795
8 15 0.854110
8 16 0.956209
8 17 0.933292
8 19 0.985797
10 19 0.988298
12 1 0.942866
12 8 0.930282
13 8 0.930095
14 8 0.990795
15 8 0.854110
16 1 0.964953
16 8 0.956209
17 1 0.945279
17 4 0.693815
17 8 0.933292
17 19 0.936598
18 19 0.996576
19 1 0.994754
19 2 0.965351
19 8 0.985797
19 10 0.988298
19 17 0.936598
19 18 0.996576
1 1 0.995261
1 4 0.799423
1 6 0.974012
1 7 0.504898
1 9 0.624408
1 10 0.964268
1 11 0.714129
1 13 0.933592
1 14 0.990856
1 15 0.854429
1 18 0.984599
2 2 0.927944
2 3 0.827491
2 4 0.655831
2 5 0.880668
2 6 0.926382
2 7 0.503171
2 9 0.566110
2 10 0.877285
2 11 0.654895
2 12 0.842866
2 13 0.832796
2 14 0.934756
2 15 0.730100
2 16 0.862441
2 17 0.833430
2 18 0.934850
3 2 0.827491
3 3 0.928124
3 4 0.705180
3 5 0.869093
3 6 0.887088
3 7 0.503316
3 9 0.588360
3 10 0.824320
3 11 0.604040
3 12 0.842564
3 13 0.848306
3 14 0.961954
3 15 0.771866
3 16 0.892359
3 17 0.847115
3 18 0.881117
3 19 0.924482
4 1 0.799423
4 2 0.655831
4 3 0.705180
4 4 0.619793
4 5 0.697879
4 6 0.746672
4 7 0.501068
4 8 0.788523
4 9 0.533755
4 10 0.704494
4 11 0.558731
4 12 0.677028
4 13 0.666858
4 14 0.797291
4 15 0.620426
4 16 0.714727
4 18 0.721276
4 19 0.781132
5 2 0.880668
5 3 0.869093
5 4 0.697879
5 5 0.894945
5 6 0.874396
5 7 0.502944
5 9 0.571309
5 10 0.875353
5 11 0.654820
5 12 0.851888
5 13 0.843824
5 14 0.944277
5 15 0.753015
5 16 0.886263
5 17 0.856180
5 18 0.919353
5 19 0.958535
6 1 0.974012
6 2 0.926382
6 3 0.887088
6 4 0.746672
6 5 0.874396
6 6 0.999318
6 7 0.503221
6 8 0.962831
6 9 0.603709
6 10 0.867247
6 11 0.687319
6 12 0.868627
6 13 0.847364
6 14 0.960803
6 15 0.767265
6 16 0.899372
6 17 0.876438
6 18 0.893914
6 19 0.949398
7 1 0.504898
7 2 0.503171
7 3 0.503316
7 4 0.501068
7 5 0.502944
7 6 0.503221
7 7 0.500026
7 8 0.504689
7 9 0.500572
7 10 0.502331
7 11 0.500506
7 12 0.502619
7 13 0.502392
7 14 0.504656
7 15 0.501740
7 16 0.503069
7 17 0.502448
7 18 0.503115
7 19 0.503974
8 4 0.788523
8 6 0.962831
8 7 0.504689
8 8 0.991172
8 9 0.612680
8 10 0.934090
8 11 0.682616
8 18 0.963201
9 1 0.624408
9 2 0.566110
9 3 0.588360
9 4 0.533755
9 5 0.571309
9 6 0.603709
9 7 0.500572
9 8 0.612680
9 9 0.519893
9 10 0.574516
9 11 0.519735
9 12 0.564582
9 13 0.555488
9 14 0.616263
9 15 0.541589
9 16 0.583619
9 17 0.565587
9 18 0.595585
9 19 0.615160
10 1 0.964268
10 2 0.877285
10 3 0.824320
10 4 0.704494
10 5 0.875353
10 6 0.867247
10 7 0.502331
10 8 0.934090
10 9 0.574516
10 10 0.951788
10 11 0.650696
10 12 0.838116
10 13 0.810842
10 14 0.900101
10 15 0.717320
10 16 0.869527
10 17 0.848870
10 18 0.974906
11 1 0.714129
11 2 0.654895
11 3 0.604040
11 4 0.558731
11 5 0.654820
11 6 0.687319
11 7 0.500506
11 8 0.682616
11 9 0.519735
11 10 0.650696
11 11 0.603947
11 12 0.614349
11 13 0.624611
11 14 0.662352
11 15 0.570155
11 16 0.632695
11 17 0.627886
11 18 0.681001
11 19 0.729643
12 2 0.842866
12 3 0.842564
12 4 0.677028
12 5 0.851888
12 6 0.868627
12 7 0.502619
12 9 0.564582
12 10 0.838116
12 11 0.614349
12 12 0.817554
12 13 0.804770
12 14 0.927355
12 15 0.723453
12 16 0.850378
12 17 0.819610
12 18 0.882994
12 19 0.931414
13 1 0.933592
13 2 0.832796
13 3 0.848306
13 4 0.666858
13 5 0.843824
13 6 0.847364
13 7 0.502392
13 9 0.555488
13 10 0.810842
13 11 0.624611
13 12 0.804770
13 13 0.817896
13 14 0.930891
13 15 0.725332
13 16 0.838301
13 17 0.809356
13 18 0.857792
13 19 0.912826
14 1 0.990856
14 2 0.934756
14 3 0.961954
14 4 0.797291
14 5 0.944277
14 6 0.960803
14 7 0.504656
14 9 0.616263
14 10 0.900101
14 11 0.662352
14 12 0.927355
14 13 0.930891
14 14 0.996333
14 15 0.853067
14 16 0.953704
14 17 0.930557
14 18 0.930979
14 19 0.971269
15 1 0.854429
15 2 0.730100
15 3 0.771866
15 4 0.620426
15 5 0.753015
15 6 0.767265
15 7 0.501740
15 9 0.541589
15 10 0.717320
15 11 0.570155
15 12 0.723453
15 13 0.725332
15 14 0.853067
15 15 0.661300
15 16 0.755850
15 17 0.726619
15 18 0.754013
15 19 0.815240
16 2 0.862441
16 3 0.892359
16 4 0.714727
16 5 0.886263
16 6 0.899372
16 7 0.503069
16 9 0.583619
16 10 0.869527
16 11 0.632695
16 12 0.850378
16 13 0.838301
16 14 0.953704
16 15 0.755850
16 16 0.899390
16 17 0.859353
16 18 0.916206
16 19 0.954184
17 2 0.833430
17 3 0.847115
17 5 0.856180
17 6 0.876438
17 7 0.502448
17 9 0.565587
17 10 0.848870
17 11 0.627886
17 12 0.819610
17 13 0.809356
17 14 0.930557
17 15 0.726619
17 16 0.859353
17 17 0.829778
17 18 0.888821
18 1 0.984599
18 2 0.934850
18 3 0.881117
18 4 0.721276
18 5 0.919353
18 6 0.893914
18 7 0.503115
18 8 0.963201
18 9 0.595585
18 10 0.974906
18 11 0.681001
18 12 0.882994
18 13 0.857792
18 14 0.930979
18 15 0.754013
18 16 0.916206
18 17 0.888821
18 18 0.992363
19 3 0.924482
19 4 0.781132
19 5 0.958535
19 6 0.949398
19 7 0.503974
19 9 0.615160
19 11 0.729643
19 12 0.931414
19 13 0.912826
19 14 0.971269
19 15 0.815240
19 16 0.954184
19 19 0.998900
