1 2 0.935934
1 3 0.885944
1 5 0.870282
1 8 0.960539
1 12 0.773914
1 16 0.832378
1 17 0.898969
1 19 0.976054
2 1 0.935934
2 8 0.918705
2 19 0.954404
3 1 0.885944
3 8 0.871404
4 17 0.690892
5 1 0.870282
5 8 0.851724
8 1 0.960539
8 2 0.918705
8 3 0.871404
8 5 0.851724
8 12 0.761871
8 13 0.894077
8 14 0.964153
8 15 0.791867
8 16 0.808600
8 17 0.879695
8 19 0.967227
10 19 0.500000
12 1 0.773914
12 8 0.761871
13 8 0.894077
14 8 0.964153
15 8 0.791867
16 1 0.832378
16 8 0.808600
17 1 0.898969
17 4 0.690892
17 8 0.879695
17 19 0.913150
18 19 0.958673
19 1 0.976054
19 2 0.954404
19 8 0.967227
19 10 0.500000
19 17 0.913150
19 18 0.958673
1 1 0.971127
1 4 0.767602
1 6 0.989339
1 7 0.503432
1 9 0.588025
1 10 0.500000
1 11 0.738673
1 13 0.887401
1 14 0.967274
1 15 0.794214
1 18 0.930562
2 2 0.906241
2 3 0.818444
2 4 0.694092
2 5 0.813678
2 6 0.967665
2 7 0.502608
2 9 0.562870
2 10 0.500000
2 11 0.668707
2 12 0.692095
2 13 0.834506
2 14 0.920116
2 15 0.740715
2 16 0.755901
2 17 0.842536
2 18 0.894240
3 2 0.818444
3 3 0.778534
3 4 0.667672
3 5 0.753125
3 6 0.934043
3 7 0.502039
3 9 0.546486
3 10 0.500000
3 11 0.645467
3 12 0.674297
3 13 0.777726
3 14 0.879670
3 15 0.692141
3 16 0.719586
3 17 0.779897
3 18 0.819563
3 19 0.894046
4 1 0.767602
4 2 0.694092
4 3 0.667672
4 4 0.627001
4 5 0.652261
4 6 0.799281
4 7 0.501159
4 8 0.743657
4 9 0.528793
4 10 0.500000
4 11 0.605364
4 12 0.609499
4 13 0.655956
4 14 0.762601
4 15 0.604602
4 16 0.644542
4 18 0.703708
4 19 0.768522
5 2 0.813678
5 3 0.753125
5 4 0.652261
5 5 0.741626
5 6 0.917873
5 7 0.501858
5 9 0.547889
5 10 0.500000
5 11 0.632264
5 12 0.655883
5 13 0.757527
5 14 0.853608
5 15 0.679550
5 16 0.700724
5 17 0.765711
5 18 0.808638
5 19 0.885216
6 1 0.989339
6 2 0.967665
6 3 0.934043
6 4 0.799281
6 5 0.917873
6 6 0.999996
6 7 0.505130
6 8 0.991060
6 9 0.669445
6 10 0.500000
6 11 0.807769
6 12 0.758293
6 13 0.964826
6 14 0.995237
6 15 0.883045
6 16 0.888376
6 17 0.936982
6 18 0.969665
6 19 0.990355
7 1 0.503432
7 2 0.502608
7 3 0.502039
7 4 0.501159
7 5 0.501858
7 6 0.505130
7 7 0.500017
7 8 0.503371
7 9 0.500266
7 10 0.500000
7 11 0.500999
7 12 0.501465
7 13 0.502280
7 14 0.503648
7 15 0.501421
7 16 0.501637
7 17 0.502165
7 18 0.502404
7 19 0.503468
8 4 0.743657
8 6 0.991060
8 7 0.503371
8 8 0.956949
8 9 0.577607
8 10 0.500000
8 11 0.711395
8 18 0.918279
9 1 0.588025
9 2 0.562870
9 3 0.546486
9 4 0.528793
9 5 0.547889
9 6 0.669445
9 7 0.500266
9 8 0.577607
9 9 0.529863
9 10 0.500000
9 11 0.524203
9 12 0.537267
9 13 0.548842
9 14 0.623442
9 15 0.533739
9 16 0.542008
9 17 0.550109
9 18 0.561614
9 19 0.587282
10 1 0.500000
10 2 0.500000
10 3 0.500000
10 4 0.500000
10 5 0.500000
10 6 0.500000
10 7 0.500000
10 8 0.500000
10 9 0.500000
10 10 0.500000
10 11 0.500000
10 12 0.500000
10 13 0.500000
10 14 0.500000
10 15 0.500000
10 16 0.500000
10 17 0.500000
10 18 0.500000
11 1 0.738673
11 2 0.668707
11 3 0.645467
11 4 0.605364
11 5 0.632264
11 6 0.807769
11 7 0.500999
11 8 0.711395
11 9 0.524203
11 10 0.500000
11 11 0.608120
11 12 0.589285
11 13 0.622448
11 14 0.720064
11 15 0.586687
11 16 0.626750
11 17 0.661846
11 18 0.668649
11 19 0.729702
12 2 0.692095
12 3 0.674297
12 4 0.609499
12 5 0.655883
12 6 0.758293
12 7 0.501465
12 9 0.537267
12 10 0.500000
12 11 0.589285
12 12 0.712322
12 13 0.686314
12 14 0.815740
12 15 0.619469
12 16 0.655732
12 17 0.673390
12 18 0.648585
12 19 0.742358
13 1 0.887401
13 2 0.834506
13 3 0.777726
13 4 0.655956
13 5 0.757527
13 6 0.964826
13 7 0.502280
13 9 0.548842
13 10 0.500000
13 11 0.622448
13 12 0.686314
13 13 0.836148
13 14 0.915862
13 15 0.723344
13 16 0.708779
13 17 0.780928
13 18 0.839365
13 19 0.908540
14 1 0.967274
14 2 0.920116
14 3 0.879670
14 4 0.762601
14 5 0.853608
14 6 0.995237
14 7 0.503648
14 9 0.623442
14 10 0.500000
14 11 0.720064
14 12 0.815740
14 13 0.915862
14 14 0.993907
14 15 0.803705
14 16 0.827079
14 17 0.887563
14 18 0.930319
14 19 0.972302
15 1 0.794214
15 2 0.740715
15 3 0.692141
15 4 0.604602
15 5 0.679550
15 6 0.883045
15 7 0.501421
15 9 0.533739
15 10 0.500000
15 11 0.586687
15 12 0.619469
15 13 0.723344
15 14 0.803705
15 15 0.645064
15 16 0.643429
15 17 0.696033
15 18 0.742144
15 19 0.814277
16 2 0.755901
16 3 0.719586
16 4 0.644542
16 5 0.700724
16 6 0.888376
16 7 0.501637
16 9 0.542008
16 10 0.500000
16 11 0.626750
16 12 0.655732
16 13 0.708779
16 14 0.827079
16 15 0.643429
16 16 0.687955
16 17 0.730817
16 18 0.742276
16 19 0.825955
17 2 0.842536
17 3 0.779897
17 5 0.765711
17 6 0.936982
17 7 0.502165
17 9 0.550109
17 10 0.500000
17 11 0.661846
17 12 0.673390
17 13 0.780928
17 14 0.887563
17 15 0.696033
17 16 0.730817
17 17 0.806311
17 18 0.845087
18 1 0.930562
18 2 0.894240
18 3 0.819563
18 4 0.703708
18 5 0.808638
18 6 0.969665
18 7 0.502404
18 8 0.918279
18 9 0.561614
18 10 0.500000
18 11 0.668649
18 12 0.648585
18 13 0.839365
18 14 0.930319
18 15 0.742144
18 16 0.742276
18 17 0.845087
18 18 0.919795
19 3 0.894046
19 4 0.768522
19 5 0.885216
19 6 0.990355
19 7 0.503468
19 9 0.587282
19 11 0.729702
19 12 0.742358
19 13 0.908540
19 14 0.972302
19 15 0.814277
19 16 0.825955
19 19 0.986602
