1 2 0.996128
1 3 0.987297
1 5 0.992293
1 8 0.998799
1 12 0.975762
1 16 0.950967
1 17 0.992751
1 19 0.998972
2 1 0.996128
2 8 0.997223
2 19 0.997593
3 1 0.987297
3 8 0.992125
4 17 0.852928
5 1 0.992293
5 8 0.993667
8 1 0.998799
8 2 0.997223
8 3 0.992125
8 5 0.993667
8 12 0.981236
8 13 0.997667
8 14 0.979016
8 15 0.500000
8 16 0.971724
8 17 0.995043
8 19 0.999277
10 19 0.989824
12 1 0.975762
12 8 0.981236
13 8 0.997667
14 8 0.979016
15 8 0.500000
16 1 0.950967
16 8 0.971724
17 1 0.992751
17 4 0.852928
17 8 0.995043
17 19 0.994980
18 19 0.999158
19 1 0.998972
19 2 0.997593
19 8 0.999277
19 10 0.989824
19 17 0.994980
19 18 0.999158
1 1 0.998381
1 4 0.901911
1 6 0.999828
1 7 0.505218
1 9 0.662495
1 10 0.984402
1 11 0.719314
1 13 0.996731
1 14 0.966870
1 15 0.500000
1 18 0.998659
2 2 0.992623
2 3 0.978060
2 4 0.871613
2 5 0.983616
2 6 0.999404
2 7 0.504377
2 9 0.631672
2 10 0.973679
2 11 0.683984
2 12 0.962003
2 13 0.992310
2 14 0.952253
2 15 0.500000
2 16 0.929837
2 17 0.986667
2 18 0.996218
3 2 0.978060
3 3 0.968497
3 4 0.820759
3 5 0.965212
3 6 0.996744
3 7 0.503984
3 9 0.608965
3 10 0.943374
3 11 0.662630
3 12 0.926860
3 13 0.985857
3 14 0.918523
3 15 0.500000
3 16 0.894992
3 17 0.967359
3 18 0.993016
3 19 0.991067
4 1 0.901911
4 2 0.871613
4 3 0.820759
4 4 0.698112
4 5 0.842170
4 6 0.955355
4 7 0.502119
4 8 0.919052
4 9 0.562143
4 10 0.805329
4 11 0.585611
4 12 0.782438
4 13 0.875589
4 14 0.771472
4 15 0.500000
4 16 0.764360
4 18 0.902127
4 19 0.914447
5 2 0.983616
5 3 0.965212
5 4 0.842170
5 5 0.979643
5 6 0.998137
5 7 0.504339
5 9 0.641354
5 10 0.953713
5 11 0.676499
5 12 0.942345
5 13 0.989178
5 14 0.928689
5 15 0.500000
5 16 0.910265
5 17 0.975633
5 18 0.994724
5 19 0.993760
6 1 0.999828
6 2 0.999404
6 3 0.996744
6 4 0.955355
6 5 0.998137
6 6 1.000000
6 7 0.507264
6 8 0.999899
6 9 0.721914
6 10 0.996924
6 11 0.783186
6 12 0.993012
6 13 0.999328
6 14 0.987808
6 15 0.500000
6 16 0.985449
6 17 0.998656
6 18 0.999793
6 19 0.999916
7 1 0.505218
7 2 0.504377
7 3 0.503984
7 4 0.502119
7 5 0.504339
7 6 0.507264
7 7 0.500034
7 8 0.506133
7 9 0.500819
7 10 0.503046
7 11 0.501044
7 12 0.503098
7 13 0.505617
7 14 0.503150
7 15 0.500000
7 16 0.503500
7 17 0.504253
7 18 0.505668
7 19 0.505312
8 4 0.919052
8 6 0.999899
8 7 0.506133
8 8 0.999425
8 9 0.665455
8 10 0.986482
8 11 0.724489
8 18 0.999108
9 1 0.662495
9 2 0.631672
9 3 0.608965
9 4 0.562143
9 5 0.641354
9 6 0.721914
9 7 0.500819
9 8 0.665455
9 9 0.538064
9 10 0.604839
9 11 0.532717
9 12 0.592433
9 13 0.670996
9 14 0.577260
9 15 0.500000
9 16 0.591236
9 17 0.625067
9 18 0.679358
9 19 0.666216
10 1 0.984402
10 2 0.973679
10 3 0.943374
10 4 0.805329
10 5 0.953713
10 6 0.996924
10 7 0.503046
10 8 0.986482
10 9 0.604839
10 10 0.945259
10 11 0.651966
10 12 0.910915
10 13 0.978606
10 14 0.888993
10 15 0.500000
10 16 0.851479
10 17 0.959019
10 18 0.987039
11 1 0.719314
11 2 0.683984
11 3 0.662630
11 4 0.585611
11 5 0.676499
11 6 0.783186
11 7 0.501044
11 8 0.724489
11 9 0.532717
11 10 0.651966
11 11 0.557284
11 12 0.623122
11 13 0.723588
11 14 0.605569
11 15 0.500000
11 16 0.598949
11 17 0.669807
11 18 0.738405
11 19 0.730531
12 2 0.962003
12 3 0.926860
12 4 0.782438
12 5 0.942345
12 6 0.993012
12 7 0.503098
12 9 0.592433
12 10 0.910915
12 11 0.623122
12 12 0.898523
12 13 0.961387
12 14 0.886466
12 15 0.500000
12 16 0.861086
12 17 0.946287
12 18 0.976846
12 19 0.980974
13 1 0.996731
13 2 0.992310
13 3 0.985857
13 4 0.875589
13 5 0.989178
13 6 0.999328
13 7 0.505617
13 9 0.670996
13 10 0.978606
13 11 0.723588
13 12 0.961387
13 13 0.998357
13 14 0.953285
13 15 0.500000
13 16 0.932091
13 17 0.987015
13 18 0.998865
13 19 0.997969
14 1 0.966870
14 2 0.952253
14 3 0.918523
14 4 0.771472
14 5 0.928689
14 6 0.987808
14 7 0.503150
14 9 0.577260
14 10 0.888993
14 11 0.605569
14 12 0.886466
14 13 0.953285
14 14 0.896776
14 15 0.500000
14 16 0.870015
14 17 0.937369
14 18 0.971052
14 19 0.973598
15 1 0.500000
15 2 0.500000
15 3 0.500000
15 4 0.500000
15 5 0.500000
15 6 0.500000
15 7 0.500000
15 9 0.500000
15 10 0.500000
15 11 0.500000
15 12 0.500000
15 13 0.500000
15 14 0.500000
15 15 0.500000
15 16 0.500000
15 17 0.500000
15 18 0.500000
15 19 0.500000
16 2 0.929837
16 3 0.894992
16 4 0.764360
16 5 0.910265
16 6 0.985449
16 7 0.503500
16 9 0.591236
16 10 0.851479
16 11 0.598949
16 12 0.861086
16 13 0.932091
16 14 0.870015
16 15 0.500000
16 16 0.884211
16 17 0.920625
16 18 0.951363
16 19 0.956562
17 2 0.986667
17 3 0.967359
17 5 0.975633
17 6 0.998656
17 7 0.504253
17 9 0.625067
17 10 0.959019
17 11 0.669807
17 12 0.946287
17 13 0.987015
17 14 0.937369
17 15 0.500000
17 16 0.920625
17 17 0.979201
17 18 0.993055
18 1 0.998659
18 2 0.996218
18 3 0.993016
18 4 0.902127
18 5 0.994724
18 6 0.999793
18 7 0.505668
18 8 0.999108
18 9 0.679358
18 10 0.987039
18 11 0.738405
18 12 0.976846
18 13 0.998865
18 14 0.971052
18 15 0.500000
18 16 0.951363
18 17 0.993055
18 18 0.999783
19 3 0.991067
19 4 0.914447
19 5 0.993760
19 6 0.999916
19 7 0.505312
19 9 0.666216
19 11 0.730531
19 12 0.980974
19 13 0.997969
19 14 0.973598
19 15 0.500000
19 16 0.956562
19 19 0.999456
