1 26 0.501946
3 17 0.678547
3 26 0.834843
4 22 0.519387
4 26 0.565408
5 26 0.864016
9 26 0.859738
11 26 0.858811
13 26 0.712485
14 26 0.975224
17 3 0.678547
18 26 0.967438
22 4 0.519387
24 26 0.863009
25 26 0.674743
26 1 0.501946
26 3 0.834843
26 4 0.565408
26 5 0.864016
26 9 0.859738
26 11 0.858811
26 13 0.712485
26 14 0.975224
26 18 0.967438
26 24 0.863009
26 25 0.674743
1 1 0.500906
1 2 0.515536
1 3 0.501588
1 4 0.499317
1 5 0.500307
1 6 0.496276
1 7 0.501925
1 8 0.501921
1 9 0.500472
1 10 0.503069
1 11 0.499404
1 12 0.504381
1 13 0.499001
1 14 0.502693
1 15 0.511166
1 16 0.507095
1 17 0.501588
1 18 0.500771
1 19 0.500000
1 20 0.506007
1 21 0.511844
1 22 0.499317
1 23 0.497459
1 24 0.501342
1 25 0.499886
2 1 0.515536
2 2 0.999990
2 3 0.905684
2 4 0.553963
2 5 0.914262
2 6 0.800067
2 7 0.718215
2 8 0.879550
2 9 0.910643
2 10 0.565414
2 11 0.899337
2 12 0.765971
2 13 0.704300
2 14 0.987528
2 15 0.881968
2 16 0.890299
2 17 0.905684
2 18 0.985824
2 19 0.500009
2 20 0.982780
2 21 0.971305
2 22 0.553963
2 23 0.839930
2 24 0.904190
2 25 0.777828
2 26 0.994285
3 1 0.501588
3 2 0.905684
3 3 0.678547
3 4 0.526794
3 5 0.679035
3 6 0.735769
3 7 0.551805
3 8 0.607567
3 9 0.673975
3 10 0.495374
3 11 0.685090
3 12 0.554869
3 13 0.588904
3 14 0.802184
3 15 0.593488
3 16 0.622373
3 18 0.784105
3 19 0.500002
3 20 0.755762
3 21 0.713123
3 22 0.526794
3 23 0.755977
3 24 0.672681
3 25 0.569200
4 1 0.499317
4 2 0.553963
4 3 0.526794
4 4 0.519387
4 5 0.530816
4 6 0.613860
4 7 0.502326
4 8 0.520989
4 9 0.528098
4 10 0.497208
4 11 0.534343
4 12 0.504843
4 13 0.525193
4 14 0.553145
4 15 0.501158
4 16 0.532195
4 17 0.526794
4 18 0.551283
4 19 0.500001
4 20 0.539072
4 21 0.470566
4 23 0.542897
4 24 0.534612
4 25 0.508101
5 1 0.500307
5 2 0.914262
5 3 0.679035
5 4 0.530816
5 5 0.700515
5 6 0.823141
5 7 0.557184
5 8 0.624629
5 9 0.696354
5 10 0.491224
5 11 0.697744
5 12 0.566075
5 13 0.601351
5 14 0.840707
5 15 0.561491
5 16 0.663243
5 17 0.679035
5 18 0.822939
5 19 0.500002
5 20 0.805045
5 21 0.670282
5 22 0.530816
5 23 0.669156
5 24 0.697000
5 25 0.582512
6 1 0.496276
6 2 0.800067
6 3 0.735769
6 4 0.613860
6 5 0.823141
6 6 0.999597
6 7 0.562786
6 8 0.650987
6 9 0.812144
6 10 0.456028
6 11 0.798626
6 12 0.585255
6 13 0.698628
6 14 0.975644
6 15 0.467970
6 16 0.920088
6 17 0.735769
6 18 0.957687
6 19 0.500004
6 20 0.960493
6 21 0.303579
6 22 0.613860
6 23 0.312012
6 24 0.857691
6 25 0.616281
6 26 0.970236
7 1 0.501925
7 2 0.718215
7 3 0.551805
7 4 0.502326
7 5 0.557184
7 6 0.562786
7 7 0.529106
7 8 0.535301
7 9 0.554188
7 10 0.505866
7 11 0.551637
7 12 0.534133
7 13 0.519542
7 14 0.609179
7 15 0.555397
7 16 0.564146
7 17 0.551805
7 18 0.605517
7 19 0.500001
7 20 0.604201
7 21 0.605482
7 22 0.502326
7 23 0.532912
7 24 0.552712
7 25 0.531280
7 26 0.624323
8 1 0.501921
8 2 0.879550
8 3 0.607567
8 4 0.520989
8 5 0.624629
8 6 0.650987
8 7 0.535301
8 8 0.654589
8 9 0.629351
8 10 0.501748
8 11 0.615225
8 12 0.564645
8 13 0.557893
8 14 0.735758
8 15 0.560694
8 16 0.638969
8 17 0.607567
8 18 0.711315
8 19 0.500001
8 20 0.697710
8 21 0.622953
8 22 0.520989
8 23 0.584732
8 24 0.615095
8 25 0.542336
8 26 0.749710
9 1 0.500472
9 2 0.910643
9 3 0.673975
9 4 0.528098
9 5 0.696354
9 6 0.812144
9 7 0.554188
9 8 0.629351
9 9 0.695593
9 10 0.489435
9 11 0.691607
9 12 0.561175
9 13 0.600684
9 14 0.837781
9 15 0.554504
9 16 0.661458
9 17 0.673975
9 18 0.820441
9 19 0.500002
9 20 0.800978
9 21 0.667136
9 22 0.528098
9 23 0.649515
9 24 0.693420
9 25 0.577530
10 1 0.503069
10 2 0.565414
10 3 0.495374
10 4 0.497208
10 5 0.491224
10 6 0.456028
10 7 0.505866
10 8 0.501748
10 9 0.489435
10 10 0.518185
10 11 0.488499
10 12 0.519971
10 13 0.490000
10 14 0.489044
10 15 0.539950
10 16 0.509231
10 17 0.495374
10 18 0.481841
10 19 0.500001
10 20 0.516819
10 21 0.526891
10 22 0.497208
10 23 0.488348
10 24 0.495261
10 25 0.501665
10 26 0.484051
11 1 0.499404
11 2 0.899337
11 3 0.685090
11 4 0.534343
11 5 0.697744
11 6 0.798626
11 7 0.551637
11 8 0.615225
11 9 0.691607
11 10 0.488499
11 11 0.707413
11 12 0.560217
11 13 0.611665
11 14 0.830767
11 15 0.544473
11 16 0.627400
11 17 0.685090
11 18 0.810152
11 19 0.500002
11 20 0.786242
11 21 0.675736
11 22 0.534343
11 23 0.767959
11 24 0.692509
11 25 0.580328
12 1 0.504381
12 2 0.765971
12 3 0.554869
12 4 0.504843
12 5 0.566075
12 6 0.585255
12 7 0.534133
12 8 0.564645
12 9 0.561175
12 10 0.519971
12 11 0.560217
12 12 0.588838
12 13 0.522298
12 14 0.642392
12 15 0.572060
12 16 0.592102
12 17 0.554869
12 18 0.613427
12 19 0.500001
12 20 0.668563
12 21 0.603929
12 22 0.504843
12 23 0.549629
12 24 0.565795
12 25 0.531147
12 26 0.642801
13 1 0.499001
13 2 0.704300
13 3 0.588904
13 4 0.525193
13 5 0.601351
13 6 0.698628
13 7 0.519542
13 8 0.557893
13 9 0.600684
13 10 0.490000
13 11 0.611665
13 12 0.522298
13 13 0.579693
13 14 0.688906
13 15 0.479004
13 16 0.561516
13 17 0.588904
13 18 0.677260
13 19 0.500001
13 20 0.659351
13 21 0.532972
13 22 0.525193
13 23 0.652212
13 24 0.606028
13 25 0.540084
14 1 0.502693
14 2 0.987528
14 3 0.802184
14 4 0.553145
14 5 0.840707
14 6 0.975644
14 7 0.609179
14 8 0.735758
14 9 0.837781
14 10 0.489044
14 11 0.830767
14 12 0.642392
14 13 0.688906
14 14 0.971089
14 15 0.606568
14 16 0.829539
14 17 0.802184
14 18 0.957018
14 19 0.500004
14 20 0.957297
14 21 0.783924
14 22 0.553145
14 23 0.725944
14 24 0.843651
14 25 0.653897
15 1 0.511166
15 2 0.881968
15 3 0.593488
15 4 0.501158
15 5 0.561491
15 6 0.467970
15 7 0.555397
15 8 0.560694
15 9 0.554504
15 10 0.539950
15 11 0.544473
15 12 0.572060
15 13 0.479004
15 14 0.606568
15 15 0.773650
15 16 0.637922
15 17 0.593488
15 18 0.607423
15 19 0.500002
15 20 0.613609
15 21 0.764916
15 22 0.501158
15 23 0.585655
15 24 0.555563
15 25 0.518667
15 26 0.638040
16 1 0.507095
16 2 0.890299
16 3 0.622373
16 4 0.532195
16 5 0.663243
16 6 0.920088
16 7 0.564146
16 8 0.638969
16 9 0.661458
16 10 0.509231
16 11 0.627400
16 12 0.592102
16 13 0.561516
16 14 0.829539
16 15 0.637922
16 16 0.810852
16 17 0.622373
16 18 0.802312
16 19 0.500002
16 20 0.802809
16 21 0.594875
16 22 0.532195
16 23 0.310290
16 24 0.677477
16 25 0.563466
16 26 0.826476
17 1 0.501588
17 2 0.905684
17 4 0.526794
17 5 0.679035
17 6 0.735769
17 7 0.551805
17 8 0.607567
17 9 0.673975
17 10 0.495374
17 11 0.685090
17 12 0.554869
17 13 0.588904
17 14 0.802184
17 15 0.593488
17 16 0.622373
17 17 0.678547
17 18 0.784105
17 19 0.500002
17 20 0.755762
17 21 0.713123
17 22 0.526794
17 23 0.755977
17 24 0.672681
17 25 0.569200
17 26 0.834843
18 1 0.500771
18 2 0.985824
18 3 0.784105
18 4 0.551283
18 5 0.822939
18 6 0.957687
18 7 0.605517
18 8 0.711315
18 9 0.820441
18 10 0.481841
18 11 0.810152
18 12 0.613427
18 13 0.677260
18 14 0.957018
18 15 0.607423
18 16 0.802312
18 17 0.784105
18 18 0.948774
18 19 0.500003
18 20 0.938924
18 21 0.748330
18 22 0.551283
18 23 0.654183
18 24 0.824036
18 25 0.650199
19 1 0.500000
19 2 0.500009
19 3 0.500002
19 4 0.500001
19 5 0.500002
19 6 0.500004
19 7 0.500001
19 8 0.500001
19 9 0.500002
19 10 0.500001
19 11 0.500002
19 12 0.500001
19 13 0.500001
19 14 0.500004
19 15 0.500002
19 16 0.500002
19 17 0.500002
19 18 0.500003
19 19 0.500000
19 20 0.500003
19 21 0.500001
19 22 0.500001
19 23 0.500003
19 24 0.500002
19 25 0.500001
19 26 0.500004
20 1 0.506007
20 2 0.982780
20 3 0.755762
20 4 0.539072
20 5 0.805045
20 6 0.960493
20 7 0.604201
20 8 0.697710
20 9 0.800978
20 10 0.516819
20 11 0.786242
20 12 0.668563
20 13 0.659351
20 14 0.957297
20 15 0.613609
20 16 0.802809
20 17 0.755762
20 18 0.938924
20 19 0.500003
20 20 0.959431
20 21 0.731846
20 22 0.539072
20 23 0.594844
20 24 0.817820
20 25 0.643172
20 26 0.960015
21 1 0.511844
21 2 0.971305
21 3 0.713123
21 4 0.470566
21 5 0.670282
21 6 0.303579
21 7 0.605482
21 8 0.622953
21 9 0.667136
21 10 0.526891
21 11 0.675736
21 12 0.603929
21 13 0.532972
21 14 0.783924
21 15 0.764916
21 16 0.594875
21 17 0.713123
21 18 0.748330
21 19 0.500001
21 20 0.731846
21 21 0.959107
21 22 0.470566
21 23 0.909502
21 24 0.623971
21 25 0.581434
21 26 0.819782
22 1 0.499317
22 2 0.553963
22 3 0.526794
22 5 0.530816
22 6 0.613860
22 7 0.502326
22 8 0.520989
22 9 0.528098
22 10 0.497208
22 11 0.534343
22 12 0.504843
22 13 0.525193
22 14 0.553145
22 15 0.501158
22 16 0.532195
22 17 0.526794
22 18 0.551283
22 19 0.500001
22 20 0.539072
22 21 0.470566
22 22 0.519387
22 23 0.542897
22 24 0.534612
22 25 0.508101
22 26 0.565408
23 1 0.497459
23 2 0.839930
23 3 0.755977
23 4 0.542897
23 5 0.669156
23 6 0.312012
23 7 0.532912
23 8 0.584732
23 9 0.649515
23 10 0.488348
23 11 0.767959
23 12 0.549629
23 13 0.652212
23 14 0.725944
23 15 0.585655
23 16 0.310290
23 17 0.755977
23 18 0.654183
23 19 0.500003
23 20 0.594844
23 21 0.909502
23 22 0.542897
23 23 0.998095
23 24 0.623927
23 25 0.546983
23 26 0.797968
24 1 0.501342
24 2 0.904190
24 3 0.672681
24 4 0.534612
24 5 0.697000
24 6 0.857691
24 7 0.552712
24 8 0.615095
24 9 0.693420
24 10 0.495261
24 11 0.692509
24 12 0.565795
24 13 0.606028
24 14 0.843651
24 15 0.555563
24 16 0.677477
24 17 0.672681
24 18 0.824036
24 19 0.500002
24 20 0.817820
24 21 0.623971
24 22 0.534612
24 23 0.623927
24 24 0.703884
24 25 0.580116
25 1 0.499886
25 2 0.777828
25 3 0.569200
25 4 0.508101
25 5 0.582512
25 6 0.616281
25 7 0.531280
25 8 0.542336
25 9 0.577530
25 10 0.501665
25 11 0.580328
25 12 0.531147
25 13 0.540084
25 14 0.653897
25 15 0.518667
25 16 0.563466
25 17 0.569200
25 18 0.650199
25 19 0.500001
25 20 0.643172
25 21 0.581434
25 22 0.508101
25 23 0.546983
25 24 0.580116
25 25 0.553460
26 2 0.994285
26 6 0.970236
26 7 0.624323
26 8 0.749710
26 10 0.484051
26 12 0.642801
26 15 0.638040
26 16 0.826476
26 17 0.834843
26 19 0.500004
26 20 0.960015
26 21 0.819782
26 22 0.565408
26 23 0.797968
26 26 0.982913
