1 26 0.539741
3 17 0.925056
3 26 0.665229
4 22 0.527349
4 26 0.533417
5 26 0.544312
9 26 0.577915
11 26 0.553781
13 26 0.543171
14 26 0.817022
17 3 0.925056
18 26 0.786644
22 4 0.527349
24 26 0.545574
25 26 0.542776
26 1 0.539741
26 3 0.665229
26 4 0.533417
26 5 0.544312
26 9 0.577915
26 11 0.553781
26 13 0.543171
26 14 0.817022
26 18 0.786644
26 24 0.545574
26 25 0.542776
1 1 0.520333
1 2 0.738702
1 3 0.594977
1 4 0.513868
1 5 0.520851
1 6 0.658069
1 7 0.508333
1 8 0.538889
1 9 0.540269
1 10 0.509953
1 11 0.516737
1 12 0.511378
1 13 0.519255
1 14 0.675434
1 15 0.606716
1 16 0.602604
1 17 0.594977
1 18 0.639363
1 19 0.500000
1 20 0.584066
1 21 0.685635
1 22 0.508632
1 23 0.619467
1 24 0.520736
1 25 0.520180
2 1 0.738702
2 2 1.000000
2 3 0.996034
2 4 0.703896
2 5 0.758994
2 6 0.999994
2 7 0.691106
2 8 0.939144
2 9 0.964446
2 10 0.594955
2 11 0.738062
2 12 0.483502
2 13 0.717950
2 14 1.000000
2 15 0.992468
2 16 0.996939
2 17 0.996034
2 18 0.999633
2 19 0.500011
2 20 0.997961
2 21 0.999983
2 22 0.664149
2 23 0.999376
2 24 0.722048
2 25 0.707933
2 26 0.886011
3 1 0.594977
3 2 0.996034
3 3 0.925056
3 4 0.548238
3 5 0.582499
3 6 0.989878
3 7 0.502983
3 8 0.682422
3 9 0.695226
3 10 0.528016
3 11 0.494750
3 12 0.453900
3 13 0.576215
3 14 0.986028
3 15 0.889282
3 16 0.905546
3 18 0.926670
3 19 0.499999
3 20 0.821525
3 21 0.977481
3 22 0.527585
3 23 0.951693
3 24 0.571883
3 25 0.588910
4 1 0.513868
4 2 0.703896
4 3 0.548238
4 4 0.528806
4 5 0.516108
4 6 0.608563
4 7 0.513631
4 8 0.559522
4 9 0.534502
4 10 0.510265
4 11 0.572908
4 12 0.537795
4 13 0.516012
4 14 0.674129
4 15 0.557530
4 16 0.581624
4 17 0.548238
4 18 0.657910
4 19 0.500000
4 20 0.575675
4 21 0.688448
4 23 0.626117
4 24 0.518130
4 25 0.517939
5 1 0.520851
5 2 0.758994
5 3 0.582499
5 4 0.516108
5 5 0.525884
5 6 0.591017
5 7 0.514003
5 8 0.549971
5 9 0.544708
5 10 0.511456
5 11 0.517496
5 12 0.519777
5 13 0.522967
5 14 0.666385
5 15 0.613328
5 16 0.613161
5 17 0.582499
5 18 0.651997
5 19 0.500001
5 20 0.593481
5 21 0.675311
5 22 0.510149
5 23 0.607915
5 24 0.523626
5 25 0.521084
6 1 0.658069
6 2 0.999994
6 3 0.989878
6 4 0.608563
6 5 0.591017
6 6 1.000000
6 7 0.574236
6 8 0.795251
6 9 0.845617
6 10 0.554158
6 11 0.633864
6 12 0.510171
6 13 0.606802
6 14 1.000000
6 15 0.953978
6 16 0.962756
6 17 0.989878
6 18 0.997894
6 19 0.500007
6 20 0.986375
6 21 0.999855
6 22 0.590373
6 23 0.998245
6 24 0.633697
6 25 0.653657
6 26 0.761437
7 1 0.508333
7 2 0.691106
7 3 0.502983
7 4 0.513631
7 5 0.514003
7 6 0.574236
7 7 0.528230
7 8 0.533204
7 9 0.521744
7 10 0.507852
7 11 0.538591
7 12 0.536778
7 13 0.511753
7 14 0.719109
7 15 0.525301
7 16 0.523307
7 17 0.502983
7 18 0.625403
7 19 0.500002
7 20 0.587467
7 21 0.625105
7 22 0.511346
7 23 0.520803
7 24 0.517788
7 25 0.510783
7 26 0.524098
8 1 0.538889
8 2 0.939144
8 3 0.682422
8 4 0.559522
8 5 0.549971
8 6 0.795251
8 7 0.533204
8 8 0.693605
8 9 0.604753
8 10 0.522504
8 11 0.623205
8 12 0.582416
8 13 0.552300
8 14 0.901681
8 15 0.711689
8 16 0.763113
8 17 0.682422
8 18 0.859353
8 19 0.500003
8 20 0.735358
8 21 0.856276
8 22 0.552956
8 23 0.830810
8 24 0.544781
8 25 0.549464
8 26 0.596522
9 1 0.540269
9 2 0.964446
9 3 0.695226
9 4 0.534502
9 5 0.544708
9 6 0.845617
9 7 0.521744
9 8 0.604753
9 9 0.642716
9 10 0.518694
9 11 0.546828
9 12 0.508570
9 13 0.536380
9 14 0.962150
9 15 0.713042
9 16 0.727739
9 17 0.695226
9 18 0.696588
9 19 0.500001
9 20 0.721166
9 21 0.825335
9 22 0.528164
9 23 0.747270
9 24 0.533746
9 25 0.531488
10 1 0.509953
10 2 0.594955
10 3 0.528016
10 4 0.510265
10 5 0.511456
10 6 0.554158
10 7 0.507852
10 8 0.522504
10 9 0.518694
10 10 0.509438
10 11 0.524098
10 12 0.524117
10 13 0.510829
10 14 0.555346
10 15 0.561608
10 16 0.548171
10 17 0.528016
10 18 0.573171
10 19 0.500000
10 20 0.555678
10 21 0.586083
10 22 0.507269
10 23 0.551966
10 24 0.513427
10 25 0.511203
10 26 0.521131
11 1 0.516737
11 2 0.738062
11 3 0.494750
11 4 0.572908
11 5 0.517496
11 6 0.633864
11 7 0.538591
11 8 0.623205
11 9 0.546828
11 10 0.524098
11 11 0.907845
11 12 0.637694
11 13 0.517202
11 14 0.890978
11 15 0.454328
11 16 0.460327
11 17 0.494750
11 18 0.721860
11 19 0.500004
11 20 0.600043
11 21 0.899564
11 22 0.574874
11 23 0.725337
11 24 0.541344
11 25 0.537534
12 1 0.511378
12 2 0.483502
12 3 0.453900
12 4 0.537795
12 5 0.519777
12 6 0.510171
12 7 0.536778
12 8 0.582416
12 9 0.508570
12 10 0.524117
12 11 0.637694
12 12 0.656961
12 13 0.525919
12 14 0.573440
12 15 0.598976
12 16 0.526484
12 17 0.453900
12 18 0.682969
12 19 0.500002
12 20 0.618567
12 21 0.670605
12 22 0.534457
12 23 0.536778
12 24 0.538151
12 25 0.527364
12 26 0.547560
13 1 0.519255
13 2 0.717950
13 3 0.576215
13 4 0.516012
13 5 0.522967
13 6 0.606802
13 7 0.511753
13 8 0.552300
13 9 0.536380
13 10 0.510829
13 11 0.517202
13 12 0.525919
13 13 0.523900
13 14 0.630964
13 15 0.609968
13 16 0.605310
13 17 0.576215
13 18 0.662629
13 19 0.500001
13 20 0.587118
13 21 0.658654
13 22 0.510563
13 23 0.614075
13 24 0.522582
13 25 0.521066
14 1 0.675434
14 2 1.000000
14 3 0.986028
14 4 0.674129
14 5 0.666385
14 6 1.000000
14 7 0.719109
14 8 0.901681
14 9 0.962150
14 10 0.555346
14 11 0.890978
14 12 0.573440
14 13 0.630964
14 14 1.000000
14 15 0.949231
14 16 0.973480
14 17 0.986028
14 18 0.997976
14 19 0.500021
14 20 0.997760
14 21 0.999987
14 22 0.666072
14 23 0.997465
14 24 0.672219
14 25 0.648068
15 1 0.606716
15 2 0.992468
15 3 0.889282
15 4 0.557530
15 5 0.613328
15 6 0.953978
15 7 0.525301
15 8 0.711689
15 9 0.713042
15 10 0.561608
15 11 0.454328
15 12 0.598976
15 13 0.609968
15 14 0.949231
15 15 0.957004
15 16 0.933982
15 17 0.889282
15 18 0.928808
15 19 0.499999
15 20 0.884482
15 21 0.964121
15 22 0.526246
15 23 0.928443
15 24 0.606432
15 25 0.606543
15 26 0.703046
16 1 0.602604
16 2 0.996939
16 3 0.905546
16 4 0.581624
16 5 0.613161
16 6 0.962756
16 7 0.523307
16 8 0.763113
16 9 0.727739
16 10 0.548171
16 11 0.460327
16 12 0.526484
16 13 0.605310
16 14 0.973480
16 15 0.933982
16 16 0.960290
16 17 0.905546
16 18 0.957856
16 19 0.500000
16 20 0.869128
16 21 0.981253
16 22 0.557542
16 23 0.959818
16 24 0.586204
16 25 0.603624
16 26 0.695788
17 1 0.594977
17 2 0.996034
17 4 0.548238
17 5 0.582499
17 6 0.989878
17 7 0.502983
17 8 0.682422
17 9 0.695226
17 10 0.528016
17 11 0.494750
17 12 0.453900
17 13 0.576215
17 14 0.986028
17 15 0.889282
17 16 0.905546
17 17 0.925056
17 18 0.926670
17 19 0.499999
17 20 0.821525
17 21 0.977481
17 22 0.527585
17 23 0.951693
17 24 0.571883
17 25 0.588910
17 26 0.665229
18 1 0.639363
18 2 0.999633
18 3 0.926670
18 4 0.657910
18 5 0.651997
18 6 0.997894
18 7 0.625403
18 8 0.859353
18 9 0.696588
18 10 0.573171
18 11 0.721860
18 12 0.682969
18 13 0.662629
18 14 0.997976
18 15 0.928808
18 16 0.957856
18 17 0.926670
18 18 0.999704
18 19 0.500008
18 20 0.954771
18 21 0.998526
18 22 0.622843
18 23 0.994545
18 24 0.680990
18 25 0.677117
19 1 0.500000
19 2 0.500011
19 3 0.499999
19 4 0.500000
19 5 0.500001
19 6 0.500007
19 7 0.500002
19 8 0.500003
19 9 0.500001
19 10 0.500000
19 11 0.500004
19 12 0.500002
19 13 0.500001
19 14 0.500021
19 15 0.499999
19 16 0.500000
19 17 0.499999
19 18 0.500008
19 19 0.500000
19 20 0.500005
19 21 0.500002
19 22 0.500000
19 23 0.500001
19 24 0.500001
19 25 0.500000
19 26 0.500001
20 1 0.584066
20 2 0.997961
20 3 0.821525
20 4 0.575675
20 5 0.593481
20 6 0.986375
20 7 0.587467
20 8 0.735358
20 9 0.721166
20 10 0.555678
20 11 0.600043
20 12 0.618567
20 13 0.587118
20 14 0.997760
20 15 0.884482
20 16 0.869128
20 17 0.821525
20 18 0.954771
20 19 0.500005
20 20 0.934728
20 21 0.966169
20 22 0.556194
20 23 0.925137
20 24 0.596689
20 25 0.584643
20 26 0.670991
21 1 0.685635
21 2 0.999983
21 3 0.977481
21 4 0.688448
21 5 0.675311
21 6 0.999855
21 7 0.625105
21 8 0.856276
21 9 0.825335
21 10 0.586083
21 11 0.899564
21 12 0.670605
21 13 0.658654
21 14 0.999987
21 15 0.964121
21 16 0.981253
21 17 0.977481
21 18 0.998526
21 19 0.500002
21 20 0.966169
21 21 0.999988
21 22 0.656161
21 23 0.995080
21 24 0.695053
21 25 0.705437
21 26 0.826168
22 1 0.508632
22 2 0.664149
22 3 0.527585
22 5 0.510149
22 6 0.590373
22 7 0.511346
22 8 0.552956
22 9 0.528164
22 10 0.507269
22 11 0.574874
22 12 0.534457
22 13 0.510563
22 14 0.666072
22 15 0.526246
22 16 0.557542
22 17 0.527585
22 18 0.622843
22 19 0.500000
22 20 0.556194
22 21 0.656161
22 22 0.527965
22 23 0.604056
22 24 0.511920
22 25 0.512468
22 26 0.523174
23 1 0.619467
23 2 0.999376
23 3 0.951693
23 4 0.626117
23 5 0.607915
23 6 0.998245
23 7 0.520803
23 8 0.830810
23 9 0.747270
23 10 0.551966
23 11 0.725337
23 12 0.536778
23 13 0.614075
23 14 0.997465
23 15 0.928443
23 16 0.959818
23 17 0.951693
23 18 0.994545
23 19 0.500001
23 20 0.925137
23 21 0.995080
23 22 0.604056
23 23 0.996083
23 24 0.608496
23 25 0.635119
23 26 0.722723
24 1 0.520736
24 2 0.722048
24 3 0.571883
24 4 0.518130
24 5 0.523626
24 6 0.633697
24 7 0.517788
24 8 0.544781
24 9 0.533746
24 10 0.513427
24 11 0.541344
24 12 0.538151
24 13 0.522582
24 14 0.672219
24 15 0.606432
24 16 0.586204
24 17 0.571883
24 18 0.680990
24 19 0.500001
24 20 0.596689
24 21 0.695053
24 22 0.511920
24 23 0.608496
24 24 0.528472
24 25 0.523995
25 1 0.520180
25 2 0.707933
25 3 0.588910
25 4 0.517939
25 5 0.521084
25 6 0.653657
25 7 0.510783
25 8 0.549464
25 9 0.531488
25 10 0.511203
25 11 0.537534
25 12 0.527364
25 13 0.521066
25 14 0.648068
25 15 0.606543
25 16 0.603624
25 17 0.588910
25 18 0.677117
25 19 0.500000
25 20 0.584643
25 21 0.705437
25 22 0.512468
25 23 0.635119
25 24 0.523995
25 25 0.523995
26 2 0.886011
26 6 0.761437
26 7 0.524098
26 8 0.596522
26 10 0.521131
26 12 0.547560
26 15 0.703046
26 16 0.695788
26 17 0.665229
26 19 0.500001
26 20 0.670991
26 21 0.826168
26 22 0.523174
26 23 0.722723
26 26 0.584789
