1 26 0.680895
3 17 0.819705
3 26 0.816473
4 22 0.555351
4 26 0.512689
5 26 0.678964
9 26 0.704865
11 26 0.777961
13 26 0.587305
14 26 0.841696
17 3 0.819705
18 26 0.892673
22 4 0.555351
24 26 0.682403
25 26 0.689270
26 1 0.680895
26 3 0.816473
26 4 0.512689
26 5 0.678964
26 9 0.704865
26 11 0.777961
26 13 0.587305
26 14 0.841696
26 18 0.892673
26 24 0.682403
26 25 0.689270
1 1 0.583112
1 2 0.870610
1 3 0.665755
1 4 0.498389
1 5 0.580667
1 6 0.544743
1 7 0.541992
1 8 0.575481
1 9 0.598327
1 10 0.507115
1 11 0.630534
1 12 0.569750
1 13 0.532140
1 14 0.660285
1 15 0.669184
1 16 0.728227
1 17 0.642320
1 18 0.690987
1 19 0.500000
1 20 0.630187
1 21 0.849294
1 22 0.498389
1 23 0.609096
1 24 0.585615
1 25 0.585352
2 1 0.870610
2 2 1.000000
2 3 0.955995
2 4 0.452518
2 5 0.842093
2 6 0.745394
2 7 0.707260
2 8 0.893858
2 9 0.898260
2 10 0.592678
2 11 0.951879
2 12 0.899644
2 13 0.657898
2 14 0.972372
2 15 0.947323
2 16 0.999380
2 17 0.934844
2 18 0.998158
2 19 0.500010
2 20 0.985088
2 21 0.999999
2 22 0.452518
2 23 0.924323
2 24 0.854366
2 25 0.888908
2 26 0.992486
3 1 0.665755
3 2 0.955995
3 3 0.843709
3 4 0.485628
3 5 0.667732
3 6 0.489546
3 7 0.573285
3 8 0.650984
3 9 0.746223
3 10 0.495271
3 11 0.740641
3 12 0.602161
3 13 0.553369
3 14 0.769431
3 15 0.845766
3 16 0.844779
3 18 0.895522
3 19 0.499999
3 20 0.754131
3 21 0.957248
3 22 0.485628
3 23 0.756184
3 24 0.682850
3 25 0.663724
4 1 0.498389
4 2 0.452518
4 3 0.485628
4 4 0.555351
4 5 0.504495
4 6 0.751718
4 7 0.520348
4 8 0.500116
4 9 0.503589
4 10 0.504234
4 11 0.521213
4 12 0.522015
4 13 0.533295
4 14 0.561112
4 15 0.515921
4 16 0.512944
4 17 0.473205
4 18 0.542809
4 19 0.500002
4 20 0.553704
4 21 0.417764
4 23 0.428549
4 24 0.499202
4 25 0.502152
5 1 0.580667
5 2 0.842093
5 3 0.667732
5 4 0.504495
5 5 0.583129
5 6 0.597759
5 7 0.542043
5 8 0.568902
5 9 0.599514
5 10 0.505803
5 11 0.628164
5 12 0.569376
5 13 0.537373
5 14 0.667722
5 15 0.686527
5 16 0.701607
5 17 0.643796
5 18 0.720735
5 19 0.500000
5 20 0.642180
5 21 0.826228
5 22 0.504495
5 23 0.599974
5 24 0.584712
5 25 0.582429
6 1 0.544743
6 2 0.745394
6 3 0.489546
6 4 0.751718
6 5 0.597759
6 6 0.999922
6 7 0.616891
6 8 0.543275
6 9 0.563084
6 10 0.541966
6 11 0.669835
6 12 0.745626
6 13 0.704326
6 14 0.927015
6 15 0.813020
6 16 0.495194
6 17 0.385630
6 18 0.940143
6 19 0.500010
6 20 0.764199
6 21 0.278377
6 22 0.751718
6 23 0.249866
6 24 0.528098
6 25 0.559125
6 26 0.710110
7 1 0.541992
7 2 0.707260
7 3 0.573285
7 4 0.520348
7 5 0.542043
7 6 0.616891
7 7 0.539351
7 8 0.534999
7 9 0.544002
7 10 0.508972
7 11 0.582554
7 12 0.548658
7 13 0.529964
7 14 0.621432
7 15 0.591888
7 16 0.663235
7 17 0.552672
7 18 0.600041
7 19 0.500000
7 20 0.591878
7 21 0.677520
7 22 0.520348
7 23 0.528026
7 24 0.540625
7 25 0.546543
7 26 0.604847
8 1 0.575481
8 2 0.893858
8 3 0.650984
8 4 0.500116
8 5 0.568902
8 6 0.543275
8 7 0.534999
8 8 0.598091
8 9 0.621982
8 10 0.502273
8 11 0.615720
8 12 0.558499
8 13 0.524038
8 14 0.626750
8 15 0.645833
8 16 0.723065
8 17 0.630838
8 18 0.678820
8 19 0.499999
8 20 0.601142
8 21 0.780208
8 22 0.500116
8 23 0.601091
8 24 0.579719
8 25 0.576527
8 26 0.657473
9 1 0.598327
9 2 0.898260
9 3 0.746223
9 4 0.503589
9 5 0.599514
9 6 0.563084
9 7 0.544002
9 8 0.621982
9 9 0.752537
9 10 0.488542
9 11 0.652074
9 12 0.571773
9 13 0.529279
9 14 0.656059
9 15 0.805805
9 16 0.723488
9 17 0.730487
9 18 0.834203
9 19 0.499998
9 20 0.658353
9 21 0.815314
9 22 0.503589
9 23 0.704840
9 24 0.618988
9 25 0.594320
10 1 0.507115
10 2 0.592678
10 3 0.495271
10 4 0.504234
10 5 0.505803
10 6 0.541966
10 7 0.508972
10 8 0.502273
10 9 0.488542
10 10 0.508510
10 11 0.516156
10 12 0.521275
10 13 0.510128
10 14 0.532246
10 15 0.500547
10 16 0.543717
10 17 0.489725
10 18 0.492724
10 19 0.500000
10 20 0.512584
10 21 0.581548
10 22 0.504234
10 23 0.507156
10 24 0.502743
10 25 0.510031
10 26 0.523780
11 1 0.630534
11 2 0.951879
11 3 0.740641
11 4 0.521213
11 5 0.628164
11 6 0.669835
11 7 0.582554
11 8 0.615720
11 9 0.652074
11 10 0.516156
11 11 0.715826
11 12 0.631958
11 13 0.567480
11 14 0.770149
11 15 0.769159
11 16 0.846421
11 17 0.701318
11 18 0.784143
11 19 0.500001
11 20 0.725946
11 21 0.937986
11 22 0.521213
11 23 0.641207
11 24 0.632485
11 25 0.636941
12 1 0.569750
12 2 0.899644
12 3 0.602161
12 4 0.522015
12 5 0.569376
12 6 0.745626
12 7 0.548658
12 8 0.558499
12 9 0.571773
12 10 0.521275
12 11 0.631958
12 12 0.639450
12 13 0.555223
12 14 0.692540
12 15 0.709946
12 16 0.701646
12 17 0.570502
12 18 0.682457
12 19 0.500001
12 20 0.638434
12 21 0.875021
12 22 0.522015
12 23 0.572416
12 24 0.562641
12 25 0.576477
12 26 0.676142
13 1 0.532140
13 2 0.657898
13 3 0.553369
13 4 0.533295
13 5 0.537373
13 6 0.704326
13 7 0.529964
13 8 0.524038
13 9 0.529279
13 10 0.510128
13 11 0.567480
13 12 0.555223
13 13 0.547445
13 14 0.617986
13 15 0.596025
13 16 0.600449
13 17 0.533212
13 18 0.611550
13 19 0.500001
13 20 0.600064
13 21 0.623465
13 22 0.533295
13 23 0.490019
13 24 0.532121
13 25 0.536293
14 1 0.660285
14 2 0.972372
14 3 0.769431
14 4 0.561112
14 5 0.667722
14 6 0.927015
14 7 0.621432
14 8 0.626750
14 9 0.656059
14 10 0.532246
14 11 0.770149
14 12 0.692540
14 13 0.617986
14 14 0.882480
14 15 0.829753
14 16 0.890719
14 17 0.707563
14 18 0.880695
14 19 0.500002
14 20 0.797358
14 21 0.954695
14 22 0.561112
14 23 0.622379
14 24 0.654918
14 25 0.671194
15 1 0.669184
15 2 0.947323
15 3 0.845766
15 4 0.515921
15 5 0.686527
15 6 0.813020
15 7 0.591888
15 8 0.645833
15 9 0.805805
15 10 0.500547
15 11 0.769159
15 12 0.709946
15 13 0.596025
15 14 0.829753
15 15 0.964903
15 16 0.793150
15 17 0.815261
15 18 0.941279
15 19 0.500001
15 20 0.788029
15 21 0.971888
15 22 0.515921
15 23 0.717653
15 24 0.690125
15 25 0.665207
15 26 0.843190
16 1 0.728227
16 2 0.999380
16 3 0.844779
16 4 0.512944
16 5 0.701607
16 6 0.495194
16 7 0.663235
16 8 0.723065
16 9 0.723488
16 10 0.543717
16 11 0.846421
16 12 0.701646
16 13 0.600449
16 14 0.890719
16 15 0.793150
16 16 0.987618
16 17 0.795122
16 18 0.840107
16 19 0.500001
16 20 0.866201
16 21 0.996435
16 22 0.512944
16 23 0.720646
16 24 0.720893
16 25 0.745956
16 26 0.913390
17 1 0.642320
17 2 0.934844
17 4 0.473205
17 5 0.643796
17 6 0.385630
17 7 0.552672
17 8 0.630838
17 9 0.730487
17 10 0.489725
17 11 0.701318
17 12 0.570502
17 13 0.533212
17 14 0.707563
17 15 0.815261
17 16 0.795122
17 17 0.802460
17 18 0.877172
17 19 0.499999
17 20 0.718732
17 21 0.939270
17 22 0.473205
17 23 0.748686
17 24 0.661099
17 25 0.638439
17 26 0.776633
18 1 0.690987
18 2 0.998158
18 3 0.895522
18 4 0.542809
18 5 0.720735
18 6 0.940143
18 7 0.600041
18 8 0.678820
18 9 0.834203
18 10 0.492724
18 11 0.784143
18 12 0.682457
18 13 0.611550
18 14 0.880695
18 15 0.941279
18 16 0.840107
18 17 0.877172
18 18 0.998025
18 19 0.500006
18 20 0.908371
18 21 0.985077
18 22 0.542809
18 23 0.826449
18 24 0.707308
18 25 0.692985
19 1 0.500000
19 2 0.500010
19 3 0.499999
19 4 0.500002
19 5 0.500000
19 6 0.500010
19 7 0.500000
19 8 0.499999
19 9 0.499998
19 10 0.500000
19 11 0.500001
19 12 0.500001
19 13 0.500001
19 14 0.500002
19 15 0.500001
19 16 0.500001
19 17 0.499999
19 18 0.500006
19 19 0.500000
19 20 0.500005
19 21 0.500008
19 22 0.500002
19 23 0.499995
19 24 0.500000
19 25 0.500000
19 26 0.500002
20 1 0.630187
20 2 0.985088
20 3 0.754131
20 4 0.553704
20 5 0.642180
20 6 0.764199
20 7 0.591878
20 8 0.601142
20 9 0.658353
20 10 0.512584
20 11 0.725946
20 12 0.638434
20 13 0.600064
20 14 0.797358
20 15 0.788029
20 16 0.866201
20 17 0.718732
20 18 0.908371
20 19 0.500005
20 20 0.880986
20 21 0.947455
20 22 0.553704
20 23 0.523314
20 24 0.638897
20 25 0.641144
20 26 0.806447
21 1 0.849294
21 2 0.999999
21 3 0.957248
21 4 0.417764
21 5 0.826228
21 6 0.278377
21 7 0.677520
21 8 0.780208
21 9 0.815314
21 10 0.581548
21 11 0.937986
21 12 0.875021
21 13 0.623465
21 14 0.954695
21 15 0.971888
21 16 0.996435
21 17 0.939270
21 18 0.985077
21 19 0.500008
21 20 0.947455
21 21 1.000000
21 22 0.417764
21 23 0.947618
21 24 0.838858
21 25 0.862980
21 26 0.985772
22 1 0.498389
22 2 0.452518
22 3 0.485628
22 5 0.504495
22 6 0.751718
22 7 0.520348
22 8 0.500116
22 9 0.503589
22 10 0.504234
22 11 0.521213
22 12 0.522015
22 13 0.533295
22 14 0.561112
22 15 0.515921
22 16 0.512944
22 17 0.473205
22 18 0.542809
22 19 0.500002
22 20 0.553704
22 21 0.417764
22 22 0.555351
22 23 0.428549
22 24 0.499202
22 25 0.502152
22 26 0.512689
23 1 0.609096
23 2 0.924323
23 3 0.756184
23 4 0.428549
23 5 0.599974
23 6 0.249866
23 7 0.528026
23 8 0.601091
23 9 0.704840
23 10 0.507156
23 11 0.641207
23 12 0.572416
23 13 0.490019
23 14 0.622379
23 15 0.717653
23 16 0.720646
23 17 0.748686
23 18 0.826449
23 19 0.499995
23 20 0.523314
23 21 0.947618
23 22 0.428549
23 23 0.890855
23 24 0.614002
23 25 0.606374
23 26 0.713184
24 1 0.585615
24 2 0.854366
24 3 0.682850
24 4 0.499202
24 5 0.584712
24 6 0.528098
24 7 0.540625
24 8 0.579719
24 9 0.618988
24 10 0.502743
24 11 0.632485
24 12 0.562641
24 13 0.532121
24 14 0.654918
24 15 0.690125
24 16 0.720893
24 17 0.661099
24 18 0.707308
24 19 0.500000
24 20 0.638897
24 21 0.838858
24 22 0.499202
24 23 0.614002
24 24 0.592561
24 25 0.586208
25 1 0.585352
25 2 0.888908
25 3 0.663724
25 4 0.502152
25 5 0.582429
25 6 0.559125
25 7 0.546543
25 8 0.576527
25 9 0.594320
25 10 0.510031
25 11 0.636941
25 12 0.576477
25 13 0.536293
25 14 0.671194
25 15 0.665207
25 16 0.745956
25 17 0.638439
25 18 0.692985
25 19 0.500000
25 20 0.641144
25 21 0.862980
25 22 0.502152
25 23 0.606374
25 24 0.586208
25 25 0.589335
26 2 0.992486
26 6 0.710110
26 7 0.604847
26 8 0.657473
26 10 0.523780
26 12 0.676142
26 15 0.843190
26 16 0.913390
26 17 0.776633
26 19 0.500002
26 20 0.806447
26 21 0.985772
26 22 0.512689
26 23 0.713184
26 26 0.860045
