1 26 0.572257
3 17 0.658092
3 26 0.635580
4 22 0.545047
4 26 0.585282
5 26 0.621201
9 26 0.575106
11 26 0.647107
13 26 0.595434
14 26 0.862053
17 3 0.658092
18 26 0.791431
22 4 0.545047
24 26 0.521320
25 26 0.596351
26 1 0.572257
26 3 0.635580
26 4 0.585282
26 5 0.621201
26 9 0.575106
26 11 0.647107
26 13 0.595434
26 14 0.862053
26 18 0.791431
26 24 0.521320
26 25 0.596351
1 1 0.528833
1 2 0.699799
1 3 0.553529
1 4 0.532613
1 5 0.547160
1 6 0.738634
1 7 0.517116
1 8 0.534480
1 9 0.530109
1 10 0.519315
1 11 0.558772
1 12 0.555253
1 13 0.537946
1 14 0.667682
1 15 0.577005
1 16 0.583892
1 17 0.547985
1 18 0.628172
1 19 0.500002
1 20 0.615649
1 21 0.719463
1 22 0.522306
1 23 0.598880
1 24 0.508338
1 25 0.538631
2 1 0.699799
2 2 0.999999
2 3 0.706828
2 4 0.743765
2 5 0.894049
2 6 0.999997
2 7 0.683041
2 8 0.872313
2 9 0.645220
2 10 0.754935
2 11 0.857777
2 12 0.893295
2 13 0.755012
2 14 0.999583
2 15 0.936182
2 16 0.993650
2 17 0.666647
2 18 0.998350
2 19 0.500010
2 20 0.998458
2 21 0.998504
2 22 0.715119
2 23 0.991642
2 24 0.591724
2 25 0.787558
2 26 0.897055
3 1 0.553529
3 2 0.706828
3 3 0.661106
3 4 0.562981
3 5 0.587882
3 6 0.912716
3 7 0.535909
3 8 0.571705
3 9 0.570914
3 10 0.532463
3 11 0.601455
3 12 0.596156
3 13 0.571860
3 14 0.900161
3 15 0.726362
3 16 0.674905
3 18 0.715313
3 19 0.500005
3 20 0.718707
3 21 0.853355
3 22 0.536581
3 23 0.666766
3 24 0.520719
3 25 0.607928
4 1 0.532613
4 2 0.743765
4 3 0.562981
4 4 0.551820
4 5 0.546609
4 6 0.826624
4 7 0.518467
4 8 0.549289
4 9 0.532091
4 10 0.532216
4 11 0.561488
4 12 0.564362
4 13 0.543969
4 14 0.735331
4 15 0.613045
4 16 0.621858
4 17 0.558750
4 18 0.629541
4 19 0.500002
4 20 0.659961
4 21 0.699420
4 23 0.575763
4 24 0.514443
4 25 0.535540
5 1 0.547160
5 2 0.894049
5 3 0.587882
5 4 0.546609
5 5 0.651743
5 6 0.912409
5 7 0.537412
5 8 0.572412
5 9 0.549291
5 10 0.536861
5 11 0.606664
5 12 0.599475
5 13 0.557760
5 14 0.799883
5 15 0.685536
5 16 0.718943
5 17 0.579803
5 18 0.770070
5 19 0.500003
5 20 0.686825
5 21 0.849331
5 22 0.528946
5 23 0.728127
5 24 0.517937
5 25 0.565854
6 1 0.738634
6 2 0.999997
6 3 0.912716
6 4 0.826624
6 5 0.912409
6 6 1.000000
6 7 0.764426
6 8 0.909771
6 9 0.707856
6 10 0.725209
6 11 0.917581
6 12 0.906607
6 13 0.777157
6 14 1.000000
6 15 0.986286
6 16 0.999929
6 17 0.903044
6 18 0.999985
6 19 0.500024
6 20 0.999887
6 21 0.994233
6 22 0.780681
6 23 0.802239
6 24 0.752829
6 25 0.951340
6 26 0.937255
7 1 0.517116
7 2 0.683041
7 3 0.535909
7 4 0.518467
7 5 0.537412
7 6 0.764426
7 7 0.518808
7 8 0.533495
7 9 0.516333
7 10 0.512909
7 11 0.536079
7 12 0.542226
7 13 0.523148
7 14 0.696241
7 15 0.557407
7 16 0.596772
7 17 0.533161
7 18 0.639577
7 19 0.500001
7 20 0.619348
7 21 0.643482
7 22 0.511779
7 23 0.561112
7 24 0.511099
7 25 0.538157
7 26 0.542558
8 1 0.534480
8 2 0.872313
8 3 0.571705
8 4 0.549289
8 5 0.572412
8 6 0.909771
8 7 0.533495
8 8 0.592453
8 9 0.531580
8 10 0.546994
8 11 0.564344
8 12 0.590266
8 13 0.548228
8 14 0.847067
8 15 0.652739
8 16 0.712914
8 17 0.568383
8 18 0.728978
8 19 0.500002
8 20 0.765215
8 21 0.722858
8 22 0.540856
8 23 0.658866
8 24 0.523353
8 25 0.565227
8 26 0.588748
9 1 0.530109
9 2 0.645220
9 3 0.570914
9 4 0.532091
9 5 0.549291
9 6 0.707856
9 7 0.516333
9 8 0.531580
9 9 0.537314
9 10 0.516636
9 11 0.556980
9 12 0.547432
9 13 0.539264
9 14 0.686730
9 15 0.605017
9 16 0.562782
9 17 0.566652
9 18 0.601885
9 19 0.500002
9 20 0.594281
9 21 0.725572
9 22 0.518958
9 23 0.600282
9 24 0.506626
9 25 0.544122
10 1 0.519315
10 2 0.754935
10 3 0.532463
10 4 0.532216
10 5 0.536861
10 6 0.725209
10 7 0.512909
10 8 0.546994
10 9 0.516636
10 10 0.537359
10 11 0.533957
10 12 0.530399
10 13 0.524986
10 14 0.695526
10 15 0.590116
10 16 0.597957
10 17 0.531392
10 18 0.584975
10 19 0.500002
10 20 0.645844
10 21 0.620907
10 22 0.531090
10 23 0.608901
10 24 0.504364
10 25 0.526816
10 26 0.552543
11 1 0.558772
11 2 0.857777
11 3 0.601455
11 4 0.561488
11 5 0.606664
11 6 0.917581
11 7 0.536079
11 8 0.564344
11 9 0.556980
11 10 0.533957
11 11 0.636232
11 12 0.638412
11 13 0.578461
11 14 0.787312
11 15 0.612928
11 16 0.705530
11 17 0.587593
11 18 0.800824
11 19 0.500003
11 20 0.736083
11 21 0.898150
11 22 0.538116
11 23 0.712736
11 24 0.520177
11 25 0.589170
12 1 0.555253
12 2 0.893295
12 3 0.596156
12 4 0.564362
12 5 0.599475
12 6 0.906607
12 7 0.542226
12 8 0.590266
12 9 0.547432
12 10 0.530399
12 11 0.638412
12 12 0.734259
12 13 0.592961
12 14 0.831772
12 15 0.592912
12 16 0.757789
12 17 0.579408
12 18 0.851938
12 19 0.500003
12 20 0.821064
12 21 0.905750
12 22 0.540016
12 23 0.702994
12 24 0.538111
12 25 0.604642
12 26 0.643076
13 1 0.537946
13 2 0.755012
13 3 0.571860
13 4 0.543969
13 5 0.557760
13 6 0.777157
13 7 0.523148
13 8 0.548228
13 9 0.539264
13 10 0.524986
13 11 0.578461
13 12 0.592961
13 13 0.554808
13 14 0.729432
13 15 0.591664
13 16 0.612921
13 17 0.563706
13 18 0.674075
13 19 0.500002
13 20 0.668605
13 21 0.782710
13 22 0.529387
13 23 0.633469
13 24 0.513512
13 25 0.558498
14 1 0.667682
14 2 0.999583
14 3 0.900161
14 4 0.735331
14 5 0.799883
14 6 1.000000
14 7 0.696241
14 8 0.847067
14 9 0.686730
14 10 0.695526
14 11 0.787312
14 12 0.831772
14 13 0.729432
14 14 0.999999
14 15 0.983019
14 16 0.993184
14 17 0.899981
14 18 0.997633
14 19 0.500017
14 20 0.998762
14 21 0.989072
14 22 0.680327
14 23 0.891965
14 24 0.631682
14 25 0.920605
15 1 0.577005
15 2 0.936182
15 3 0.726362
15 4 0.613045
15 5 0.685536
15 6 0.986286
15 7 0.557407
15 8 0.652739
15 9 0.605017
15 10 0.590116
15 11 0.612928
15 12 0.592912
15 13 0.591664
15 14 0.983019
15 15 0.935223
15 16 0.770241
15 17 0.732664
15 18 0.698297
15 19 0.500006
15 20 0.828184
15 21 0.853584
15 22 0.592926
15 23 0.754363
15 24 0.518980
15 25 0.618850
15 26 0.700019
16 1 0.583892
16 2 0.993650
16 3 0.674905
16 4 0.621858
16 5 0.718943
16 6 0.999929
16 7 0.596772
16 8 0.712914
16 9 0.562782
16 10 0.597957
16 11 0.705530
16 12 0.757789
16 13 0.612921
16 14 0.993184
16 15 0.770241
16 16 0.971656
16 17 0.663096
16 18 0.979663
16 19 0.500009
16 20 0.967725
16 21 0.931825
16 22 0.596703
16 23 0.792886
16 24 0.592684
16 25 0.710483
16 26 0.713943
17 1 0.547985
17 2 0.666647
17 4 0.558750
17 5 0.579803
17 6 0.903044
17 7 0.533161
17 8 0.568383
17 9 0.566652
17 10 0.531392
17 11 0.587593
17 12 0.579408
17 13 0.563706
17 14 0.899981
17 15 0.732664
17 16 0.663096
17 17 0.657492
17 18 0.685968
17 19 0.500005
17 20 0.702494
17 21 0.823079
17 22 0.534774
17 23 0.647371
17 24 0.518834
17 25 0.601310
17 26 0.623226
18 1 0.628172
18 2 0.998350
18 3 0.715313
18 4 0.629541
18 5 0.770070
18 6 0.999985
18 7 0.639577
18 8 0.728978
18 9 0.601885
18 10 0.584975
18 11 0.800824
18 12 0.851938
18 13 0.674075
18 14 0.997633
18 15 0.698297
18 16 0.979663
18 17 0.685968
18 18 0.997838
18 19 0.500008
18 20 0.985688
18 21 0.993715
18 22 0.575019
18 23 0.871531
18 24 0.609925
18 25 0.796427
19 1 0.500002
19 2 0.500010
19 3 0.500005
19 4 0.500002
19 5 0.500003
19 6 0.500024
19 7 0.500001
19 8 0.500002
19 9 0.500002
19 10 0.500002
19 11 0.500003
19 12 0.500003
19 13 0.500002
19 14 0.500017
19 15 0.500006
19 16 0.500009
19 17 0.500005
19 18 0.500008
19 19 0.500000
19 20 0.500008
19 21 0.500011
19 22 0.500001
19 23 0.500008
19 24 0.500001
19 25 0.500004
19 26 0.500004
20 1 0.615649
20 2 0.998458
20 3 0.718707
20 4 0.659961
20 5 0.686825
20 6 0.999887
20 7 0.619348
20 8 0.765215
20 9 0.594281
20 10 0.645844
20 11 0.736083
20 12 0.821064
20 13 0.668605
20 14 0.998762
20 15 0.828184
20 16 0.967725
20 17 0.702494
20 18 0.985688
20 19 0.500008
20 20 0.993481
20 21 0.978046
20 22 0.627727
20 23 0.872498
20 24 0.583827
20 25 0.779382
20 26 0.773513
21 1 0.719463
21 2 0.998504
21 3 0.853355
21 4 0.699420
21 5 0.849331
21 6 0.994233
21 7 0.643482
21 8 0.722858
21 9 0.725572
21 10 0.620907
21 11 0.898150
21 12 0.905750
21 13 0.782710
21 14 0.989072
21 15 0.853584
21 16 0.931825
21 17 0.823079
21 18 0.993715
21 19 0.500011
21 20 0.978046
21 21 0.999963
21 22 0.602219
21 23 0.985833
21 24 0.546941
21 25 0.791547
21 26 0.916114
22 1 0.522306
22 2 0.715119
22 3 0.536581
22 5 0.528946
22 6 0.780681
22 7 0.511779
22 8 0.540856
22 9 0.518958
22 10 0.531090
22 11 0.538116
22 12 0.540016
22 13 0.529387
22 14 0.680327
22 15 0.592926
22 16 0.596703
22 17 0.534774
22 18 0.575019
22 19 0.500001
22 20 0.627727
22 21 0.602219
22 22 0.545145
22 23 0.532970
22 24 0.511145
22 25 0.512034
22 26 0.560686
23 1 0.598880
23 2 0.991642
23 3 0.666766
23 4 0.575763
23 5 0.728127
23 6 0.802239
23 7 0.561112
23 8 0.658866
23 9 0.600282
23 10 0.608901
23 11 0.712736
23 12 0.702994
23 13 0.633469
23 14 0.891965
23 15 0.754363
23 16 0.792886
23 17 0.647371
23 18 0.871531
23 19 0.500008
23 20 0.872498
23 21 0.985833
23 22 0.532970
23 23 0.976922
23 24 0.494297
23 25 0.668219
23 26 0.738188
24 1 0.508338
24 2 0.591724
24 3 0.520719
24 4 0.514443
24 5 0.517937
24 6 0.752829
24 7 0.511099
24 8 0.523353
24 9 0.506626
24 10 0.504364
24 11 0.520177
24 12 0.538111
24 13 0.513512
24 14 0.631682
24 15 0.518980
24 16 0.592684
24 17 0.518834
24 18 0.609925
24 19 0.500001
24 20 0.583827
24 21 0.546941
24 22 0.511145
24 23 0.494297
24 24 0.516381
24 25 0.521958
25 1 0.538631
25 2 0.787558
25 3 0.607928
25 4 0.535540
25 5 0.565854
25 6 0.951340
25 7 0.538157
25 8 0.565227
25 9 0.544122
25 10 0.526816
25 11 0.589170
25 12 0.604642
25 13 0.558498
25 14 0.920605
25 15 0.618850
25 16 0.710483
25 17 0.601310
25 18 0.796427
25 19 0.500004
25 20 0.779382
25 21 0.791547
25 22 0.512034
25 23 0.668219
25 24 0.521958
25 25 0.650772
26 2 0.897055
26 6 0.937255
26 7 0.542558
26 8 0.588748
26 10 0.552543
26 12 0.643076
26 15 0.700019
26 16 0.713943
26 17 0.623226
26 19 0.500004
26 20 0.773513
26 21 0.916114
26 22 0.560686
26 23 0.738188
26 26 0.678831
