1 26 0.878011
3 17 0.801003
3 26 0.963324
4 22 0.551437
4 26 0.834286
5 26 0.876504
9 26 0.888990
11 26 0.940612
13 26 0.905175
14 26 0.986830
17 3 0.801003
18 26 0.974405
22 4 0.551437
24 26 0.885286
25 26 0.714729
26 1 0.878011
26 3 0.963324
26 4 0.834286
26 5 0.876504
26 9 0.888990
26 11 0.940612
26 13 0.905175
26 14 0.986830
26 18 0.974405
26 24 0.885286
26 25 0.714729
1 1 0.668603
1 2 0.978376
1 3 0.754927
1 4 0.640692
1 5 0.666815
1 6 0.978214
1 7 0.522485
1 8 0.645113
1 9 0.670011
1 10 0.512240
1 11 0.730671
1 12 0.613682
1 13 0.690323
1 14 0.816807
1 15 0.829716
1 16 0.773976
1 17 0.704913
1 18 0.783033
1 19 0.500005
1 20 0.773625
1 21 0.937990
1 22 0.551044
1 23 0.819109
1 24 0.671038
1 25 0.577382
2 1 0.978376
2 2 1.000000
2 3 0.997121
2 4 0.947786
2 5 0.976530
2 6 1.000000
2 7 0.672503
2 8 0.975958
2 9 0.996817
2 10 0.527126
2 11 0.993398
2 12 0.961147
2 13 0.987172
2 14 0.999661
2 15 0.999975
2 16 0.999529
2 17 0.996499
2 18 0.998917
2 19 0.500023
2 20 0.999592
2 21 1.000000
2 22 0.735079
2 23 0.999735
2 24 0.982470
2 25 0.829816
2 26 0.999983
3 1 0.754927
3 2 0.997121
3 3 0.886118
3 4 0.718534
3 5 0.758392
3 6 0.998629
3 7 0.534933
3 8 0.736413
3 9 0.755473
3 10 0.508960
3 11 0.825379
3 12 0.653897
3 13 0.780934
3 14 0.923019
3 15 0.897336
3 16 0.895441
3 18 0.891262
3 19 0.500009
3 20 0.881275
3 21 0.987769
3 22 0.579467
3 23 0.970357
3 24 0.764105
3 25 0.630850
4 1 0.640692
4 2 0.947786
4 3 0.718534
4 4 0.626737
4 5 0.639926
4 6 0.956412
4 7 0.518321
4 8 0.624376
4 9 0.615125
4 10 0.518516
4 11 0.704865
4 12 0.592600
4 13 0.658376
4 14 0.775177
4 15 0.772710
4 16 0.721117
4 17 0.670184
4 18 0.744418
4 19 0.500004
4 20 0.736842
4 21 0.881996
4 23 0.812398
4 24 0.639996
4 25 0.567797
5 1 0.666815
5 2 0.976530
5 3 0.758392
5 4 0.639926
5 5 0.669221
5 6 0.979811
5 7 0.523928
5 8 0.652740
5 9 0.676234
5 10 0.513875
5 11 0.728247
5 12 0.612454
5 13 0.686984
5 14 0.813548
5 15 0.822365
5 16 0.783277
5 17 0.705942
5 18 0.778967
5 19 0.500006
5 20 0.759462
5 21 0.941058
5 22 0.551226
5 23 0.844297
5 24 0.668569
5 25 0.572292
6 1 0.978214
6 2 1.000000
6 3 0.998629
6 4 0.956412
6 5 0.979811
6 6 1.000000
6 7 0.658234
6 8 0.969765
6 9 0.997498
6 10 0.482168
6 11 0.990272
6 12 0.902186
6 13 0.986772
6 14 0.999910
6 15 0.999835
6 16 0.999235
6 17 0.996604
6 18 0.998416
6 19 0.500025
6 20 0.997669
6 21 1.000000
6 22 0.759439
6 23 0.999943
6 24 0.985183
6 25 0.754234
6 26 0.999988
7 1 0.522485
7 2 0.672503
7 3 0.534933
7 4 0.518321
7 5 0.523928
7 6 0.658234
7 7 0.510545
7 8 0.528387
7 9 0.544058
7 10 0.502262
7 11 0.527171
7 12 0.519386
7 13 0.523586
7 14 0.547808
7 15 0.566682
7 16 0.544640
7 17 0.532871
7 18 0.538049
7 19 0.500001
7 20 0.549628
7 21 0.622895
7 22 0.507590
7 23 0.557125
7 24 0.523819
7 25 0.508958
7 26 0.563345
8 1 0.645113
8 2 0.975958
8 3 0.736413
8 4 0.624376
8 5 0.652740
8 6 0.969765
8 7 0.528387
8 8 0.706122
8 9 0.689638
8 10 0.525763
8 11 0.691055
8 12 0.609052
8 13 0.656549
8 14 0.768304
8 15 0.800344
8 16 0.803052
8 17 0.715561
8 18 0.753771
8 19 0.500006
8 20 0.766335
8 21 0.922143
8 22 0.547181
8 23 0.910744
8 24 0.646448
8 25 0.556472
8 26 0.839751
9 1 0.670011
9 2 0.996817
9 3 0.755473
9 4 0.615125
9 5 0.676234
9 6 0.997498
9 7 0.544058
9 8 0.689638
9 9 0.846969
9 10 0.485832
9 11 0.676647
9 12 0.647391
9 13 0.688345
9 14 0.828553
9 15 0.912363
9 16 0.866866
9 17 0.773596
9 18 0.760605
9 19 0.500005
9 20 0.749584
9 21 0.984146
9 22 0.533610
9 23 0.844028
9 24 0.686023
9 25 0.531819
10 1 0.512240
10 2 0.527126
10 3 0.508960
10 4 0.518516
10 5 0.513875
10 6 0.482168
10 7 0.502262
10 8 0.525763
10 9 0.485832
10 10 0.526004
10 11 0.538317
10 12 0.514653
10 13 0.510781
10 14 0.511293
10 15 0.519473
10 16 0.520062
10 17 0.523744
10 18 0.528773
10 19 0.500001
10 20 0.516227
10 21 0.530224
10 22 0.511726
10 23 0.549920
10 24 0.502364
10 25 0.511767
10 26 0.523996
11 1 0.730671
11 2 0.993398
11 3 0.825379
11 4 0.704865
11 5 0.728247
11 6 0.990272
11 7 0.527171
11 8 0.691055
11 9 0.676647
11 10 0.538317
11 11 0.829006
11 12 0.667699
11 13 0.757845
11 14 0.881673
11 15 0.901479
11 16 0.836173
11 17 0.768607
11 18 0.863782
11 19 0.500008
11 20 0.843555
11 21 0.977784
11 22 0.583881
11 23 0.898787
11 24 0.723766
11 25 0.619229
12 1 0.613682
12 2 0.961147
12 3 0.653897
12 4 0.592600
12 5 0.612454
12 6 0.902186
12 7 0.519386
12 8 0.609052
12 9 0.647391
12 10 0.514653
12 11 0.667699
12 12 0.638751
12 13 0.629490
12 14 0.711438
12 15 0.821788
12 16 0.756469
12 17 0.666832
12 18 0.696540
12 19 0.500003
12 20 0.719966
12 21 0.930427
12 22 0.537393
12 23 0.731512
12 24 0.610891
12 25 0.553365
12 26 0.785607
13 1 0.690323
13 2 0.987172
13 3 0.780934
13 4 0.658376
13 5 0.686984
13 6 0.986772
13 7 0.523586
13 8 0.656549
13 9 0.688345
13 10 0.510781
13 11 0.757845
13 12 0.629490
13 13 0.715577
13 14 0.846684
13 15 0.860319
13 16 0.798330
13 17 0.727283
13 18 0.810423
13 19 0.500005
13 20 0.803092
13 21 0.956405
13 22 0.557684
13 23 0.830710
13 24 0.693726
13 25 0.586608
14 1 0.816807
14 2 0.999661
14 3 0.923019
14 4 0.775177
14 5 0.813548
14 6 0.999910
14 7 0.547808
14 8 0.768304
14 9 0.828553
14 10 0.511293
14 11 0.881673
14 12 0.711438
14 13 0.846684
14 14 0.970204
14 15 0.958215
14 16 0.926298
14 17 0.865260
14 18 0.939742
14 19 0.500009
14 20 0.935043
14 21 0.995548
14 22 0.606567
14 23 0.961031
14 24 0.828405
14 25 0.665430
15 1 0.829716
15 2 0.999975
15 3 0.897336
15 4 0.772710
15 5 0.822365
15 6 0.999835
15 7 0.566682
15 8 0.800344
15 9 0.912363
15 10 0.519473
15 11 0.901479
15 12 0.821788
15 13 0.860319
15 14 0.958215
15 15 0.995535
15 16 0.969091
15 17 0.905591
15 18 0.935902
15 19 0.500007
15 20 0.928383
15 21 0.999588
15 22 0.607126
15 23 0.927323
15 24 0.828111
15 25 0.626266
15 26 0.986292
16 1 0.773976
16 2 0.999529
16 3 0.895441
16 4 0.721117
16 5 0.783277
16 6 0.999235
16 7 0.544640
16 8 0.803052
16 9 0.866866
16 10 0.520062
16 11 0.836173
16 12 0.756469
16 13 0.798330
16 14 0.926298
16 15 0.969091
16 16 0.980204
16 17 0.864405
16 18 0.895611
16 19 0.500011
16 20 0.896845
16 21 0.998757
16 22 0.575974
16 23 0.987624
16 24 0.776621
16 25 0.609568
16 26 0.970475
17 1 0.704913
17 2 0.996499
17 4 0.670184
17 5 0.705942
17 6 0.996604
17 7 0.532871
17 8 0.715561
17 9 0.773596
17 10 0.523744
17 11 0.768607
17 12 0.666832
17 13 0.727283
17 14 0.865260
17 15 0.905591
17 16 0.864405
17 17 0.798426
17 18 0.827707
17 19 0.500007
17 20 0.823498
17 21 0.980433
17 22 0.566577
17 23 0.916420
17 24 0.710158
17 25 0.581902
17 26 0.924593
18 1 0.783033
18 2 0.998917
18 3 0.891262
18 4 0.744418
18 5 0.778967
18 6 0.998416
18 7 0.538049
18 8 0.753771
18 9 0.760605
18 10 0.528773
18 11 0.863782
18 12 0.696540
18 13 0.810423
18 14 0.939742
18 15 0.935902
18 16 0.895611
18 17 0.827707
18 18 0.927699
18 19 0.500009
18 20 0.918617
18 21 0.991553
18 22 0.589935
18 23 0.959055
18 24 0.784679
18 25 0.673266
19 1 0.500005
19 2 0.500023
19 3 0.500009
19 4 0.500004
19 5 0.500006
19 6 0.500025
19 7 0.500001
19 8 0.500006
19 9 0.500005
19 10 0.500001
19 11 0.500008
19 12 0.500003
19 13 0.500005
19 14 0.500009
19 15 0.500007
19 16 0.500011
19 17 0.500007
19 18 0.500009
19 19 0.500000
19 20 0.500006
19 21 0.500021
19 22 0.500002
19 23 0.500023
19 24 0.500005
19 25 0.500002
19 26 0.500014
20 1 0.773625
20 2 0.999592
20 3 0.881275
20 4 0.736842
20 5 0.759462
20 6 0.997669
20 7 0.549628
20 8 0.766335
20 9 0.749584
20 10 0.516227
20 11 0.843555
20 12 0.719966
20 13 0.803092
20 14 0.935043
20 15 0.928383
20 16 0.896845
20 17 0.823498
20 18 0.918617
20 19 0.500006
20 20 0.971314
20 21 0.994079
20 22 0.595452
20 23 0.962743
20 24 0.787732
20 25 0.686797
20 26 0.972710
21 1 0.937990
21 2 1.000000
21 3 0.987769
21 4 0.881996
21 5 0.941058
21 6 1.000000
21 7 0.622895
21 8 0.922143
21 9 0.984146
21 10 0.530224
21 11 0.977784
21 12 0.930427
21 13 0.956405
21 14 0.995548
21 15 0.999588
21 16 0.998757
21 17 0.980433
21 18 0.991553
21 19 0.500021
21 20 0.994079
21 21 1.000000
21 22 0.664499
21 23 0.999058
21 24 0.940597
21 25 0.760537
21 26 0.999639
22 1 0.551044
22 2 0.735079
22 3 0.579467
22 5 0.551226
22 6 0.759439
22 7 0.507590
22 8 0.547181
22 9 0.533610
22 10 0.511726
22 11 0.583881
22 12 0.537393
22 13 0.557684
22 14 0.606567
22 15 0.607126
22 16 0.575974
22 17 0.566577
22 18 0.589935
22 19 0.500002
22 20 0.595452
22 21 0.664499
22 22 0.525159
22 23 0.645222
22 24 0.549359
22 25 0.523008
22 26 0.639310
23 1 0.819109
23 2 0.999735
23 3 0.970357
23 4 0.812398
23 5 0.844297
23 6 0.999943
23 7 0.557125
23 8 0.910744
23 9 0.844028
23 10 0.549920
23 11 0.898787
23 12 0.731512
23 13 0.830710
23 14 0.961031
23 15 0.927323
23 16 0.987624
23 17 0.916420
23 18 0.959055
23 19 0.500023
23 20 0.962743
23 21 0.999058
23 22 0.645222
23 23 0.999986
23 24 0.825572
23 25 0.708743
23 26 0.989996
24 1 0.671038
24 2 0.982470
24 3 0.764105
24 4 0.639996
24 5 0.668569
24 6 0.985183
24 7 0.523819
24 8 0.646448
24 9 0.686023
24 10 0.502364
24 11 0.723766
24 12 0.610891
24 13 0.693726
24 14 0.828405
24 15 0.828111
24 16 0.776621
24 17 0.710158
24 18 0.784679
24 19 0.500005
24 20 0.787732
24 21 0.940597
24 22 0.549359
24 23 0.825572
24 24 0.679494
24 25 0.577052
25 1 0.577382
25 2 0.829816
25 3 0.630850
25 4 0.567797
25 5 0.572292
25 6 0.754234
25 7 0.508958
25 8 0.556472
25 9 0.531819
25 10 0.511767
25 11 0.619229
25 12 0.553365
25 13 0.586608
25 14 0.665430
25 15 0.626266
25 16 0.609568
25 17 0.581902
25 18 0.673266
25 19 0.500002
25 20 0.686797
25 21 0.760537
25 22 0.523008
25 23 0.708743
25 24 0.577052
25 25 0.574932
26 2 0.999983
26 6 0.999988
26 7 0.563345
26 8 0.839751
26 10 0.523996
26 12 0.785607
26 15 0.986292
26 16 0.970475
26 17 0.924593
26 19 0.500014
26 20 0.972710
26 21 0.999639
26 22 0.639310
26 23 0.989996
26 26 0.996630
