1 26 0.711049
3 17 0.882942
3 26 0.871574
4 22 0.555323
4 26 0.699010
5 26 0.637951
9 26 0.728447
11 26 0.794780
13 26 0.735669
14 26 0.977597
17 3 0.882942
18 26 0.858510
22 4 0.555323
24 26 0.733724
25 26 0.596851
26 1 0.711049
26 3 0.871574
26 4 0.699010
26 5 0.637951
26 9 0.728447
26 11 0.794780
26 13 0.735669
26 14 0.977597
26 18 0.858510
26 24 0.733724
26 25 0.596851
1 1 0.590135
1 2 0.849426
1 3 0.683778
1 4 0.582211
1 5 0.554811
1 6 0.840822
1 7 0.530685
1 8 0.570495
1 9 0.598370
1 10 0.505268
1 11 0.631867
1 12 0.574528
1 13 0.602150
1 14 0.816542
1 15 0.687334
1 16 0.710736
1 17 0.683778
1 18 0.674366
1 19 0.500002
1 20 0.627386
1 21 0.907809
1 22 0.543644
1 23 0.771192
1 24 0.600085
1 25 0.540024
2 1 0.849426
2 2 1.000000
2 3 0.980916
2 4 0.896219
2 5 0.855371
2 6 1.000000
2 7 0.774882
2 8 0.913737
2 9 0.857850
2 10 0.542091
2 11 0.901766
2 12 0.623986
2 13 0.872155
2 14 1.000000
2 15 0.996245
2 16 0.998397
2 17 0.980916
2 18 0.905313
2 19 0.500027
2 20 0.964481
2 21 0.999681
2 22 0.865478
2 23 0.983926
2 24 0.825584
2 25 0.629932
2 26 0.986344
3 1 0.683778
3 2 0.980916
3 3 0.882942
3 4 0.672539
3 5 0.611651
3 6 0.988439
3 7 0.585102
3 8 0.659029
3 9 0.700429
3 10 0.521456
3 11 0.740809
3 12 0.657848
3 13 0.703846
3 14 0.984489
3 15 0.855581
3 16 0.873958
3 18 0.817453
3 19 0.500004
3 20 0.821230
3 21 0.994760
3 22 0.602537
3 23 0.955065
3 24 0.704478
3 25 0.555597
4 1 0.582211
4 2 0.896219
4 3 0.672539
4 4 0.585354
4 5 0.556637
4 6 0.891323
4 7 0.538779
4 8 0.573944
4 9 0.589272
4 10 0.507725
4 11 0.622520
4 12 0.572120
4 13 0.592833
4 14 0.874402
4 15 0.682487
4 16 0.702844
4 17 0.672539
4 18 0.651065
4 19 0.500002
4 20 0.622803
4 21 0.891049
4 23 0.751874
4 24 0.590658
4 25 0.533298
5 1 0.554811
5 2 0.855371
5 3 0.611651
5 4 0.556637
5 5 0.575038
5 6 0.854160
5 7 0.531136
5 8 0.549227
5 9 0.557162
5 10 0.503327
5 11 0.575441
5 12 0.588925
5 13 0.560833
5 14 0.850955
5 15 0.624889
5 16 0.691174
5 17 0.611651
5 18 0.600104
5 19 0.500003
5 20 0.604550
5 21 0.806778
5 22 0.539877
5 23 0.637725
5 24 0.557521
5 25 0.544777
6 1 0.840822
6 2 1.000000
6 3 0.988439
6 4 0.891323
6 5 0.854160
6 6 1.000000
6 7 0.810797
6 8 0.884454
6 9 0.854557
6 10 0.578238
6 11 0.905930
6 12 0.879388
6 13 0.862567
6 14 1.000000
6 15 0.994625
6 16 0.995328
6 17 0.988439
6 18 0.913410
6 19 0.500021
6 20 0.981302
6 21 0.999988
6 22 0.858426
6 23 0.995902
6 24 0.845776
6 25 0.648553
6 26 0.987228
7 1 0.530685
7 2 0.774882
7 3 0.585102
7 4 0.538779
7 5 0.531136
7 6 0.810797
7 7 0.528117
7 8 0.536454
7 9 0.534238
7 10 0.506746
7 11 0.543530
7 12 0.537921
7 13 0.533700
7 14 0.830385
7 15 0.593258
7 16 0.589999
7 17 0.585102
7 18 0.546979
7 19 0.500001
7 20 0.579809
7 21 0.712154
7 22 0.532456
7 23 0.617570
7 24 0.532959
7 25 0.512073
7 26 0.581554
8 1 0.570495
8 2 0.913737
8 3 0.659029
8 4 0.573944
8 5 0.549227
8 6 0.884454
8 7 0.536454
8 8 0.596522
8 9 0.575218
8 10 0.515112
8 11 0.596772
8 12 0.571238
8 13 0.576045
8 14 0.925755
8 15 0.681298
8 16 0.695849
8 17 0.659029
8 18 0.621240
8 19 0.500003
8 20 0.651958
8 21 0.887189
8 22 0.552562
8 23 0.720977
8 24 0.575925
8 25 0.496626
8 26 0.672349
9 1 0.598370
9 2 0.857850
9 3 0.700429
9 4 0.589272
9 5 0.557162
9 6 0.854557
9 7 0.534238
9 8 0.575218
9 9 0.609991
9 10 0.505553
9 11 0.646471
9 12 0.582043
9 13 0.611121
9 14 0.841737
9 15 0.708160
9 16 0.715472
9 17 0.700429
9 18 0.689961
9 19 0.500002
9 20 0.644484
9 21 0.928553
9 22 0.546059
9 23 0.797905
9 24 0.609889
9 25 0.545957
10 1 0.505268
10 2 0.542091
10 3 0.521456
10 4 0.507725
10 5 0.503327
10 6 0.578238
10 7 0.506746
10 8 0.515112
10 9 0.505553
10 10 0.506348
10 11 0.507314
10 12 0.514886
10 13 0.504684
10 14 0.569161
10 15 0.511495
10 16 0.509908
10 17 0.521456
10 18 0.511498
10 19 0.500001
10 20 0.531334
10 21 0.575188
10 22 0.506802
10 23 0.542888
10 24 0.507183
10 25 0.494044
10 26 0.515984
11 1 0.631867
11 2 0.901766
11 3 0.740809
11 4 0.622520
11 5 0.575441
11 6 0.905930
11 7 0.543530
11 8 0.596772
11 9 0.646471
11 10 0.507314
11 11 0.711928
11 12 0.619436
11 13 0.651694
11 14 0.874777
11 15 0.756491
11 16 0.750590
11 17 0.740809
11 18 0.749435
11 19 0.500003
11 20 0.670527
11 21 0.967238
11 22 0.561629
11 23 0.858310
11 24 0.648979
11 25 0.574421
12 1 0.574528
12 2 0.623986
12 3 0.657848
12 4 0.572120
12 5 0.588925
12 6 0.879388
12 7 0.537921
12 8 0.571238
12 9 0.582043
12 10 0.514886
12 11 0.619436
12 12 0.729514
12 13 0.577263
12 14 0.874389
12 15 0.693694
12 16 0.691525
12 17 0.657848
12 18 0.660048
12 19 0.500004
12 20 0.701738
12 21 0.957054
12 22 0.542776
12 23 0.708377
12 24 0.588166
12 25 0.543263
12 26 0.693845
13 1 0.602150
13 2 0.872155
13 3 0.703846
13 4 0.592833
13 5 0.560833
13 6 0.862567
13 7 0.533700
13 8 0.576045
13 9 0.611121
13 10 0.504684
13 11 0.651694
13 12 0.577263
13 13 0.617494
13 14 0.826079
13 15 0.705489
13 16 0.730490
13 17 0.703846
13 18 0.695381
13 19 0.500002
13 20 0.638898
13 21 0.923897
13 22 0.548219
13 23 0.801488
13 24 0.614239
13 25 0.548687
14 1 0.816542
14 2 1.000000
14 3 0.984489
14 4 0.874402
14 5 0.850955
14 6 1.000000
14 7 0.830385
14 8 0.925755
14 9 0.841737
14 10 0.569161
14 11 0.874777
14 12 0.874389
14 13 0.826079
14 14 1.000000
14 15 0.999612
14 16 0.995510
14 17 0.984489
14 18 0.763401
14 19 0.500030
14 20 0.994339
14 21 0.999978
14 22 0.867576
14 23 0.954585
14 24 0.771414
14 25 0.549344
15 1 0.687334
15 2 0.996245
15 3 0.855581
15 4 0.682487
15 5 0.624889
15 6 0.994625
15 7 0.593258
15 8 0.681298
15 9 0.708160
15 10 0.511495
15 11 0.756491
15 12 0.693694
15 13 0.705489
15 14 0.999612
15 15 0.934414
15 16 0.894579
15 17 0.855581
15 18 0.792613
15 19 0.500007
15 20 0.838738
15 21 0.995320
15 22 0.621331
15 23 0.904842
15 24 0.694532
15 25 0.556265
15 26 0.876484
16 1 0.710736
16 2 0.998397
16 3 0.873958
16 4 0.702844
16 5 0.691174
16 6 0.995328
16 7 0.589999
16 8 0.695849
16 9 0.715472
16 10 0.509908
16 11 0.750590
16 12 0.691525
16 13 0.730490
16 14 0.995510
16 15 0.894579
16 16 0.965097
16 17 0.873958
16 18 0.839948
16 19 0.500006
16 20 0.798596
16 21 0.994999
16 22 0.639187
16 23 0.925843
16 24 0.720508
16 25 0.575445
16 26 0.902704
17 1 0.683778
17 2 0.980916
17 4 0.672539
17 5 0.611651
17 6 0.988439
17 7 0.585102
17 8 0.659029
17 9 0.700429
17 10 0.521456
17 11 0.740809
17 12 0.657848
17 13 0.703846
17 14 0.984489
17 15 0.855581
17 16 0.873958
17 17 0.882942
17 18 0.817453
17 19 0.500004
17 20 0.821230
17 21 0.994760
17 22 0.602537
17 23 0.955065
17 24 0.704478
17 25 0.555597
17 26 0.871574
18 1 0.674366
18 2 0.905313
18 3 0.817453
18 4 0.651065
18 5 0.600104
18 6 0.913410
18 7 0.546979
18 8 0.621240
18 9 0.689961
18 10 0.511498
18 11 0.749435
18 12 0.660048
18 13 0.695381
18 14 0.763401
18 15 0.792613
18 16 0.839948
18 17 0.817453
18 18 0.833782
18 19 0.500003
18 20 0.728296
18 21 0.991445
18 22 0.567241
18 23 0.928511
18 24 0.697778
18 25 0.591662
19 1 0.500002
19 2 0.500027
19 3 0.500004
19 4 0.500002
19 5 0.500003
19 6 0.500021
19 7 0.500001
19 8 0.500003
19 9 0.500002
19 10 0.500001
19 11 0.500003
19 12 0.500004
19 13 0.500002
19 14 0.500030
19 15 0.500007
19 16 0.500006
19 17 0.500004
19 18 0.500003
19 19 0.500000
19 20 0.500008
19 21 0.500015
19 22 0.500001
19 23 0.500006
19 24 0.500002
19 25 0.500001
19 26 0.500005
20 1 0.627386
20 2 0.964481
20 3 0.821230
20 4 0.622803
20 5 0.604550
20 6 0.981302
20 7 0.579809
20 8 0.651958
20 9 0.644484
20 10 0.531334
20 11 0.670527
20 12 0.701738
20 13 0.638898
20 14 0.994339
20 15 0.838738
20 16 0.798596
20 17 0.821230
20 18 0.728296
20 19 0.500008
20 20 0.871041
20 21 0.988789
20 22 0.579681
20 23 0.910444
20 24 0.647190
20 25 0.516389
20 26 0.795704
21 1 0.907809
21 2 0.999681
21 3 0.994760
21 4 0.891049
21 5 0.806778
21 6 0.999988
21 7 0.712154
21 8 0.887189
21 9 0.928553
21 10 0.575188
21 11 0.967238
21 12 0.957054
21 13 0.923897
21 14 0.999978
21 15 0.995320
21 16 0.994999
21 17 0.994760
21 18 0.991445
21 19 0.500015
21 20 0.988789
21 21 1.000000
21 22 0.756445
21 23 0.999745
21 24 0.932467
21 25 0.672533
21 26 0.996993
22 1 0.543644
22 2 0.865478
22 3 0.602537
22 5 0.539877
22 6 0.858426
22 7 0.532456
22 8 0.552562
22 9 0.546059
22 10 0.506802
22 11 0.561629
22 12 0.542776
22 13 0.548219
22 14 0.867576
22 15 0.621331
22 16 0.639187
22 17 0.602537
22 18 0.567241
22 19 0.500001
22 20 0.579681
22 21 0.756445
22 22 0.546341
22 23 0.635121
22 24 0.545921
22 25 0.509851
22 26 0.613620
23 1 0.771192
23 2 0.983926
23 3 0.955065
23 4 0.751874
23 5 0.637725
23 6 0.995902
23 7 0.617570
23 8 0.720977
23 9 0.797905
23 10 0.542888
23 11 0.858310
23 12 0.708377
23 13 0.801488
23 14 0.954585
23 15 0.904842
23 16 0.925843
23 17 0.955065
23 18 0.928511
23 19 0.500006
23 20 0.910444
23 21 0.999745
23 22 0.635121
23 23 0.996796
23 24 0.813137
23 25 0.597071
23 26 0.955799
24 1 0.600085
24 2 0.825584
24 3 0.704478
24 4 0.590658
24 5 0.557521
24 6 0.845776
24 7 0.532959
24 8 0.575925
24 9 0.609889
24 10 0.507183
24 11 0.648979
24 12 0.588166
24 13 0.614239
24 14 0.771414
24 15 0.694532
24 16 0.720508
24 17 0.704478
24 18 0.697778
24 19 0.500002
24 20 0.647190
24 21 0.932467
24 22 0.545921
24 23 0.813137
24 24 0.615018
24 25 0.542688
25 1 0.540024
25 2 0.629932
25 3 0.555597
25 4 0.533298
25 5 0.544777
25 6 0.648553
25 7 0.512073
25 8 0.496626
25 9 0.545957
25 10 0.494044
25 11 0.574421
25 12 0.543263
25 13 0.548687
25 14 0.549344
25 15 0.556265
25 16 0.575445
25 17 0.555597
25 18 0.591662
25 19 0.500001
25 20 0.516389
25 21 0.672533
25 22 0.509851
25 23 0.597071
25 24 0.542688
25 25 0.578610
26 2 0.986344
26 6 0.987228
26 7 0.581554
26 8 0.672349
26 10 0.515984
26 12 0.693845
26 15 0.876484
26 16 0.902704
26 17 0.871574
26 19 0.500005
26 20 0.795704
26 21 0.996993
26 22 0.613620
26 23 0.955799
26 26 0.905175
