1 26 0.695738
3 17 0.777830
3 26 0.899794
4 22 0.547667
4 26 0.585455
5 26 0.716558
9 26 0.742853
11 26 0.752432
13 26 0.705613
14 26 0.995318
17 3 0.777830
18 26 0.779491
22 4 0.547667
24 26 0.525556
25 26 0.683446
26 1 0.695738
26 3 0.899794
26 4 0.585455
26 5 0.716558
26 9 0.742853
26 11 0.752432
26 13 0.705613
26 14 0.995318
26 18 0.779491
26 24 0.525556
26 25 0.683446
1 1 0.577378
1 2 0.874520
1 3 0.692523
1 4 0.527596
1 5 0.585829
1 6 0.817281
1 7 0.524761
1 8 0.578431
1 9 0.598043
1 10 0.515686
1 11 0.600478
1 12 0.476364
1 13 0.580314
1 14 0.869993
1 15 0.661881
1 16 0.682140
1 17 0.614307
1 18 0.618199
1 19 0.500000
1 20 0.630938
1 21 0.746751
1 22 0.527596
1 23 0.755263
1 24 0.505167
1 25 0.571505
2 1 0.874520
2 2 1.000000
2 3 0.992078
2 4 0.585260
2 5 0.868957
2 6 0.999973
2 7 0.666965
2 8 0.875866
2 9 0.927310
2 10 0.662981
2 11 0.902127
2 12 0.248901
2 13 0.862093
2 14 1.000000
2 15 0.998943
2 16 0.998018
2 17 0.955345
2 18 0.953196
2 19 0.500000
2 20 0.992866
2 21 0.999797
2 22 0.585260
2 23 0.999645
2 24 0.426319
2 25 0.839365
2 26 0.992885
3 1 0.692523
3 2 0.992078
3 3 0.918337
3 4 0.561593
3 5 0.715618
3 6 0.955573
3 7 0.564101
3 8 0.685483
3 9 0.746582
3 10 0.543818
3 11 0.746320
3 12 0.489782
3 13 0.707264
3 14 0.991919
3 15 0.862792
3 16 0.902268
3 18 0.754117
3 19 0.500000
3 20 0.831858
3 21 0.959357
3 22 0.561593
3 23 0.963855
3 24 0.505402
3 25 0.676381
4 1 0.527596
4 2 0.585260
4 3 0.561593
4 4 0.547667
4 5 0.534836
4 6 0.802894
4 7 0.511854
4 8 0.542989
4 9 0.532493
4 10 0.503790
4 11 0.549218
4 12 0.498166
4 13 0.530395
4 14 0.790552
4 15 0.521179
4 16 0.558989
4 17 0.549713
4 18 0.556241
4 19 0.500001
4 20 0.566919
4 21 0.563420
4 23 0.610179
4 24 0.529485
4 25 0.531279
5 1 0.585829
5 2 0.868957
5 3 0.715618
5 4 0.534836
5 5 0.602114
5 6 0.843957
5 7 0.528826
5 8 0.595035
5 9 0.608109
5 10 0.516023
5 11 0.613248
5 12 0.482181
5 13 0.590431
5 14 0.875093
5 15 0.663282
5 16 0.707533
5 17 0.639144
5 18 0.631785
5 19 0.500000
5 20 0.642763
5 21 0.779273
5 22 0.534836
5 23 0.801060
5 24 0.510139
5 25 0.580001
6 1 0.817281
6 2 0.999973
6 3 0.955573
6 4 0.802894
6 5 0.843957
6 6 1.000000
6 7 0.661560
6 8 0.879681
6 9 0.865826
6 10 0.586423
6 11 0.896904
6 12 0.357045
6 13 0.814368
6 14 1.000000
6 15 0.976446
6 16 0.961645
6 17 0.914868
6 18 0.932108
6 19 0.500006
6 20 0.936047
6 21 0.997513
6 22 0.802894
6 23 0.997336
6 24 0.666285
6 25 0.804552
6 26 0.986001
7 1 0.524761
7 2 0.666965
7 3 0.564101
7 4 0.511854
7 5 0.528826
7 6 0.661560
7 7 0.512374
7 8 0.532147
7 9 0.530973
7 10 0.506357
7 11 0.535017
7 12 0.493851
7 13 0.525258
7 14 0.697041
7 15 0.562911
7 16 0.583642
7 17 0.551602
7 18 0.539902
7 19 0.500000
7 20 0.555337
7 21 0.618715
7 22 0.511854
7 23 0.614409
7 24 0.505197
7 25 0.521790
7 26 0.567776
8 1 0.578431
8 2 0.875866
8 3 0.685483
8 4 0.542989
8 5 0.595035
8 6 0.879681
8 7 0.532147
8 8 0.620939
8 9 0.595047
8 10 0.516562
8 11 0.604903
8 12 0.475813
8 13 0.582030
8 14 0.865073
8 15 0.652154
8 16 0.725626
8 17 0.649429
8 18 0.640254
8 19 0.500000
8 20 0.666497
8 21 0.797204
8 22 0.542989
8 23 0.829176
8 24 0.519510
8 25 0.574386
8 26 0.703131
9 1 0.598043
9 2 0.927310
9 3 0.746582
9 4 0.532493
9 5 0.608109
9 6 0.865826
9 7 0.530973
9 8 0.595047
9 9 0.629149
9 10 0.520729
9 11 0.627072
9 12 0.475540
9 13 0.602725
9 14 0.921989
9 15 0.715617
9 16 0.725778
9 17 0.638624
9 18 0.638098
9 19 0.500000
9 20 0.669143
9 21 0.809851
9 22 0.532493
9 23 0.816223
9 24 0.507936
9 25 0.590298
10 1 0.515686
10 2 0.662981
10 3 0.543818
10 4 0.503790
10 5 0.516023
10 6 0.586423
10 7 0.506357
10 8 0.516562
10 9 0.520729
10 10 0.508479
10 11 0.519286
10 12 0.498945
10 13 0.515035
10 14 0.656304
10 15 0.564391
10 16 0.568205
10 17 0.529491
10 18 0.526206
10 19 0.500000
10 20 0.560799
10 21 0.594698
10 22 0.503790
10 23 0.571438
10 24 0.497691
10 25 0.511943
10 26 0.541870
11 1 0.600478
11 2 0.902127
11 3 0.746320
11 4 0.549218
11 5 0.613248
11 6 0.896904
11 7 0.535017
11 8 0.604903
11 9 0.627072
11 10 0.519286
11 11 0.638814
11 12 0.479037
11 13 0.606067
11 14 0.940620
11 15 0.691990
11 16 0.736215
11 17 0.653945
11 18 0.653046
11 19 0.500001
11 20 0.673803
11 21 0.809038
11 22 0.549218
11 23 0.821238
11 24 0.520178
11 25 0.594439
12 1 0.476364
12 2 0.248901
12 3 0.489782
12 4 0.498166
12 5 0.482181
12 6 0.357045
12 7 0.493851
12 8 0.475813
12 9 0.475540
12 10 0.498945
12 11 0.479037
12 12 0.581985
12 13 0.482865
12 14 0.344855
12 15 0.438054
12 16 0.448321
12 17 0.455904
12 18 0.449491
12 19 0.500000
12 20 0.489893
12 21 0.461961
12 22 0.498166
12 23 0.423334
12 24 0.509030
12 25 0.475725
12 26 0.452216
13 1 0.580314
13 2 0.862093
13 3 0.707264
13 4 0.530395
13 5 0.590431
13 6 0.814368
13 7 0.525258
13 8 0.582030
13 9 0.602725
13 10 0.515035
13 11 0.606067
13 12 0.482865
13 13 0.587642
13 14 0.870461
13 15 0.660673
13 16 0.682418
13 17 0.614842
13 18 0.615569
13 19 0.500001
13 20 0.636749
13 21 0.745889
13 22 0.530395
13 23 0.772015
13 24 0.507594
13 25 0.575830
14 1 0.869993
14 2 1.000000
14 3 0.991919
14 4 0.790552
14 5 0.875093
14 6 1.000000
14 7 0.697041
14 8 0.865073
14 9 0.921989
14 10 0.656304
14 11 0.940620
14 12 0.344855
14 13 0.870461
14 14 1.000000
14 15 0.997218
14 16 0.997545
14 17 0.968697
14 18 0.951332
14 19 0.500005
14 20 0.994393
14 21 0.999798
14 22 0.790552
14 23 0.999313
14 24 0.599855
14 25 0.843489
15 1 0.661881
15 2 0.998943
15 3 0.862792
15 4 0.521179
15 5 0.663282
15 6 0.976446
15 7 0.562911
15 8 0.652154
15 9 0.715617
15 10 0.564391
15 11 0.691990
15 12 0.438054
15 13 0.660673
15 14 0.997218
15 15 0.933153
15 16 0.920341
15 17 0.759246
15 18 0.712759
15 19 0.500000
15 20 0.867524
15 21 0.976665
15 22 0.521179
15 23 0.962773
15 24 0.472033
15 25 0.634662
15 26 0.854442
16 1 0.682140
16 2 0.998018
16 3 0.902268
16 4 0.558989
16 5 0.707533
16 6 0.961645
16 7 0.583642
16 8 0.725626
16 9 0.725778
16 10 0.568205
16 11 0.736215
16 12 0.448321
16 13 0.682418
16 14 0.997545
16 15 0.920341
16 16 0.977240
16 17 0.866760
16 18 0.784808
16 19 0.499998
16 20 0.927508
16 21 0.992756
16 22 0.558989
16 23 0.992020
16 24 0.491942
16 25 0.655692
16 26 0.887240
17 1 0.614307
17 2 0.955345
17 4 0.549713
17 5 0.639144
17 6 0.914868
17 7 0.551602
17 8 0.649429
17 9 0.638624
17 10 0.529491
17 11 0.653945
17 12 0.455904
17 13 0.614842
17 14 0.968697
17 15 0.759246
17 16 0.866760
17 17 0.765833
17 18 0.689171
17 19 0.499999
17 20 0.765445
17 21 0.922478
17 22 0.549713
17 23 0.929242
17 24 0.502314
17 25 0.602541
17 26 0.777772
18 1 0.618199
18 2 0.953196
18 3 0.754117
18 4 0.556241
18 5 0.631785
18 6 0.932108
18 7 0.539902
18 8 0.640254
18 9 0.638098
18 10 0.526206
18 11 0.653046
18 12 0.449491
18 13 0.615569
18 14 0.951332
18 15 0.712759
18 16 0.784808
18 17 0.689171
18 18 0.716015
18 19 0.500000
18 20 0.711692
18 21 0.846249
18 22 0.556241
18 23 0.846185
18 24 0.512984
18 25 0.608527
19 1 0.500000
19 2 0.500000
19 3 0.500000
19 4 0.500001
19 5 0.500000
19 6 0.500006
19 7 0.500000
19 8 0.500000
19 9 0.500000
19 10 0.500000
19 11 0.500001
19 12 0.500000
19 13 0.500001
19 14 0.500005
19 15 0.500000
19 16 0.499998
19 17 0.499999
19 18 0.500000
19 19 0.500000
19 20 0.500000
19 21 0.499997
19 22 0.500001
19 23 0.499998
19 24 0.500001
19 25 0.500001
19 26 0.500001
20 1 0.630938
20 2 0.992866
20 3 0.831858
20 4 0.566919
20 5 0.642763
20 6 0.936047
20 7 0.555337
20 8 0.666497
20 9 0.669143
20 10 0.560799
20 11 0.673803
20 12 0.489893
20 13 0.636749
20 14 0.994393
20 15 0.867524
20 16 0.927508
20 17 0.765445
20 18 0.711692
20 19 0.500000
20 20 0.907476
20 21 0.960191
20 22 0.566919
20 23 0.958406
20 24 0.508828
20 25 0.615359
20 26 0.818204
21 1 0.746751
21 2 0.999797
21 3 0.959357
21 4 0.563420
21 5 0.779273
21 6 0.997513
21 7 0.618715
21 8 0.797204
21 9 0.809851
21 10 0.594698
21 11 0.809038
21 12 0.461961
21 13 0.745889
21 14 0.999798
21 15 0.976665
21 16 0.992756
21 17 0.922478
21 18 0.846249
21 19 0.499997
21 20 0.960191
21 21 0.999561
21 22 0.563420
21 23 0.999009
21 24 0.488936
21 25 0.703703
21 26 0.950345
22 1 0.527596
22 2 0.585260
22 3 0.561593
22 5 0.534836
22 6 0.802894
22 7 0.511854
22 8 0.542989
22 9 0.532493
22 10 0.503790
22 11 0.549218
22 12 0.498166
22 13 0.530395
22 14 0.790552
22 15 0.521179
22 16 0.558989
22 17 0.549713
22 18 0.556241
22 19 0.500001
22 20 0.566919
22 21 0.563420
22 22 0.547667
22 23 0.610179
22 24 0.529485
22 25 0.531279
22 26 0.585455
23 1 0.755263
23 2 0.999645
23 3 0.963855
23 4 0.610179
23 5 0.801060
23 6 0.997336
23 7 0.614409
23 8 0.829176
23 9 0.816223
23 10 0.571438
23 11 0.821238
23 12 0.423334
23 13 0.772015
23 14 0.999313
23 15 0.962773
23 16 0.992020
23 17 0.929242
23 18 0.846185
23 19 0.499998
23 20 0.958406
23 21 0.999009
23 22 0.610179
23 23 0.999646
23 24 0.526356
23 25 0.737644
23 26 0.957591
24 1 0.505167
24 2 0.426319
24 3 0.505402
24 4 0.529485
24 5 0.510139
24 6 0.666285
24 7 0.505197
24 8 0.519510
24 9 0.507936
24 10 0.497691
24 11 0.520178
24 12 0.509030
24 13 0.507594
24 14 0.599855
24 15 0.472033
24 16 0.491942
24 17 0.502314
24 18 0.512984
24 19 0.500001
24 20 0.508828
24 21 0.488936
24 22 0.529485
24 23 0.526356
24 24 0.534346
24 25 0.510226
25 1 0.571505
25 2 0.839365
25 3 0.676381
25 4 0.531279
25 5 0.580001
25 6 0.804552
25 7 0.521790
25 8 0.574386
25 9 0.590298
25 10 0.511943
25 11 0.594439
25 12 0.475725
25 13 0.575830
25 14 0.843489
25 15 0.634662
25 16 0.655692
25 17 0.602541
25 18 0.608527
25 19 0.500001
25 20 0.615359
25 21 0.703703
25 22 0.531279
25 23 0.737644
25 24 0.510226
25 25 0.569249
26 2 0.992885
26 6 0.986001
26 7 0.567776
26 8 0.703131
26 10 0.541870
26 12 0.452216
26 15 0.854442
26 16 0.887240
26 17 0.777772
26 19 0.500001
26 20 0.818204
26 21 0.950345
26 22 0.585455
26 23 0.957591
26 26 0.903051
