1 26 0.683840
3 17 0.752730
3 26 0.822752
4 22 0.532790
4 26 0.542568
5 26 0.711044
9 26 0.713001
11 26 0.812676
13 26 0.692859
14 26 0.915088
17 3 0.752730
18 26 0.916637
22 4 0.532790
24 26 0.669137
25 26 0.694665
26 1 0.683840
26 3 0.822752
26 4 0.542568
26 5 0.711044
26 9 0.713001
26 11 0.812676
26 13 0.692859
26 14 0.915088
26 18 0.916637
26 24 0.669137
26 25 0.694665
1 1 0.570176
1 2 0.799356
1 3 0.635415
1 4 0.515137
1 5 0.581072
1 6 0.855993
1 7 0.530452
1 8 0.532449
1 9 0.581521
1 10 0.521151
1 11 0.623544
1 12 0.583647
1 13 0.572752
1 14 0.704352
1 15 0.676252
1 16 0.630350
1 17 0.616475
1 18 0.703243
1 19 0.500002
1 20 0.573628
1 21 0.799037
1 22 0.567209
1 23 0.551586
1 24 0.564205
1 25 0.573814
2 1 0.799356
2 2 1.000000
2 3 0.963816
2 4 0.695039
2 5 0.831564
2 6 0.999715
2 7 0.729118
2 8 0.709544
2 9 0.822846
2 10 0.651696
2 11 0.948756
2 12 0.909265
2 13 0.828151
2 14 0.934959
2 15 0.998698
2 16 0.987412
2 17 0.959675
2 18 0.996689
2 19 0.500013
2 20 0.968139
2 21 0.999990
2 22 0.843132
2 23 0.996051
2 24 0.774769
2 25 0.819460
2 26 0.975934
3 1 0.635415
3 2 0.963816
3 3 0.775049
3 4 0.549771
3 5 0.660488
3 6 0.975870
3 7 0.575257
3 8 0.558343
3 9 0.656029
3 10 0.549678
3 11 0.741608
3 12 0.672734
3 13 0.645863
3 14 0.838035
3 15 0.844730
3 16 0.780333
3 18 0.845999
3 19 0.500005
3 20 0.645223
3 21 0.949944
3 22 0.659266
3 23 0.676752
3 24 0.617845
3 25 0.641870
4 1 0.515137
4 2 0.695039
4 3 0.549771
4 4 0.524344
4 5 0.519716
4 6 0.618189
4 7 0.514784
4 8 0.508324
4 9 0.515746
4 10 0.509982
4 11 0.546166
4 12 0.523422
4 13 0.519247
4 14 0.534769
4 15 0.581245
4 16 0.570553
4 17 0.550336
4 18 0.555312
4 19 0.500001
4 20 0.548354
4 21 0.626110
4 23 0.607317
4 24 0.512726
4 25 0.516227
5 1 0.581072
5 2 0.831564
5 3 0.660488
5 4 0.519716
5 5 0.598162
5 6 0.888073
5 7 0.536035
5 8 0.535309
5 9 0.596238
5 10 0.527102
5 11 0.635163
5 12 0.601201
5 13 0.583802
5 14 0.736767
5 15 0.706481
5 16 0.651334
5 17 0.638955
5 18 0.733168
5 19 0.500002
5 20 0.577278
5 21 0.825245
5 22 0.581285
5 23 0.547202
5 24 0.573340
5 25 0.584953
6 1 0.855993
6 2 0.999715
6 3 0.975870
6 4 0.618189
6 5 0.888073
6 6 0.999999
6 7 0.738745
6 8 0.646790
6 9 0.884068
6 10 0.648392
6 11 0.971994
6 12 0.890086
6 13 0.857232
6 14 0.995885
6 15 0.996194
6 16 0.973099
6 17 0.962029
6 18 0.997429
6 19 0.500013
6 20 0.857632
6 21 0.999885
6 22 0.884518
6 23 0.750537
6 24 0.831372
6 25 0.872583
6 26 0.992414
7 1 0.530452
7 2 0.729118
7 3 0.575257
7 4 0.514784
7 5 0.536035
7 6 0.738745
7 7 0.554064
7 8 0.499164
7 9 0.531164
7 10 0.525116
7 11 0.564675
7 12 0.516270
7 13 0.530501
7 14 0.567206
7 15 0.628753
7 16 0.583930
7 17 0.574540
7 18 0.688331
7 19 0.500002
7 20 0.550164
7 21 0.678177
7 22 0.529550
7 23 0.547405
7 24 0.525798
7 25 0.530647
7 26 0.583764
8 1 0.532449
8 2 0.709544
8 3 0.558343
8 4 0.508324
8 5 0.535309
8 6 0.646790
8 7 0.499164
8 8 0.537560
8 9 0.536029
8 10 0.508095
8 11 0.558599
8 12 0.569535
8 13 0.535568
8 14 0.595019
8 15 0.583359
8 16 0.580705
8 17 0.548376
8 18 0.571311
8 19 0.500000
8 20 0.580783
8 21 0.687076
8 22 0.538811
8 23 0.582433
8 24 0.530279
8 25 0.533759
8 26 0.585386
9 1 0.581521
9 2 0.822846
9 3 0.656029
9 4 0.515746
9 5 0.596238
9 6 0.884068
9 7 0.531164
9 8 0.536029
9 9 0.598658
9 10 0.520556
9 11 0.647475
9 12 0.600852
9 13 0.585724
9 14 0.736588
9 15 0.693269
9 16 0.633392
9 17 0.633142
9 18 0.733556
9 19 0.500002
9 20 0.559518
9 21 0.832140
9 22 0.580514
9 23 0.563942
9 24 0.575774
9 25 0.587754
10 1 0.521151
10 2 0.651696
10 3 0.549678
10 4 0.509982
10 5 0.527102
10 6 0.648392
10 7 0.525116
10 8 0.508095
10 9 0.520556
10 10 0.528682
10 11 0.515427
10 12 0.529659
10 13 0.515612
10 14 0.560116
10 15 0.592895
10 16 0.576148
10 17 0.547170
10 18 0.572650
10 19 0.500001
10 20 0.582524
10 21 0.623058
10 22 0.516354
10 23 0.540097
10 24 0.517099
10 25 0.515084
10 26 0.554079
11 1 0.623544
11 2 0.948756
11 3 0.741608
11 4 0.546166
11 5 0.635163
11 6 0.971994
11 7 0.564675
11 8 0.558599
11 9 0.647475
11 10 0.515427
11 11 0.889636
11 12 0.657919
11 13 0.650398
11 14 0.794688
11 15 0.769256
11 16 0.647066
11 17 0.719790
11 18 0.878155
11 19 0.500004
11 20 0.582797
11 21 0.958412
11 22 0.702260
11 23 0.812447
11 24 0.619264
11 25 0.654045
12 1 0.583647
12 2 0.909265
12 3 0.672734
12 4 0.523422
12 5 0.601201
12 6 0.890086
12 7 0.516270
12 8 0.569535
12 9 0.600852
12 10 0.529659
12 11 0.657919
12 12 0.698738
12 13 0.593194
12 14 0.732566
12 15 0.733528
12 16 0.674246
12 17 0.652484
12 18 0.705972
12 19 0.500002
12 20 0.640013
12 21 0.900949
12 22 0.623390
12 23 0.717530
12 24 0.574097
12 25 0.589484
12 26 0.716670
13 1 0.572752
13 2 0.828151
13 3 0.645863
13 4 0.519247
13 5 0.583802
13 6 0.857232
13 7 0.530501
13 8 0.535568
13 9 0.585724
13 10 0.515612
13 11 0.650398
13 12 0.593194
13 13 0.582261
13 14 0.702305
13 15 0.668129
13 16 0.631669
13 17 0.628317
13 18 0.716238
13 19 0.500002
13 20 0.563519
13 21 0.819798
13 22 0.583556
13 23 0.579439
13 24 0.565372
13 25 0.579766
14 1 0.704352
14 2 0.934959
14 3 0.838035
14 4 0.534769
14 5 0.736767
14 6 0.995885
14 7 0.567206
14 8 0.595019
14 9 0.736588
14 10 0.560116
14 11 0.794688
14 12 0.732566
14 13 0.702305
14 14 0.953265
14 15 0.878041
14 16 0.812808
14 17 0.792290
14 18 0.903679
14 19 0.500004
14 20 0.656128
14 21 0.968914
14 22 0.678992
14 23 0.517917
14 24 0.690758
14 25 0.709374
15 1 0.676252
15 2 0.998698
15 3 0.844730
15 4 0.581245
15 5 0.706481
15 6 0.996194
15 7 0.628753
15 8 0.583359
15 9 0.693269
15 10 0.592895
15 11 0.769256
15 12 0.733528
15 13 0.668129
15 14 0.878041
15 15 0.976134
15 16 0.906446
15 17 0.827457
15 18 0.929226
15 19 0.500006
15 20 0.778702
15 21 0.991769
15 22 0.690655
15 23 0.832801
15 24 0.657506
15 25 0.680687
15 26 0.877098
16 1 0.630350
16 2 0.987412
16 3 0.780333
16 4 0.570553
16 5 0.651334
16 6 0.973099
16 7 0.583930
16 8 0.580705
16 9 0.633392
16 10 0.576148
16 11 0.647066
16 12 0.674246
16 13 0.631669
16 14 0.812808
16 15 0.906446
16 16 0.886060
16 17 0.767574
16 18 0.799425
16 19 0.500004
16 20 0.769370
16 21 0.957568
16 22 0.645321
16 23 0.700390
16 24 0.603610
16 25 0.619547
16 26 0.804462
17 1 0.616475
17 2 0.959675
17 4 0.550336
17 5 0.638955
17 6 0.962029
17 7 0.574540
17 8 0.548376
17 9 0.633142
17 10 0.547170
17 11 0.719790
17 12 0.652484
17 13 0.628317
17 14 0.792290
17 15 0.827457
17 16 0.767574
17 17 0.736563
17 18 0.818147
17 19 0.500005
17 20 0.636280
17 21 0.935799
17 22 0.648616
17 23 0.688915
17 24 0.598210
17 25 0.621865
17 26 0.788586
18 1 0.703243
18 2 0.996689
18 3 0.845999
18 4 0.555312
18 5 0.733168
18 6 0.997429
18 7 0.688331
18 8 0.571311
18 9 0.733556
18 10 0.572650
18 11 0.878155
18 12 0.705972
18 13 0.716238
18 14 0.903679
18 15 0.929226
18 16 0.799425
18 17 0.818147
18 18 0.991299
18 19 0.500007
18 20 0.712527
18 21 0.992918
18 22 0.695979
18 23 0.737115
18 24 0.699033
18 25 0.729265
19 1 0.500002
19 2 0.500013
19 3 0.500005
19 4 0.500001
19 5 0.500002
19 6 0.500013
19 7 0.500002
19 8 0.500000
19 9 0.500002
19 10 0.500001
19 11 0.500004
19 12 0.500002
19 13 0.500002
19 14 0.500004
19 15 0.500006
19 16 0.500004
19 17 0.500005
19 18 0.500007
19 19 0.500000
19 20 0.500001
19 21 0.500015
19 22 0.500003
19 23 0.500013
19 24 0.500002
19 25 0.500002
19 26 0.500005
20 1 0.573628
20 2 0.968139
20 3 0.645223
20 4 0.548354
20 5 0.577278
20 6 0.857632
20 7 0.550164
20 8 0.580783
20 9 0.559518
20 10 0.582524
20 11 0.582797
20 12 0.640013
20 13 0.563519
20 14 0.656128
20 15 0.778702
20 16 0.769370
20 17 0.636280
20 18 0.712527
20 19 0.500001
20 20 0.870913
20 21 0.918400
20 22 0.566309
20 23 0.775010
20 24 0.565530
20 25 0.559689
20 26 0.666680
21 1 0.799037
21 2 0.999990
21 3 0.949944
21 4 0.626110
21 5 0.825245
21 6 0.999885
21 7 0.678177
21 8 0.687076
21 9 0.832140
21 10 0.623058
21 11 0.958412
21 12 0.900949
21 13 0.819798
21 14 0.968914
21 15 0.991769
21 16 0.957568
21 17 0.935799
21 18 0.992918
21 19 0.500015
21 20 0.918400
21 21 0.999944
21 22 0.850589
21 23 0.985419
21 24 0.781745
21 25 0.820067
21 26 0.977141
22 1 0.567209
22 2 0.843132
22 3 0.659266
22 5 0.581285
22 6 0.884518
22 7 0.529550
22 8 0.538811
22 9 0.580514
22 10 0.516354
22 11 0.702260
22 12 0.623390
22 13 0.583556
22 14 0.678992
22 15 0.690655
22 16 0.645321
22 17 0.648616
22 18 0.695979
22 19 0.500003
22 20 0.566309
22 21 0.850589
22 22 0.636510
22 23 0.673674
22 24 0.555490
22 25 0.578666
22 26 0.684885
23 1 0.551586
23 2 0.996051
23 3 0.676752
23 4 0.607317
23 5 0.547202
23 6 0.750537
23 7 0.547405
23 8 0.582433
23 9 0.563942
23 10 0.540097
23 11 0.812447
23 12 0.717530
23 13 0.579439
23 14 0.517917
23 15 0.832801
23 16 0.700390
23 17 0.688915
23 18 0.737115
23 19 0.500013
23 20 0.775010
23 21 0.985419
23 22 0.673674
23 23 0.995245
23 24 0.565616
23 25 0.569258
23 26 0.646350
24 1 0.564205
24 2 0.774769
24 3 0.617845
24 4 0.512726
24 5 0.573340
24 6 0.831372
24 7 0.525798
24 8 0.530279
24 9 0.575774
24 10 0.517099
24 11 0.619264
24 12 0.574097
24 13 0.565372
24 14 0.690758
24 15 0.657506
24 16 0.603610
24 17 0.598210
24 18 0.699033
24 19 0.500002
24 20 0.565530
24 21 0.781745
24 22 0.555490
24 23 0.565616
24 24 0.562275
24 25 0.568960
25 1 0.573814
25 2 0.819460
25 3 0.641870
25 4 0.516227
25 5 0.584953
25 6 0.872583
25 7 0.530647
25 8 0.533759
25 9 0.587754
25 10 0.515084
25 11 0.654045
25 12 0.589484
25 13 0.579766
25 14 0.709374
25 15 0.680687
25 16 0.619547
25 17 0.621865
25 18 0.729265
25 19 0.500002
25 20 0.559689
25 21 0.820067
25 22 0.578666
25 23 0.569258
25 24 0.568960
25 25 0.582352
26 2 0.975934
26 6 0.992414
26 7 0.583764
26 8 0.585386
26 10 0.554079
26 12 0.716670
26 15 0.877098
26 16 0.804462
26 17 0.788586
26 19 0.500005
26 20 0.666680
26 21 0.977141
26 22 0.684885
26 23 0.646350
26 26 0.893544
