1 26 0.755089
3 17 0.933218
3 26 0.917851
4 22 0.556429
4 26 0.615790
5 26 0.777346
9 26 0.783809
11 26 0.909042
13 26 0.780475
14 26 0.948623
17 3 0.933218
18 26 0.922148
22 4 0.556429
24 26 0.770429
25 26 0.618572
26 1 0.755089
26 3 0.917851
26 4 0.615790
26 5 0.777346
26 9 0.783809
26 11 0.909042
26 13 0.780475
26 14 0.948623
26 18 0.922148
26 24 0.770429
26 25 0.618572
1 1 0.612406
1 2 0.721259
1 3 0.726514
1 4 0.546576
1 5 0.623812
1 6 0.935763
1 7 0.542609
1 8 0.539831
1 9 0.627522
1 10 0.521193
1 11 0.708309
1 12 0.585019
1 13 0.625954
1 14 0.763682
1 15 0.752087
1 16 0.680875
1 17 0.698612
1 18 0.732202
1 19 0.500002
1 20 0.547106
1 21 0.886550
1 22 0.546576
1 23 0.677276
1 24 0.619950
1 25 0.546195
2 1 0.721259
2 2 0.999992
2 3 0.968755
2 4 0.721395
2 5 0.732704
2 6 0.999819
2 7 0.518095
2 8 0.694980
2 9 0.766935
2 10 0.622232
2 11 0.934754
2 12 0.702228
2 13 0.755436
2 14 0.829275
2 15 0.968729
2 16 0.936836
2 17 0.969624
2 18 0.998344
2 19 0.500017
2 20 0.965196
2 21 0.993503
2 22 0.721395
2 23 0.993177
2 24 0.707218
2 25 0.684515
2 26 0.905197
3 1 0.726514
3 2 0.968755
3 3 0.941815
3 4 0.638762
3 5 0.745091
3 6 0.997436
3 7 0.599745
3 8 0.655055
3 9 0.752633
3 10 0.556639
3 11 0.911816
3 12 0.704923
3 13 0.751509
3 14 0.907911
3 15 0.919310
3 16 0.923666
3 18 0.933668
3 19 0.500006
3 20 0.713289
3 21 0.991965
3 22 0.638762
3 23 0.955932
3 24 0.735863
3 25 0.601991
4 1 0.546576
4 2 0.721395
4 3 0.638762
4 4 0.556429
4 5 0.550614
4 6 0.875403
4 7 0.518614
4 8 0.544801
4 9 0.562410
4 10 0.519309
4 11 0.688573
4 12 0.537195
4 13 0.556524
4 14 0.600968
4 15 0.653244
4 16 0.613548
4 17 0.633805
4 18 0.617367
4 19 0.500001
4 20 0.550328
4 21 0.745393
4 23 0.669256
4 24 0.545613
4 25 0.525806
5 1 0.623812
5 2 0.732704
5 3 0.745091
5 4 0.550614
5 5 0.637363
5 6 0.949055
5 7 0.549940
5 8 0.545847
5 9 0.640414
5 10 0.524228
5 11 0.734263
5 12 0.593235
5 13 0.638808
5 14 0.787535
5 15 0.770592
5 16 0.704022
5 17 0.714726
5 18 0.754880
5 19 0.500002
5 20 0.560645
5 21 0.906558
5 22 0.550614
5 23 0.684319
5 24 0.633271
5 25 0.554639
6 1 0.935763
6 2 0.999819
6 3 0.997436
6 4 0.875403
6 5 0.949055
6 6 1.000000
6 7 0.759401
6 8 0.906228
6 9 0.970582
6 10 0.719949
6 11 0.999608
6 12 0.838939
6 13 0.958072
6 14 0.996826
6 15 0.999952
6 16 0.997942
6 17 0.995105
6 18 0.999802
6 19 0.500015
6 20 0.908571
6 21 0.999997
6 22 0.875403
6 23 0.986972
6 24 0.946059
6 25 0.839083
6 26 0.998697
7 1 0.542609
7 2 0.518095
7 3 0.599745
7 4 0.518614
7 5 0.549940
7 6 0.759401
7 7 0.535237
7 8 0.541614
7 9 0.548132
7 10 0.510275
7 11 0.619335
7 12 0.525323
7 13 0.547795
7 14 0.612569
7 15 0.604289
7 16 0.640403
7 17 0.590007
7 18 0.609746
7 19 0.500001
7 20 0.534771
7 21 0.701367
7 22 0.518614
7 23 0.570889
7 24 0.548600
7 25 0.525776
7 26 0.610932
8 1 0.539831
8 2 0.694980
8 3 0.655055
8 4 0.544801
8 5 0.545847
8 6 0.906228
8 7 0.541614
8 8 0.649854
8 9 0.547784
8 10 0.531640
8 11 0.708804
8 12 0.531513
8 13 0.539983
8 14 0.573887
8 15 0.694499
8 16 0.779415
8 17 0.663056
8 18 0.811743
8 19 0.500000
8 20 0.693114
8 21 0.727080
8 22 0.544801
8 23 0.712424
8 24 0.546725
8 25 0.563617
8 26 0.610189
9 1 0.627522
9 2 0.766935
9 3 0.752633
9 4 0.562410
9 5 0.640414
9 6 0.970582
9 7 0.548132
9 8 0.547784
9 9 0.649311
9 10 0.528791
9 11 0.762320
9 12 0.594534
9 13 0.644740
9 14 0.791037
9 15 0.789181
9 16 0.702258
9 17 0.721804
9 18 0.755752
9 19 0.500003
9 20 0.562642
9 21 0.913829
9 22 0.562410
9 23 0.698254
9 24 0.636239
9 25 0.559072
10 1 0.521193
10 2 0.622232
10 3 0.556639
10 4 0.519309
10 5 0.524228
10 6 0.719949
10 7 0.510275
10 8 0.531640
10 9 0.528791
10 10 0.519752
10 11 0.600201
10 12 0.504024
10 13 0.524242
10 14 0.553106
10 15 0.575177
10 16 0.578807
10 17 0.551922
10 18 0.625064
10 19 0.500001
10 20 0.578469
10 21 0.563874
10 22 0.519309
10 23 0.552648
10 24 0.522970
10 25 0.532243
10 26 0.554090
11 1 0.708309
11 2 0.934754
11 3 0.911816
11 4 0.688573
11 5 0.734263
11 6 0.999608
11 7 0.619335
11 8 0.708804
11 9 0.762320
11 10 0.600201
11 11 0.988136
11 12 0.654460
11 13 0.749955
11 14 0.914568
11 15 0.905565
11 16 0.906841
11 17 0.891191
11 18 0.890315
11 19 0.500004
11 20 0.782725
11 21 0.990610
11 22 0.688573
11 23 0.934980
11 24 0.725377
11 25 0.704515
12 1 0.585019
12 2 0.702228
12 3 0.704923
12 4 0.537195
12 5 0.593235
12 6 0.838939
12 7 0.525323
12 8 0.531513
12 9 0.594534
12 10 0.504024
12 11 0.654460
12 12 0.605374
12 13 0.597127
12 14 0.694677
12 15 0.687235
12 16 0.637907
12 17 0.688674
12 18 0.642223
12 19 0.500001
12 20 0.516819
12 21 0.866977
12 22 0.537195
12 23 0.719638
12 24 0.592447
12 25 0.523784
12 26 0.697974
13 1 0.625954
13 2 0.755436
13 3 0.751509
13 4 0.556524
13 5 0.638808
13 6 0.958072
13 7 0.547795
13 8 0.539983
13 9 0.644740
13 10 0.524242
13 11 0.749955
13 12 0.597127
13 13 0.643535
13 14 0.789509
13 15 0.774038
13 16 0.691291
13 17 0.721148
13 18 0.739175
13 19 0.500003
13 20 0.542678
13 21 0.914108
13 22 0.556524
13 23 0.708092
13 24 0.633952
13 25 0.554709
14 1 0.763682
14 2 0.829275
14 3 0.907911
14 4 0.600968
14 5 0.787535
14 6 0.996826
14 7 0.612569
14 8 0.573887
14 9 0.791037
14 10 0.553106
14 11 0.914568
14 12 0.694677
14 13 0.789509
14 14 0.962435
14 15 0.924199
14 16 0.847876
14 17 0.866798
14 18 0.887979
14 19 0.500004
14 20 0.581086
14 21 0.993028
14 22 0.600968
14 23 0.815056
14 24 0.781354
14 25 0.626967
15 1 0.752087
15 2 0.968729
15 3 0.919310
15 4 0.653244
15 5 0.770592
15 6 0.999952
15 7 0.604289
15 8 0.694499
15 9 0.789181
15 10 0.575177
15 11 0.905565
15 12 0.687235
15 13 0.774038
15 14 0.924199
15 15 0.980014
15 16 0.904763
15 17 0.898086
15 18 0.977594
15 19 0.500005
15 20 0.689258
15 21 0.995710
15 22 0.653244
15 23 0.868903
15 24 0.760538
15 25 0.624676
15 26 0.938993
16 1 0.680875
16 2 0.936836
16 3 0.923666
16 4 0.613548
16 5 0.704022
16 6 0.997942
16 7 0.640403
16 8 0.779415
16 9 0.702258
16 10 0.578807
16 11 0.906841
16 12 0.637907
16 13 0.691291
16 14 0.847876
16 15 0.904763
16 16 0.982489
16 17 0.922842
16 18 0.975776
16 19 0.500004
16 20 0.885139
16 21 0.972924
16 22 0.613548
16 23 0.924779
16 24 0.704791
16 25 0.648749
16 26 0.881650
17 1 0.698612
17 2 0.969624
17 4 0.633805
17 5 0.714726
17 6 0.995105
17 7 0.590007
17 8 0.663056
17 9 0.721804
17 10 0.551922
17 11 0.891191
17 12 0.688674
17 13 0.721148
17 14 0.866798
17 15 0.898086
17 16 0.922842
17 17 0.928709
17 18 0.925665
17 19 0.500006
17 20 0.722042
17 21 0.986895
17 22 0.633805
17 23 0.959188
17 24 0.705049
17 25 0.586588
17 26 0.888938
18 1 0.732202
18 2 0.998344
18 3 0.933668
18 4 0.617367
18 5 0.754880
18 6 0.999802
18 7 0.609746
18 8 0.811743
18 9 0.755752
18 10 0.625064
18 11 0.890315
18 12 0.642223
18 13 0.739175
18 14 0.887979
18 15 0.977594
18 16 0.975776
18 17 0.925665
18 18 0.999593
18 19 0.500012
18 20 0.977983
18 21 0.990076
18 22 0.617367
18 23 0.929250
18 24 0.750563
18 25 0.736767
19 1 0.500002
19 2 0.500017
19 3 0.500006
19 4 0.500001
19 5 0.500002
19 6 0.500015
19 7 0.500001
19 8 0.500000
19 9 0.500003
19 10 0.500001
19 11 0.500004
19 12 0.500001
19 13 0.500003
19 14 0.500004
19 15 0.500005
19 16 0.500004
19 17 0.500006
19 18 0.500012
19 19 0.500000
19 20 0.500006
19 21 0.500011
19 22 0.500001
19 23 0.500006
19 24 0.500002
19 25 0.500001
19 26 0.500005
20 1 0.547106
20 2 0.965196
20 3 0.713289
20 4 0.550328
20 5 0.560645
20 6 0.908571
20 7 0.534771
20 8 0.693114
20 9 0.562642
20 10 0.578469
20 11 0.782725
20 12 0.516819
20 13 0.542678
20 14 0.581086
20 15 0.689258
20 16 0.885139
20 17 0.722042
20 18 0.977983
20 19 0.500006
20 20 0.954931
20 21 0.663023
20 22 0.550328
20 23 0.733821
20 24 0.568645
20 25 0.657282
20 26 0.624572
21 1 0.886550
21 2 0.993503
21 3 0.991965
21 4 0.745393
21 5 0.906558
21 6 0.999997
21 7 0.701367
21 8 0.727080
21 9 0.913829
21 10 0.563874
21 11 0.990610
21 12 0.866977
21 13 0.914108
21 14 0.993028
21 15 0.995710
21 16 0.972924
21 17 0.986895
21 18 0.990076
21 19 0.500011
21 20 0.663023
21 21 0.999993
21 22 0.745393
21 23 0.990181
21 24 0.897387
21 25 0.665183
21 26 0.993890
22 1 0.546576
22 2 0.721395
22 3 0.638762
22 5 0.550614
22 6 0.875403
22 7 0.518614
22 8 0.544801
22 9 0.562410
22 10 0.519309
22 11 0.688573
22 12 0.537195
22 13 0.556524
22 14 0.600968
22 15 0.653244
22 16 0.613548
22 17 0.633805
22 18 0.617367
22 19 0.500001
22 20 0.550328
22 21 0.745393
22 22 0.556429
22 23 0.669256
22 24 0.545613
22 25 0.525806
22 26 0.615790
23 1 0.677276
23 2 0.993177
23 3 0.955932
23 4 0.669256
23 5 0.684319
23 6 0.986972
23 7 0.570889
23 8 0.712424
23 9 0.698254
23 10 0.552648
23 11 0.934980
23 12 0.719638
23 13 0.708092
23 14 0.815056
23 15 0.868903
23 16 0.924779
23 17 0.959188
23 18 0.929250
23 19 0.500006
23 20 0.733821
23 21 0.990181
23 22 0.669256
23 23 0.995512
23 24 0.668992
23 25 0.599954
23 26 0.861180
24 1 0.619950
24 2 0.707218
24 3 0.735863
24 4 0.545613
24 5 0.633271
24 6 0.946059
24 7 0.548600
24 8 0.546725
24 9 0.636239
24 10 0.522970
24 11 0.725377
24 12 0.592447
24 13 0.633952
24 14 0.781354
24 15 0.760538
24 16 0.704791
24 17 0.705049
24 18 0.750563
24 19 0.500002
24 20 0.568645
24 21 0.897387
24 22 0.545613
24 23 0.668992
24 24 0.631274
24 25 0.555196
25 1 0.546195
25 2 0.684515
25 3 0.601991
25 4 0.525806
25 5 0.554639
25 6 0.839083
25 7 0.525776
25 8 0.563617
25 9 0.559072
25 10 0.532243
25 11 0.704515
25 12 0.523784
25 13 0.554709
25 14 0.626967
25 15 0.624676
25 16 0.648749
25 17 0.586588
25 18 0.736767
25 19 0.500001
25 20 0.657282
25 21 0.665183
25 22 0.525806
25 23 0.599954
25 24 0.555196
25 25 0.577098
26 2 0.905197
26 6 0.998697
26 7 0.610932
26 8 0.610189
26 10 0.554090
26 12 0.697974
26 15 0.938993
26 16 0.881650
26 17 0.888938
26 19 0.500005
26 20 0.624572
26 21 0.993890
26 22 0.615790
26 23 0.861180
26 26 0.942383
