1 26 0.569657
3 17 0.886159
3 26 0.959266
4 22 0.596293
4 26 0.812724
5 26 0.808855
9 26 0.841224
11 26 0.884822
13 26 0.831452
14 26 0.992271
17 3 0.886159
18 26 0.936383
22 4 0.596293
24 26 0.803475
25 26 0.816876
26 1 0.569657
26 3 0.959266
26 4 0.812724
26 5 0.808855
26 9 0.841224
26 11 0.884822
26 13 0.831452
26 14 0.992271
26 18 0.936383
26 24 0.803475
26 25 0.816876
1 1 0.507236
1 2 0.664371
1 3 0.540782
1 4 0.518600
1 5 0.519047
1 6 0.631300
1 7 0.505811
1 8 0.522896
1 9 0.521137
1 10 0.508326
1 11 0.528276
1 12 0.527629
1 13 0.519592
1 14 0.572730
1 15 0.583681
1 16 0.543870
1 17 0.551944
1 18 0.538255
1 19 0.500001
1 20 0.554652
1 21 0.602528
1 22 0.526521
1 23 0.573722
1 24 0.521124
1 25 0.519098
2 1 0.664371
2 2 1.000000
2 3 0.998983
2 4 0.962655
2 5 0.966967
2 6 1.000000
2 7 0.683296
2 8 0.995850
2 9 0.979223
2 10 0.619829
2 11 0.991267
2 12 0.979611
2 13 0.972965
2 14 0.999989
2 15 0.999992
2 16 0.997875
2 17 0.999332
2 18 0.997410
2 19 0.500043
2 20 0.999544
2 21 1.000000
2 22 0.980092
2 23 1.000000
2 24 0.978549
2 25 0.962878
2 26 0.999994
3 1 0.540782
3 2 0.998983
3 3 0.910751
3 4 0.722257
3 5 0.713760
3 6 0.998215
3 7 0.554872
3 8 0.785148
3 9 0.742735
3 10 0.526526
3 11 0.793733
3 12 0.750763
3 13 0.738677
3 14 0.936781
3 15 0.946444
3 16 0.844335
3 18 0.862183
3 19 0.500010
3 20 0.920921
3 21 0.994668
3 22 0.719962
3 23 0.966321
3 24 0.709856
3 25 0.719863
4 1 0.518600
4 2 0.962655
4 3 0.722257
4 4 0.608974
4 5 0.606241
4 6 0.950195
4 7 0.525708
4 8 0.631156
4 9 0.621775
4 10 0.511593
4 11 0.650005
4 12 0.605381
4 13 0.618363
4 14 0.799627
4 15 0.795104
4 16 0.678880
4 17 0.707713
4 18 0.692117
4 19 0.500004
4 20 0.728207
4 21 0.904577
4 23 0.820538
4 24 0.590007
4 25 0.610438
5 1 0.519047
5 2 0.966967
5 3 0.713760
5 4 0.606241
5 5 0.606254
5 6 0.943236
5 7 0.523318
5 8 0.631566
5 9 0.620317
5 10 0.513663
5 11 0.649104
5 12 0.606158
5 13 0.615964
5 14 0.798455
5 15 0.792416
5 16 0.675865
5 17 0.711218
5 18 0.687217
5 19 0.500005
5 20 0.718944
5 21 0.898369
5 22 0.597958
5 23 0.826357
5 24 0.588307
5 25 0.607423
6 1 0.631300
6 2 1.000000
6 3 0.998215
6 4 0.950195
6 5 0.943236
6 6 1.000000
6 7 0.688632
6 8 0.963663
6 9 0.964733
6 10 0.554491
6 11 0.978972
6 12 0.930406
6 13 0.961052
6 14 0.999949
6 15 0.999924
6 16 0.991625
6 17 0.994068
6 18 0.994585
6 19 0.500028
6 20 0.999374
6 21 1.000000
6 22 0.931527
6 23 0.999961
6 24 0.938228
6 25 0.955967
6 26 0.999960
7 1 0.505811
7 2 0.683296
7 3 0.554872
7 4 0.525708
7 5 0.523318
7 6 0.688632
7 7 0.515167
7 8 0.537316
7 9 0.526598
7 10 0.507810
7 11 0.534528
7 12 0.523726
7 13 0.526022
7 14 0.580815
7 15 0.589562
7 16 0.563410
7 17 0.540053
7 18 0.551059
7 19 0.500001
7 20 0.550986
7 21 0.646604
7 22 0.520082
7 23 0.598601
7 24 0.520840
7 25 0.526413
7 26 0.590165
8 1 0.522896
8 2 0.995850
8 3 0.785148
8 4 0.631156
8 5 0.631566
8 6 0.963663
8 7 0.537316
8 8 0.776915
8 9 0.649123
8 10 0.514336
8 11 0.693163
8 12 0.684795
8 13 0.642778
8 14 0.840531
8 15 0.801890
8 16 0.741221
8 17 0.771726
8 18 0.725123
8 19 0.500008
8 20 0.774922
8 21 0.928226
8 22 0.653229
8 23 0.944110
8 24 0.654221
8 25 0.624907
8 26 0.875460
9 1 0.521137
9 2 0.979223
9 3 0.742735
9 4 0.621775
9 5 0.620317
9 6 0.964733
9 7 0.526598
9 8 0.649123
9 9 0.638689
9 10 0.510505
9 11 0.667447
9 12 0.618904
9 13 0.633572
9 14 0.830688
9 15 0.823975
9 16 0.686525
9 17 0.733289
9 18 0.710073
9 19 0.500005
9 20 0.750860
9 21 0.921106
9 22 0.607690
9 23 0.857433
9 24 0.605707
9 25 0.624026
10 1 0.508326
10 2 0.619829
10 3 0.526526
10 4 0.511593
10 5 0.513663
10 6 0.554491
10 7 0.507810
10 8 0.514336
10 9 0.510505
10 10 0.522074
10 11 0.524800
10 12 0.530712
10 13 0.509292
10 14 0.541630
10 15 0.570352
10 16 0.561924
10 17 0.551905
10 18 0.536729
10 19 0.500001
10 20 0.523760
10 21 0.620636
10 22 0.525001
10 23 0.544539
10 24 0.507404
10 25 0.510267
10 26 0.544223
11 1 0.528276
11 2 0.991267
11 3 0.793733
11 4 0.650005
11 5 0.649104
11 6 0.978972
11 7 0.534528
11 8 0.693163
11 9 0.667447
11 10 0.524800
11 11 0.714466
11 12 0.664231
11 13 0.662697
11 14 0.871944
11 15 0.864580
11 16 0.744646
11 17 0.796421
11 18 0.759038
11 19 0.500007
11 20 0.786982
11 21 0.956533
11 22 0.642819
11 23 0.904126
11 24 0.620359
11 25 0.649805
12 1 0.527629
12 2 0.979611
12 3 0.750763
12 4 0.605381
12 5 0.606158
12 6 0.930406
12 7 0.523726
12 8 0.684795
12 9 0.618904
12 10 0.530712
12 11 0.664231
12 12 0.678834
12 13 0.613832
12 14 0.788725
12 15 0.805349
12 16 0.709562
12 17 0.777175
12 18 0.703836
12 19 0.500006
12 20 0.766152
12 21 0.908391
12 22 0.636398
12 23 0.856803
12 24 0.619301
12 25 0.599301
12 26 0.816987
13 1 0.519592
13 2 0.972965
13 3 0.738677
13 4 0.618363
13 5 0.615964
13 6 0.961052
13 7 0.526022
13 8 0.642778
13 9 0.633572
13 10 0.509292
13 11 0.662697
13 12 0.613832
13 13 0.629982
13 14 0.819595
13 15 0.811406
13 16 0.681751
13 17 0.725081
13 18 0.703782
13 19 0.500005
13 20 0.746473
13 21 0.914210
13 22 0.604587
13 23 0.845855
13 24 0.598570
13 25 0.619930
14 1 0.572730
14 2 0.999989
14 3 0.936781
14 4 0.799627
14 5 0.798455
14 6 0.999949
14 7 0.580815
14 8 0.840531
14 9 0.830688
14 10 0.541630
14 11 0.871944
14 12 0.788725
14 13 0.819595
14 14 0.994403
14 15 0.991472
14 16 0.912751
14 17 0.940203
14 18 0.916268
14 19 0.500014
14 20 0.958259
14 21 0.998240
14 22 0.792919
14 23 0.993872
14 24 0.783591
14 25 0.810045
15 1 0.583681
15 2 0.999992
15 3 0.946444
15 4 0.795104
15 5 0.792416
15 6 0.999924
15 7 0.589562
15 8 0.801890
15 9 0.823975
15 10 0.570352
15 11 0.864580
15 12 0.805349
15 13 0.811406
15 14 0.991472
15 15 0.996953
15 16 0.944590
15 17 0.954338
15 18 0.934453
15 19 0.500014
15 20 0.974945
15 21 0.999296
15 22 0.817573
15 23 0.990639
15 24 0.803413
15 25 0.801704
15 26 0.992047
16 1 0.543870
16 2 0.997875
16 3 0.844335
16 4 0.678880
16 5 0.675865
16 6 0.991625
16 7 0.563410
16 8 0.741221
16 9 0.686525
16 10 0.561924
16 11 0.744646
16 12 0.709562
16 13 0.681751
16 14 0.912751
16 15 0.944590
16 16 0.897284
16 17 0.841884
16 18 0.825686
16 19 0.500009
16 20 0.871857
16 21 0.987889
16 22 0.713789
16 23 0.925610
16 24 0.668427
16 25 0.675882
16 26 0.930213
17 1 0.551944
17 2 0.999332
17 4 0.707713
17 5 0.711218
17 6 0.994068
17 7 0.540053
17 8 0.771726
17 9 0.733289
17 10 0.551905
17 11 0.796421
17 12 0.777175
17 13 0.725081
17 14 0.940203
17 15 0.954338
17 16 0.841884
17 17 0.922651
17 18 0.852345
17 19 0.500011
17 20 0.901819
17 21 0.988700
17 22 0.726254
17 23 0.959824
17 24 0.688080
17 25 0.700224
17 26 0.950934
18 1 0.538255
18 2 0.997410
18 3 0.862183
18 4 0.692117
18 5 0.687217
18 6 0.994585
18 7 0.551059
18 8 0.725123
18 9 0.710073
18 10 0.536729
18 11 0.759038
18 12 0.703836
18 13 0.703782
18 14 0.916268
18 15 0.934453
18 16 0.825686
18 17 0.852345
18 18 0.833441
18 19 0.500009
18 20 0.866078
18 21 0.989641
18 22 0.676215
18 23 0.932968
18 24 0.664958
18 25 0.692305
19 1 0.500001
19 2 0.500043
19 3 0.500010
19 4 0.500004
19 5 0.500005
19 6 0.500028
19 7 0.500001
19 8 0.500008
19 9 0.500005
19 10 0.500001
19 11 0.500007
19 12 0.500006
19 13 0.500005
19 14 0.500014
19 15 0.500014
19 16 0.500009
19 17 0.500011
19 18 0.500009
19 19 0.500000
19 20 0.500011
19 21 0.500026
19 22 0.500006
19 23 0.500021
19 24 0.500004
19 25 0.500004
19 26 0.500016
20 1 0.554652
20 2 0.999544
20 3 0.920921
20 4 0.728207
20 5 0.718944
20 6 0.999374
20 7 0.550986
20 8 0.774922
20 9 0.750860
20 10 0.523760
20 11 0.786982
20 12 0.766152
20 13 0.746473
20 14 0.958259
20 15 0.974945
20 16 0.871857
20 17 0.901819
20 18 0.866078
20 19 0.500011
20 20 0.966278
20 21 0.995408
20 22 0.781237
20 23 0.972132
20 24 0.762498
20 25 0.726646
20 26 0.969612
21 1 0.602528
21 2 1.000000
21 3 0.994668
21 4 0.904577
21 5 0.898369
21 6 1.000000
21 7 0.646604
21 8 0.928226
21 9 0.921106
21 10 0.620636
21 11 0.956533
21 12 0.908391
21 13 0.914210
21 14 0.998240
21 15 0.999296
21 16 0.987889
21 17 0.988700
21 18 0.989641
21 19 0.500026
21 20 0.995408
21 21 1.000000
21 22 0.888561
21 23 0.999358
21 24 0.875637
21 25 0.905334
21 26 0.999469
22 1 0.526521
22 2 0.980092
22 3 0.719962
22 5 0.597958
22 6 0.931527
22 7 0.520082
22 8 0.653229
22 9 0.607690
22 10 0.525001
22 11 0.642819
22 12 0.636398
22 13 0.604587
22 14 0.792919
22 15 0.817573
22 16 0.713789
22 17 0.726254
22 18 0.676215
22 19 0.500006
22 20 0.781237
22 21 0.888561
22 22 0.665117
22 23 0.865636
22 24 0.622554
22 25 0.593700
22 26 0.808246
23 1 0.573722
23 2 1.000000
23 3 0.966321
23 4 0.820538
23 5 0.826357
23 6 0.999961
23 7 0.598601
23 8 0.944110
23 9 0.857433
23 10 0.544539
23 11 0.904126
23 12 0.856803
23 13 0.845855
23 14 0.993872
23 15 0.990639
23 16 0.925610
23 17 0.959824
23 18 0.932968
23 19 0.500021
23 20 0.972132
23 21 0.999358
23 22 0.865636
23 23 0.999754
23 24 0.849491
23 25 0.819668
23 26 0.996275
24 1 0.521124
24 2 0.978549
24 3 0.709856
24 4 0.590007
24 5 0.588307
24 6 0.938228
24 7 0.520840
24 8 0.654221
24 9 0.605707
24 10 0.507404
24 11 0.620359
24 12 0.619301
24 13 0.598570
24 14 0.783591
24 15 0.803413
24 16 0.668427
24 17 0.688080
24 18 0.664958
24 19 0.500004
24 20 0.762498
24 21 0.875637
24 22 0.622554
24 23 0.849491
24 24 0.640039
24 25 0.592600
25 1 0.519098
25 2 0.962878
25 3 0.719863
25 4 0.610438
25 5 0.607423
25 6 0.955967
25 7 0.526413
25 8 0.624907
25 9 0.624026
25 10 0.510267
25 11 0.649805
25 12 0.599301
25 13 0.619930
25 14 0.810045
25 15 0.801704
25 16 0.675882
25 17 0.700224
25 18 0.692305
25 19 0.500004
25 20 0.726646
25 21 0.905334
25 22 0.593700
25 23 0.819668
25 24 0.592600
25 25 0.614419
26 2 0.999994
26 6 0.999960
26 7 0.590165
26 8 0.875460
26 10 0.544223
26 12 0.816987
26 15 0.992047
26 16 0.930213
26 17 0.950934
26 19 0.500016
26 20 0.969612
26 21 0.999469
26 22 0.808246
26 23 0.996275
26 26 0.993921
