1 26 0.856707
3 17 0.870780
3 26 0.907411
4 22 0.576043
4 26 0.857098
5 26 0.867599
9 26 0.846803
11 26 0.955253
13 26 0.891180
14 26 0.994483
17 3 0.870780
18 26 0.949903
22 4 0.576043
24 26 0.755611
25 26 0.874828
26 1 0.856707
26 3 0.907411
26 4 0.857098
26 5 0.867599
26 9 0.846803
26 11 0.955253
26 13 0.891180
26 14 0.994483
26 18 0.949903
26 24 0.755611
26 25 0.874828
1 1 0.657231
1 2 0.924585
1 3 0.690138
1 4 0.656452
1 5 0.663313
1 6 0.989977
1 7 0.560072
1 8 0.580954
1 9 0.645421
1 10 0.520922
1 11 0.751461
1 12 0.595658
1 13 0.682475
1 14 0.867347
1 15 0.767418
1 16 0.710880
1 17 0.690138
1 18 0.743911
1 19 0.500003
1 20 0.665238
1 21 0.863321
1 22 0.576433
1 23 0.596334
1 24 0.597891
1 25 0.669351
2 1 0.924585
2 2 1.000000
2 3 0.985479
2 4 0.923407
2 5 0.916561
2 6 1.000000
2 7 0.634887
2 8 0.900879
2 9 0.903168
2 10 0.688260
2 11 0.988713
2 12 0.869065
2 13 0.954466
2 14 0.998553
2 15 0.997440
2 16 0.984791
2 17 0.985479
2 18 0.981112
2 19 0.500029
2 20 0.995445
2 21 0.999993
2 22 0.802157
2 23 0.944638
2 24 0.885374
2 25 0.926179
2 26 0.998970
3 1 0.690138
3 2 0.985479
3 3 0.870780
3 4 0.703149
3 5 0.700716
3 6 0.999638
3 7 0.595946
3 8 0.671225
3 9 0.722864
3 10 0.560536
3 11 0.869069
3 12 0.650766
3 13 0.727066
3 14 0.903255
3 15 0.808636
3 16 0.853882
3 18 0.791259
3 19 0.500007
3 20 0.842888
3 21 0.933424
3 22 0.676530
3 23 0.778295
3 24 0.687161
3 25 0.704329
4 1 0.656452
4 2 0.923407
4 3 0.703149
4 4 0.657966
4 5 0.664391
4 6 0.991784
4 7 0.562851
4 8 0.582258
4 9 0.652169
4 10 0.522471
4 11 0.757319
4 12 0.592989
4 13 0.682016
4 14 0.868540
4 15 0.761205
4 16 0.725361
4 17 0.703149
4 18 0.742336
4 19 0.500003
4 20 0.663964
4 21 0.855569
4 23 0.610521
4 24 0.599969
4 25 0.669239
5 1 0.663313
5 2 0.916561
5 3 0.700716
5 4 0.664391
5 5 0.674686
5 6 0.992101
5 7 0.569814
5 8 0.578530
5 9 0.656229
5 10 0.520639
5 11 0.760161
5 12 0.590240
5 13 0.688903
5 14 0.879140
5 15 0.757732
5 16 0.726131
5 17 0.700716
5 18 0.755983
5 19 0.500003
5 20 0.653872
5 21 0.837038
5 22 0.572760
5 23 0.609629
5 24 0.602166
5 25 0.677478
6 1 0.989977
6 2 1.000000
6 3 0.999638
6 4 0.991784
6 5 0.992101
6 6 1.000000
6 7 0.859356
6 8 0.954794
6 9 0.996975
6 10 0.744352
6 11 0.999856
6 12 0.938307
6 13 0.995997
6 14 0.999998
6 15 0.999911
6 16 0.999866
6 17 0.999638
6 18 0.999482
6 19 0.500025
6 20 0.998245
6 21 1.000000
6 22 0.957310
6 23 0.989017
6 24 0.963055
6 25 0.993224
6 26 0.999998
7 1 0.560072
7 2 0.634887
7 3 0.595946
7 4 0.562851
7 5 0.569814
7 6 0.859356
7 7 0.547838
7 8 0.534245
7 9 0.564382
7 10 0.507301
7 11 0.608583
7 12 0.540812
7 13 0.570019
7 14 0.672875
7 15 0.565986
7 16 0.602225
7 17 0.595946
7 18 0.610799
7 19 0.500001
7 20 0.566208
7 21 0.572613
7 22 0.533399
7 23 0.555181
7 24 0.555749
7 25 0.569549
7 26 0.665198
8 1 0.580954
8 2 0.900879
8 3 0.671225
8 4 0.582258
8 5 0.578530
8 6 0.954794
8 7 0.534245
8 8 0.612103
8 9 0.602656
8 10 0.535468
8 11 0.643616
8 12 0.570380
8 13 0.598221
8 14 0.696180
8 15 0.683588
8 16 0.688070
8 17 0.671225
8 18 0.638656
8 19 0.500006
8 20 0.750146
8 21 0.819489
8 22 0.569382
8 23 0.674885
8 24 0.596264
8 25 0.583481
8 26 0.717396
9 1 0.645421
9 2 0.903168
9 3 0.722864
9 4 0.652169
9 5 0.656229
9 6 0.996975
9 7 0.564382
9 8 0.602656
9 9 0.708094
9 10 0.529747
9 11 0.744199
9 12 0.575380
9 13 0.673509
9 14 0.847233
9 15 0.761095
9 16 0.776228
9 17 0.722864
9 18 0.733858
9 19 0.500003
9 20 0.673701
9 21 0.842571
9 22 0.585458
9 23 0.651475
9 24 0.604600
9 25 0.658954
10 1 0.520922
10 2 0.688260
10 3 0.560536
10 4 0.522471
10 5 0.520639
10 6 0.744352
10 7 0.507301
10 8 0.535468
10 9 0.529747
10 10 0.516927
10 11 0.538715
10 12 0.513004
10 13 0.526320
10 14 0.542552
10 15 0.556530
10 16 0.569192
10 17 0.560536
10 18 0.540001
10 19 0.500002
10 20 0.591635
10 21 0.617655
10 22 0.517280
10 23 0.559970
10 24 0.527842
10 25 0.520040
10 26 0.561318
11 1 0.751461
11 2 0.988713
11 3 0.869069
11 4 0.757319
11 5 0.760161
11 6 0.999856
11 7 0.608583
11 8 0.643616
11 9 0.744199
11 10 0.538715
11 11 0.923799
11 12 0.693370
11 13 0.790685
11 14 0.961184
11 15 0.872542
11 16 0.845593
11 17 0.869069
11 18 0.850815
11 19 0.500005
11 20 0.790607
11 21 0.961578
11 22 0.696261
11 23 0.713351
11 24 0.683002
11 25 0.771895
12 1 0.595658
12 2 0.869065
12 3 0.650766
12 4 0.592989
12 5 0.590240
12 6 0.938307
12 7 0.540812
12 8 0.570380
12 9 0.575380
12 10 0.513004
12 11 0.693370
12 12 0.611821
12 13 0.614354
12 14 0.745332
12 15 0.698130
12 16 0.624025
12 17 0.650766
12 18 0.646518
12 19 0.500004
12 20 0.654015
12 21 0.842737
12 22 0.588018
12 23 0.586856
12 24 0.582090
12 25 0.603444
12 26 0.738044
13 1 0.682475
13 2 0.954466
13 3 0.727066
13 4 0.682016
13 5 0.688903
13 6 0.995997
13 7 0.570019
13 8 0.598221
13 9 0.673509
13 10 0.526320
13 11 0.790685
13 12 0.614354
13 13 0.711958
13 14 0.898393
13 15 0.805175
13 16 0.748362
13 17 0.727066
13 18 0.778351
13 19 0.500004
13 20 0.696169
13 21 0.903627
13 22 0.594694
13 23 0.615845
13 24 0.616836
13 25 0.695870
14 1 0.867347
14 2 0.998553
14 3 0.903255
14 4 0.868540
14 5 0.879140
14 6 0.999998
14 7 0.672875
14 8 0.696180
14 9 0.847233
14 10 0.542552
14 11 0.961184
14 12 0.745332
14 13 0.898393
14 14 0.997146
14 15 0.961813
14 16 0.915061
14 17 0.903255
14 18 0.950345
14 19 0.500007
14 20 0.843719
14 21 0.990608
14 22 0.684021
14 23 0.761512
14 24 0.752189
14 25 0.887243
15 1 0.767418
15 2 0.997440
15 3 0.808636
15 4 0.761205
15 5 0.757732
15 6 0.999911
15 7 0.565986
15 8 0.683588
15 9 0.761095
15 10 0.556530
15 11 0.872542
15 12 0.698130
15 13 0.805175
15 14 0.961813
15 15 0.950701
15 16 0.860224
15 17 0.808636
15 18 0.865817
15 19 0.500009
15 20 0.842219
15 21 0.994229
15 22 0.656883
15 23 0.679844
15 24 0.661368
15 25 0.775437
15 26 0.961632
16 1 0.710880
16 2 0.984791
16 3 0.853882
16 4 0.725361
16 5 0.726131
16 6 0.999866
16 7 0.602225
16 8 0.688070
16 9 0.776228
16 10 0.569192
16 11 0.845593
16 12 0.624025
16 13 0.748362
16 14 0.915061
16 15 0.860224
16 16 0.933063
16 17 0.853882
16 18 0.824205
16 19 0.500006
16 20 0.815784
16 21 0.955293
16 22 0.608861
16 23 0.838947
16 24 0.662003
16 25 0.726228
16 26 0.929664
17 1 0.690138
17 2 0.985479
17 4 0.703149
17 5 0.700716
17 6 0.999638
17 7 0.595946
17 8 0.671225
17 9 0.722864
17 10 0.560536
17 11 0.869069
17 12 0.650766
17 13 0.727066
17 14 0.903255
17 15 0.808636
17 16 0.853882
17 17 0.870780
17 18 0.791259
17 19 0.500007
17 20 0.842888
17 21 0.933424
17 22 0.676530
17 23 0.778295
17 24 0.687161
17 25 0.704329
17 26 0.907411
18 1 0.743911
18 2 0.981112
18 3 0.791259
18 4 0.742336
18 5 0.755983
18 6 0.999482
18 7 0.610799
18 8 0.638656
18 9 0.733858
18 10 0.540001
18 11 0.850815
18 12 0.646518
18 13 0.778351
18 14 0.950345
18 15 0.865817
18 16 0.824205
18 17 0.791259
18 18 0.866222
18 19 0.500006
18 20 0.768663
18 21 0.941234
18 22 0.626134
18 23 0.654453
18 24 0.671472
18 25 0.761348
19 1 0.500003
19 2 0.500029
19 3 0.500007
19 4 0.500003
19 5 0.500003
19 6 0.500025
19 7 0.500001
19 8 0.500006
19 9 0.500003
19 10 0.500002
19 11 0.500005
19 12 0.500004
19 13 0.500004
19 14 0.500007
19 15 0.500009
19 16 0.500006
19 17 0.500007
19 18 0.500006
19 19 0.500000
19 20 0.500015
19 21 0.500021
19 22 0.500004
19 23 0.500007
19 24 0.500005
19 25 0.500003
19 26 0.500009
20 1 0.665238
20 2 0.995445
20 3 0.842888
20 4 0.663964
20 5 0.653872
20 6 0.998245
20 7 0.566208
20 8 0.750146
20 9 0.673701
20 10 0.591635
20 11 0.790607
20 12 0.654015
20 13 0.696169
20 14 0.843719
20 15 0.842219
20 16 0.815784
20 17 0.842888
20 18 0.768663
20 19 0.500015
20 20 0.955682
20 21 0.967069
20 22 0.678932
20 23 0.830054
20 24 0.719281
20 25 0.664247
20 26 0.875260
21 1 0.863321
21 2 0.999993
21 3 0.933424
21 4 0.855569
21 5 0.837038
21 6 1.000000
21 7 0.572613
21 8 0.819489
21 9 0.842571
21 10 0.617655
21 11 0.961578
21 12 0.842737
21 13 0.903627
21 14 0.990608
21 15 0.994229
21 16 0.955293
21 17 0.933424
21 18 0.941234
21 19 0.500021
21 20 0.967069
21 21 0.999967
21 22 0.777779
21 23 0.847640
21 24 0.767465
21 25 0.864875
21 26 0.992635
22 1 0.576433
22 2 0.802157
22 3 0.676530
22 5 0.572760
22 6 0.957310
22 7 0.533399
22 8 0.569382
22 9 0.585458
22 10 0.517280
22 11 0.696261
22 12 0.588018
22 13 0.594694
22 14 0.684021
22 15 0.656883
22 16 0.608861
22 17 0.676530
22 18 0.626134
22 19 0.500004
22 20 0.678932
22 21 0.777779
22 22 0.639102
22 23 0.579569
22 24 0.575233
22 25 0.581442
22 26 0.696109
23 1 0.596334
23 2 0.944638
23 3 0.778295
23 4 0.610521
23 5 0.609629
23 6 0.989017
23 7 0.555181
23 8 0.674885
23 9 0.651475
23 10 0.559970
23 11 0.713351
23 12 0.586856
23 13 0.615845
23 14 0.761512
23 15 0.679844
23 16 0.838947
23 17 0.778295
23 18 0.654453
23 19 0.500007
23 20 0.830054
23 21 0.847640
23 22 0.579569
23 23 0.925281
23 24 0.629540
23 25 0.603515
23 26 0.773337
24 1 0.597891
24 2 0.885374
24 3 0.687161
24 4 0.599969
24 5 0.602166
24 6 0.963055
24 7 0.555749
24 8 0.596264
24 9 0.604600
24 10 0.527842
24 11 0.683002
24 12 0.582090
24 13 0.616836
24 14 0.752189
24 15 0.661368
24 16 0.662003
24 17 0.687161
24 18 0.671472
24 19 0.500005
24 20 0.719281
24 21 0.767465
24 22 0.575233
24 23 0.629540
24 24 0.614994
24 25 0.607025
25 1 0.669351
25 2 0.926179
25 3 0.704329
25 4 0.669239
25 5 0.677478
25 6 0.993224
25 7 0.569549
25 8 0.583481
25 9 0.658954
25 10 0.520040
25 11 0.771895
25 12 0.603444
25 13 0.695870
25 14 0.887243
25 15 0.775437
25 16 0.726228
25 17 0.704329
25 18 0.761348
25 19 0.500003
25 20 0.664247
25 21 0.864875
25 22 0.581442
25 23 0.603515
25 24 0.607025
25 25 0.684158
26 2 0.998970
26 6 0.999998
26 7 0.665198
26 8 0.717396
26 10 0.561318
26 12 0.738044
26 15 0.961632
26 16 0.929664
26 17 0.907411
26 19 0.500009
26 20 0.875260
26 21 0.992635
26 22 0.696109
26 23 0.773337
26 26 0.992926
