1 26 0.528841
3 17 0.942553
3 26 0.982621
4 22 0.549087
4 26 0.711649
5 26 0.707320
9 26 0.714959
11 26 0.769085
13 26 0.717525
14 26 0.902561
17 3 0.942553
18 26 0.844797
22 4 0.549087
24 26 0.724305
25 26 0.704845
26 1 0.528841
26 3 0.982621
26 4 0.711649
26 5 0.707320
26 9 0.714959
26 11 0.769085
26 13 0.717525
26 14 0.902561
26 18 0.844797
26 24 0.724305
26 25 0.704845
1 1 0.504884
1 2 0.585918
1 3 0.537449
1 4 0.512705
1 5 0.508760
1 6 0.561298
1 7 0.502719
1 8 0.524518
1 9 0.516807
1 10 0.503531
1 11 0.514055
1 12 0.502133
1 13 0.506857
1 14 0.517948
1 15 0.524637
1 16 0.526598
1 17 0.522887
1 18 0.522482
1 19 0.500000
1 20 0.521876
1 21 0.585224
1 22 0.510402
1 23 0.537909
1 24 0.510071
1 25 0.506972
2 1 0.585918
2 2 1.000000
2 3 0.999831
2 4 0.876846
2 5 0.829623
2 6 0.999992
2 7 0.612731
2 8 0.907417
2 9 0.913000
2 10 0.563164
2 11 0.901387
2 12 0.581645
2 13 0.820915
2 14 0.977263
2 15 0.963492
2 16 0.997836
2 17 0.961419
2 18 0.967173
2 19 0.500013
2 20 0.982982
2 21 0.999977
2 22 0.793171
2 23 0.971680
2 24 0.853375
2 25 0.814609
2 26 0.991249
3 1 0.537449
3 2 0.999831
3 3 0.999792
3 4 0.832660
3 5 0.825928
3 6 0.999949
3 7 0.588037
3 8 0.874678
3 9 0.817199
3 10 0.508292
3 11 0.874544
3 12 0.510098
3 13 0.853583
3 14 0.977039
3 15 0.780240
3 16 0.991287
3 18 0.957726
3 19 0.500007
3 20 0.969181
3 21 0.997460
3 22 0.676684
3 23 0.988020
3 24 0.861276
3 25 0.826813
4 1 0.512705
4 2 0.876846
4 3 0.832660
4 4 0.590495
4 5 0.582512
4 6 0.893742
4 7 0.521816
4 8 0.608725
4 9 0.587311
4 10 0.507087
4 11 0.610181
4 12 0.503322
4 13 0.587154
4 14 0.692180
4 15 0.590793
4 16 0.722035
4 17 0.646914
4 18 0.662376
4 19 0.500002
4 20 0.675161
4 21 0.820299
4 23 0.713162
4 24 0.593502
4 25 0.580770
5 1 0.508760
5 2 0.829623
5 3 0.825928
5 4 0.582512
5 5 0.585342
5 6 0.885771
5 7 0.523787
5 8 0.587901
5 9 0.577179
5 10 0.502725
5 11 0.612636
5 12 0.501941
5 13 0.591463
5 14 0.697270
5 15 0.585983
5 16 0.695751
5 17 0.633828
5 18 0.656156
5 19 0.500002
5 20 0.659933
5 21 0.791744
5 22 0.536122
5 23 0.724964
5 24 0.593192
5 25 0.585008
6 1 0.561298
6 2 0.999992
6 3 0.999949
6 4 0.893742
6 5 0.885771
6 6 0.999999
6 7 0.630752
6 8 0.898806
6 9 0.897413
6 10 0.520590
6 11 0.937631
6 12 0.575662
6 13 0.894868
6 14 0.993108
6 15 0.916279
6 16 0.996254
6 17 0.963415
6 18 0.982620
6 19 0.500010
6 20 0.978005
6 21 0.999874
6 22 0.747240
6 23 0.987031
6 24 0.907037
6 25 0.885251
6 26 0.995905
7 1 0.502719
7 2 0.612731
7 3 0.588037
7 4 0.521816
7 5 0.523787
7 6 0.630752
7 7 0.512617
7 8 0.514333
7 9 0.530032
7 10 0.503559
7 11 0.531563
7 12 0.494932
7 13 0.521496
7 14 0.558385
7 15 0.539616
7 16 0.549267
7 17 0.540610
7 18 0.546235
7 19 0.500001
7 20 0.563884
7 21 0.613561
7 22 0.508843
7 23 0.537554
7 24 0.523881
7 25 0.523370
7 26 0.559397
8 1 0.524518
8 2 0.907417
8 3 0.874678
8 4 0.608725
8 5 0.587901
8 6 0.898806
8 7 0.514333
8 8 0.752832
8 9 0.586109
8 10 0.507655
8 11 0.604136
8 12 0.488205
8 13 0.598004
8 14 0.673137
8 15 0.510917
8 16 0.760905
8 17 0.725771
8 18 0.728718
8 19 0.500002
8 20 0.718786
8 21 0.834800
8 22 0.560643
8 23 0.899334
8 24 0.620190
8 25 0.577657
8 26 0.722581
9 1 0.516807
9 2 0.913000
9 3 0.817199
9 4 0.587311
9 5 0.577179
9 6 0.897413
9 7 0.530032
9 8 0.586109
9 9 0.663831
9 10 0.522332
9 11 0.608029
9 12 0.524559
9 13 0.567873
9 14 0.706300
9 15 0.693994
9 16 0.765888
9 17 0.655660
9 18 0.640633
9 19 0.500003
9 20 0.719503
9 21 0.889451
9 22 0.554163
9 23 0.666171
9 24 0.586926
9 25 0.572447
10 1 0.503531
10 2 0.563164
10 3 0.508292
10 4 0.507087
10 5 0.502725
10 6 0.520590
10 7 0.503559
10 8 0.507655
10 9 0.522332
10 10 0.507809
10 11 0.507491
10 12 0.503500
10 13 0.499632
10 14 0.511545
10 15 0.536314
10 16 0.516172
10 17 0.517241
10 18 0.506530
10 19 0.500001
10 20 0.536806
10 21 0.573022
10 22 0.508225
10 23 0.491734
10 24 0.502184
10 25 0.501680
10 26 0.515566
11 1 0.514055
11 2 0.901387
11 3 0.874544
11 4 0.610181
11 5 0.612636
11 6 0.937631
11 7 0.531563
11 8 0.604136
11 9 0.608029
11 10 0.507491
11 11 0.666299
11 12 0.519571
11 13 0.615918
11 14 0.744139
11 15 0.663372
11 16 0.736915
11 17 0.673522
11 18 0.687835
11 19 0.500004
11 20 0.681209
11 21 0.891653
11 22 0.555512
11 23 0.797183
11 24 0.614016
11 25 0.610226
12 1 0.502133
12 2 0.581645
12 3 0.510098
12 4 0.503322
12 5 0.501941
12 6 0.575662
12 7 0.494932
12 8 0.488205
12 9 0.524559
12 10 0.503500
12 11 0.519571
12 12 0.562006
12 13 0.500135
12 14 0.520655
12 15 0.560976
12 16 0.491627
12 17 0.507408
12 18 0.503903
12 19 0.499999
12 20 0.469908
12 21 0.655430
12 22 0.507885
12 23 0.485993
12 24 0.496167
12 25 0.499793
12 26 0.532117
13 1 0.506857
13 2 0.820915
13 3 0.853583
13 4 0.587154
13 5 0.591463
13 6 0.894868
13 7 0.521496
13 8 0.598004
13 9 0.567873
13 10 0.499632
13 11 0.615918
13 12 0.500135
13 13 0.605063
13 14 0.713914
13 15 0.559285
13 16 0.706906
13 17 0.642198
13 18 0.668435
13 19 0.500002
13 20 0.675415
13 21 0.764093
13 22 0.533847
13 23 0.750159
13 24 0.603124
13 25 0.593127
14 1 0.517948
14 2 0.977263
14 3 0.977039
14 4 0.692180
14 5 0.697270
14 6 0.993108
14 7 0.558385
14 8 0.673137
14 9 0.706300
14 10 0.511545
14 11 0.744139
14 12 0.520655
14 13 0.713914
14 14 0.912746
14 15 0.711398
14 16 0.898228
14 17 0.784082
14 18 0.821887
14 19 0.500004
14 20 0.869829
14 21 0.959211
14 22 0.583277
14 23 0.880063
14 24 0.718420
14 25 0.700392
15 1 0.524637
15 2 0.963492
15 3 0.780240
15 4 0.590793
15 5 0.585983
15 6 0.916279
15 7 0.539616
15 8 0.510917
15 9 0.693994
15 10 0.536314
15 11 0.663372
15 12 0.560976
15 13 0.559285
15 14 0.711398
15 15 0.883774
15 16 0.764793
15 17 0.607306
15 18 0.576485
15 19 0.500008
15 20 0.667414
15 21 0.964562
15 22 0.577841
15 23 0.650743
15 24 0.559370
15 25 0.578756
15 26 0.753581
16 1 0.526598
16 2 0.997836
16 3 0.991287
16 4 0.722035
16 5 0.695751
16 6 0.996254
16 7 0.549267
16 8 0.760905
16 9 0.765888
16 10 0.516172
16 11 0.736915
16 12 0.491627
16 13 0.706906
16 14 0.898228
16 15 0.764793
16 16 0.974124
16 17 0.827967
16 18 0.823879
16 19 0.500007
16 20 0.898293
16 21 0.974655
16 22 0.633338
16 23 0.931347
16 24 0.732678
16 25 0.691705
16 26 0.907210
17 1 0.522887
17 2 0.961419
17 4 0.646914
17 5 0.633828
17 6 0.963415
17 7 0.540610
17 8 0.725771
17 9 0.655660
17 10 0.517241
17 11 0.673522
17 12 0.507408
17 13 0.642198
17 14 0.784082
17 15 0.607306
17 16 0.827967
17 17 0.788737
17 18 0.784547
17 19 0.500003
17 20 0.822676
17 21 0.938015
17 22 0.574001
17 23 0.888929
17 24 0.659050
17 25 0.626173
17 26 0.812498
18 1 0.522482
18 2 0.967173
18 3 0.957726
18 4 0.662376
18 5 0.656156
18 6 0.982620
18 7 0.546235
18 8 0.728718
18 9 0.640633
18 10 0.506530
18 11 0.687835
18 12 0.503903
18 13 0.668435
18 14 0.821887
18 15 0.576485
18 16 0.823879
18 17 0.784547
18 18 0.823245
18 19 0.500002
18 20 0.818821
18 21 0.941586
18 22 0.574037
18 23 0.867028
18 24 0.683004
18 25 0.652069
19 1 0.500000
19 2 0.500013
19 3 0.500007
19 4 0.500002
19 5 0.500002
19 6 0.500010
19 7 0.500001
19 8 0.500002
19 9 0.500003
19 10 0.500001
19 11 0.500004
19 12 0.499999
19 13 0.500002
19 14 0.500004
19 15 0.500008
19 16 0.500007
19 17 0.500003
19 18 0.500002
19 19 0.500000
19 20 0.500005
19 21 0.500010
19 22 0.500001
19 23 0.500012
19 24 0.500002
19 25 0.500002
19 26 0.500005
20 1 0.521876
20 2 0.982982
20 3 0.969181
20 4 0.675161
20 5 0.659933
20 6 0.978005
20 7 0.563884
20 8 0.718786
20 9 0.719503
20 10 0.536806
20 11 0.681209
20 12 0.469908
20 13 0.675415
20 14 0.869829
20 15 0.667414
20 16 0.898293
20 17 0.822676
20 18 0.818821
20 19 0.500005
20 20 0.939773
20 21 0.950508
20 22 0.581907
20 23 0.820745
20 24 0.695264
20 25 0.660559
20 26 0.859303
21 1 0.585224
21 2 0.999977
21 3 0.997460
21 4 0.820299
21 5 0.791744
21 6 0.999874
21 7 0.613561
21 8 0.834800
21 9 0.889451
21 10 0.573022
21 11 0.891653
21 12 0.655430
21 13 0.764093
21 14 0.959211
21 15 0.964562
21 16 0.974655
21 17 0.938015
21 18 0.941586
21 19 0.500010
21 20 0.950508
21 21 0.999974
21 22 0.733875
21 23 0.962458
21 24 0.792021
21 25 0.768884
21 26 0.982392
22 1 0.510402
22 2 0.793171
22 3 0.676684
22 5 0.536122
22 6 0.747240
22 7 0.508843
22 8 0.560643
22 9 0.554163
22 10 0.508225
22 11 0.555512
22 12 0.507885
22 13 0.533847
22 14 0.583277
22 15 0.577841
22 16 0.633338
22 17 0.574001
22 18 0.574037
22 19 0.500001
22 20 0.581907
22 21 0.733875
22 22 0.537166
22 23 0.588512
22 24 0.539787
22 25 0.533256
22 26 0.610295
23 1 0.537909
23 2 0.971680
23 3 0.988020
23 4 0.713162
23 5 0.724964
23 6 0.987031
23 7 0.537554
23 8 0.899334
23 9 0.666171
23 10 0.491734
23 11 0.797183
23 12 0.485993
23 13 0.750159
23 14 0.880063
23 15 0.650743
23 16 0.931347
23 17 0.888929
23 18 0.867028
23 19 0.500012
23 20 0.820745
23 21 0.962458
23 22 0.588512
23 23 0.999689
23 24 0.754909
23 25 0.703492
23 26 0.911128
24 1 0.510071
24 2 0.853375
24 3 0.861276
24 4 0.593502
24 5 0.593192
24 6 0.907037
24 7 0.523881
24 8 0.620190
24 9 0.586926
24 10 0.502184
24 11 0.614016
24 12 0.496167
24 13 0.603124
24 14 0.718420
24 15 0.559370
24 16 0.732678
24 17 0.659050
24 18 0.683004
24 19 0.500002
24 20 0.695264
24 21 0.792021
24 22 0.539787
24 23 0.754909
24 24 0.609794
24 25 0.592941
25 1 0.506972
25 2 0.814609
25 3 0.826813
25 4 0.580770
25 5 0.585008
25 6 0.885251
25 7 0.523370
25 8 0.577657
25 9 0.572447
25 10 0.501680
25 11 0.610226
25 12 0.499793
25 13 0.593127
25 14 0.700392
25 15 0.578756
25 16 0.691705
25 17 0.626173
25 18 0.652069
25 19 0.500002
25 20 0.660559
25 21 0.768884
25 22 0.533256
25 23 0.703492
25 24 0.592941
25 25 0.586389
26 2 0.991249
26 6 0.995905
26 7 0.559397
26 8 0.722581
26 10 0.515566
26 12 0.532117
26 15 0.753581
26 16 0.907210
26 17 0.812498
26 19 0.500005
26 20 0.859303
26 21 0.982392
26 22 0.610295
26 23 0.911128
26 26 0.915710
