1 26 0.889193
3 17 0.997435
3 26 0.995797
4 22 0.592728
4 26 0.725924
5 26 0.615377
9 26 0.910901
11 26 0.932257
13 26 0.905916
14 26 0.987908
17 3 0.997435
18 26 0.997315
22 4 0.592728
24 26 0.922300
25 26 0.608491
26 1 0.889193
26 3 0.995797
26 4 0.725924
26 5 0.615377
26 9 0.910901
26 11 0.932257
26 13 0.905916
26 14 0.987908
26 18 0.997315
26 24 0.922300
26 25 0.608491
1 1 0.706179
1 2 0.978379
1 3 0.908697
1 4 0.599630
1 5 0.550485
1 6 0.995151
1 7 0.546847
1 8 0.676628
1 9 0.726804
1 10 0.552150
1 11 0.749963
1 12 0.675681
1 13 0.721727
1 14 0.863594
1 15 0.798323
1 16 0.895198
1 17 0.891684
1 18 0.923661
1 19 0.500005
1 20 0.941397
1 21 0.970109
1 22 0.599630
1 23 0.955201
1 24 0.739433
1 25 0.544272
2 1 0.978379
2 2 1.000000
2 3 0.999945
2 4 0.865857
2 5 0.668101
2 6 1.000000
2 7 0.677225
2 8 0.978255
2 9 0.986260
2 10 0.686304
2 11 0.991634
2 12 0.928140
2 13 0.982745
2 14 0.999651
2 15 0.999741
2 16 0.999930
2 17 0.999886
2 18 0.999998
2 19 0.500038
2 20 0.999998
2 21 1.000000
2 22 0.865857
2 23 1.000000
2 24 0.988854
2 25 0.778009
2 26 0.999907
3 1 0.908697
3 2 0.999945
3 3 0.998290
3 4 0.775529
3 5 0.616059
3 6 0.999999
3 7 0.627894
3 8 0.881657
3 9 0.926661
3 10 0.643269
3 11 0.946424
3 12 0.881842
3 13 0.923980
3 14 0.990096
3 15 0.968655
3 16 0.997542
3 18 0.998989
3 19 0.500013
3 20 0.999503
3 21 0.999917
3 22 0.775529
3 23 0.999857
3 24 0.941413
3 25 0.617589
4 1 0.599630
4 2 0.865857
4 3 0.775529
4 4 0.592728
4 5 0.525671
4 6 0.959329
4 7 0.530316
4 8 0.608729
4 9 0.606728
4 10 0.538556
4 11 0.634889
4 12 0.604341
4 13 0.609237
4 14 0.661883
4 15 0.641337
4 16 0.769186
4 17 0.768770
4 18 0.793113
4 19 0.500002
4 20 0.838350
4 21 0.804365
4 23 0.868510
4 24 0.627228
4 25 0.548258
5 1 0.550485
5 2 0.668101
5 3 0.616059
5 4 0.525671
5 5 0.547325
5 6 0.751316
5 7 0.506566
5 8 0.538113
5 9 0.555859
5 10 0.518027
5 11 0.576499
5 12 0.544211
5 13 0.557882
5 14 0.606367
5 15 0.547508
5 16 0.567166
5 17 0.599555
5 18 0.588426
5 19 0.500004
5 20 0.632203
5 21 0.604341
5 22 0.525671
5 23 0.645672
5 24 0.561473
5 25 0.524200
6 1 0.995151
6 2 1.000000
6 3 0.999999
6 4 0.959329
6 5 0.751316
6 6 1.000000
6 7 0.803882
6 8 0.995901
6 9 0.997528
6 10 0.790902
6 11 0.999087
6 12 0.995708
6 13 0.997284
6 14 0.999972
6 15 0.999656
6 16 1.000000
6 17 0.999999
6 18 0.999999
6 19 0.500022
6 20 1.000000
6 21 1.000000
6 22 0.959329
6 23 1.000000
6 24 0.998193
6 25 0.843699
6 26 0.999997
7 1 0.546847
7 2 0.677225
7 3 0.627894
7 4 0.530316
7 5 0.506566
7 6 0.803882
7 7 0.529984
7 8 0.534931
7 9 0.552278
7 10 0.516681
7 11 0.570599
7 12 0.532680
7 13 0.548808
7 14 0.576125
7 15 0.599209
7 16 0.627850
7 17 0.622461
7 18 0.619874
7 19 0.500001
7 20 0.637594
7 21 0.717238
7 22 0.530316
7 23 0.660030
7 24 0.555712
7 25 0.526030
7 26 0.612758
8 1 0.676628
8 2 0.978255
8 3 0.881657
8 4 0.608729
8 5 0.538113
8 6 0.995901
8 7 0.534931
8 8 0.701073
8 9 0.695150
8 10 0.545615
8 11 0.713759
8 12 0.684667
8 13 0.693060
8 14 0.822628
8 15 0.778635
8 16 0.889090
8 17 0.866520
8 18 0.912664
8 19 0.500004
8 20 0.938033
8 21 0.953188
8 22 0.608729
8 23 0.952356
8 24 0.707444
8 25 0.554875
8 26 0.855558
9 1 0.726804
9 2 0.986260
9 3 0.926661
9 4 0.606728
9 5 0.555859
9 6 0.997528
9 7 0.552278
9 8 0.695150
9 9 0.751009
9 10 0.556154
9 11 0.774332
9 12 0.692764
9 13 0.743850
9 14 0.887733
9 15 0.824614
9 16 0.913976
9 17 0.910281
9 18 0.936193
9 19 0.500006
9 20 0.954525
9 21 0.979218
9 22 0.606728
9 23 0.963850
9 24 0.760795
9 25 0.548375
10 1 0.552150
10 2 0.686304
10 3 0.643269
10 4 0.538556
10 5 0.518027
10 6 0.790902
10 7 0.516681
10 8 0.545615
10 9 0.556154
10 10 0.523172
10 11 0.570565
10 12 0.547613
10 13 0.557184
10 14 0.594936
10 15 0.578827
10 16 0.634399
10 17 0.634353
10 18 0.660488
10 19 0.500001
10 20 0.687958
10 21 0.638545
10 22 0.538556
10 23 0.674083
10 24 0.567003
10 25 0.520451
10 26 0.620094
11 1 0.749963
11 2 0.991634
11 3 0.946424
11 4 0.634889
11 5 0.576499
11 6 0.999087
11 7 0.570599
11 8 0.713759
11 9 0.774332
11 10 0.570565
11 11 0.813160
11 12 0.707335
11 13 0.768533
11 14 0.902031
11 15 0.849891
11 16 0.934005
11 17 0.933070
11 18 0.945963
11 19 0.500008
11 20 0.967205
11 21 0.986818
11 22 0.634889
11 23 0.979578
11 24 0.787130
11 25 0.581899
12 1 0.675681
12 2 0.928140
12 3 0.881842
12 4 0.604341
12 5 0.544211
12 6 0.995708
12 7 0.532680
12 8 0.684667
12 9 0.692764
12 10 0.547613
12 11 0.707335
12 12 0.727449
12 13 0.697907
12 14 0.834433
12 15 0.702806
12 16 0.879797
12 17 0.864717
12 18 0.882656
12 19 0.500002
12 20 0.920724
12 21 0.956992
12 22 0.604341
12 23 0.923608
12 24 0.708660
12 25 0.526386
12 26 0.854053
13 1 0.721727
13 2 0.982745
13 3 0.923980
13 4 0.609237
13 5 0.557882
13 6 0.997284
13 7 0.548808
13 8 0.693060
13 9 0.743850
13 10 0.557184
13 11 0.768533
13 12 0.697907
13 13 0.740189
13 14 0.881723
13 15 0.806921
13 16 0.912274
13 17 0.907811
13 18 0.932645
13 19 0.500006
13 20 0.951711
13 21 0.977866
13 22 0.609237
13 23 0.963426
13 24 0.756825
13 25 0.547595
14 1 0.863594
14 2 0.999651
14 3 0.990096
14 4 0.661883
14 5 0.606367
14 6 0.999972
14 7 0.576125
14 8 0.822628
14 9 0.887733
14 10 0.594936
14 11 0.902031
14 12 0.834433
14 13 0.881723
14 14 0.986549
14 15 0.948813
14 16 0.987033
14 17 0.984137
14 18 0.993957
14 19 0.500013
14 20 0.996525
14 21 0.999240
14 22 0.661883
14 23 0.997317
14 24 0.896706
14 25 0.556079
15 1 0.798323
15 2 0.999741
15 3 0.968655
15 4 0.641337
15 5 0.547508
15 6 0.999656
15 7 0.599209
15 8 0.778635
15 9 0.824614
15 10 0.578827
15 11 0.849891
15 12 0.702806
15 13 0.806921
15 14 0.948813
15 15 0.971280
15 16 0.968476
15 17 0.958227
15 18 0.986984
15 19 0.500010
15 20 0.993822
15 21 0.995580
15 22 0.641337
15 23 0.992355
15 24 0.832725
15 25 0.624906
15 26 0.964403
16 1 0.895198
16 2 0.999930
16 3 0.997542
16 4 0.769186
16 5 0.567166
16 6 1.000000
16 7 0.627850
16 8 0.889090
16 9 0.913976
16 10 0.634399
16 11 0.934005
16 12 0.879797
16 13 0.912274
16 14 0.987033
16 15 0.968476
16 16 0.998111
16 17 0.996506
16 18 0.998905
16 19 0.500009
16 20 0.999327
16 21 0.999923
16 22 0.769186
16 23 0.999826
16 24 0.929786
16 25 0.617914
16 26 0.994268
17 1 0.891684
17 2 0.999886
17 4 0.768770
17 5 0.599555
17 6 0.999999
17 7 0.622461
17 8 0.866520
17 9 0.910281
17 10 0.634353
17 11 0.933070
17 12 0.864717
17 13 0.907811
17 14 0.984137
17 15 0.958227
17 16 0.996506
17 17 0.996417
17 18 0.998491
17 19 0.500011
17 20 0.999164
17 21 0.999849
17 22 0.768770
17 23 0.999790
17 24 0.928235
17 25 0.612321
17 26 0.993466
18 1 0.923661
18 2 0.999998
18 3 0.998989
18 4 0.793113
18 5 0.588426
18 6 0.999999
18 7 0.619874
18 8 0.912664
18 9 0.936193
18 10 0.660488
18 11 0.945963
18 12 0.882656
18 13 0.932645
18 14 0.993957
18 15 0.986984
18 16 0.998905
18 17 0.998491
18 18 0.999945
18 19 0.500014
18 20 0.999877
18 21 0.999936
18 22 0.793113
18 23 0.999973
18 24 0.954854
18 25 0.607433
19 1 0.500005
19 2 0.500038
19 3 0.500013
19 4 0.500002
19 5 0.500004
19 6 0.500022
19 7 0.500001
19 8 0.500004
19 9 0.500006
19 10 0.500001
19 11 0.500008
19 12 0.500002
19 13 0.500006
19 14 0.500013
19 15 0.500010
19 16 0.500009
19 17 0.500011
19 18 0.500014
19 19 0.500000
19 20 0.500016
19 21 0.500013
19 22 0.500002
19 23 0.500026
19 24 0.500006
19 25 0.500002
19 26 0.500013
20 1 0.941397
20 2 0.999998
20 3 0.999503
20 4 0.838350
20 5 0.632203
20 6 1.000000
20 7 0.637594
20 8 0.938033
20 9 0.954525
20 10 0.687958
20 11 0.967205
20 12 0.920724
20 13 0.951711
20 14 0.996525
20 15 0.993822
20 16 0.999327
20 17 0.999164
20 18 0.999877
20 19 0.500016
20 20 0.999984
20 21 0.999933
20 22 0.838350
20 23 0.999976
20 24 0.967653
20 25 0.684153
20 26 0.998562
21 1 0.970109
21 2 1.000000
21 3 0.999917
21 4 0.804365
21 5 0.604341
21 6 1.000000
21 7 0.717238
21 8 0.953188
21 9 0.979218
21 10 0.638545
21 11 0.986818
21 12 0.956992
21 13 0.977866
21 14 0.999240
21 15 0.995580
21 16 0.999923
21 17 0.999849
21 18 0.999936
21 19 0.500013
21 20 0.999933
21 21 1.000000
21 22 0.804365
21 23 0.999999
21 24 0.981623
21 25 0.643935
21 26 0.999781
22 1 0.599630
22 2 0.865857
22 3 0.775529
22 5 0.525671
22 6 0.959329
22 7 0.530316
22 8 0.608729
22 9 0.606728
22 10 0.538556
22 11 0.634889
22 12 0.604341
22 13 0.609237
22 14 0.661883
22 15 0.641337
22 16 0.769186
22 17 0.768770
22 18 0.793113
22 19 0.500002
22 20 0.838350
22 21 0.804365
22 22 0.592728
22 23 0.868510
22 24 0.627228
22 25 0.548258
22 26 0.725924
23 1 0.955201
23 2 1.000000
23 3 0.999857
23 4 0.868510
23 5 0.645672
23 6 1.000000
23 7 0.660030
23 8 0.952356
23 9 0.963850
23 10 0.674083
23 11 0.979578
23 12 0.923608
23 13 0.963426
23 14 0.997317
23 15 0.992355
23 16 0.999826
23 17 0.999790
23 18 0.999973
23 19 0.500026
23 20 0.999976
23 21 0.999999
23 22 0.868510
23 23 1.000000
23 24 0.975603
23 25 0.704448
23 26 0.999393
24 1 0.739433
24 2 0.988854
24 3 0.941413
24 4 0.627228
24 5 0.561473
24 6 0.998193
24 7 0.555712
24 8 0.707444
24 9 0.760795
24 10 0.567003
24 11 0.787130
24 12 0.708660
24 13 0.756825
24 14 0.896706
24 15 0.832725
24 16 0.929786
24 17 0.928235
24 18 0.954854
24 19 0.500006
24 20 0.967653
24 21 0.981623
24 22 0.627228
24 23 0.975603
24 24 0.778492
24 25 0.555170
25 1 0.544272
25 2 0.778009
25 3 0.617589
25 4 0.548258
25 5 0.524200
25 6 0.843699
25 7 0.526030
25 8 0.554875
25 9 0.548375
25 10 0.520451
25 11 0.581899
25 12 0.526386
25 13 0.547595
25 14 0.556079
25 15 0.624906
25 16 0.617914
25 17 0.612321
25 18 0.607433
25 19 0.500002
25 20 0.684153
25 21 0.643935
25 22 0.548258
25 23 0.704448
25 24 0.555170
25 25 0.563311
26 2 0.999907
26 6 0.999997
26 7 0.612758
26 8 0.855558
26 10 0.620094
26 12 0.854053
26 15 0.964403
26 16 0.994268
26 17 0.993466
26 19 0.500013
26 20 0.998562
26 21 0.999781
26 22 0.725924
26 23 0.999393
26 26 0.993159
