1 26 0.708942
3 17 0.702826
3 26 0.827110
4 22 0.601375
4 26 0.604387
5 26 0.729895
9 26 0.737829
11 26 0.769095
13 26 0.754070
14 26 0.946562
17 3 0.702826
18 26 0.826533
22 4 0.601375
24 26 0.704679
25 26 0.714836
26 1 0.708942
26 3 0.827110
26 4 0.604387
26 5 0.729895
26 9 0.737829
26 11 0.769095
26 13 0.754070
26 14 0.946562
26 18 0.826533
26 24 0.704679
26 25 0.714836
1 1 0.583381
1 2 0.574037
1 3 0.639384
1 4 0.531677
1 5 0.592913
1 6 0.903645
1 7 0.561258
1 8 0.542467
1 9 0.596807
1 10 0.510080
1 11 0.606957
1 12 0.565839
1 13 0.602954
1 14 0.707925
1 15 0.629146
1 16 0.706617
1 17 0.627838
1 18 0.644709
1 19 0.500002
1 20 0.664970
1 21 0.832359
1 22 0.531677
1 23 0.621171
1 24 0.582447
1 25 0.584915
2 1 0.574037
2 2 0.999995
2 3 0.634333
2 4 0.793457
2 5 0.565007
2 6 0.992136
2 7 0.561785
2 8 0.871399
2 9 0.571513
2 10 0.581833
2 11 0.667118
2 12 0.772500
2 13 0.588223
2 14 0.999798
2 15 0.532848
2 16 0.616523
2 17 0.869978
2 18 0.482712
2 19 0.500022
2 20 0.815382
2 21 0.899300
2 22 0.793457
2 23 0.721615
2 24 0.601353
2 25 0.626381
2 26 0.755999
3 1 0.639384
3 2 0.634333
3 3 0.744206
3 4 0.561172
3 5 0.649838
3 6 0.978876
3 7 0.598680
3 8 0.594150
3 9 0.658141
3 10 0.515827
3 11 0.684286
3 12 0.622822
3 13 0.669562
3 14 0.812793
3 15 0.692752
3 16 0.821188
3 18 0.740911
3 19 0.500003
3 20 0.759546
3 21 0.936342
3 22 0.561172
3 23 0.718711
3 24 0.636966
3 25 0.640291
4 1 0.531677
4 2 0.793457
4 3 0.561172
4 4 0.601375
4 5 0.533148
4 6 0.919117
4 7 0.516831
4 8 0.543916
4 9 0.536917
4 10 0.504740
4 11 0.559660
4 12 0.566217
4 13 0.539904
4 14 0.829439
4 15 0.548086
4 16 0.610130
4 17 0.581077
4 18 0.530446
4 19 0.500004
4 20 0.563053
4 21 0.789396
4 23 0.512483
4 24 0.524521
4 25 0.540049
5 1 0.592913
5 2 0.565007
5 3 0.649838
5 4 0.533148
5 5 0.609363
5 6 0.919070
5 7 0.572001
5 8 0.538040
5 9 0.613509
5 10 0.511058
5 11 0.620401
5 12 0.577376
5 13 0.618837
5 14 0.733490
5 15 0.666194
5 16 0.720903
5 17 0.649394
5 18 0.656439
5 19 0.500002
5 20 0.690748
5 21 0.852104
5 22 0.533148
5 23 0.633026
5 24 0.604355
5 25 0.595579
6 1 0.903645
6 2 0.992136
6 3 0.978876
6 4 0.919117
6 5 0.919070
6 6 1.000000
6 7 0.761936
6 8 0.821423
6 9 0.907269
6 10 0.594031
6 11 0.952923
6 12 0.930676
6 13 0.938695
6 14 1.000000
6 15 0.951996
6 16 0.999633
6 17 0.976835
6 18 0.981589
6 19 0.500024
6 20 0.992892
6 21 1.000000
6 22 0.919117
6 23 0.986456
6 24 0.840571
6 25 0.914401
6 26 0.998208
7 1 0.561258
7 2 0.561785
7 3 0.598680
7 4 0.516831
7 5 0.572001
7 6 0.761936
7 7 0.573243
7 8 0.516387
7 9 0.581033
7 10 0.506828
7 11 0.580970
7 12 0.555966
7 13 0.580279
7 14 0.503728
7 15 0.598061
7 16 0.638672
7 17 0.583865
7 18 0.591140
7 19 0.500001
7 20 0.597808
7 21 0.762752
7 22 0.516831
7 23 0.559326
7 24 0.585902
7 25 0.563207
7 26 0.656711
8 1 0.542467
8 2 0.871399
8 3 0.594150
8 4 0.543916
8 5 0.538040
8 6 0.821423
8 7 0.516387
8 8 0.664145
8 9 0.534209
8 10 0.516401
8 11 0.573708
8 12 0.578428
8 13 0.547383
8 14 0.940128
8 15 0.481727
8 16 0.622844
8 17 0.612253
8 18 0.576199
8 19 0.500005
8 20 0.644934
8 21 0.670248
8 22 0.543916
8 23 0.707475
8 24 0.528513
8 25 0.550950
8 26 0.636854
9 1 0.596807
9 2 0.571513
9 3 0.658141
9 4 0.536917
9 5 0.613509
9 6 0.907269
9 7 0.581033
9 8 0.534209
9 9 0.623334
9 10 0.508958
9 11 0.628179
9 12 0.579072
9 13 0.624350
9 14 0.677968
9 15 0.673785
9 16 0.716660
9 17 0.654195
9 18 0.657533
9 19 0.500002
9 20 0.685242
9 21 0.863291
9 22 0.536917
9 23 0.616864
9 24 0.617087
9 25 0.599548
10 1 0.510080
10 2 0.581833
10 3 0.515827
10 4 0.504740
10 5 0.511058
10 6 0.594031
10 7 0.506828
10 8 0.516401
10 9 0.508958
10 10 0.511100
10 11 0.512104
10 12 0.518107
10 13 0.513173
10 14 0.624307
10 15 0.514068
10 16 0.529151
10 17 0.536168
10 18 0.519026
10 19 0.500001
10 20 0.541714
10 21 0.549579
10 22 0.504740
10 23 0.544249
10 24 0.515559
10 25 0.509892
10 26 0.525910
11 1 0.606957
11 2 0.667118
11 3 0.684286
11 4 0.559660
11 5 0.620401
11 6 0.952923
11 7 0.580970
11 8 0.573708
11 9 0.628179
11 10 0.512104
11 11 0.651181
11 12 0.610181
11 13 0.636382
11 14 0.832936
11 15 0.663595
11 16 0.748329
11 17 0.667584
11 18 0.676194
11 19 0.500003
11 20 0.709725
11 21 0.892867
11 22 0.559660
11 23 0.654156
11 24 0.607795
11 25 0.611187
12 1 0.565839
12 2 0.772500
12 3 0.622822
12 4 0.566217
12 5 0.577376
12 6 0.930676
12 7 0.555966
12 8 0.578428
12 9 0.579072
12 10 0.518107
12 11 0.610181
12 12 0.652166
12 13 0.594205
12 14 0.862716
12 15 0.598091
12 16 0.675649
12 17 0.620665
12 18 0.601346
12 19 0.500004
12 20 0.644568
12 21 0.821408
12 22 0.566217
12 23 0.680499
12 24 0.581576
12 25 0.571172
12 26 0.693447
13 1 0.602954
13 2 0.588223
13 3 0.669562
13 4 0.539904
13 5 0.618837
13 6 0.938695
13 7 0.580279
13 8 0.547383
13 9 0.624350
13 10 0.513173
13 11 0.636382
13 12 0.594205
13 13 0.633649
13 14 0.759946
13 15 0.673305
13 16 0.743123
13 17 0.663228
13 18 0.673225
13 19 0.500002
13 20 0.708072
13 21 0.877521
13 22 0.539904
13 23 0.635938
13 24 0.611292
13 25 0.606155
14 1 0.707925
14 2 0.999798
14 3 0.812793
14 4 0.829439
14 5 0.733490
14 6 1.000000
14 7 0.503728
14 8 0.940128
14 9 0.677968
14 10 0.624307
14 11 0.832936
14 12 0.862716
14 13 0.759946
14 14 1.000000
14 15 0.602979
14 16 0.972741
14 17 0.952151
14 18 0.838824
14 19 0.500037
14 20 0.985606
14 21 0.997934
14 22 0.829439
14 23 0.986679
14 24 0.618725
14 25 0.744532
15 1 0.629146
15 2 0.532848
15 3 0.692752
15 4 0.548086
15 5 0.666194
15 6 0.951996
15 7 0.598061
15 8 0.481727
15 9 0.673785
15 10 0.514068
15 11 0.663595
15 12 0.598091
15 13 0.673305
15 14 0.602979
15 15 0.836332
15 16 0.773331
15 17 0.765533
15 18 0.697285
15 19 0.500002
15 20 0.778645
15 21 0.924015
15 22 0.548086
15 23 0.536447
15 24 0.665915
15 25 0.629767
15 26 0.795816
16 1 0.706617
16 2 0.616523
16 3 0.821188
16 4 0.610130
16 5 0.720903
16 6 0.999633
16 7 0.638672
16 8 0.622844
16 9 0.716660
16 10 0.529151
16 11 0.748329
16 12 0.675649
16 13 0.743123
16 14 0.972741
16 15 0.773331
16 16 0.948764
16 17 0.805159
16 18 0.836128
16 19 0.500004
16 20 0.869458
16 21 0.993784
16 22 0.610130
16 23 0.819049
16 24 0.674464
16 25 0.709732
16 26 0.915327
17 1 0.627838
17 2 0.869978
17 4 0.581077
17 5 0.649394
17 6 0.976835
17 7 0.583865
17 8 0.612253
17 9 0.654195
17 10 0.536168
17 11 0.667584
17 12 0.620665
17 13 0.663228
17 14 0.952151
17 15 0.765533
17 16 0.805159
17 17 0.815760
17 18 0.696960
17 19 0.500006
17 20 0.819304
17 21 0.946090
17 22 0.581077
17 23 0.662194
17 24 0.653636
17 25 0.633987
17 26 0.802362
18 1 0.644709
18 2 0.482712
18 3 0.740911
18 4 0.530446
18 5 0.656439
18 6 0.981589
18 7 0.591140
18 8 0.576199
18 9 0.657533
18 10 0.519026
18 11 0.676194
18 12 0.601346
18 13 0.673225
18 14 0.838824
18 15 0.697285
18 16 0.836128
18 17 0.696960
18 18 0.763879
18 19 0.500001
18 20 0.778864
18 21 0.930544
18 22 0.530446
18 23 0.753514
18 24 0.632165
18 25 0.642648
19 1 0.500002
19 2 0.500022
19 3 0.500003
19 4 0.500004
19 5 0.500002
19 6 0.500024
19 7 0.500001
19 8 0.500005
19 9 0.500002
19 10 0.500001
19 11 0.500003
19 12 0.500004
19 13 0.500002
19 14 0.500037
19 15 0.500002
19 16 0.500004
19 17 0.500006
19 18 0.500001
19 19 0.500000
19 20 0.500005
19 21 0.500014
19 22 0.500004
19 23 0.500005
19 24 0.500003
19 25 0.500002
19 26 0.500005
20 1 0.664970
20 2 0.815382
20 3 0.759546
20 4 0.563053
20 5 0.690748
20 6 0.992892
20 7 0.597808
20 8 0.644934
20 9 0.685242
20 10 0.541714
20 11 0.709725
20 12 0.644568
20 13 0.708072
20 14 0.985606
20 15 0.778645
20 16 0.869458
20 17 0.819304
20 18 0.778864
20 19 0.500005
20 20 0.883636
20 21 0.956174
20 22 0.563053
20 23 0.795495
20 24 0.666541
20 25 0.674397
20 26 0.864016
21 1 0.832359
21 2 0.899300
21 3 0.936342
21 4 0.789396
21 5 0.852104
21 6 1.000000
21 7 0.762752
21 8 0.670248
21 9 0.863291
21 10 0.549579
21 11 0.892867
21 12 0.821408
21 13 0.877521
21 14 0.997934
21 15 0.924015
21 16 0.993784
21 17 0.946090
21 18 0.930544
21 19 0.500014
21 20 0.956174
21 21 0.999980
21 22 0.789396
21 23 0.876401
21 24 0.809776
21 25 0.842087
21 26 0.987249
22 1 0.531677
22 2 0.793457
22 3 0.561172
22 5 0.533148
22 6 0.919117
22 7 0.516831
22 8 0.543916
22 9 0.536917
22 10 0.504740
22 11 0.559660
22 12 0.566217
22 13 0.539904
22 14 0.829439
22 15 0.548086
22 16 0.610130
22 17 0.581077
22 18 0.530446
22 19 0.500004
22 20 0.563053
22 21 0.789396
22 22 0.601375
22 23 0.512483
22 24 0.524521
22 25 0.540049
22 26 0.604387
23 1 0.621171
23 2 0.721615
23 3 0.718711
23 4 0.512483
23 5 0.633026
23 6 0.986456
23 7 0.559326
23 8 0.707475
23 9 0.616864
23 10 0.544249
23 11 0.654156
23 12 0.680499
23 13 0.635938
23 14 0.986679
23 15 0.536447
23 16 0.819049
23 17 0.662194
23 18 0.753514
23 19 0.500005
23 20 0.795495
23 21 0.876401
23 22 0.512483
23 23 0.967735
23 24 0.661098
23 25 0.624549
23 26 0.797554
24 1 0.582447
24 2 0.601353
24 3 0.636966
24 4 0.524521
24 5 0.604355
24 6 0.840571
24 7 0.585902
24 8 0.528513
24 9 0.617087
24 10 0.515559
24 11 0.607795
24 12 0.581576
24 13 0.611292
24 14 0.618725
24 15 0.665915
24 16 0.674464
24 17 0.653636
24 18 0.632165
24 19 0.500003
24 20 0.666541
24 21 0.809776
24 22 0.524521
24 23 0.661098
24 24 0.664020
24 25 0.582766
25 1 0.584915
25 2 0.626381
25 3 0.640291
25 4 0.540049
25 5 0.595579
25 6 0.914401
25 7 0.563207
25 8 0.550950
25 9 0.599548
25 10 0.509892
25 11 0.611187
25 12 0.571172
25 13 0.606155
25 14 0.744532
25 15 0.629767
25 16 0.709732
25 17 0.633987
25 18 0.642648
25 19 0.500002
25 20 0.674397
25 21 0.842087
25 22 0.540049
25 23 0.624549
25 24 0.582766
25 25 0.589830
26 2 0.755999
26 6 0.998208
26 7 0.656711
26 8 0.636854
26 10 0.525910
26 12 0.693447
26 15 0.795816
26 16 0.915327
26 17 0.802362
26 19 0.500005
26 20 0.864016
26 21 0.987249
26 22 0.604387
26 23 0.797554
26 26 0.918821
