1 26 0.588234
3 17 0.856445
3 26 0.637908
4 22 0.509737
4 26 0.564455
5 26 0.599000
9 26 0.610395
11 26 0.696221
13 26 0.626834
14 26 0.886526
17 3 0.856445
18 26 0.678573
22 4 0.509737
24 26 0.553892
25 26 0.612715
26 1 0.588234
26 3 0.637908
26 4 0.564455
26 5 0.599000
26 9 0.610395
26 11 0.696221
26 13 0.626834
26 14 0.886526
26 18 0.678573
26 24 0.553892
26 25 0.612715
1 1 0.536188
1 2 0.741553
1 3 0.556718
1 4 0.526148
1 5 0.540082
1 6 0.559688
1 7 0.519987
1 8 0.513502
1 9 0.545729
1 10 0.505780
1 11 0.591408
1 12 0.542267
1 13 0.552592
1 14 0.700277
1 15 0.545973
1 16 0.507936
1 17 0.556718
1 18 0.573947
1 19 0.500002
1 20 0.526850
1 21 0.611859
1 22 0.507624
1 23 0.561604
1 24 0.516801
1 25 0.546055
2 1 0.741553
2 2 1.000000
2 3 0.965236
2 4 0.686114
2 5 0.746040
2 6 0.987079
2 7 0.694271
2 8 0.785274
2 9 0.769765
2 10 0.541143
2 11 0.940086
2 12 0.807643
2 13 0.855674
2 14 0.996870
2 15 0.483148
2 16 0.853154
2 17 0.965236
2 18 0.924300
2 19 0.500024
2 20 0.893643
2 21 0.920808
2 22 0.548686
2 23 0.894612
2 24 0.717852
2 25 0.794605
2 26 0.933274
3 1 0.556718
3 2 0.965236
3 3 0.856445
3 4 0.560538
3 5 0.555552
3 6 0.870248
3 7 0.569196
3 8 0.599099
3 9 0.559469
3 10 0.505118
3 11 0.794607
3 12 0.596924
3 13 0.598951
3 14 0.908336
3 15 0.317390
3 16 0.663640
3 18 0.644341
3 19 0.500003
3 20 0.596703
3 21 0.497383
3 22 0.528140
3 23 0.473254
3 24 0.618482
3 25 0.581290
4 1 0.526148
4 2 0.686114
4 3 0.560538
4 4 0.522817
4 5 0.528850
4 6 0.624434
4 7 0.516827
4 8 0.517650
4 9 0.531626
4 10 0.505326
4 11 0.593215
4 12 0.537951
4 13 0.538579
4 14 0.644328
4 15 0.516105
4 16 0.525232
4 17 0.560538
4 18 0.556780
4 19 0.500002
4 20 0.523659
4 21 0.603813
4 23 0.530900
4 24 0.517899
4 25 0.533557
5 1 0.540082
5 2 0.746040
5 3 0.555552
5 4 0.528850
5 5 0.546590
5 6 0.599032
5 7 0.525203
5 8 0.509659
5 9 0.549463
5 10 0.505861
5 11 0.593469
5 12 0.549852
5 13 0.557171
5 14 0.722786
5 15 0.553038
5 16 0.504967
5 17 0.555552
5 18 0.580270
5 19 0.500002
5 20 0.510574
5 21 0.616205
5 22 0.508795
5 23 0.536782
5 24 0.520876
5 25 0.552810
6 1 0.559688
6 2 0.987079
6 3 0.870248
6 4 0.624434
6 5 0.599032
6 6 1.000000
6 7 0.712485
6 8 0.808266
6 9 0.484666
6 10 0.588367
6 11 0.898785
6 12 0.827310
6 13 0.634496
6 14 0.118706
6 15 0.136560
6 16 0.865958
6 17 0.870248
6 18 0.697244
6 19 0.500002
6 20 0.522333
6 21 0.952492
6 22 0.605543
6 23 0.036037
6 24 0.694043
6 25 0.623627
6 26 0.701147
7 1 0.519987
7 2 0.694271
7 3 0.569196
7 4 0.516827
7 5 0.525203
7 6 0.712485
7 7 0.538485
7 8 0.503496
7 9 0.517701
7 10 0.505286
7 11 0.567657
7 12 0.537249
7 13 0.531100
7 14 0.627051
7 15 0.489306
7 16 0.516134
7 17 0.569196
7 18 0.541226
7 19 0.500000
7 20 0.491607
7 21 0.475294
7 22 0.507630
7 23 0.448685
7 24 0.538678
7 25 0.534422
7 26 0.554247
8 1 0.513502
8 2 0.785274
8 3 0.599099
8 4 0.517650
8 5 0.509659
8 6 0.808266
8 7 0.503496
8 8 0.607939
8 9 0.513823
8 10 0.512245
8 11 0.569690
8 12 0.538715
8 13 0.532058
8 14 0.425579
8 15 0.421157
8 16 0.565377
8 17 0.599099
8 18 0.552568
8 19 0.500003
8 20 0.589564
8 21 0.683183
8 22 0.509032
8 23 0.584747
8 24 0.504542
8 25 0.508399
8 26 0.536720
9 1 0.545729
9 2 0.769765
9 3 0.559469
9 4 0.531626
9 5 0.549463
9 6 0.484666
9 7 0.517701
9 8 0.513823
9 9 0.562274
9 10 0.506388
9 11 0.603281
9 12 0.543856
9 13 0.564450
9 14 0.761125
9 15 0.567839
9 16 0.495612
9 17 0.559469
9 18 0.594590
9 19 0.500003
9 20 0.535570
9 21 0.631341
9 22 0.507746
9 23 0.602220
9 24 0.518703
9 25 0.555598
10 1 0.505780
10 2 0.541143
10 3 0.505118
10 4 0.505326
10 5 0.505861
10 6 0.588367
10 7 0.505286
10 8 0.512245
10 9 0.506388
10 10 0.507398
10 11 0.537288
10 12 0.513078
10 13 0.510902
10 14 0.487746
10 15 0.502481
10 16 0.494234
10 17 0.505118
10 18 0.511216
10 19 0.500001
10 20 0.518079
10 21 0.549972
10 22 0.502085
10 23 0.517353
10 24 0.495071
10 25 0.507668
10 26 0.513298
11 1 0.591408
11 2 0.940086
11 3 0.794607
11 4 0.593215
11 5 0.593469
11 6 0.898785
11 7 0.567657
11 8 0.569690
11 9 0.603281
11 10 0.537288
11 11 0.945403
11 12 0.665326
11 13 0.645136
11 14 0.949954
11 15 0.498423
11 16 0.558388
11 17 0.794607
11 18 0.660578
11 19 0.500004
11 20 0.609438
11 21 0.852089
11 22 0.549630
11 23 0.603871
11 24 0.525460
11 25 0.615518
12 1 0.542267
12 2 0.807643
12 3 0.596924
12 4 0.537951
12 5 0.549852
12 6 0.827310
12 7 0.537249
12 8 0.538715
12 9 0.543856
12 10 0.513078
12 11 0.665326
12 12 0.595127
12 13 0.568520
12 14 0.701705
12 15 0.512027
12 16 0.552952
12 17 0.596924
12 18 0.583881
12 19 0.500001
12 20 0.546943
12 21 0.708821
12 22 0.517360
12 23 0.524809
12 24 0.521931
12 25 0.559073
12 26 0.604632
13 1 0.552592
13 2 0.855674
13 3 0.598951
13 4 0.538579
13 5 0.557171
13 6 0.634496
13 7 0.531100
13 8 0.532058
13 9 0.564450
13 10 0.510902
13 11 0.645136
13 12 0.568520
13 13 0.582373
13 14 0.747954
13 15 0.542122
13 16 0.514691
13 17 0.598951
13 18 0.606033
13 19 0.500003
13 20 0.560998
13 21 0.661626
13 22 0.510949
13 23 0.606036
13 24 0.522081
13 25 0.568030
14 1 0.700277
14 2 0.996870
14 3 0.908336
14 4 0.644328
14 5 0.722786
14 6 0.118706
14 7 0.627051
14 8 0.425579
14 9 0.761125
14 10 0.487746
14 11 0.949954
14 12 0.701705
14 13 0.747954
14 14 0.999998
14 15 0.714848
14 16 0.612224
14 17 0.908336
14 18 0.856867
14 19 0.500011
14 20 0.504535
14 21 0.499060
14 22 0.538213
14 23 0.732790
14 24 0.685223
14 25 0.747795
15 1 0.545973
15 2 0.483148
15 3 0.317390
15 4 0.516105
15 5 0.553038
15 6 0.136560
15 7 0.489306
15 8 0.421157
15 9 0.567839
15 10 0.502481
15 11 0.498423
15 12 0.512027
15 13 0.542122
15 14 0.714848
15 15 0.832690
15 16 0.430180
15 17 0.317390
15 18 0.555804
15 19 0.500003
15 20 0.495334
15 21 0.777411
15 22 0.499576
15 23 0.709889
15 24 0.447144
15 25 0.543071
15 26 0.603753
16 1 0.507936
16 2 0.853154
16 3 0.663640
16 4 0.525232
16 5 0.504967
16 6 0.865958
16 7 0.516134
16 8 0.565377
16 9 0.495612
16 10 0.494234
16 11 0.558388
16 12 0.552952
16 13 0.514691
16 14 0.612224
16 15 0.430180
16 16 0.774764
16 17 0.663640
16 18 0.572604
16 19 0.500002
16 20 0.645253
16 21 0.697037
16 22 0.517810
16 23 0.506960
16 24 0.554933
16 25 0.511277
16 26 0.522283
17 1 0.556718
17 2 0.965236
17 4 0.560538
17 5 0.555552
17 6 0.870248
17 7 0.569196
17 8 0.599099
17 9 0.559469
17 10 0.505118
17 11 0.794607
17 12 0.596924
17 13 0.598951
17 14 0.908336
17 15 0.317390
17 16 0.663640
17 17 0.856445
17 18 0.644341
17 19 0.500003
17 20 0.596703
17 21 0.497383
17 22 0.528140
17 23 0.473254
17 24 0.618482
17 25 0.581290
17 26 0.637908
18 1 0.573947
18 2 0.924300
18 3 0.644341
18 4 0.556780
18 5 0.580270
18 6 0.697244
18 7 0.541226
18 8 0.552568
18 9 0.594590
18 10 0.511216
18 11 0.660578
18 12 0.583881
18 13 0.606033
18 14 0.856867
18 15 0.555804
18 16 0.572604
18 17 0.644341
18 18 0.671765
18 19 0.500006
18 20 0.591646
18 21 0.724705
18 22 0.516299
18 23 0.635510
18 24 0.552662
18 25 0.593163
19 1 0.500002
19 2 0.500024
19 3 0.500003
19 4 0.500002
19 5 0.500002
19 6 0.500002
19 7 0.500000
19 8 0.500003
19 9 0.500003
19 10 0.500001
19 11 0.500004
19 12 0.500001
19 13 0.500003
19 14 0.500011
19 15 0.500003
19 16 0.500002
19 17 0.500003
19 18 0.500006
19 19 0.500000
19 20 0.500006
19 21 0.500008
19 22 0.500000
19 23 0.500009
19 24 0.500001
19 25 0.500002
19 26 0.500005
20 1 0.526850
20 2 0.893643
20 3 0.596703
20 4 0.523659
20 5 0.510574
20 6 0.522333
20 7 0.491607
20 8 0.589564
20 9 0.535570
20 10 0.518079
20 11 0.609438
20 12 0.546943
20 13 0.560998
20 14 0.504535
20 15 0.495334
20 16 0.645253
20 17 0.596703
20 18 0.591646
20 19 0.500006
20 20 0.796747
20 21 0.783467
20 22 0.500496
20 23 0.874469
20 24 0.471860
20 25 0.525952
20 26 0.553871
21 1 0.611859
21 2 0.920808
21 3 0.497383
21 4 0.603813
21 5 0.616205
21 6 0.952492
21 7 0.475294
21 8 0.683183
21 9 0.631341
21 10 0.549972
21 11 0.852089
21 12 0.708821
21 13 0.661626
21 14 0.499060
21 15 0.777411
21 16 0.697037
21 17 0.497383
21 18 0.724705
21 19 0.500008
21 20 0.783467
21 21 0.998068
21 22 0.549013
21 23 0.888533
21 24 0.363287
21 25 0.604948
21 26 0.734525
22 1 0.507624
22 2 0.548686
22 3 0.528140
22 5 0.508795
22 6 0.605543
22 7 0.507630
22 8 0.509032
22 9 0.507746
22 10 0.502085
22 11 0.549630
22 12 0.517360
22 13 0.510949
22 14 0.538213
22 15 0.499576
22 16 0.517810
22 17 0.528140
22 18 0.516299
22 19 0.500000
22 20 0.500496
22 21 0.549013
22 22 0.507074
22 23 0.492430
22 24 0.510319
22 25 0.509488
22 26 0.519887
23 1 0.561604
23 2 0.894612
23 3 0.473254
23 4 0.530900
23 5 0.536782
23 6 0.036037
23 7 0.448685
23 8 0.584747
23 9 0.602220
23 10 0.517353
23 11 0.603871
23 12 0.524809
23 13 0.606036
23 14 0.732790
23 15 0.709889
23 16 0.506960
23 17 0.473254
23 18 0.635510
23 19 0.500009
23 20 0.874469
23 21 0.888533
23 22 0.492430
23 23 0.993277
23 24 0.391292
23 25 0.540737
23 26 0.628053
24 1 0.516801
24 2 0.717852
24 3 0.618482
24 4 0.517899
24 5 0.520876
24 6 0.694043
24 7 0.538678
24 8 0.504542
24 9 0.518703
24 10 0.495071
24 11 0.525460
24 12 0.521931
24 13 0.522081
24 14 0.685223
24 15 0.447144
24 16 0.554933
24 17 0.618482
24 18 0.552662
24 19 0.500001
24 20 0.471860
24 21 0.363287
24 22 0.510319
24 23 0.391292
24 24 0.585797
24 25 0.529892
25 1 0.546055
25 2 0.794605
25 3 0.581290
25 4 0.533557
25 5 0.552810
25 6 0.623627
25 7 0.534422
25 8 0.508399
25 9 0.555598
25 10 0.507668
25 11 0.615518
25 12 0.559073
25 13 0.568030
25 14 0.747795
25 15 0.543071
25 16 0.511277
25 17 0.581290
25 18 0.593163
25 19 0.500002
25 20 0.525952
25 21 0.604948
25 22 0.509488
25 23 0.540737
25 24 0.529892
25 25 0.564029
26 2 0.933274
26 6 0.701147
26 7 0.554247
26 8 0.536720
26 10 0.513298
26 12 0.604632
26 15 0.603753
26 16 0.522283
26 17 0.637908
26 19 0.500005
26 20 0.553871
26 21 0.734525
26 22 0.519887
26 23 0.628053
26 26 0.710291
