1 26 0.557305
3 17 0.898638
3 26 0.892026
4 22 0.515012
4 26 0.576484
5 26 0.766219
9 26 0.709959
11 26 0.821399
13 26 0.782089
14 26 0.900717
17 3 0.898638
18 26 0.992619
22 4 0.515012
24 26 0.758257
25 26 0.758473
26 1 0.557305
26 3 0.892026
26 4 0.576484
26 5 0.766219
26 9 0.709959
26 11 0.821399
26 13 0.782089
26 14 0.900717
26 18 0.992619
26 24 0.758257
26 25 0.758473
1 1 0.508197
1 2 0.652726
1 3 0.541542
1 4 0.507258
1 5 0.526293
1 6 0.629740
1 7 0.510455
1 8 0.513975
1 9 0.524873
1 10 0.507555
1 11 0.531292
1 12 0.520726
1 13 0.527579
1 14 0.558950
1 15 0.570421
1 16 0.571771
1 17 0.532221
1 18 0.608205
1 19 0.500001
1 20 0.533824
1 21 0.569498
1 22 0.507258
1 23 0.578643
1 24 0.525369
1 25 0.525138
2 1 0.652726
2 2 1.000000
2 3 0.997480
2 4 0.680955
2 5 0.952520
2 6 1.000000
2 7 0.839673
2 8 0.928078
2 9 0.849577
2 10 0.585607
2 11 0.977225
2 12 0.897905
2 13 0.963919
2 14 0.996555
2 15 0.995268
2 16 0.997164
2 17 0.993988
2 18 1.000000
2 19 0.500020
2 20 0.966573
2 21 0.999999
2 22 0.680955
2 23 0.999929
2 24 0.948087
2 25 0.961538
2 26 0.998394
3 1 0.541542
3 2 0.997480
3 3 0.914451
3 4 0.560811
3 5 0.726148
3 6 0.996163
3 7 0.610889
3 8 0.687426
3 9 0.642910
3 10 0.529440
3 11 0.789093
3 12 0.693899
3 13 0.745573
3 14 0.832795
3 15 0.845357
3 16 0.911724
3 18 0.996254
3 19 0.500004
3 20 0.749340
3 21 0.993818
3 22 0.560811
3 23 0.984060
3 24 0.722394
3 25 0.729459
4 1 0.507258
4 2 0.680955
4 3 0.560811
4 4 0.515012
4 5 0.539609
4 6 0.670593
4 7 0.513651
4 8 0.523333
4 9 0.536088
4 10 0.503588
4 11 0.547694
4 12 0.512495
4 13 0.540465
4 14 0.568584
4 15 0.553228
4 16 0.571584
4 17 0.547280
4 18 0.609739
4 19 0.500001
4 20 0.509867
4 21 0.544545
4 23 0.611462
4 24 0.537652
4 25 0.536834
5 1 0.526293
5 2 0.952520
5 3 0.726148
5 4 0.539609
5 5 0.645220
5 6 0.956885
5 7 0.549477
5 8 0.585159
5 9 0.604300
5 10 0.509382
5 11 0.680818
5 12 0.574668
5 13 0.652889
5 14 0.742642
5 15 0.720276
5 16 0.749361
5 17 0.683450
5 18 0.899802
5 19 0.500003
5 20 0.556444
5 21 0.799990
5 22 0.539609
5 23 0.849044
5 24 0.637461
5 25 0.636975
6 1 0.629740
6 2 1.000000
6 3 0.996163
6 4 0.670593
6 5 0.956885
6 6 1.000000
6 7 0.769690
6 8 0.935974
6 9 0.869625
6 10 0.523608
6 11 0.982993
6 12 0.892695
6 13 0.968547
6 14 0.997665
6 15 0.992448
6 16 0.988886
6 17 0.988509
6 18 1.000000
6 19 0.500019
6 20 0.968749
6 21 0.999993
6 22 0.670593
6 23 0.999925
6 24 0.953091
6 25 0.963273
6 26 0.998486
7 1 0.510455
7 2 0.839673
7 3 0.610889
7 4 0.513651
7 5 0.549477
7 6 0.769690
7 7 0.534350
7 8 0.535080
7 9 0.529527
7 10 0.507681
7 11 0.561588
7 12 0.540059
7 13 0.554341
7 14 0.590604
7 15 0.587585
7 16 0.617235
7 17 0.600265
7 18 0.732487
7 19 0.500001
7 20 0.557132
7 21 0.730380
7 22 0.513651
7 23 0.679809
7 24 0.549254
7 25 0.552911
7 26 0.608056
8 1 0.513975
8 2 0.928078
8 3 0.687426
8 4 0.523333
8 5 0.585159
8 6 0.935974
8 7 0.535080
8 8 0.635444
8 9 0.605236
8 10 0.508137
8 11 0.611864
8 12 0.573001
8 13 0.594457
8 14 0.637071
8 15 0.647852
8 16 0.673984
8 17 0.670733
8 18 0.909608
8 19 0.500003
8 20 0.661442
8 21 0.860535
8 22 0.523333
8 23 0.852276
8 24 0.583904
8 25 0.588197
8 26 0.674866
9 1 0.524873
9 2 0.849577
9 3 0.642910
9 4 0.536088
9 5 0.604300
9 6 0.869625
9 7 0.529527
9 8 0.605236
9 9 0.715529
9 10 0.514420
9 11 0.630215
9 12 0.583292
9 13 0.617726
9 14 0.687256
9 15 0.732568
9 16 0.714539
9 17 0.606946
9 18 0.807153
9 19 0.500004
9 20 0.657214
9 21 0.612158
9 22 0.536088
9 23 0.868604
9 24 0.606270
9 25 0.592930
10 1 0.507555
10 2 0.585607
10 3 0.529440
10 4 0.503588
10 5 0.509382
10 6 0.523608
10 7 0.507681
10 8 0.508137
10 9 0.514420
10 10 0.520779
10 11 0.506590
10 12 0.535911
10 13 0.509315
10 14 0.535823
10 15 0.584278
10 16 0.589019
10 17 0.530403
10 18 0.586813
10 19 0.500001
10 20 0.613643
10 21 0.641395
10 22 0.503588
10 23 0.592045
10 24 0.508523
10 25 0.508916
10 26 0.531448
11 1 0.531292
11 2 0.977225
11 3 0.789093
11 4 0.547694
11 5 0.680818
11 6 0.982993
11 7 0.561588
11 8 0.611864
11 9 0.630215
11 10 0.506590
11 11 0.729910
11 12 0.600619
11 13 0.692887
11 14 0.787737
11 15 0.766711
11 16 0.799360
11 17 0.744890
11 18 0.954107
11 19 0.500004
11 20 0.570111
11 21 0.881033
11 22 0.547694
11 23 0.908054
11 24 0.673559
11 25 0.673425
12 1 0.520726
12 2 0.897905
12 3 0.693899
12 4 0.512495
12 5 0.574668
12 6 0.892695
12 7 0.540059
12 8 0.573001
12 9 0.583292
12 10 0.535911
12 11 0.600619
12 12 0.646988
12 13 0.590443
12 14 0.656236
12 15 0.748842
12 16 0.739533
12 17 0.685365
12 18 0.907227
12 19 0.500003
12 20 0.786951
12 21 0.938997
12 22 0.512495
12 23 0.868354
12 24 0.575988
12 25 0.578411
12 26 0.684607
13 1 0.527579
13 2 0.963919
13 3 0.745573
13 4 0.540465
13 5 0.652889
13 6 0.968547
13 7 0.554341
13 8 0.594457
13 9 0.617726
13 10 0.509315
13 11 0.692887
13 12 0.590443
13 13 0.664104
13 14 0.753192
13 15 0.737361
13 16 0.760635
13 17 0.703782
13 18 0.922003
13 19 0.500003
13 20 0.586612
13 21 0.845735
13 22 0.540465
13 23 0.875872
13 24 0.646406
13 25 0.646238
14 1 0.558950
14 2 0.996555
14 3 0.832795
14 4 0.568584
14 5 0.742642
14 6 0.997665
14 7 0.590604
14 8 0.637071
14 9 0.687256
14 10 0.535823
14 11 0.787737
14 12 0.656236
14 13 0.753192
14 14 0.901450
14 15 0.891713
14 16 0.897583
14 17 0.768832
14 18 0.979865
14 19 0.500006
14 20 0.702520
14 21 0.918644
14 22 0.568584
14 23 0.946467
14 24 0.733779
14 25 0.733591
15 1 0.570421
15 2 0.995268
15 3 0.845357
15 4 0.553228
15 5 0.720276
15 6 0.992448
15 7 0.587585
15 8 0.647852
15 9 0.732568
15 10 0.584278
15 11 0.766711
15 12 0.748842
15 13 0.737361
15 14 0.891713
15 15 0.957454
15 16 0.952587
15 17 0.805066
15 18 0.989627
15 19 0.500006
15 20 0.890447
15 21 0.983363
15 22 0.553228
15 23 0.977140
15 24 0.715044
15 25 0.709929
15 26 0.899636
16 1 0.571771
16 2 0.997164
16 3 0.911724
16 4 0.571584
16 5 0.749361
16 6 0.988886
16 7 0.617235
16 8 0.673984
16 9 0.714539
16 10 0.589019
16 11 0.799360
16 12 0.739533
16 13 0.760635
16 14 0.897583
16 15 0.952587
16 16 0.976143
16 17 0.890366
16 18 0.996507
16 19 0.500006
16 20 0.869234
16 21 0.993387
16 22 0.571584
16 23 0.989325
16 24 0.742562
16 25 0.738127
16 26 0.922428
17 1 0.532221
17 2 0.993988
17 4 0.547280
17 5 0.683450
17 6 0.988509
17 7 0.600265
17 8 0.670733
17 9 0.606946
17 10 0.530403
17 11 0.744890
17 12 0.685365
17 13 0.703782
17 14 0.768832
17 15 0.805066
17 16 0.890366
17 17 0.890751
17 18 0.994258
17 19 0.500003
17 20 0.761294
17 21 0.994173
17 22 0.547280
17 23 0.978295
17 24 0.682888
17 25 0.691366
17 26 0.850064
18 1 0.608205
18 2 1.000000
18 3 0.996254
18 4 0.609739
18 5 0.899802
18 6 1.000000
18 7 0.732487
18 8 0.909608
18 9 0.807153
18 10 0.586813
18 11 0.954107
18 12 0.907227
18 13 0.922003
18 14 0.979865
18 15 0.989627
18 16 0.996507
18 17 0.994258
18 18 1.000000
18 19 0.500008
18 20 0.984376
18 21 0.999999
18 22 0.609739
18 23 0.999966
18 24 0.897141
18 25 0.913024
19 1 0.500001
19 2 0.500020
19 3 0.500004
19 4 0.500001
19 5 0.500003
19 6 0.500019
19 7 0.500001
19 8 0.500003
19 9 0.500004
19 10 0.500001
19 11 0.500004
19 12 0.500003
19 13 0.500003
19 14 0.500006
19 15 0.500006
19 16 0.500006
19 17 0.500003
19 18 0.500008
19 19 0.500000
19 20 0.500007
19 21 0.500011
19 22 0.500001
19 23 0.500011
19 24 0.500003
19 25 0.500003
19 26 0.500006
20 1 0.533824
20 2 0.966573
20 3 0.749340
20 4 0.509867
20 5 0.556444
20 6 0.968749
20 7 0.557132
20 8 0.661442
20 9 0.657214
20 10 0.613643
20 11 0.570111
20 12 0.786951
20 13 0.586612
20 14 0.702520
20 15 0.890447
20 16 0.869234
20 17 0.761294
20 18 0.984376
20 19 0.500007
20 20 0.989069
20 21 0.997904
20 22 0.509867
20 23 0.978789
20 24 0.565675
20 25 0.581966
20 26 0.718983
21 1 0.569498
21 2 0.999999
21 3 0.993818
21 4 0.544545
21 5 0.799990
21 6 0.999993
21 7 0.730380
21 8 0.860535
21 9 0.612158
21 10 0.641395
21 11 0.881033
21 12 0.938997
21 13 0.845735
21 14 0.918644
21 15 0.983363
21 16 0.993387
21 17 0.994173
21 18 0.999999
21 19 0.500011
21 20 0.997904
21 21 1.000000
21 22 0.544545
21 23 0.999934
21 24 0.801443
21 25 0.838249
21 26 0.974135
22 1 0.507258
22 2 0.680955
22 3 0.560811
22 5 0.539609
22 6 0.670593
22 7 0.513651
22 8 0.523333
22 9 0.536088
22 10 0.503588
22 11 0.547694
22 12 0.512495
22 13 0.540465
22 14 0.568584
22 15 0.553228
22 16 0.571584
22 17 0.547280
22 18 0.609739
22 19 0.500001
22 20 0.509867
22 21 0.544545
22 22 0.515012
22 23 0.611462
22 24 0.537652
22 25 0.536834
22 26 0.576484
23 1 0.578643
23 2 0.999929
23 3 0.984060
23 4 0.611462
23 5 0.849044
23 6 0.999925
23 7 0.679809
23 8 0.852276
23 9 0.868604
23 10 0.592045
23 11 0.908054
23 12 0.868354
23 13 0.875872
23 14 0.946467
23 15 0.977140
23 16 0.989325
23 17 0.978295
23 18 0.999966
23 19 0.500011
23 20 0.978789
23 21 0.999934
23 22 0.611462
23 23 0.999932
23 24 0.845835
23 25 0.845019
23 26 0.978081
24 1 0.525369
24 2 0.948087
24 3 0.722394
24 4 0.537652
24 5 0.637461
24 6 0.953091
24 7 0.549254
24 8 0.583904
24 9 0.606270
24 10 0.508523
24 11 0.673559
24 12 0.575988
24 13 0.646406
24 14 0.733779
24 15 0.715044
24 16 0.742562
24 17 0.682888
24 18 0.897141
24 19 0.500003
24 20 0.565675
24 21 0.801443
24 22 0.537652
24 23 0.845835
24 24 0.632103
24 25 0.631602
25 1 0.525138
25 2 0.961538
25 3 0.729459
25 4 0.536834
25 5 0.636975
25 6 0.963273
25 7 0.552911
25 8 0.588197
25 9 0.592930
25 10 0.508916
25 11 0.673425
25 12 0.578411
25 13 0.646238
25 14 0.733591
25 15 0.709929
25 16 0.738127
25 17 0.691366
25 18 0.913024
25 19 0.500003
25 20 0.581966
25 21 0.838249
25 22 0.536834
25 23 0.845019
25 24 0.631602
25 25 0.635083
26 2 0.998394
26 6 0.998486
26 7 0.608056
26 8 0.674866
26 10 0.531448
26 12 0.684607
26 15 0.899636
26 16 0.922428
26 17 0.850064
26 19 0.500006
26 20 0.718983
26 21 0.974135
26 22 0.576484
26 23 0.978081
26 26 0.922588
