1 26 0.578819
3 17 0.784003
3 26 0.880581
4 22 0.594067
4 26 0.802191
5 26 0.673315
9 26 0.704888
11 26 0.882204
13 26 0.810602
14 26 0.985273
17 3 0.784003
18 26 0.902145
22 4 0.594067
24 26 0.789656
25 26 0.793462
26 1 0.578819
26 3 0.880581
26 4 0.802191
26 5 0.673315
26 9 0.704888
26 11 0.882204
26 13 0.810602
26 14 0.985273
26 18 0.902145
26 24 0.789656
26 25 0.793462
1 1 0.511570
1 2 0.666734
1 3 0.539300
1 4 0.525500
1 5 0.517036
1 6 0.666864
1 7 0.511804
1 8 0.531417
1 9 0.518934
1 10 0.509489
1 11 0.538180
1 12 0.520962
1 13 0.526174
1 14 0.579698
1 15 0.516168
1 16 0.543450
1 17 0.529843
1 18 0.546190
1 19 0.500002
1 20 0.535040
1 21 0.570359
1 22 0.520899
1 23 0.574673
1 24 0.525538
1 25 0.522434
2 1 0.666734
2 2 1.000000
2 3 0.931665
2 4 0.831982
2 5 0.723098
2 6 0.998716
2 7 0.621065
2 8 0.889266
2 9 0.805050
2 10 0.619603
2 11 0.888639
2 12 0.699302
2 13 0.849555
2 14 0.992950
2 15 0.854336
2 16 0.954331
2 17 0.888829
2 18 0.965402
2 19 0.500032
2 20 0.777876
2 21 0.992727
2 22 0.681550
2 23 0.991165
2 24 0.825953
2 25 0.819509
2 26 0.994446
3 1 0.539300
3 2 0.931665
3 3 0.814376
3 4 0.667845
3 5 0.571506
3 6 0.994218
3 7 0.563602
3 8 0.643052
3 9 0.707309
3 10 0.543869
3 11 0.724067
3 12 0.644843
3 13 0.677048
3 14 0.850396
3 15 0.598924
3 16 0.743630
3 18 0.785224
3 19 0.500010
3 20 0.714147
3 21 0.931991
3 22 0.638227
3 23 0.922573
3 24 0.672718
3 25 0.657213
4 1 0.525500
4 2 0.831982
4 3 0.667845
4 4 0.622676
4 5 0.563539
4 6 0.972392
4 7 0.534980
4 8 0.546706
4 9 0.573773
4 10 0.534725
4 11 0.672955
4 12 0.580936
4 13 0.624798
4 14 0.811943
4 15 0.555250
4 16 0.646839
4 17 0.621780
4 18 0.680015
4 19 0.500006
4 20 0.602408
4 21 0.795825
4 23 0.774545
4 24 0.614089
4 25 0.616537
5 1 0.517036
5 2 0.723098
5 3 0.571506
5 4 0.563539
5 5 0.576811
5 6 0.798869
5 7 0.523964
5 8 0.510807
5 9 0.525722
5 10 0.523912
5 11 0.594928
5 12 0.542874
5 13 0.561211
5 14 0.722379
5 15 0.500537
5 16 0.592803
5 17 0.540642
5 18 0.573559
5 19 0.500004
5 20 0.568661
5 21 0.582180
5 22 0.554180
5 23 0.546415
5 24 0.553994
5 25 0.560975
6 1 0.666864
6 2 0.998716
6 3 0.994218
6 4 0.972392
6 5 0.798869
6 6 1.000000
6 7 0.758563
6 8 0.872610
6 9 0.890717
6 10 0.745556
6 11 0.994440
6 12 0.944391
6 13 0.963080
6 14 0.999958
6 15 0.637052
6 16 0.994637
6 17 0.974472
6 18 0.996360
6 19 0.500041
6 20 0.998592
6 21 0.999848
6 22 0.983288
6 23 0.999755
6 24 0.974883
6 25 0.955547
6 26 0.999921
7 1 0.511804
7 2 0.621065
7 3 0.563602
7 4 0.534980
7 5 0.523964
7 6 0.758563
7 7 0.528664
7 8 0.524747
7 9 0.527867
7 10 0.513914
7 11 0.558083
7 12 0.549345
7 13 0.536967
7 14 0.616120
7 15 0.486006
7 16 0.544822
7 17 0.550601
7 18 0.547920
7 19 0.500002
7 20 0.547557
7 21 0.587510
7 22 0.544264
7 23 0.580169
7 24 0.539022
7 25 0.533563
7 26 0.605234
8 1 0.531417
8 2 0.889266
8 3 0.643052
8 4 0.546706
8 5 0.510807
8 6 0.872610
8 7 0.524747
8 8 0.683161
8 9 0.618084
8 10 0.521959
8 11 0.557540
8 12 0.567718
8 13 0.554297
8 14 0.572060
8 15 0.585271
8 16 0.654726
8 17 0.643720
8 18 0.648451
8 19 0.500005
8 20 0.707632
8 21 0.820019
8 22 0.536066
8 23 0.834468
8 24 0.562043
8 25 0.535417
8 26 0.661341
9 1 0.518934
9 2 0.805050
9 3 0.707309
9 4 0.573773
9 5 0.525722
9 6 0.890717
9 7 0.527867
9 8 0.618084
9 9 0.665414
9 10 0.516126
9 11 0.593419
9 12 0.579498
9 13 0.581991
9 14 0.632731
9 15 0.584249
9 16 0.652410
9 17 0.701858
9 18 0.664491
9 19 0.500005
9 20 0.667319
9 21 0.826571
9 22 0.553433
9 23 0.808672
9 24 0.581894
9 25 0.566367
10 1 0.509489
10 2 0.619603
10 3 0.543869
10 4 0.534725
10 5 0.523912
10 6 0.745556
10 7 0.513914
10 8 0.521959
10 9 0.516126
10 10 0.518863
10 11 0.552751
10 12 0.525999
10 13 0.534607
10 14 0.603153
10 15 0.506295
10 16 0.562550
10 17 0.531555
10 18 0.543491
10 19 0.500002
10 20 0.573890
10 21 0.625349
10 22 0.529968
10 23 0.598139
10 24 0.530839
10 25 0.533630
10 26 0.600753
11 1 0.538180
11 2 0.888639
11 3 0.724067
11 4 0.672955
11 5 0.594928
11 6 0.994440
11 7 0.558083
11 8 0.557540
11 9 0.593419
11 10 0.552751
11 11 0.748345
11 12 0.626998
11 13 0.675034
11 14 0.893392
11 15 0.559105
11 16 0.691332
11 17 0.663062
11 18 0.726071
11 19 0.500007
11 20 0.619460
11 21 0.877662
11 22 0.641540
11 23 0.862753
11 24 0.658504
11 25 0.662851
12 1 0.520962
12 2 0.699302
12 3 0.644843
12 4 0.580936
12 5 0.542874
12 6 0.944391
12 7 0.549345
12 8 0.567718
12 9 0.579498
12 10 0.525999
12 11 0.626998
12 12 0.615656
12 13 0.586688
12 14 0.713142
12 15 0.502899
12 16 0.587160
12 17 0.620818
12 18 0.619220
12 19 0.500003
12 20 0.629957
12 21 0.793194
12 22 0.593293
12 23 0.772540
12 24 0.586676
12 25 0.573907
12 26 0.723634
13 1 0.526174
13 2 0.849555
13 3 0.677048
13 4 0.624798
13 5 0.561211
13 6 0.963080
13 7 0.536967
13 8 0.554297
13 9 0.581991
13 10 0.534607
13 11 0.675034
13 12 0.586688
13 13 0.631149
13 14 0.812729
13 15 0.562563
13 16 0.641174
13 17 0.632346
13 18 0.689087
13 19 0.500006
13 20 0.597053
13 21 0.822750
13 22 0.588532
13 23 0.800433
13 24 0.617452
13 25 0.621001
14 1 0.579698
14 2 0.992950
14 3 0.850396
14 4 0.811943
14 5 0.722379
14 6 0.999958
14 7 0.616120
14 8 0.572060
14 9 0.632731
14 10 0.603153
14 11 0.893392
14 12 0.713142
14 13 0.812729
14 14 0.994587
14 15 0.560210
14 16 0.828784
14 17 0.729304
14 18 0.900320
14 19 0.500020
14 20 0.737646
14 21 0.901534
14 22 0.763352
14 23 0.857235
14 24 0.798639
14 25 0.807439
15 1 0.516168
15 2 0.854336
15 3 0.598924
15 4 0.555250
15 5 0.500537
15 6 0.637052
15 7 0.486006
15 8 0.585271
15 9 0.584249
15 10 0.506295
15 11 0.559105
15 12 0.502899
15 13 0.562563
15 14 0.560210
15 15 0.662791
15 16 0.610764
15 17 0.590906
15 18 0.635116
15 19 0.500003
15 20 0.566620
15 21 0.765065
15 22 0.491198
15 23 0.763329
15 24 0.545738
15 25 0.549442
15 26 0.651505
16 1 0.543450
16 2 0.954331
16 3 0.743630
16 4 0.646839
16 5 0.592803
16 6 0.994637
16 7 0.544822
16 8 0.654726
16 9 0.652410
16 10 0.562550
16 11 0.691332
16 12 0.587160
16 13 0.641174
16 14 0.828784
16 15 0.610764
16 16 0.816559
16 17 0.708744
16 18 0.736867
16 19 0.500011
16 20 0.793380
16 21 0.872295
16 22 0.619053
16 23 0.838125
16 24 0.640509
16 25 0.634343
16 26 0.846280
17 1 0.529843
17 2 0.888829
17 4 0.621780
17 5 0.540642
17 6 0.974472
17 7 0.550601
17 8 0.643720
17 9 0.701858
17 10 0.531555
17 11 0.663062
17 12 0.620818
17 13 0.632346
17 14 0.729304
17 15 0.590906
17 16 0.708744
17 17 0.772279
17 18 0.727655
17 19 0.500007
17 20 0.683332
17 21 0.923095
17 22 0.599559
17 23 0.915325
17 24 0.629160
17 25 0.611040
17 26 0.808306
18 1 0.546190
18 2 0.965402
18 3 0.785224
18 4 0.680015
18 5 0.573559
18 6 0.996360
18 7 0.547920
18 8 0.648451
18 9 0.664491
18 10 0.543491
18 11 0.726071
18 12 0.619220
18 13 0.689087
18 14 0.900320
18 15 0.635116
18 16 0.736867
18 17 0.727655
18 18 0.839987
18 19 0.500012
18 20 0.772131
18 21 0.891932
18 22 0.634734
18 23 0.875813
18 24 0.690048
18 25 0.674107
19 1 0.500002
19 2 0.500032
19 3 0.500010
19 4 0.500006
19 5 0.500004
19 6 0.500041
19 7 0.500002
19 8 0.500005
19 9 0.500005
19 10 0.500002
19 11 0.500007
19 12 0.500003
19 13 0.500006
19 14 0.500020
19 15 0.500003
19 16 0.500011
19 17 0.500007
19 18 0.500012
19 19 0.500000
19 20 0.500010
19 21 0.500015
19 22 0.500004
19 23 0.500011
19 24 0.500006
19 25 0.500006
19 26 0.500018
20 1 0.535040
20 2 0.777876
20 3 0.714147
20 4 0.602408
20 5 0.568661
20 6 0.998592
20 7 0.547557
20 8 0.707632
20 9 0.667319
20 10 0.573890
20 11 0.619460
20 12 0.629957
20 13 0.597053
20 14 0.737646
20 15 0.566620
20 16 0.793380
20 17 0.683332
20 18 0.772131
20 19 0.500010
20 20 0.981053
20 21 0.888763
20 22 0.651404
20 23 0.735391
20 24 0.636962
20 25 0.597613
20 26 0.780108
21 1 0.570359
21 2 0.992727
21 3 0.931991
21 4 0.795825
21 5 0.582180
21 6 0.999848
21 7 0.587510
21 8 0.820019
21 9 0.826571
21 10 0.625349
21 11 0.877662
21 12 0.793194
21 13 0.822750
21 14 0.901534
21 15 0.765065
21 16 0.872295
21 17 0.923095
21 18 0.891932
21 19 0.500015
21 20 0.888763
21 21 0.999958
21 22 0.705834
21 23 0.999903
21 24 0.771269
21 25 0.775504
21 26 0.982371
22 1 0.520899
22 2 0.681550
22 3 0.638227
22 5 0.554180
22 6 0.983288
22 7 0.544264
22 8 0.536066
22 9 0.553433
22 10 0.529968
22 11 0.641540
22 12 0.593293
22 13 0.588532
22 14 0.763352
22 15 0.491198
22 16 0.619053
22 17 0.599559
22 18 0.634734
22 19 0.500004
22 20 0.651404
22 21 0.705834
22 22 0.617209
22 23 0.688354
22 24 0.596488
22 25 0.583790
22 26 0.738002
23 1 0.574673
23 2 0.991165
23 3 0.922573
23 4 0.774545
23 5 0.546415
23 6 0.999755
23 7 0.580169
23 8 0.834468
23 9 0.808672
23 10 0.598139
23 11 0.862753
23 12 0.772540
23 13 0.800433
23 14 0.857235
23 15 0.763329
23 16 0.838125
23 17 0.915325
23 18 0.875813
23 19 0.500011
23 20 0.735391
23 21 0.999903
23 22 0.688354
23 23 0.999925
23 24 0.751392
23 25 0.741756
23 26 0.973101
24 1 0.525538
24 2 0.825953
24 3 0.672718
24 4 0.614089
24 5 0.553994
24 6 0.974883
24 7 0.539022
24 8 0.562043
24 9 0.581894
24 10 0.530839
24 11 0.658504
24 12 0.586676
24 13 0.617452
24 14 0.798639
24 15 0.545738
24 16 0.640509
24 17 0.629160
24 18 0.690048
24 19 0.500006
24 20 0.636962
24 21 0.771269
24 22 0.596488
24 23 0.751392
24 24 0.615469
24 25 0.608963
25 1 0.522434
25 2 0.819509
25 3 0.657213
25 4 0.616537
25 5 0.560975
25 6 0.955547
25 7 0.533563
25 8 0.535417
25 9 0.566367
25 10 0.533630
25 11 0.662851
25 12 0.573907
25 13 0.621001
25 14 0.807439
25 15 0.549442
25 16 0.634343
25 17 0.611040
25 18 0.674107
25 19 0.500006
25 20 0.597613
25 21 0.775504
25 22 0.583790
25 23 0.741756
25 24 0.608963
25 25 0.615206
26 2 0.994446
26 6 0.999921
26 7 0.605234
26 8 0.661341
26 10 0.600753
26 12 0.723634
26 15 0.651505
26 16 0.846280
26 17 0.808306
26 19 0.500018
26 20 0.780108
26 21 0.982371
26 22 0.738002
26 23 0.973101
26 26 0.982843
