1 26 0.617868
3 17 0.840942
3 26 0.774086
4 22 0.523109
4 26 0.608741
5 26 0.568114
9 26 0.633474
11 26 0.683935
13 26 0.649415
14 26 0.968354
17 3 0.840942
18 26 0.681341
22 4 0.523109
24 26 0.629727
25 26 0.552766
26 1 0.617868
26 3 0.774086
26 4 0.608741
26 5 0.568114
26 9 0.633474
26 11 0.683935
26 13 0.649415
26 14 0.968354
26 18 0.681341
26 24 0.629727
26 25 0.552766
1 1 0.550336
1 2 0.728832
1 3 0.619455
1 4 0.542636
1 5 0.527944
1 6 0.828864
1 7 0.513801
1 8 0.584766
1 9 0.554205
1 10 0.511482
1 11 0.577442
1 12 0.547914
1 13 0.550364
1 14 0.751517
1 15 0.626407
1 16 0.633072
1 17 0.614177
1 18 0.570451
1 19 0.500001
1 20 0.513441
1 21 0.757249
1 22 0.519377
1 23 0.583227
1 24 0.553075
1 25 0.509842
2 1 0.728832
2 2 0.999893
2 3 0.965640
2 4 0.718388
2 5 0.642040
2 6 0.999947
2 7 0.624173
2 8 0.876102
2 9 0.763647
2 10 0.614549
2 11 0.837264
2 12 0.764545
2 13 0.777607
2 14 0.999947
2 15 0.990271
2 16 0.988395
2 17 0.967677
2 18 0.792665
2 19 0.500010
2 20 0.932486
2 21 0.999460
2 22 0.613121
2 23 0.889888
2 24 0.758988
2 25 0.564984
2 26 0.931229
3 1 0.619455
3 2 0.965640
3 3 0.838967
3 4 0.612358
3 5 0.568470
3 6 0.993975
3 7 0.557305
3 8 0.727825
3 9 0.644625
3 10 0.543636
3 11 0.702470
3 12 0.646749
3 13 0.664529
3 14 0.971867
3 15 0.874477
3 16 0.862023
3 18 0.630327
3 19 0.500002
3 20 0.711272
3 21 0.946119
3 22 0.550758
3 23 0.730876
3 24 0.643293
3 25 0.523519
4 1 0.542636
4 2 0.718388
4 3 0.612358
4 4 0.542301
4 5 0.522972
4 6 0.817201
4 7 0.515169
4 8 0.586372
4 9 0.547829
4 10 0.512128
4 11 0.570625
4 12 0.546075
4 13 0.554821
4 14 0.769666
4 15 0.629606
4 16 0.642009
4 17 0.609395
4 18 0.565224
4 19 0.500001
4 20 0.549852
4 21 0.757848
4 23 0.578915
4 24 0.547690
4 25 0.518554
5 1 0.527944
5 2 0.642040
5 3 0.568470
5 4 0.522972
5 5 0.528951
5 6 0.700668
5 7 0.510945
5 8 0.554900
5 9 0.530625
5 10 0.505982
5 11 0.545385
5 12 0.517106
5 13 0.537607
5 14 0.669358
5 15 0.573184
5 16 0.565806
5 17 0.567301
5 18 0.527315
5 19 0.500000
5 20 0.510684
5 21 0.631695
5 22 0.511476
5 23 0.543838
5 24 0.532900
5 25 0.499700
6 1 0.828864
6 2 0.999947
6 3 0.993975
6 4 0.817201
6 5 0.700668
6 6 1.000000
6 7 0.670576
6 8 0.945781
6 9 0.850228
6 10 0.656810
6 11 0.953805
6 12 0.849849
6 13 0.858922
6 14 0.999932
6 15 0.998660
6 16 0.995733
6 17 0.994015
6 18 0.840019
6 19 0.500010
6 20 0.954621
6 21 0.999890
6 22 0.666681
6 23 0.982989
6 24 0.846335
6 25 0.598080
6 26 0.979079
7 1 0.513801
7 2 0.624173
7 3 0.557305
7 4 0.515169
7 5 0.510945
7 6 0.670576
7 7 0.511791
7 8 0.535410
7 9 0.518342
7 10 0.508160
7 11 0.527082
7 12 0.515300
7 13 0.523435
7 14 0.650208
7 15 0.576658
7 16 0.568599
7 17 0.559632
7 18 0.514056
7 19 0.500000
7 20 0.557866
7 21 0.589898
7 22 0.508006
7 23 0.534797
7 24 0.519422
7 25 0.502399
7 26 0.539303
8 1 0.584766
8 2 0.876102
8 3 0.727825
8 4 0.586372
8 5 0.554900
8 6 0.945781
8 7 0.535410
8 8 0.720316
8 9 0.602288
8 10 0.527500
8 11 0.648380
8 12 0.622056
8 13 0.661338
8 14 0.913370
8 15 0.756896
8 16 0.761519
8 17 0.725983
8 18 0.626625
8 19 0.500002
8 20 0.630500
8 21 0.917769
8 22 0.549112
8 23 0.626112
8 24 0.607117
8 25 0.568256
8 26 0.724241
9 1 0.554205
9 2 0.763647
9 3 0.644625
9 4 0.547829
9 5 0.530625
9 6 0.850228
9 7 0.518342
9 8 0.602288
9 9 0.565620
9 10 0.512928
9 11 0.585798
9 12 0.559038
9 13 0.571062
9 14 0.821813
9 15 0.659919
9 16 0.652526
9 17 0.641216
9 18 0.575450
9 19 0.500001
9 20 0.550045
9 21 0.792472
9 22 0.521573
9 23 0.602693
9 24 0.561717
9 25 0.514133
10 1 0.511482
10 2 0.614549
10 3 0.543636
10 4 0.512128
10 5 0.505982
10 6 0.656810
10 7 0.508160
10 8 0.527500
10 9 0.512928
10 10 0.511285
10 11 0.523638
10 12 0.519017
10 13 0.516347
10 14 0.620681
10 15 0.569374
10 16 0.555295
10 17 0.544782
10 18 0.516969
10 19 0.500001
10 20 0.548836
10 21 0.578522
10 22 0.506181
10 23 0.536452
10 24 0.512500
10 25 0.506203
10 26 0.531492
11 1 0.577442
11 2 0.837264
11 3 0.702470
11 4 0.570625
11 5 0.545385
11 6 0.953805
11 7 0.527082
11 8 0.648380
11 9 0.585798
11 10 0.523638
11 11 0.632347
11 12 0.585754
11 13 0.596716
11 14 0.853188
11 15 0.729702
11 16 0.720359
11 17 0.698472
11 18 0.598031
11 19 0.500001
11 20 0.573484
11 21 0.860452
11 22 0.533994
11 23 0.645584
11 24 0.585435
11 25 0.521309
12 1 0.547914
12 2 0.764545
12 3 0.646749
12 4 0.546075
12 5 0.517106
12 6 0.849849
12 7 0.515300
12 8 0.622056
12 9 0.559038
12 10 0.519017
12 11 0.585754
12 12 0.604073
12 13 0.597971
12 14 0.717324
12 15 0.679118
12 16 0.646660
12 17 0.645633
12 18 0.569172
12 19 0.500002
12 20 0.552663
12 21 0.803024
12 22 0.521377
12 23 0.563451
12 24 0.555890
12 25 0.546868
12 26 0.624158
13 1 0.550364
13 2 0.777607
13 3 0.664529
13 4 0.554821
13 5 0.537607
13 6 0.858922
13 7 0.523435
13 8 0.661338
13 9 0.571062
13 10 0.516347
13 11 0.596716
13 12 0.597971
13 13 0.646837
13 14 0.849010
13 15 0.690041
13 16 0.658985
13 17 0.667254
13 18 0.567582
13 19 0.500001
13 20 0.609107
13 21 0.815657
13 22 0.532026
13 23 0.581198
13 24 0.571061
13 25 0.573748
14 1 0.751517
14 2 0.999947
14 3 0.971867
14 4 0.769666
14 5 0.669358
14 6 0.999932
14 7 0.650208
14 8 0.913370
14 9 0.821813
14 10 0.620681
14 11 0.853188
14 12 0.717324
14 13 0.849010
14 14 1.000000
14 15 0.996550
14 16 0.994568
14 17 0.972880
14 18 0.921104
14 19 0.500017
14 20 0.991054
14 21 0.999987
14 22 0.672426
14 23 0.956923
14 24 0.777782
14 25 0.697612
15 1 0.626407
15 2 0.990271
15 3 0.874477
15 4 0.629606
15 5 0.573184
15 6 0.998660
15 7 0.576658
15 8 0.756896
15 9 0.659919
15 10 0.569374
15 11 0.729702
15 12 0.679118
15 13 0.690041
15 14 0.996550
15 15 0.963219
15 16 0.916690
15 17 0.879705
15 18 0.687021
15 19 0.500009
15 20 0.880385
15 21 0.994380
15 22 0.565128
15 23 0.762546
15 24 0.637451
15 25 0.548566
15 26 0.809878
16 1 0.633072
16 2 0.988395
16 3 0.862023
16 4 0.642009
16 5 0.565806
16 6 0.995733
16 7 0.568599
16 8 0.761519
16 9 0.652526
16 10 0.555295
16 11 0.720359
16 12 0.646660
16 13 0.658985
16 14 0.994568
16 15 0.916690
16 16 0.947027
16 17 0.864801
16 18 0.695819
16 19 0.500005
16 20 0.825012
16 21 0.987548
16 22 0.581065
16 23 0.733162
16 24 0.656523
16 25 0.539565
16 26 0.815721
17 1 0.614177
17 2 0.967677
17 4 0.609395
17 5 0.567301
17 6 0.994015
17 7 0.559632
17 8 0.725983
17 9 0.641216
17 10 0.544782
17 11 0.698472
17 12 0.645633
17 13 0.667254
17 14 0.972880
17 15 0.879705
17 16 0.864801
17 17 0.844766
17 18 0.617095
17 19 0.500002
17 20 0.734608
17 21 0.940797
17 22 0.549671
17 23 0.727403
17 24 0.640803
17 25 0.523757
17 26 0.767158
18 1 0.570451
18 2 0.792665
18 3 0.630327
18 4 0.565224
18 5 0.527315
18 6 0.840019
18 7 0.514056
18 8 0.626625
18 9 0.575450
18 10 0.516969
18 11 0.598031
18 12 0.569172
18 13 0.567582
18 14 0.921104
18 15 0.687021
18 16 0.695819
18 17 0.617095
18 18 0.667098
18 19 0.500004
18 20 0.562453
18 21 0.927456
18 22 0.536200
18 23 0.594110
18 24 0.563413
18 25 0.555159
19 1 0.500001
19 2 0.500010
19 3 0.500002
19 4 0.500001
19 5 0.500000
19 6 0.500010
19 7 0.500000
19 8 0.500002
19 9 0.500001
19 10 0.500001
19 11 0.500001
19 12 0.500002
19 13 0.500001
19 14 0.500017
19 15 0.500009
19 16 0.500005
19 17 0.500002
19 18 0.500004
19 19 0.500000
19 20 0.500007
19 21 0.500021
19 22 0.500001
19 23 0.500001
19 24 0.500000
19 25 0.500002
19 26 0.500003
20 1 0.513441
20 2 0.932486
20 3 0.711272
20 4 0.549852
20 5 0.510684
20 6 0.954621
20 7 0.557866
20 8 0.630500
20 9 0.550045
20 10 0.548836
20 11 0.573484
20 12 0.552663
20 13 0.609107
20 14 0.991054
20 15 0.880385
20 16 0.825012
20 17 0.734608
20 18 0.562453
20 19 0.500007
20 20 0.924242
20 21 0.922474
20 22 0.539660
20 23 0.659235
20 24 0.536626
20 25 0.571140
20 26 0.621059
21 1 0.757249
21 2 0.999460
21 3 0.946119
21 4 0.757848
21 5 0.631695
21 6 0.999890
21 7 0.589898
21 8 0.917769
21 9 0.792472
21 10 0.578522
21 11 0.860452
21 12 0.803024
21 13 0.815657
21 14 0.999987
21 15 0.994380
21 16 0.987548
21 17 0.940797
21 18 0.927456
21 19 0.500021
21 20 0.922474
21 21 0.999998
21 22 0.657794
21 23 0.834560
21 24 0.748888
21 25 0.670569
21 26 0.962049
22 1 0.519377
22 2 0.613121
22 3 0.550758
22 5 0.511476
22 6 0.666681
22 7 0.508006
22 8 0.549112
22 9 0.521573
22 10 0.506181
22 11 0.533994
22 12 0.521377
22 13 0.532026
22 14 0.672426
22 15 0.565128
22 16 0.581065
22 17 0.549671
22 18 0.536200
22 19 0.500001
22 20 0.539660
22 21 0.657794
22 22 0.515772
22 23 0.536868
22 24 0.522730
22 25 0.517676
22 26 0.556110
23 1 0.583227
23 2 0.889888
23 3 0.730876
23 4 0.578915
23 5 0.543838
23 6 0.982989
23 7 0.534797
23 8 0.626112
23 9 0.602693
23 10 0.536452
23 11 0.645584
23 12 0.563451
23 13 0.581198
23 14 0.956923
23 15 0.762546
23 16 0.733162
23 17 0.727403
23 18 0.594110
23 19 0.500001
23 20 0.659235
23 21 0.834560
23 22 0.536868
23 23 0.814461
23 24 0.591840
23 25 0.485703
23 26 0.694312
24 1 0.553075
24 2 0.758988
24 3 0.643293
24 4 0.547690
24 5 0.532900
24 6 0.846335
24 7 0.519422
24 8 0.607117
24 9 0.561717
24 10 0.512500
24 11 0.585435
24 12 0.555890
24 13 0.571061
24 14 0.777782
24 15 0.637451
24 16 0.656523
24 17 0.640803
24 18 0.563413
24 19 0.500000
24 20 0.536626
24 21 0.748888
24 22 0.522730
24 23 0.591840
24 24 0.564568
24 25 0.512441
25 1 0.509842
25 2 0.564984
25 3 0.523519
25 4 0.518554
25 5 0.499700
25 6 0.598080
25 7 0.502399
25 8 0.568256
25 9 0.514133
25 10 0.506203
25 11 0.521309
25 12 0.546868
25 13 0.573748
25 14 0.697612
25 15 0.548566
25 16 0.539565
25 17 0.523757
25 18 0.555159
25 19 0.500002
25 20 0.571140
25 21 0.670569
25 22 0.517676
25 23 0.485703
25 24 0.512441
25 25 0.606868
26 2 0.931229
26 6 0.979079
26 7 0.539303
26 8 0.724241
26 10 0.531492
26 12 0.624158
26 15 0.809878
26 16 0.815721
26 17 0.767158
26 19 0.500003
26 20 0.621059
26 21 0.962049
26 22 0.556110
26 23 0.694312
26 26 0.775745
