1 26 0.752602
3 17 0.770560
3 26 0.857141
4 22 0.554012
4 26 0.756602
5 26 0.610023
9 26 0.767145
11 26 0.797902
13 26 0.768765
14 26 0.966578
17 3 0.770560
18 26 0.967343
22 4 0.554012
24 26 0.787076
25 26 0.747263
26 1 0.752602
26 3 0.857141
26 4 0.756602
26 5 0.610023
26 9 0.767145
26 11 0.797902
26 13 0.768765
26 14 0.966578
26 18 0.967343
26 24 0.787076
26 25 0.747263
1 1 0.607086
1 2 0.778215
1 3 0.668811
1 4 0.609237
1 5 0.539845
1 6 0.971874
1 7 0.537103
1 8 0.595326
1 9 0.614503
1 10 0.520335
1 11 0.623134
1 12 0.622591
1 13 0.615430
1 14 0.781867
1 15 0.719325
1 16 0.727320
1 17 0.678514
1 18 0.796389
1 19 0.500001
1 20 0.803440
1 21 0.877912
1 22 0.549533
1 23 0.848464
1 24 0.626178
1 25 0.604386
2 1 0.778215
2 2 0.999998
2 3 0.830456
2 4 0.796599
2 5 0.725480
2 6 0.999999
2 7 0.753847
2 8 0.760911
2 9 0.819985
2 10 0.650301
2 11 0.917994
2 12 0.969471
2 13 0.806757
2 14 0.966355
2 15 0.981353
2 16 0.922347
2 17 0.922953
2 18 0.988708
2 19 0.500003
2 20 0.978599
2 21 0.999939
2 22 0.884299
2 23 0.970650
2 24 0.826056
2 25 0.749416
2 26 0.966304
3 1 0.668811
3 2 0.830456
3 3 0.787008
3 4 0.670352
3 5 0.546147
3 6 0.994347
3 7 0.542927
3 8 0.665222
3 9 0.682673
3 10 0.517868
3 11 0.653204
3 12 0.667099
3 13 0.678317
3 14 0.872939
3 15 0.819893
3 16 0.817299
3 18 0.934702
3 19 0.500002
3 20 0.890568
3 21 0.967046
3 22 0.564578
3 23 0.966271
3 24 0.702277
3 25 0.662570
4 1 0.609237
4 2 0.796599
4 3 0.670352
4 4 0.612202
4 5 0.541308
4 6 0.975725
4 7 0.540105
4 8 0.597900
4 9 0.616362
4 10 0.521848
4 11 0.631472
4 12 0.633969
4 13 0.618459
4 14 0.786963
4 15 0.724582
4 16 0.734347
4 17 0.687064
4 18 0.802051
4 19 0.500001
4 20 0.809900
4 21 0.889093
4 23 0.856923
4 24 0.628676
4 25 0.606027
5 1 0.539845
5 2 0.725480
5 3 0.546147
5 4 0.541308
5 5 0.544860
5 6 0.820046
5 7 0.534073
5 8 0.539588
5 9 0.542350
5 10 0.523861
5 11 0.583839
5 12 0.584612
5 13 0.545482
5 14 0.638755
5 15 0.583523
5 16 0.578862
5 17 0.557564
5 18 0.537426
5 19 0.500001
5 20 0.647657
5 21 0.666548
5 22 0.529099
5 23 0.600869
5 24 0.545922
5 25 0.538795
6 1 0.971874
6 2 0.999999
6 3 0.994347
6 4 0.975725
6 5 0.820046
6 6 1.000000
6 7 0.863484
6 8 0.974920
6 9 0.978440
6 10 0.750234
6 11 0.996958
6 12 0.997409
6 13 0.980360
6 14 0.999984
6 15 0.999824
6 16 0.999909
6 17 0.999138
6 18 0.999755
6 19 0.500011
6 20 0.999999
6 21 0.999999
6 22 0.945579
6 23 0.999999
6 24 0.986960
6 25 0.970457
6 26 0.999886
7 1 0.537103
7 2 0.753847
7 3 0.542927
7 4 0.540105
7 5 0.534073
7 6 0.863484
7 7 0.541432
7 8 0.544006
7 9 0.539753
7 10 0.524371
7 11 0.595932
7 12 0.608299
7 13 0.544147
7 14 0.627626
7 15 0.607871
7 16 0.599420
7 17 0.578797
7 18 0.533559
7 19 0.500001
7 20 0.668542
7 21 0.670774
7 22 0.545440
7 23 0.639686
7 24 0.545727
7 25 0.536242
7 26 0.600877
8 1 0.595326
8 2 0.760911
8 3 0.665222
8 4 0.597900
8 5 0.539588
8 6 0.974920
8 7 0.544006
8 8 0.638935
8 9 0.606343
8 10 0.531855
8 11 0.633894
8 12 0.637846
8 13 0.601131
8 14 0.751908
8 15 0.691394
8 16 0.723131
8 17 0.692032
8 18 0.716994
8 19 0.500002
8 20 0.831261
8 21 0.793889
8 22 0.575541
8 23 0.907884
8 24 0.625075
8 25 0.591234
8 26 0.726662
9 1 0.614503
9 2 0.819985
9 3 0.682673
9 4 0.616362
9 5 0.542350
9 6 0.978440
9 7 0.539753
9 8 0.606343
9 9 0.625830
9 10 0.522695
9 11 0.626190
9 12 0.627890
9 13 0.621482
9 14 0.790263
9 15 0.740919
9 16 0.736147
9 17 0.688143
9 18 0.818217
9 19 0.500001
9 20 0.813775
9 21 0.892006
9 22 0.563422
9 23 0.864663
9 24 0.636793
9 25 0.610758
10 1 0.520335
10 2 0.650301
10 3 0.517868
10 4 0.521848
10 5 0.523861
10 6 0.750234
10 7 0.524371
10 8 0.531855
10 9 0.522695
10 10 0.524656
10 11 0.564288
10 12 0.549865
10 13 0.522351
10 14 0.580385
10 15 0.558572
10 16 0.557949
10 17 0.545871
10 18 0.454273
10 19 0.500001
10 20 0.633116
10 21 0.540532
10 22 0.523942
10 23 0.574075
10 24 0.525528
10 25 0.520558
10 26 0.559251
11 1 0.623134
11 2 0.917994
11 3 0.653204
11 4 0.631472
11 5 0.583839
11 6 0.996958
11 7 0.595932
11 8 0.633894
11 9 0.626190
11 10 0.564288
11 11 0.837137
11 12 0.752656
11 13 0.646763
11 14 0.843610
11 15 0.718445
11 16 0.746206
11 17 0.750688
11 18 0.599689
11 19 0.500006
11 20 0.911179
11 21 0.818834
11 22 0.653302
11 23 0.913208
11 24 0.660853
11 25 0.624308
12 1 0.622591
12 2 0.969471
12 3 0.667099
12 4 0.633969
12 5 0.584612
12 6 0.997409
12 7 0.608299
12 8 0.637846
12 9 0.627890
12 10 0.549865
12 11 0.752656
12 12 0.824591
12 13 0.648812
12 14 0.828836
12 15 0.788179
12 16 0.786669
12 17 0.758487
12 18 0.798209
12 19 0.500003
12 20 0.894996
12 21 0.960771
12 22 0.651300
12 23 0.896686
12 24 0.653053
12 25 0.615397
12 26 0.788048
13 1 0.615430
13 2 0.806757
13 3 0.678317
13 4 0.618459
13 5 0.545482
13 6 0.980360
13 7 0.544147
13 8 0.601131
13 9 0.621482
13 10 0.522351
13 11 0.646763
13 12 0.648812
13 13 0.627300
13 14 0.799724
13 15 0.727384
13 16 0.740259
13 17 0.693407
13 18 0.811387
13 19 0.500001
13 20 0.827334
13 21 0.899007
13 22 0.557010
13 23 0.865600
13 24 0.636435
13 25 0.612756
14 1 0.781867
14 2 0.966355
14 3 0.872939
14 4 0.786963
14 5 0.638755
14 6 0.999984
14 7 0.627626
14 8 0.751908
14 9 0.790263
14 10 0.580385
14 11 0.843610
14 12 0.828836
14 13 0.799724
14 14 0.985403
14 15 0.949467
14 16 0.958930
14 17 0.904992
14 18 0.961530
14 19 0.500003
14 20 0.986505
14 21 0.996061
14 22 0.613050
14 23 0.990659
14 24 0.808763
14 25 0.780027
15 1 0.719325
15 2 0.981353
15 3 0.819893
15 4 0.724582
15 5 0.583523
15 6 0.999824
15 7 0.607871
15 8 0.691394
15 9 0.740919
15 10 0.558572
15 11 0.718445
15 12 0.788179
15 13 0.727384
15 14 0.949467
15 15 0.962304
15 16 0.933325
15 17 0.855100
15 18 0.943763
15 19 0.500001
15 20 0.962324
15 21 0.992531
15 22 0.613011
15 23 0.952089
15 24 0.741597
15 25 0.716704
15 26 0.922884
16 1 0.727320
16 2 0.922347
16 3 0.817299
16 4 0.734347
16 5 0.578862
16 6 0.999909
16 7 0.599420
16 8 0.723131
16 9 0.736147
16 10 0.557949
16 11 0.746206
16 12 0.786669
16 13 0.740259
16 14 0.958930
16 15 0.933325
16 16 0.962076
16 17 0.900291
16 18 0.937941
16 19 0.500001
16 20 0.985343
16 21 0.983422
16 22 0.603701
16 23 0.982437
16 24 0.756870
16 25 0.729054
16 26 0.921509
17 1 0.678514
17 2 0.922953
17 4 0.687064
17 5 0.557564
17 6 0.999138
17 7 0.578797
17 8 0.692032
17 9 0.688143
17 10 0.545871
17 11 0.750688
17 12 0.758487
17 13 0.693407
17 14 0.904992
17 15 0.855100
17 16 0.900291
17 17 0.865087
17 18 0.926190
17 19 0.500003
17 20 0.950094
17 21 0.976423
17 22 0.631636
17 23 0.980057
17 24 0.714786
17 25 0.673010
17 26 0.870181
18 1 0.796389
18 2 0.988708
18 3 0.934702
18 4 0.802051
18 5 0.537426
18 6 0.999755
18 7 0.533559
18 8 0.716994
18 9 0.818217
18 10 0.454273
18 11 0.599689
18 12 0.798209
18 13 0.811387
18 14 0.961530
18 15 0.943763
18 16 0.937941
18 17 0.926190
18 18 0.999894
18 19 0.500001
18 20 0.873856
18 21 0.999978
18 22 0.630321
18 23 0.998665
18 24 0.830779
18 25 0.770403
19 1 0.500001
19 2 0.500003
19 3 0.500002
19 4 0.500001
19 5 0.500001
19 6 0.500011
19 7 0.500001
19 8 0.500002
19 9 0.500001
19 10 0.500001
19 11 0.500006
19 12 0.500003
19 13 0.500001
19 14 0.500003
19 15 0.500001
19 16 0.500001
19 17 0.500003
19 18 0.500001
19 19 0.500000
19 20 0.500007
19 21 0.500002
19 22 0.500002
19 23 0.500013
19 24 0.500002
19 25 0.500001
19 26 0.500003
20 1 0.803440
20 2 0.978599
20 3 0.890568
20 4 0.809900
20 5 0.647657
20 6 0.999999
20 7 0.668542
20 8 0.831261
20 9 0.813775
20 10 0.633116
20 11 0.911179
20 12 0.894996
20 13 0.827334
20 14 0.986505
20 15 0.962324
20 16 0.985343
20 17 0.950094
20 18 0.873856
20 19 0.500007
20 20 0.999735
20 21 0.971565
20 22 0.706871
20 23 0.996877
20 24 0.861647
20 25 0.814372
20 26 0.971274
21 1 0.877912
21 2 0.999939
21 3 0.967046
21 4 0.889093
21 5 0.666548
21 6 0.999999
21 7 0.670774
21 8 0.793889
21 9 0.892006
21 10 0.540532
21 11 0.818834
21 12 0.960771
21 13 0.899007
21 14 0.996061
21 15 0.992531
21 16 0.983422
21 17 0.976423
21 18 0.999978
21 19 0.500002
21 20 0.971565
21 21 1.000000
21 22 0.723674
21 23 0.999733
21 24 0.898142
21 25 0.851079
21 26 0.994438
22 1 0.549533
22 2 0.884299
22 3 0.564578
22 5 0.529099
22 6 0.945579
22 7 0.545440
22 8 0.575541
22 9 0.563422
22 10 0.523942
22 11 0.653302
22 12 0.651300
22 13 0.557010
22 14 0.613050
22 15 0.613011
22 16 0.603701
22 17 0.631636
22 18 0.630321
22 19 0.500002
22 20 0.706871
22 21 0.723674
22 22 0.645838
22 23 0.739976
22 24 0.579163
22 25 0.544227
22 26 0.623637
23 1 0.848464
23 2 0.970650
23 3 0.966271
23 4 0.856923
23 5 0.600869
23 6 0.999999
23 7 0.639686
23 8 0.907884
23 9 0.864663
23 10 0.574075
23 11 0.913208
23 12 0.896686
23 13 0.865600
23 14 0.990659
23 15 0.952089
23 16 0.982437
23 17 0.980057
23 18 0.998665
23 19 0.500013
23 20 0.996877
23 21 0.999733
23 22 0.739976
23 23 0.999997
23 24 0.907083
23 25 0.833178
23 26 0.987374
24 1 0.626178
24 2 0.826056
24 3 0.702277
24 4 0.628676
24 5 0.545922
24 6 0.986960
24 7 0.545727
24 8 0.625075
24 9 0.636793
24 10 0.525528
24 11 0.660853
24 12 0.653053
24 13 0.636435
24 14 0.808763
24 15 0.741597
24 16 0.756870
24 17 0.714786
24 18 0.830779
24 19 0.500002
24 20 0.861647
24 21 0.898142
24 22 0.579163
24 23 0.907083
24 24 0.656217
24 25 0.622960
25 1 0.604386
25 2 0.749416
25 3 0.662570
25 4 0.606027
25 5 0.538795
25 6 0.970457
25 7 0.536242
25 8 0.591234
25 9 0.610758
25 10 0.520558
25 11 0.624308
25 12 0.615397
25 13 0.612756
25 14 0.780027
25 15 0.716704
25 16 0.729054
25 17 0.673010
25 18 0.770403
25 19 0.500001
25 20 0.814372
25 21 0.851079
25 22 0.544227
25 23 0.833178
25 24 0.622960
25 25 0.603717
26 2 0.966304
26 6 0.999886
26 7 0.600877
26 8 0.726662
26 10 0.559251
26 12 0.788048
26 15 0.922884
26 16 0.921509
26 17 0.870181
26 19 0.500003
26 20 0.971274
26 21 0.994438
26 22 0.623637
26 23 0.987374
26 26 0.948183
