1 26 0.888547
3 17 0.986195
3 26 0.990833
4 22 0.544149
4 26 0.900551
5 26 0.901982
9 26 0.888089
11 26 0.954718
13 26 0.672815
14 26 0.993294
17 3 0.986195
18 26 0.973193
22 4 0.544149
24 26 0.711909
25 26 0.886188
26 1 0.888547
26 3 0.990833
26 4 0.900551
26 5 0.901982
26 9 0.888089
26 11 0.954718
26 13 0.672815
26 14 0.993294
26 18 0.973193
26 24 0.711909
26 25 0.886188
1 1 0.682520
1 2 0.915267
1 3 0.845048
1 4 0.690808
1 5 0.692501
1 6 0.964839
1 7 0.535823
1 8 0.698215
1 9 0.673362
1 10 0.530353
1 11 0.750626
1 12 0.573579
1 13 0.559978
1 14 0.856085
1 15 0.831621
1 16 0.817988
1 17 0.813712
1 18 0.792337
1 19 0.500002
1 20 0.796867
1 21 0.983292
1 22 0.547209
1 23 0.970991
1 24 0.579623
1 25 0.681941
2 1 0.915267
2 2 1.000000
2 3 0.995812
2 4 0.930649
2 5 0.909577
2 6 0.999998
2 7 0.634457
2 8 0.934782
2 9 0.870138
2 10 0.641974
2 11 0.977091
2 12 0.793581
2 13 0.701731
2 14 0.996084
2 15 0.992620
2 16 0.992458
2 17 0.991982
2 18 0.990119
2 19 0.500012
2 20 0.995578
2 21 0.999997
2 22 0.705069
2 23 0.999987
2 24 0.755826
2 25 0.913382
2 26 0.998838
3 1 0.845048
3 2 0.995812
3 3 0.989910
3 4 0.865126
3 5 0.855065
3 6 0.999294
3 7 0.571098
3 8 0.906110
3 9 0.826501
3 10 0.581692
3 11 0.924565
3 12 0.688207
3 13 0.620079
3 14 0.977927
3 15 0.983535
3 16 0.983834
3 18 0.948283
3 19 0.500007
3 20 0.960181
3 21 0.999973
3 22 0.584242
3 23 0.999953
3 24 0.691989
3 25 0.839139
4 1 0.690808
4 2 0.930649
4 3 0.865126
4 4 0.703889
4 5 0.701357
4 6 0.974248
4 7 0.536359
4 8 0.703025
4 9 0.683594
4 10 0.533613
4 11 0.767915
4 12 0.577888
4 13 0.565163
4 14 0.865704
4 15 0.852347
4 16 0.829389
4 17 0.837505
4 18 0.800130
4 19 0.500002
4 20 0.803857
4 21 0.988489
4 23 0.979542
4 24 0.584026
4 25 0.689930
5 1 0.692501
5 2 0.909577
5 3 0.855065
5 4 0.701357
5 5 0.707783
5 6 0.975229
5 7 0.543850
5 8 0.707513
5 9 0.690143
5 10 0.533573
5 11 0.766506
5 12 0.592980
5 13 0.573722
5 14 0.872016
5 15 0.859004
5 16 0.827087
5 17 0.823263
5 18 0.796259
5 19 0.500002
5 20 0.815514
5 21 0.987826
5 22 0.553806
5 23 0.976447
5 24 0.587122
5 25 0.692233
6 1 0.964839
6 2 0.999998
6 3 0.999294
6 4 0.974248
6 5 0.975229
6 6 1.000000
6 7 0.740874
6 8 0.973060
6 9 0.947214
6 10 0.679510
6 11 0.995983
6 12 0.945954
6 13 0.859116
6 14 0.999694
6 15 0.999800
6 16 0.998696
6 17 0.998230
6 18 0.994901
6 19 0.500010
6 20 0.999310
6 21 1.000000
6 22 0.777484
6 23 1.000000
6 24 0.861557
6 25 0.965195
6 26 0.999931
7 1 0.535823
7 2 0.634457
7 3 0.571098
7 4 0.536359
7 5 0.543850
7 6 0.740874
7 7 0.524538
7 8 0.555454
7 9 0.534235
7 10 0.513904
7 11 0.565021
7 12 0.550601
7 13 0.531850
7 14 0.588815
7 15 0.624380
7 16 0.593685
7 17 0.560647
7 18 0.548435
7 19 0.500000
7 20 0.623450
7 21 0.671139
7 22 0.529374
7 23 0.646980
7 24 0.529327
7 25 0.536075
7 26 0.603777
8 1 0.698215
8 2 0.934782
8 3 0.906110
8 4 0.703025
8 5 0.707513
8 6 0.973060
8 7 0.555454
8 8 0.863017
8 9 0.707507
8 10 0.552594
8 11 0.770058
8 12 0.651663
8 13 0.585321
8 14 0.871857
8 15 0.904678
8 16 0.953313
8 17 0.893497
8 18 0.825423
8 19 0.500005
8 20 0.892453
8 21 0.992003
8 22 0.598863
8 23 0.995680
8 24 0.630090
8 25 0.690822
8 26 0.915928
9 1 0.673362
9 2 0.870138
9 3 0.826501
9 4 0.683594
9 5 0.690143
9 6 0.947214
9 7 0.534235
9 8 0.707507
9 9 0.734521
9 10 0.532611
9 11 0.742818
9 12 0.558919
9 13 0.568057
9 14 0.864803
9 15 0.855102
9 16 0.820617
9 17 0.793811
9 18 0.778345
9 19 0.500004
9 20 0.771381
9 21 0.978590
9 22 0.550491
9 23 0.969303
9 24 0.561186
9 25 0.670531
10 1 0.530353
10 2 0.641974
10 3 0.581692
10 4 0.533613
10 5 0.533573
10 6 0.679510
10 7 0.513904
10 8 0.552594
10 9 0.532611
10 10 0.514238
10 11 0.552251
10 12 0.537808
10 13 0.516587
10 14 0.578574
10 15 0.616804
10 16 0.595593
10 17 0.576929
10 18 0.548700
10 19 0.500001
10 20 0.604014
10 21 0.687533
10 22 0.519636
10 23 0.691533
10 24 0.519244
10 25 0.528623
10 26 0.592813
11 1 0.750626
11 2 0.977091
11 3 0.924565
11 4 0.767915
11 5 0.766506
11 6 0.995983
11 7 0.565021
11 8 0.770058
11 9 0.742818
11 10 0.552251
11 11 0.852992
11 12 0.625470
11 13 0.610328
11 14 0.925962
11 15 0.929426
11 16 0.904013
11 17 0.900231
11 18 0.863039
11 19 0.500003
11 20 0.878892
11 21 0.997107
11 22 0.581757
11 23 0.994625
11 24 0.621379
11 25 0.750970
12 1 0.573579
12 2 0.793581
12 3 0.688207
12 4 0.577888
12 5 0.592980
12 6 0.945954
12 7 0.550601
12 8 0.651663
12 9 0.558919
12 10 0.537808
12 11 0.625470
12 12 0.735419
12 13 0.581065
12 14 0.710241
12 15 0.798958
12 16 0.689369
12 17 0.684723
12 18 0.583278
12 19 0.500003
12 20 0.807470
12 21 0.958493
12 22 0.573999
12 23 0.915737
12 24 0.571207
12 25 0.566030
12 26 0.736217
13 1 0.559978
13 2 0.701731
13 3 0.620079
13 4 0.565163
13 5 0.573722
13 6 0.859116
13 7 0.531850
13 8 0.585321
13 9 0.568057
13 10 0.516587
13 11 0.610328
13 12 0.581065
13 13 0.558248
13 14 0.645029
13 15 0.676479
13 16 0.626927
13 17 0.603217
13 18 0.583417
13 19 0.500000
13 20 0.672961
13 21 0.812393
13 22 0.534612
13 23 0.752039
13 24 0.545792
13 25 0.560944
14 1 0.856085
14 2 0.996084
14 3 0.977927
14 4 0.865704
14 5 0.872016
14 6 0.999694
14 7 0.588815
14 8 0.871857
14 9 0.864803
14 10 0.578574
14 11 0.925962
14 12 0.710241
14 13 0.645029
14 14 0.990464
14 15 0.979041
14 16 0.970569
14 17 0.962441
14 18 0.955324
14 19 0.500007
14 20 0.966606
14 21 0.999929
14 22 0.633594
14 23 0.999583
14 24 0.691582
14 25 0.852203
15 1 0.831621
15 2 0.992620
15 3 0.983535
15 4 0.852347
15 5 0.859004
15 6 0.999800
15 7 0.624380
15 8 0.904678
15 9 0.855102
15 10 0.616804
15 11 0.929426
15 12 0.798958
15 13 0.676479
15 14 0.979041
15 15 0.995020
15 16 0.982779
15 17 0.977917
15 18 0.921579
15 19 0.500009
15 20 0.976648
15 21 0.999957
15 22 0.654364
15 23 0.999939
15 24 0.674917
15 25 0.824837
15 26 0.990832
16 1 0.817988
16 2 0.992458
16 3 0.983834
16 4 0.829389
16 5 0.827087
16 6 0.998696
16 7 0.593685
16 8 0.953313
16 9 0.820617
16 10 0.595593
16 11 0.904013
16 12 0.689369
16 13 0.626927
16 14 0.970569
16 15 0.982779
16 16 0.995946
16 17 0.979024
16 18 0.938002
16 19 0.500009
16 20 0.968428
16 21 0.999603
16 22 0.659774
16 23 0.999911
16 24 0.713595
16 25 0.809196
16 26 0.986006
17 1 0.813712
17 2 0.991982
17 4 0.837505
17 5 0.823263
17 6 0.998230
17 7 0.560647
17 8 0.893497
17 9 0.793811
17 10 0.576929
17 11 0.900231
17 12 0.684723
17 13 0.603217
17 14 0.962441
17 15 0.977917
17 16 0.979024
17 17 0.983002
17 18 0.923832
17 19 0.500007
17 20 0.943894
17 21 0.999939
17 22 0.569979
17 23 0.999923
17 24 0.675164
17 25 0.805564
17 26 0.983856
18 1 0.792337
18 2 0.990119
18 3 0.948283
18 4 0.800130
18 5 0.796259
18 6 0.994901
18 7 0.548435
18 8 0.825423
18 9 0.778345
18 10 0.548700
18 11 0.863039
18 12 0.583278
18 13 0.583417
18 14 0.955324
18 15 0.921579
18 16 0.938002
18 17 0.923832
18 18 0.930241
18 19 0.500004
18 20 0.923922
18 21 0.998843
18 22 0.572321
18 23 0.997144
18 24 0.630758
18 25 0.791645
19 1 0.500002
19 2 0.500012
19 3 0.500007
19 4 0.500002
19 5 0.500002
19 6 0.500010
19 7 0.500000
19 8 0.500005
19 9 0.500004
19 10 0.500001
19 11 0.500003
19 12 0.500003
19 13 0.500000
19 14 0.500007
19 15 0.500009
19 16 0.500009
19 17 0.500007
19 18 0.500004
19 19 0.500000
19 20 0.500009
19 21 0.500020
19 22 0.500001
19 23 0.500018
19 24 0.500001
19 25 0.500002
19 26 0.500007
20 1 0.796867
20 2 0.995578
20 3 0.960181
20 4 0.803857
20 5 0.815514
20 6 0.999310
20 7 0.623450
20 8 0.892453
20 9 0.771381
20 10 0.604014
20 11 0.878892
20 12 0.807470
20 13 0.672961
20 14 0.966606
20 15 0.976648
20 16 0.968428
20 17 0.943894
20 18 0.923922
20 19 0.500009
20 20 0.994010
20 21 0.999868
20 22 0.626623
20 23 0.999133
20 24 0.722940
20 25 0.790760
20 26 0.979624
21 1 0.983292
21 2 0.999997
21 3 0.999973
21 4 0.988489
21 5 0.987826
21 6 1.000000
21 7 0.671139
21 8 0.992003
21 9 0.978590
21 10 0.687533
21 11 0.997107
21 12 0.958493
21 13 0.812393
21 14 0.999929
21 15 0.999957
21 16 0.999603
21 17 0.999939
21 18 0.998843
21 19 0.500020
21 20 0.999868
21 21 1.000000
21 22 0.657475
21 23 1.000000
21 24 0.862708
21 25 0.981218
21 26 0.999989
22 1 0.547209
22 2 0.705069
22 3 0.584242
22 5 0.553806
22 6 0.777484
22 7 0.529374
22 8 0.598863
22 9 0.550491
22 10 0.519636
22 11 0.581757
22 12 0.573999
22 13 0.534612
22 14 0.633594
22 15 0.654364
22 16 0.659774
22 17 0.569979
22 18 0.572321
22 19 0.500001
22 20 0.626623
22 21 0.657475
22 22 0.564101
22 23 0.718523
22 24 0.535682
22 25 0.545399
22 26 0.643116
23 1 0.970991
23 2 0.999987
23 3 0.999953
23 4 0.979542
23 5 0.976447
23 6 1.000000
23 7 0.646980
23 8 0.995680
23 9 0.969303
23 10 0.691533
23 11 0.994625
23 12 0.915737
23 13 0.752039
23 14 0.999583
23 15 0.999939
23 16 0.999911
23 17 0.999923
23 18 0.997144
23 19 0.500018
23 20 0.999133
23 21 1.000000
23 22 0.718523
23 23 1.000000
23 24 0.825490
23 25 0.966910
23 26 0.999950
24 1 0.579623
24 2 0.755826
24 3 0.691989
24 4 0.584026
24 5 0.587122
24 6 0.861557
24 7 0.529327
24 8 0.630090
24 9 0.561186
24 10 0.519244
24 11 0.621379
24 12 0.571207
24 13 0.545792
24 14 0.691582
24 15 0.674917
24 16 0.713595
24 17 0.675164
24 18 0.630758
24 19 0.500001
24 20 0.722940
24 21 0.862708
24 22 0.535682
24 23 0.825490
24 24 0.579483
24 25 0.578004
25 1 0.681941
25 2 0.913382
25 3 0.839139
25 4 0.689930
25 5 0.692233
25 6 0.965195
25 7 0.536075
25 8 0.690822
25 9 0.670531
25 10 0.528623
25 11 0.750970
25 12 0.566030
25 13 0.560944
25 14 0.852203
25 15 0.824837
25 16 0.809196
25 17 0.805564
25 18 0.791645
25 19 0.500002
25 20 0.790760
25 21 0.981218
25 22 0.545399
25 23 0.966910
25 24 0.578004
25 25 0.682581
26 2 0.998838
26 6 0.999931
26 7 0.603777
26 8 0.915928
26 10 0.592813
26 12 0.736217
26 15 0.990832
26 16 0.986006
26 17 0.983856
26 19 0.500007
26 20 0.979624
26 21 0.999989
26 22 0.643116
26 23 0.999950
26 26 0.996913
