1 26 0.849198
3 17 0.877147
3 26 0.953054
4 22 0.567397
4 26 0.836360
5 26 0.703411
9 26 0.600410
11 26 0.905386
13 26 0.868908
14 26 0.994805
17 3 0.877147
18 26 0.975941
22 4 0.567397
24 26 0.745241
25 26 0.843645
26 1 0.849198
26 3 0.953054
26 4 0.836360
26 5 0.703411
26 9 0.600410
26 11 0.905386
26 13 0.868908
26 14 0.994805
26 18 0.975941
26 24 0.745241
26 25 0.843645
1 1 0.669868
1 2 0.853981
1 3 0.770231
1 4 0.660671
1 5 0.585580
1 6 0.985372
1 7 0.535891
1 8 0.530058
1 9 0.537302
1 10 0.521754
1 11 0.715860
1 12 0.576568
1 13 0.683743
1 14 0.897014
1 15 0.625439
1 16 0.734077
1 17 0.710413
1 18 0.816522
1 19 0.500001
1 20 0.677223
1 21 0.880262
1 22 0.557728
1 23 0.828252
1 24 0.607323
1 25 0.665083
2 1 0.853981
2 2 0.999953
2 3 0.932836
2 4 0.848871
2 5 0.656346
2 6 0.999884
2 7 0.552064
2 8 0.682267
2 9 0.625459
2 10 0.599067
2 11 0.867371
2 12 0.645164
2 13 0.862799
2 14 0.995646
2 15 0.884838
2 16 0.940716
2 17 0.873136
2 18 0.962682
2 19 0.500008
2 20 0.848773
2 21 0.996966
2 22 0.694275
2 23 0.979105
2 24 0.722650
2 25 0.804784
2 26 0.986362
3 1 0.770231
3 2 0.932836
3 3 0.918283
3 4 0.751553
3 5 0.672854
3 6 0.999417
3 7 0.572823
3 8 0.534030
3 9 0.612869
3 10 0.526085
3 11 0.835005
3 12 0.624450
3 13 0.794241
3 14 0.971312
3 15 0.744396
3 16 0.856533
3 18 0.952911
3 19 0.500002
3 20 0.753487
3 21 0.972000
3 22 0.588659
3 23 0.943589
3 24 0.698204
3 25 0.770879
4 1 0.660671
4 2 0.848871
4 3 0.751553
4 4 0.662550
4 5 0.579914
4 6 0.984838
4 7 0.532846
4 8 0.536355
4 9 0.517619
4 10 0.525290
4 11 0.704469
4 12 0.580333
4 13 0.675121
4 14 0.889349
4 15 0.612040
4 16 0.710616
4 17 0.690107
4 18 0.802545
4 19 0.500001
4 20 0.689093
4 21 0.880255
4 23 0.825660
4 24 0.594263
4 25 0.652541
5 1 0.585580
5 2 0.656346
5 3 0.672854
5 4 0.579914
5 5 0.621580
5 6 0.863731
5 7 0.520323
5 8 0.510305
5 9 0.564578
5 10 0.513976
5 11 0.627077
5 12 0.572490
5 13 0.599914
5 14 0.727427
5 15 0.625452
5 16 0.583891
5 17 0.642713
5 18 0.707218
5 19 0.500003
5 20 0.551279
5 21 0.740879
5 22 0.524693
5 23 0.698357
5 24 0.565452
5 25 0.588397
6 1 0.985372
6 2 0.999884
6 3 0.999417
6 4 0.984838
6 5 0.863731
6 6 1.000000
6 7 0.739220
6 8 0.791207
6 9 0.646338
6 10 0.618308
6 11 0.996678
6 12 0.910897
6 13 0.991747
6 14 0.999997
6 15 0.943818
6 16 0.997584
6 17 0.996291
6 18 0.999919
6 19 0.500007
6 20 0.995165
6 21 0.999997
6 22 0.829865
6 23 0.999984
6 24 0.939841
6 25 0.983767
6 26 0.999971
7 1 0.535891
7 2 0.552064
7 3 0.572823
7 4 0.532846
7 5 0.520323
7 6 0.739220
7 7 0.513993
7 8 0.506450
7 9 0.509655
7 10 0.501413
7 11 0.552813
7 12 0.519567
7 13 0.542275
7 14 0.595287
7 15 0.526799
7 16 0.556740
7 17 0.559755
7 18 0.587792
7 19 0.500000
7 20 0.531374
7 21 0.611113
7 22 0.510497
7 23 0.590398
7 24 0.527875
7 25 0.538763
7 26 0.589739
8 1 0.530058
8 2 0.682267
8 3 0.534030
8 4 0.536355
8 5 0.510305
8 6 0.791207
8 7 0.506450
8 8 0.587876
8 9 0.500571
8 10 0.516590
8 11 0.540077
8 12 0.557848
8 13 0.540030
8 14 0.609351
8 15 0.552981
8 16 0.498216
8 17 0.512719
8 18 0.593591
8 19 0.500002
8 20 0.619335
8 21 0.725747
8 22 0.515578
8 23 0.722782
8 24 0.527562
8 25 0.517423
8 26 0.564401
9 1 0.537302
9 2 0.625459
9 3 0.612869
9 4 0.517619
9 5 0.564578
9 6 0.646338
9 7 0.509655
9 8 0.500571
9 9 0.602492
9 10 0.499004
9 11 0.552033
9 12 0.513043
9 13 0.545769
9 14 0.566995
9 15 0.616006
9 16 0.553483
9 17 0.614493
9 18 0.640742
9 19 0.500003
9 20 0.452818
9 21 0.581458
9 22 0.497489
9 23 0.545562
9 24 0.547969
9 25 0.542426
10 1 0.521754
10 2 0.599067
10 3 0.526085
10 4 0.525290
10 5 0.513976
10 6 0.618308
10 7 0.501413
10 8 0.516590
10 9 0.499004
10 10 0.510156
10 11 0.525763
10 12 0.519538
10 13 0.523472
10 14 0.580239
10 15 0.521579
10 16 0.509740
10 17 0.512771
10 18 0.546053
10 19 0.500000
10 20 0.544155
10 21 0.597468
10 22 0.511795
10 23 0.574366
10 24 0.508991
10 25 0.517118
10 26 0.551098
11 1 0.715860
11 2 0.867371
11 3 0.835005
11 4 0.704469
11 5 0.627077
11 6 0.996678
11 7 0.552813
11 8 0.540077
11 9 0.552033
11 10 0.525763
11 11 0.780417
11 12 0.614672
11 13 0.736472
11 14 0.941687
11 15 0.658461
11 16 0.781762
11 17 0.769950
11 18 0.880298
11 19 0.500001
11 20 0.726750
11 21 0.931556
11 22 0.571011
11 23 0.892451
11 24 0.641805
11 25 0.715844
12 1 0.576568
12 2 0.645164
12 3 0.624450
12 4 0.580333
12 5 0.572490
12 6 0.910897
12 7 0.519567
12 8 0.557848
12 9 0.513043
12 10 0.519538
12 11 0.614672
12 12 0.591982
12 13 0.592499
12 14 0.729543
12 15 0.564318
12 16 0.553284
12 17 0.584286
12 18 0.676885
12 19 0.500002
12 20 0.626313
12 21 0.773348
12 22 0.528625
12 23 0.770941
12 24 0.558229
12 25 0.573859
12 26 0.679095
13 1 0.683743
13 2 0.862799
13 3 0.794241
13 4 0.675121
13 5 0.599914
13 6 0.991747
13 7 0.542275
13 8 0.540030
13 9 0.545769
13 10 0.523472
13 11 0.736472
13 12 0.592499
13 13 0.701739
13 14 0.911587
13 15 0.642930
13 16 0.746554
13 17 0.733846
13 18 0.841583
13 19 0.500001
13 20 0.694508
13 21 0.902394
13 22 0.563606
13 23 0.857185
13 24 0.620029
13 25 0.679920
14 1 0.897014
14 2 0.995646
14 3 0.971312
14 4 0.889349
14 5 0.727427
14 6 0.999997
14 7 0.595287
14 8 0.609351
14 9 0.566995
14 10 0.580239
14 11 0.941687
14 12 0.729543
14 13 0.911587
14 14 0.999012
14 15 0.811175
14 16 0.950251
14 17 0.923823
14 18 0.989077
14 19 0.500002
14 20 0.935146
14 21 0.998219
14 22 0.675724
14 23 0.993448
14 24 0.777919
14 25 0.887021
15 1 0.625439
15 2 0.884838
15 3 0.744396
15 4 0.612040
15 5 0.625452
15 6 0.943818
15 7 0.526799
15 8 0.552981
15 9 0.616006
15 10 0.521579
15 11 0.658461
15 12 0.564318
15 13 0.642930
15 14 0.811175
15 15 0.755483
15 16 0.665180
15 17 0.712552
15 18 0.792280
15 19 0.500006
15 20 0.607709
15 21 0.854209
15 22 0.539166
15 23 0.741022
15 24 0.588008
15 25 0.613429
15 26 0.782400
16 1 0.734077
16 2 0.940716
16 3 0.856533
16 4 0.710616
16 5 0.583891
16 6 0.997584
16 7 0.556740
16 8 0.498216
16 9 0.553483
16 10 0.509740
16 11 0.781762
16 12 0.553284
16 13 0.746554
16 14 0.950251
16 15 0.665180
16 16 0.876516
16 17 0.802239
16 18 0.869638
16 19 0.500000
16 20 0.682353
16 21 0.910221
16 22 0.577438
16 23 0.844631
16 24 0.649869
16 25 0.731012
16 26 0.925458
17 1 0.710413
17 2 0.873136
17 4 0.690107
17 5 0.642713
17 6 0.996291
17 7 0.559755
17 8 0.512719
17 9 0.614493
17 10 0.512771
17 11 0.769950
17 12 0.584286
17 13 0.733846
17 14 0.923823
17 15 0.712552
17 16 0.802239
17 17 0.843164
17 18 0.918400
17 19 0.500002
17 20 0.662361
17 21 0.932423
17 22 0.563420
17 23 0.886362
17 24 0.661955
17 25 0.714133
17 26 0.906450
18 1 0.816522
18 2 0.962682
18 3 0.952911
18 4 0.802545
18 5 0.707218
18 6 0.999919
18 7 0.587792
18 8 0.593591
18 9 0.640742
18 10 0.546053
18 11 0.880298
18 12 0.676885
18 13 0.841583
18 14 0.989077
18 15 0.792280
18 16 0.869638
18 17 0.918400
18 18 0.986932
18 19 0.500005
18 20 0.856617
18 21 0.995256
18 22 0.611789
18 23 0.985123
18 24 0.745463
18 25 0.815372
19 1 0.500001
19 2 0.500008
19 3 0.500002
19 4 0.500001
19 5 0.500003
19 6 0.500007
19 7 0.500000
19 8 0.500002
19 9 0.500003
19 10 0.500000
19 11 0.500001
19 12 0.500002
19 13 0.500001
19 14 0.500002
19 15 0.500006
19 16 0.500000
19 17 0.500002
19 18 0.500005
19 19 0.500000
19 20 0.499999
19 21 0.500009
19 22 0.500001
19 23 0.500007
19 24 0.500002
19 25 0.500000
19 26 0.500002
20 1 0.677223
20 2 0.848773
20 3 0.753487
20 4 0.689093
20 5 0.551279
20 6 0.995165
20 7 0.531374
20 8 0.619335
20 9 0.452818
20 10 0.544155
20 11 0.726750
20 12 0.626313
20 13 0.694508
20 14 0.935146
20 15 0.607709
20 16 0.682353
20 17 0.662361
20 18 0.856617
20 19 0.499999
20 20 0.862441
20 21 0.958150
20 22 0.569590
20 23 0.926410
20 24 0.580137
20 25 0.660727
20 26 0.851389
21 1 0.880262
21 2 0.996966
21 3 0.972000
21 4 0.880255
21 5 0.740879
21 6 0.999997
21 7 0.611113
21 8 0.725747
21 9 0.581458
21 10 0.597468
21 11 0.931556
21 12 0.773348
21 13 0.902394
21 14 0.998219
21 15 0.854209
21 16 0.910221
21 17 0.932423
21 18 0.995256
21 19 0.500009
21 20 0.958150
21 21 0.999737
21 22 0.673339
21 23 0.998470
21 24 0.785927
21 25 0.866640
21 26 0.992035
22 1 0.557728
22 2 0.694275
22 3 0.588659
22 5 0.524693
22 6 0.829865
22 7 0.510497
22 8 0.515578
22 9 0.497489
22 10 0.511795
22 11 0.571011
22 12 0.528625
22 13 0.563606
22 14 0.675724
22 15 0.539166
22 16 0.577438
22 17 0.563420
22 18 0.611789
22 19 0.500001
22 20 0.569590
22 21 0.673339
22 22 0.537001
22 23 0.624490
22 24 0.528004
22 25 0.550194
22 26 0.641473
23 1 0.828252
23 2 0.979105
23 3 0.943589
23 4 0.825660
23 5 0.698357
23 6 0.999984
23 7 0.590398
23 8 0.722782
23 9 0.545562
23 10 0.574366
23 11 0.892451
23 12 0.770941
23 13 0.857185
23 14 0.993448
23 15 0.741022
23 16 0.844631
23 17 0.886362
23 18 0.985123
23 19 0.500007
23 20 0.926410
23 21 0.998470
23 22 0.624490
23 23 0.998190
23 24 0.778661
23 25 0.815346
23 26 0.977166
24 1 0.607323
24 2 0.722650
24 3 0.698204
24 4 0.594263
24 5 0.565452
24 6 0.939841
24 7 0.527875
24 8 0.527562
24 9 0.547969
24 10 0.508991
24 11 0.641805
24 12 0.558229
24 13 0.620029
24 14 0.777919
24 15 0.588008
24 16 0.649869
24 17 0.661955
24 18 0.745463
24 19 0.500002
24 20 0.580137
24 21 0.785927
24 22 0.528004
24 23 0.778661
24 24 0.596105
24 25 0.607247
25 1 0.665083
25 2 0.804784
25 3 0.770879
25 4 0.652541
25 5 0.588397
25 6 0.983767
25 7 0.538763
25 8 0.517423
25 9 0.542426
25 10 0.517118
25 11 0.715844
25 12 0.573859
25 13 0.679920
25 14 0.887021
25 15 0.613429
25 16 0.731012
25 17 0.714133
25 18 0.815372
25 19 0.500000
25 20 0.660727
25 21 0.866640
25 22 0.550194
25 23 0.815346
25 24 0.607247
25 25 0.666705
26 2 0.986362
26 6 0.999971
26 7 0.589739
26 8 0.564401
26 10 0.551098
26 12 0.679095
26 15 0.782400
26 16 0.925458
26 17 0.906450
26 19 0.500002
26 20 0.851389
26 21 0.992035
26 22 0.641473
26 23 0.977166
26 26 0.986090
