1 26 0.594749
3 17 0.704569
3 26 0.599387
4 22 0.528570
4 26 0.521049
5 26 0.522898
9 26 0.593909
11 26 0.602804
13 26 0.591788
14 26 0.738328
17 3 0.704569
18 26 0.722122
22 4 0.528570
24 26 0.597159
25 26 0.601399
26 1 0.594749
26 3 0.599387
26 4 0.521049
26 5 0.522898
26 9 0.593909
26 11 0.602804
26 13 0.591788
26 14 0.738328
26 18 0.722122
26 24 0.597159
26 25 0.601399
1 1 0.538936
1 2 0.787451
1 3 0.542275
1 4 0.508002
1 5 0.505644
1 6 0.710748
1 7 0.519852
1 8 0.500830
1 9 0.538976
1 10 0.504166
1 11 0.541087
1 12 0.494371
1 13 0.536473
1 14 0.605556
1 15 0.562214
1 16 0.574241
1 17 0.522070
1 18 0.577442
1 19 0.500001
1 20 0.623242
1 21 0.667834
1 22 0.508002
1 23 0.559816
1 24 0.539832
1 25 0.540973
2 1 0.787451
2 2 1.000000
2 3 0.843115
2 4 0.566355
2 5 0.669563
2 6 0.999661
2 7 0.678358
2 8 0.555738
2 9 0.783034
2 10 0.653083
2 11 0.796133
2 12 0.532203
2 13 0.764836
2 14 0.970632
2 15 0.956851
2 16 0.974783
2 17 0.862509
2 18 0.997947
2 19 0.500009
2 20 0.998204
2 21 0.995869
2 22 0.566355
2 23 0.646130
2 24 0.812272
2 25 0.786745
2 26 0.963660
3 1 0.542275
3 2 0.843115
3 3 0.937544
3 4 0.524796
3 5 0.514500
3 6 0.797107
3 7 0.548109
3 8 0.659607
3 9 0.574214
3 10 0.507501
3 11 0.597174
3 12 0.600842
3 13 0.555367
3 14 0.643337
3 15 0.753922
3 16 0.791510
3 18 0.932449
3 19 0.500009
3 20 0.655344
3 21 0.893405
3 22 0.524796
3 23 0.891962
3 24 0.539080
3 25 0.548134
4 1 0.508002
4 2 0.566355
4 3 0.524796
4 4 0.528570
4 5 0.500409
4 6 0.703546
4 7 0.510741
4 8 0.511396
4 9 0.510845
4 10 0.497280
4 11 0.514008
4 12 0.487309
4 13 0.509175
4 14 0.524500
4 15 0.533465
4 16 0.520741
4 17 0.520051
4 18 0.546996
4 19 0.500001
4 20 0.533903
4 21 0.558604
4 23 0.500838
4 24 0.509404
4 25 0.505194
5 1 0.505644
5 2 0.669563
5 3 0.514500
5 4 0.500409
5 5 0.559585
5 6 0.551385
5 7 0.517251
5 8 0.510893
5 9 0.501251
5 10 0.529505
5 11 0.521510
5 12 0.531331
5 13 0.503478
5 14 0.497221
5 15 0.538144
5 16 0.538626
5 17 0.565290
5 18 0.650311
5 19 0.500003
5 20 0.536380
5 21 0.502744
5 22 0.500409
5 23 0.476532
5 24 0.510867
5 25 0.507654
6 1 0.710748
6 2 0.999661
6 3 0.797107
6 4 0.703546
6 5 0.551385
6 6 0.999995
6 7 0.678323
6 8 0.529966
6 9 0.703829
6 10 0.496798
6 11 0.744757
6 12 0.406844
6 13 0.695558
6 14 0.920890
6 15 0.886576
6 16 0.928250
6 17 0.850060
6 18 0.958567
6 19 0.500008
6 20 0.960270
6 21 0.995229
6 22 0.703546
6 23 0.595091
6 24 0.722036
6 25 0.693024
6 26 0.899697
7 1 0.519852
7 2 0.678358
7 3 0.548109
7 4 0.510741
7 5 0.517251
7 6 0.678323
7 7 0.529816
7 8 0.502617
7 9 0.520824
7 10 0.512270
7 11 0.528230
7 12 0.508709
7 13 0.514140
7 14 0.549590
7 15 0.548699
7 16 0.546450
7 17 0.556963
7 18 0.523686
7 19 0.500002
7 20 0.547928
7 21 0.579408
7 22 0.510741
7 23 0.496067
7 24 0.520952
7 25 0.520255
7 26 0.546747
8 1 0.500830
8 2 0.555738
8 3 0.659607
8 4 0.511396
8 5 0.510893
8 6 0.529966
8 7 0.502617
8 8 0.567857
8 9 0.511637
8 10 0.506051
8 11 0.514139
8 12 0.532891
8 13 0.510548
8 14 0.507247
8 15 0.591709
8 16 0.584404
8 17 0.564227
8 18 0.731936
8 19 0.500003
8 20 0.555891
8 21 0.614696
8 22 0.511396
8 23 0.659275
8 24 0.502829
8 25 0.503243
8 26 0.501091
9 1 0.538976
9 2 0.783034
9 3 0.574214
9 4 0.510845
9 5 0.501251
9 6 0.703829
9 7 0.520824
9 8 0.511637
9 9 0.543554
9 10 0.504068
9 11 0.544194
9 12 0.496962
9 13 0.536581
9 14 0.610179
9 15 0.578505
9 16 0.582785
9 17 0.524771
9 18 0.580295
9 19 0.500001
9 20 0.628962
9 21 0.692403
9 22 0.510845
9 23 0.591082
9 24 0.538963
9 25 0.540288
10 1 0.504166
10 2 0.653083
10 3 0.507501
10 4 0.497280
10 5 0.529505
10 6 0.496798
10 7 0.512270
10 8 0.506051
10 9 0.504068
10 10 0.530195
10 11 0.510582
10 12 0.531866
10 13 0.497870
10 14 0.505386
10 15 0.554864
10 16 0.543306
10 17 0.548518
10 18 0.543787
10 19 0.500001
10 20 0.586606
10 21 0.563177
10 22 0.497280
10 23 0.465584
10 24 0.507269
10 25 0.502317
10 26 0.509355
11 1 0.541087
11 2 0.796133
11 3 0.597174
11 4 0.514008
11 5 0.521510
11 6 0.744757
11 7 0.528230
11 8 0.514139
11 9 0.544194
11 10 0.510582
11 11 0.558556
11 12 0.507330
11 13 0.537132
11 14 0.611417
11 15 0.588257
11 16 0.596155
11 17 0.540582
11 18 0.622594
11 19 0.500002
11 20 0.628286
11 21 0.722641
11 22 0.514008
11 23 0.598222
11 24 0.541910
11 25 0.541810
12 1 0.494371
12 2 0.532203
12 3 0.600842
12 4 0.487309
12 5 0.531331
12 6 0.406844
12 7 0.508709
12 8 0.532891
12 9 0.496962
12 10 0.531866
12 11 0.507330
12 12 0.592440
12 13 0.488628
12 14 0.484171
12 15 0.601446
12 16 0.594828
12 17 0.580128
12 18 0.564766
12 19 0.500002
12 20 0.567774
12 21 0.626182
12 22 0.487309
12 23 0.527404
12 24 0.498839
12 25 0.494740
12 26 0.479779
13 1 0.536473
13 2 0.764836
13 3 0.555367
13 4 0.509175
13 5 0.503478
13 6 0.695558
13 7 0.514140
13 8 0.510548
13 9 0.536581
13 10 0.497870
13 11 0.537132
13 12 0.488628
13 13 0.540783
13 14 0.596143
13 15 0.543227
13 16 0.559829
13 17 0.513329
13 18 0.633580
13 19 0.500001
13 20 0.597635
13 21 0.643193
13 22 0.509175
13 23 0.593730
13 24 0.537677
13 25 0.541640
14 1 0.605556
14 2 0.970632
14 3 0.643337
14 4 0.524500
14 5 0.497221
14 6 0.920890
14 7 0.549590
14 8 0.507247
14 9 0.610179
14 10 0.505386
14 11 0.611417
14 12 0.484171
14 13 0.596143
14 14 0.776228
14 15 0.691697
14 16 0.715818
14 17 0.550294
14 18 0.675048
14 19 0.500002
14 20 0.818421
14 21 0.891275
14 22 0.524500
14 23 0.684534
14 24 0.605299
14 25 0.607490
15 1 0.562214
15 2 0.956851
15 3 0.753922
15 4 0.533465
15 5 0.538144
15 6 0.886576
15 7 0.548699
15 8 0.591709
15 9 0.578505
15 10 0.554864
15 11 0.588257
15 12 0.601446
15 13 0.543227
15 14 0.691697
15 15 0.845533
15 16 0.834711
15 17 0.710774
15 18 0.819824
15 19 0.500004
15 20 0.889002
15 21 0.932840
15 22 0.533465
15 23 0.676482
15 24 0.570698
15 25 0.549271
15 26 0.627431
16 1 0.574241
16 2 0.974783
16 3 0.791510
16 4 0.520741
16 5 0.538626
16 6 0.928250
16 7 0.546450
16 8 0.584404
16 9 0.582785
16 10 0.543306
16 11 0.596155
16 12 0.594828
16 13 0.559829
16 14 0.715818
16 15 0.834711
16 16 0.866488
16 17 0.737859
16 18 0.896919
16 19 0.500003
16 20 0.885929
16 21 0.946084
16 22 0.520741
16 23 0.714007
16 24 0.580498
16 25 0.564091
16 26 0.660050
17 1 0.522070
17 2 0.862509
17 4 0.520051
17 5 0.565290
17 6 0.850060
17 7 0.556963
17 8 0.564227
17 9 0.524771
17 10 0.548518
17 11 0.540582
17 12 0.580128
17 13 0.513329
17 14 0.550294
17 15 0.710774
17 16 0.737859
17 17 0.762134
17 18 0.795665
17 19 0.500004
17 20 0.669753
17 21 0.715138
17 22 0.520051
17 23 0.528882
17 24 0.527284
17 25 0.518543
17 26 0.541646
18 1 0.577442
18 2 0.997947
18 3 0.932449
18 4 0.546996
18 5 0.650311
18 6 0.958567
18 7 0.523686
18 8 0.731936
18 9 0.580295
18 10 0.543787
18 11 0.622594
18 12 0.564766
18 13 0.633580
18 14 0.675048
18 15 0.819824
18 16 0.896919
18 17 0.795665
18 18 0.999802
18 19 0.500013
18 20 0.901314
18 21 0.884131
18 22 0.546996
18 23 0.917041
18 24 0.605824
18 25 0.597023
19 1 0.500001
19 2 0.500009
19 3 0.500009
19 4 0.500001
19 5 0.500003
19 6 0.500008
19 7 0.500002
19 8 0.500003
19 9 0.500001
19 10 0.500001
19 11 0.500002
19 12 0.500002
19 13 0.500001
19 14 0.500002
19 15 0.500004
19 16 0.500003
19 17 0.500004
19 18 0.500013
19 19 0.500000
19 20 0.500002
19 21 0.500006
19 22 0.500001
19 23 0.500005
19 24 0.500001
19 25 0.500001
19 26 0.500002
20 1 0.623242
20 2 0.998204
20 3 0.655344
20 4 0.533903
20 5 0.536380
20 6 0.960270
20 7 0.547928
20 8 0.555891
20 9 0.628962
20 10 0.586606
20 11 0.628286
20 12 0.567774
20 13 0.597635
20 14 0.818421
20 15 0.889002
20 16 0.885929
20 17 0.669753
20 18 0.901314
20 19 0.500002
20 20 0.982202
20 21 0.983277
20 22 0.533903
20 23 0.633139
20 24 0.638580
20 25 0.604976
20 26 0.757439
21 1 0.667834
21 2 0.995869
21 3 0.893405
21 4 0.558604
21 5 0.502744
21 6 0.995229
21 7 0.579408
21 8 0.614696
21 9 0.692403
21 10 0.563177
21 11 0.722641
21 12 0.626182
21 13 0.643193
21 14 0.891275
21 15 0.932840
21 16 0.946084
21 17 0.715138
21 18 0.884131
21 19 0.500006
21 20 0.983277
21 21 0.999731
21 22 0.558604
21 23 0.931595
21 24 0.669192
21 25 0.646228
21 26 0.828638
22 1 0.508002
22 2 0.566355
22 3 0.524796
22 5 0.500409
22 6 0.703546
22 7 0.510741
22 8 0.511396
22 9 0.510845
22 10 0.497280
22 11 0.514008
22 12 0.487309
22 13 0.509175
22 14 0.524500
22 15 0.533465
22 16 0.520741
22 17 0.520051
22 18 0.546996
22 19 0.500001
22 20 0.533903
22 21 0.558604
22 22 0.528570
22 23 0.500838
22 24 0.509404
22 25 0.505194
22 26 0.521049
23 1 0.559816
23 2 0.646130
23 3 0.891962
23 4 0.500838
23 5 0.476532
23 6 0.595091
23 7 0.496067
23 8 0.659275
23 9 0.591082
23 10 0.465584
23 11 0.598222
23 12 0.527404
23 13 0.593730
23 14 0.684534
23 15 0.676482
23 16 0.714007
23 17 0.528882
23 18 0.917041
23 19 0.500005
23 20 0.633139
23 21 0.931595
23 22 0.500838
23 23 0.964151
23 24 0.548431
23 25 0.578487
23 26 0.644782
24 1 0.539832
24 2 0.812272
24 3 0.539080
24 4 0.509404
24 5 0.510867
24 6 0.722036
24 7 0.520952
24 8 0.502829
24 9 0.538963
24 10 0.507269
24 11 0.541910
24 12 0.498839
24 13 0.537677
24 14 0.605299
24 15 0.570698
24 16 0.580498
24 17 0.527284
24 18 0.605824
24 19 0.500001
24 20 0.638580
24 21 0.669192
24 22 0.509404
24 23 0.548431
24 24 0.542932
24 25 0.541931
25 1 0.540973
25 2 0.786745
25 3 0.548134
25 4 0.505194
25 5 0.507654
25 6 0.693024
25 7 0.520255
25 8 0.503243
25 9 0.540288
25 10 0.502317
25 11 0.541810
25 12 0.494740
25 13 0.541640
25 14 0.607490
25 15 0.549271
25 16 0.564091
25 17 0.518543
25 18 0.597023
25 19 0.500001
25 20 0.604976
25 21 0.646228
25 22 0.505194
25 23 0.578487
25 24 0.541931
25 25 0.546672
26 2 0.963660
26 6 0.899697
26 7 0.546747
26 8 0.501091
26 10 0.509355
26 12 0.479779
26 15 0.627431
26 16 0.660050
26 17 0.541646
26 19 0.500002
26 20 0.757439
26 21 0.828638
26 22 0.521049
26 23 0.644782
26 26 0.725971
