1 26 0.931160
3 17 0.863867
3 26 0.977323
4 22 0.547070
4 26 0.729022
5 26 0.951358
9 26 0.933974
11 26 0.976246
13 26 0.947970
14 26 0.999834
17 3 0.863867
18 26 0.990046
22 4 0.547070
24 26 0.761161
25 26 0.950043
26 1 0.931160
26 3 0.977323
26 4 0.729022
26 5 0.951358
26 9 0.933974
26 11 0.976246
26 13 0.947970
26 14 0.999834
26 18 0.990046
26 24 0.761161
26 25 0.950043
1 1 0.706459
1 2 0.977165
1 3 0.773934
1 4 0.584221
1 5 0.728725
1 6 0.996872
1 7 0.518584
1 8 0.615257
1 9 0.710564
1 10 0.548580
1 11 0.769163
1 12 0.609042
1 13 0.726996
1 14 0.943593
1 15 0.773674
1 16 0.884281
1 17 0.768374
1 18 0.825200
1 19 0.500007
1 20 0.798887
1 21 0.875219
1 22 0.584221
1 23 0.770908
1 24 0.603561
1 25 0.728115
2 1 0.977165
2 2 1.000000
2 3 0.997278
2 4 0.822441
2 5 0.983531
2 6 1.000000
2 7 0.612058
2 8 0.931549
2 9 0.977863
2 10 0.737595
2 11 0.996076
2 12 0.801453
2 13 0.980128
2 14 0.999996
2 15 0.999770
2 16 0.999997
2 17 0.997381
2 18 0.998716
2 19 0.500027
2 20 0.996766
2 21 0.999974
2 22 0.822441
2 23 0.999396
2 24 0.741805
2 25 0.981355
2 26 0.999989
3 1 0.773934
3 2 0.997278
3 3 0.886749
3 4 0.625787
3 5 0.796089
3 6 0.999882
3 7 0.531290
3 8 0.704288
3 9 0.782343
3 10 0.575625
3 11 0.841200
3 12 0.626523
3 13 0.793278
3 14 0.980212
3 15 0.893724
3 16 0.971089
3 18 0.907752
3 19 0.500011
3 20 0.902257
3 21 0.953548
3 22 0.625787
3 23 0.910366
3 24 0.661383
3 25 0.796103
4 1 0.584221
4 2 0.822441
4 3 0.625787
4 4 0.547070
4 5 0.589283
4 6 0.925818
4 7 0.510470
4 8 0.555346
4 9 0.588343
4 10 0.517632
4 11 0.624766
4 12 0.532835
4 13 0.591967
4 14 0.746531
4 15 0.640303
4 16 0.714217
4 17 0.617683
4 18 0.655473
4 19 0.500003
4 20 0.649656
4 21 0.691140
4 23 0.663470
4 24 0.545996
4 25 0.586917
5 1 0.728725
5 2 0.983531
5 3 0.796089
5 4 0.589283
5 5 0.758070
5 6 0.997972
5 7 0.521875
5 8 0.607568
5 9 0.732343
5 10 0.555959
5 11 0.798098
5 12 0.632497
5 13 0.752763
5 14 0.963369
5 15 0.790640
5 16 0.894157
5 17 0.785188
5 18 0.850696
5 19 0.500008
5 20 0.820490
5 21 0.890197
5 22 0.589283
5 23 0.784326
5 24 0.613970
5 25 0.756718
6 1 0.996872
6 2 1.000000
6 3 0.999882
6 4 0.925818
6 5 0.997972
6 6 1.000000
6 7 0.607759
6 8 0.990182
6 9 0.997450
6 10 0.772484
6 11 0.999104
6 12 0.881928
6 13 0.998095
6 14 1.000000
6 15 0.999931
6 16 1.000000
6 17 0.999836
6 18 0.999963
6 19 0.500047
6 20 0.999954
6 21 0.999998
6 22 0.925818
6 23 0.999703
6 24 0.971039
6 25 0.997882
6 26 1.000000
7 1 0.518584
7 2 0.612058
7 3 0.531290
7 4 0.510470
7 5 0.521875
7 6 0.607759
7 7 0.506338
7 8 0.496735
7 9 0.518461
7 10 0.504654
7 11 0.549989
7 12 0.507185
7 13 0.519457
7 14 0.578708
7 15 0.544751
7 16 0.551089
7 17 0.523020
7 18 0.531436
7 19 0.500001
7 20 0.529357
7 21 0.548274
7 22 0.510470
7 23 0.541893
7 24 0.502045
7 25 0.518869
7 26 0.563863
8 1 0.615257
8 2 0.931549
8 3 0.704288
8 4 0.555346
8 5 0.607568
8 6 0.990182
8 7 0.496735
8 8 0.740614
8 9 0.626213
8 10 0.523277
8 11 0.559198
8 12 0.530804
8 13 0.621439
8 14 0.718906
8 15 0.738670
8 16 0.869595
8 17 0.770778
8 18 0.724395
8 19 0.500005
8 20 0.699684
8 21 0.769130
8 22 0.555346
8 23 0.769679
8 24 0.604827
8 25 0.615664
8 26 0.771589
9 1 0.710564
9 2 0.977863
9 3 0.782343
9 4 0.588343
9 5 0.732343
9 6 0.997450
9 7 0.518461
9 8 0.626213
9 9 0.716119
9 10 0.549375
9 11 0.770367
9 12 0.611972
9 13 0.731888
9 14 0.944567
9 15 0.779823
9 16 0.890007
9 17 0.776598
9 18 0.833670
9 19 0.500007
9 20 0.809542
9 21 0.880793
9 22 0.588343
9 23 0.792205
9 24 0.613144
9 25 0.732452
10 1 0.548580
10 2 0.737595
10 3 0.575625
10 4 0.517632
10 5 0.555959
10 6 0.772484
10 7 0.504654
10 8 0.523277
10 9 0.549375
10 10 0.518494
10 11 0.568892
10 12 0.520504
10 13 0.553182
10 14 0.655703
10 15 0.588368
10 16 0.654787
10 17 0.561518
10 18 0.584937
10 19 0.500002
10 20 0.586942
10 21 0.617241
10 22 0.517632
10 23 0.591961
10 24 0.519634
10 25 0.555288
10 26 0.647010
11 1 0.769163
11 2 0.996076
11 3 0.841200
11 4 0.624766
11 5 0.798098
11 6 0.999104
11 7 0.549989
11 8 0.559198
11 9 0.770367
11 10 0.568892
11 11 0.912619
11 12 0.638048
11 13 0.791622
11 14 0.985760
11 15 0.884246
11 16 0.935302
11 17 0.817716
11 18 0.878051
11 19 0.500010
11 20 0.853870
11 21 0.943668
11 22 0.624766
11 23 0.842990
11 24 0.590599
11 25 0.785955
12 1 0.609042
12 2 0.801453
12 3 0.626523
12 4 0.532835
12 5 0.632497
12 6 0.881928
12 7 0.507185
12 8 0.530804
12 9 0.611972
12 10 0.520504
12 11 0.638048
12 12 0.598952
12 13 0.629846
12 14 0.806809
12 15 0.574767
12 16 0.626697
12 17 0.640305
12 18 0.700161
12 19 0.500004
12 20 0.640867
12 21 0.681882
12 22 0.532835
12 23 0.662623
12 24 0.551975
12 25 0.636272
12 26 0.788619
13 1 0.726996
13 2 0.980128
13 3 0.793278
13 4 0.591967
13 5 0.752763
13 6 0.998095
13 7 0.519457
13 8 0.621439
13 9 0.731888
13 10 0.553182
13 11 0.791622
13 12 0.629846
13 13 0.751987
13 14 0.958263
13 15 0.782507
13 16 0.889823
13 17 0.788959
13 18 0.850578
13 19 0.500008
13 20 0.818630
13 21 0.888666
13 22 0.591967
13 23 0.790542
13 24 0.618842
13 25 0.752667
14 1 0.943593
14 2 0.999996
14 3 0.980212
14 4 0.746531
14 5 0.963369
14 6 1.000000
14 7 0.578708
14 8 0.718906
14 9 0.944567
14 10 0.655703
14 11 0.985760
14 12 0.806809
14 13 0.958263
14 14 0.999954
14 15 0.986472
14 16 0.998308
14 17 0.970034
14 18 0.992283
14 19 0.500022
14 20 0.988740
14 21 0.997852
14 22 0.746531
14 23 0.961500
14 24 0.758313
14 25 0.960424
15 1 0.773674
15 2 0.999770
15 3 0.893724
15 4 0.640303
15 5 0.790640
15 6 0.999931
15 7 0.544751
15 8 0.738670
15 9 0.779823
15 10 0.588368
15 11 0.884246
15 12 0.574767
15 13 0.782507
15 14 0.986472
15 15 0.978621
15 16 0.990325
15 17 0.883177
15 18 0.891441
15 19 0.500011
15 20 0.916461
15 21 0.976007
15 22 0.640303
15 23 0.905233
15 24 0.612817
15 25 0.776100
15 26 0.979257
16 1 0.884281
16 2 0.999997
16 3 0.971089
16 4 0.714217
16 5 0.894157
16 6 1.000000
16 7 0.551089
16 8 0.869595
16 9 0.890007
16 10 0.654787
16 11 0.935302
16 12 0.626697
16 13 0.889823
16 14 0.998308
16 15 0.990325
16 16 0.999701
16 17 0.963538
16 18 0.976521
16 19 0.500016
16 20 0.981577
16 21 0.996942
16 22 0.714217
16 23 0.986795
16 24 0.719020
16 25 0.893010
16 26 0.997850
17 1 0.768374
17 2 0.997381
17 4 0.617683
17 5 0.785188
17 6 0.999836
17 7 0.523020
17 8 0.770778
17 9 0.776598
17 10 0.561518
17 11 0.817716
17 12 0.640305
17 13 0.788959
17 14 0.970034
17 15 0.883177
17 16 0.963538
17 17 0.908566
17 18 0.900990
17 19 0.500011
17 20 0.834680
17 21 0.933357
17 22 0.617683
17 23 0.914316
17 24 0.652670
17 25 0.784724
17 26 0.970133
18 1 0.825200
18 2 0.998716
18 3 0.907752
18 4 0.655473
18 5 0.850696
18 6 0.999963
18 7 0.531436
18 8 0.724395
18 9 0.833670
18 10 0.584937
18 11 0.878051
18 12 0.700161
18 13 0.850578
18 14 0.992283
18 15 0.891441
18 16 0.976521
18 17 0.900990
18 18 0.951965
18 19 0.500013
18 20 0.929051
18 21 0.970616
18 22 0.655473
18 23 0.944729
18 24 0.690095
18 25 0.853711
19 1 0.500007
19 2 0.500027
19 3 0.500011
19 4 0.500003
19 5 0.500008
19 6 0.500047
19 7 0.500001
19 8 0.500005
19 9 0.500007
19 10 0.500002
19 11 0.500010
19 12 0.500004
19 13 0.500008
19 14 0.500022
19 15 0.500011
19 16 0.500016
19 17 0.500011
19 18 0.500013
19 19 0.500000
19 20 0.500012
19 21 0.500014
19 22 0.500003
19 23 0.500011
19 24 0.500004
19 25 0.500008
19 26 0.500021
20 1 0.798887
20 2 0.996766
20 3 0.902257
20 4 0.649656
20 5 0.820490
20 6 0.999954
20 7 0.529357
20 8 0.699684
20 9 0.809542
20 10 0.586942
20 11 0.853870
20 12 0.640867
20 13 0.818630
20 14 0.988740
20 15 0.916461
20 16 0.981577
20 17 0.834680
20 18 0.929051
20 19 0.500012
20 20 0.966963
20 21 0.973826
20 22 0.649656
20 23 0.881764
20 24 0.705602
20 25 0.825984
20 26 0.985186
21 1 0.875219
21 2 0.999974
21 3 0.953548
21 4 0.691140
21 5 0.890197
21 6 0.999998
21 7 0.548274
21 8 0.769130
21 9 0.880793
21 10 0.617241
21 11 0.943668
21 12 0.681882
21 13 0.888666
21 14 0.997852
21 15 0.976007
21 16 0.996942
21 17 0.933357
21 18 0.970616
21 19 0.500014
21 20 0.973826
21 21 0.997048
21 22 0.691140
21 23 0.961384
21 24 0.679666
21 25 0.890748
21 26 0.997053
22 1 0.584221
22 2 0.822441
22 3 0.625787
22 5 0.589283
22 6 0.925818
22 7 0.510470
22 8 0.555346
22 9 0.588343
22 10 0.517632
22 11 0.624766
22 12 0.532835
22 13 0.591967
22 14 0.746531
22 15 0.640303
22 16 0.714217
22 17 0.617683
22 18 0.655473
22 19 0.500003
22 20 0.649656
22 21 0.691140
22 22 0.547070
22 23 0.663470
22 24 0.545996
22 25 0.586917
22 26 0.729022
23 1 0.770908
23 2 0.999396
23 3 0.910366
23 4 0.663470
23 5 0.784326
23 6 0.999703
23 7 0.541893
23 8 0.769679
23 9 0.792205
23 10 0.591961
23 11 0.842990
23 12 0.662623
23 13 0.790542
23 14 0.961500
23 15 0.905233
23 16 0.986795
23 17 0.914316
23 18 0.944729
23 19 0.500011
23 20 0.881764
23 21 0.961384
23 22 0.663470
23 23 0.996158
23 24 0.665206
23 25 0.788470
23 26 0.971885
24 1 0.603561
24 2 0.741805
24 3 0.661383
24 4 0.545996
24 5 0.613970
24 6 0.971039
24 7 0.502045
24 8 0.604827
24 9 0.613144
24 10 0.519634
24 11 0.590599
24 12 0.551975
24 13 0.618842
24 14 0.758313
24 15 0.612817
24 16 0.719020
24 17 0.652670
24 18 0.690095
24 19 0.500004
24 20 0.705602
24 21 0.679666
24 22 0.545996
24 23 0.665206
24 24 0.614407
24 25 0.619702
25 1 0.728115
25 2 0.981355
25 3 0.796103
25 4 0.586917
25 5 0.756718
25 6 0.997882
25 7 0.518869
25 8 0.615664
25 9 0.732452
25 10 0.555288
25 11 0.785955
25 12 0.636272
25 13 0.752667
25 14 0.960424
25 15 0.776100
25 16 0.893010
25 17 0.784724
25 18 0.853711
25 19 0.500008
25 20 0.825984
25 21 0.890748
25 22 0.586917
25 23 0.788470
25 24 0.619702
25 25 0.758291
26 2 0.999989
26 6 1.000000
26 7 0.563863
26 8 0.771589
26 10 0.647010
26 12 0.788619
26 15 0.979257
26 16 0.997850
26 17 0.970133
26 19 0.500021
26 20 0.985186
26 21 0.997053
26 22 0.729022
26 23 0.971885
26 26 0.999649
