1 26 0.617284
3 17 0.978270
3 26 0.882526
4 22 0.549217
4 26 0.639227
5 26 0.638000
9 26 0.648514
11 26 0.679911
13 26 0.738062
14 26 0.996827
17 3 0.978270
18 26 0.741454
22 4 0.549217
24 26 0.651392
25 26 0.628830
26 1 0.617284
26 3 0.882526
26 4 0.639227
26 5 0.638000
26 9 0.648514
26 11 0.679911
26 13 0.738062
26 14 0.996827
26 18 0.741454
26 24 0.651392
26 25 0.628830
1 1 0.542384
1 2 0.846296
1 3 0.670749
1 4 0.546673
1 5 0.548785
1 6 0.889490
1 7 0.533949
1 8 0.561081
1 9 0.554295
1 10 0.516723
1 11 0.563900
1 12 0.552192
1 13 0.583433
1 14 0.863859
1 15 0.657473
1 16 0.619472
1 17 0.670749
1 18 0.590601
1 19 0.500002
1 20 0.650853
1 21 0.711561
1 22 0.530202
1 23 0.697754
1 24 0.552593
1 25 0.545167
2 1 0.846296
2 2 1.000000
2 3 0.999291
2 4 0.842290
2 5 0.901282
2 6 1.000000
2 7 0.796636
2 8 0.950221
2 9 0.920938
2 10 0.654981
2 11 0.909416
2 12 0.906783
2 13 0.964608
2 14 1.000000
2 15 0.999665
2 16 0.995815
2 17 0.999291
2 18 0.980055
2 19 0.500019
2 20 0.998921
2 21 0.999953
2 22 0.713329
2 23 0.999734
2 24 0.889090
2 25 0.849163
2 26 0.991276
3 1 0.670749
3 2 0.999291
3 3 0.978270
3 4 0.680805
3 5 0.693872
3 6 0.999901
3 7 0.648813
3 8 0.757641
3 9 0.727913
3 10 0.554096
3 11 0.742687
3 12 0.737593
3 13 0.787143
3 14 0.999846
3 15 0.947750
3 16 0.904773
3 18 0.854857
3 19 0.500011
3 20 0.954905
3 21 0.981521
3 22 0.605122
3 23 0.984680
3 24 0.720615
3 25 0.683076
4 1 0.546673
4 2 0.842290
4 3 0.680805
4 4 0.563846
4 5 0.554831
4 6 0.957101
4 7 0.546433
4 8 0.559890
4 9 0.554814
4 10 0.517572
4 11 0.581210
4 12 0.582388
4 13 0.613117
4 14 0.915829
4 15 0.640853
4 16 0.611976
4 17 0.680805
4 18 0.597267
4 19 0.500001
4 20 0.651536
4 21 0.723590
4 23 0.721415
4 24 0.562011
4 25 0.553813
5 1 0.548785
5 2 0.901282
5 3 0.693872
5 4 0.554831
5 5 0.562761
5 6 0.935103
5 7 0.541780
5 8 0.577568
5 9 0.567064
5 10 0.517057
5 11 0.571196
5 12 0.575043
5 13 0.603885
5 14 0.938817
5 15 0.686300
5 16 0.629395
5 17 0.693872
5 18 0.602348
5 19 0.500002
5 20 0.664538
5 21 0.741720
5 22 0.535809
5 23 0.722470
5 24 0.562451
5 25 0.552657
6 1 0.889490
6 2 1.000000
6 3 0.999901
6 4 0.957101
6 5 0.935103
6 6 1.000000
6 7 0.916477
6 8 0.935530
6 9 0.924330
6 10 0.571441
6 11 0.970106
6 12 0.996775
6 13 0.996170
6 14 1.000000
6 15 0.997562
6 16 0.971355
6 17 0.999901
6 18 0.994790
6 19 0.500026
6 20 0.999344
6 21 0.999998
6 22 0.914789
6 23 0.999880
6 24 0.954693
6 25 0.930943
6 26 0.998784
7 1 0.533949
7 2 0.796636
7 3 0.648813
7 4 0.546433
7 5 0.541780
7 6 0.916477
7 7 0.546208
7 8 0.539547
7 9 0.543852
7 10 0.512776
7 11 0.555785
7 12 0.579337
7 13 0.581342
7 14 0.888150
7 15 0.642644
7 16 0.619044
7 17 0.648813
7 18 0.582912
7 19 0.500002
7 20 0.646479
7 21 0.653435
7 22 0.534245
7 23 0.677143
7 24 0.549399
7 25 0.540610
7 26 0.607038
8 1 0.561081
8 2 0.950221
8 3 0.757641
8 4 0.559890
8 5 0.577568
8 6 0.935530
8 7 0.539547
8 8 0.630500
8 9 0.587002
8 10 0.516874
8 11 0.587838
8 12 0.584962
8 13 0.613702
8 14 0.960853
8 15 0.730659
8 16 0.672326
8 17 0.757641
8 18 0.628490
8 19 0.500001
8 20 0.701395
8 21 0.814580
8 22 0.532167
8 23 0.813587
8 24 0.575762
8 25 0.562785
8 26 0.661646
9 1 0.554295
9 2 0.920938
9 3 0.727913
9 4 0.554814
9 5 0.567064
9 6 0.924330
9 7 0.543852
9 8 0.587002
9 9 0.578028
9 10 0.520410
9 11 0.573259
9 12 0.572199
9 13 0.601121
9 14 0.938358
9 15 0.727166
9 16 0.666151
9 17 0.727913
9 18 0.617229
9 19 0.500002
9 20 0.700143
9 21 0.766790
9 22 0.531795
9 23 0.751877
9 24 0.569539
9 25 0.556445
10 1 0.516723
10 2 0.654981
10 3 0.554096
10 4 0.517572
10 5 0.517057
10 6 0.571441
10 7 0.512776
10 8 0.516874
10 9 0.520410
10 10 0.518077
10 11 0.527931
10 12 0.504096
10 13 0.533317
10 14 0.544243
10 15 0.581896
10 16 0.572427
10 17 0.554096
10 18 0.519749
10 19 0.500000
10 20 0.568633
10 21 0.580430
10 22 0.513711
10 23 0.590685
10 24 0.516454
10 25 0.514737
10 26 0.544173
11 1 0.563900
11 2 0.909416
11 3 0.742687
11 4 0.581210
11 5 0.571196
11 6 0.970106
11 7 0.555785
11 8 0.587838
11 9 0.573259
11 10 0.527931
11 11 0.617187
11 12 0.580719
11 13 0.646694
11 14 0.922059
11 15 0.681357
11 16 0.662764
11 17 0.742687
11 18 0.630102
11 19 0.500002
11 20 0.703511
11 21 0.779908
11 22 0.559461
11 23 0.810705
11 24 0.578324
11 25 0.570783
12 1 0.552192
12 2 0.906783
12 3 0.737593
12 4 0.582388
12 5 0.575043
12 6 0.996775
12 7 0.579337
12 8 0.584962
12 9 0.572199
12 10 0.504096
12 11 0.580719
12 12 0.722735
12 13 0.640320
12 14 0.994622
12 15 0.737760
12 16 0.686872
12 17 0.737593
12 18 0.632593
12 19 0.500003
12 20 0.717441
12 21 0.833826
12 22 0.564708
12 23 0.789173
12 24 0.590110
12 25 0.569348
12 26 0.675789
13 1 0.583433
13 2 0.964608
13 3 0.787143
13 4 0.613117
13 5 0.603885
13 6 0.996170
13 7 0.581342
13 8 0.613702
13 9 0.601121
13 10 0.533317
13 11 0.646694
13 12 0.640320
13 13 0.712851
13 14 0.986979
13 15 0.729329
13 16 0.684021
13 17 0.787143
13 18 0.652194
13 19 0.500002
13 20 0.738718
13 21 0.846924
13 22 0.589288
13 23 0.834780
13 24 0.608153
13 25 0.594712
14 1 0.863859
14 2 1.000000
14 3 0.999846
14 4 0.915829
14 5 0.938817
14 6 1.000000
14 7 0.888150
14 8 0.960853
14 9 0.938358
14 10 0.544243
14 11 0.922059
14 12 0.994622
14 13 0.986979
14 14 1.000000
14 15 0.999448
14 16 0.963458
14 17 0.999846
14 18 0.992726
14 19 0.500025
14 20 0.998705
14 21 0.999994
14 22 0.827917
14 23 0.999887
14 24 0.933397
14 25 0.904037
15 1 0.657473
15 2 0.999665
15 3 0.947750
15 4 0.640853
15 5 0.686300
15 6 0.997562
15 7 0.642644
15 8 0.730659
15 9 0.727166
15 10 0.581896
15 11 0.681357
15 12 0.737760
15 13 0.729329
15 14 0.999448
15 15 0.984356
15 16 0.960467
15 17 0.947750
15 18 0.821349
15 19 0.500009
15 20 0.963377
15 21 0.984635
15 22 0.570922
15 23 0.974579
15 24 0.697737
15 25 0.654764
15 26 0.856729
16 1 0.619472
16 2 0.995815
16 3 0.904773
16 4 0.611976
16 5 0.629395
16 6 0.971355
16 7 0.619044
16 8 0.672326
16 9 0.666151
16 10 0.572427
16 11 0.662764
16 12 0.686872
16 13 0.684021
16 14 0.963458
16 15 0.960467
16 16 0.950094
16 17 0.904773
16 18 0.757432
16 19 0.500008
16 20 0.937498
16 21 0.954692
16 22 0.560927
16 23 0.961845
16 24 0.654630
16 25 0.616934
16 26 0.796308
17 1 0.670749
17 2 0.999291
17 4 0.680805
17 5 0.693872
17 6 0.999901
17 7 0.648813
17 8 0.757641
17 9 0.727913
17 10 0.554096
17 11 0.742687
17 12 0.737593
17 13 0.787143
17 14 0.999846
17 15 0.947750
17 16 0.904773
17 17 0.978270
17 18 0.854857
17 19 0.500011
17 20 0.954905
17 21 0.981521
17 22 0.605122
17 23 0.984680
17 24 0.720615
17 25 0.683076
17 26 0.882526
18 1 0.590601
18 2 0.980055
18 3 0.854857
18 4 0.597267
18 5 0.602348
18 6 0.994790
18 7 0.582912
18 8 0.628490
18 9 0.617229
18 10 0.519749
18 11 0.630102
18 12 0.632593
18 13 0.652194
18 14 0.992726
18 15 0.821349
18 16 0.757432
18 17 0.854857
18 18 0.757377
18 19 0.500008
18 20 0.839190
18 21 0.882431
18 22 0.550331
18 23 0.866274
18 24 0.619788
18 25 0.599692
19 1 0.500002
19 2 0.500019
19 3 0.500011
19 4 0.500001
19 5 0.500002
19 6 0.500026
19 7 0.500002
19 8 0.500001
19 9 0.500002
19 10 0.500000
19 11 0.500002
19 12 0.500003
19 13 0.500002
19 14 0.500025
19 15 0.500009
19 16 0.500008
19 17 0.500011
19 18 0.500008
19 19 0.500000
19 20 0.500012
19 21 0.500008
19 22 0.500000
19 23 0.500009
19 24 0.500002
19 25 0.500002
19 26 0.500005
20 1 0.650853
20 2 0.998921
20 3 0.954905
20 4 0.651536
20 5 0.664538
20 6 0.999344
20 7 0.646479
20 8 0.701395
20 9 0.700143
20 10 0.568633
20 11 0.703511
20 12 0.717441
20 13 0.738718
20 14 0.998705
20 15 0.963377
20 16 0.937498
20 17 0.954905
20 18 0.839190
20 19 0.500012
20 20 0.962665
20 21 0.976283
20 22 0.582909
20 23 0.964634
20 24 0.693370
20 25 0.654838
20 26 0.851857
21 1 0.711561
21 2 0.999953
21 3 0.981521
21 4 0.723590
21 5 0.741720
21 6 0.999998
21 7 0.653435
21 8 0.814580
21 9 0.766790
21 10 0.580430
21 11 0.779908
21 12 0.833826
21 13 0.846924
21 14 0.999994
21 15 0.984635
21 16 0.954692
21 17 0.981521
21 18 0.882431
21 19 0.500008
21 20 0.976283
21 21 0.999065
21 22 0.644718
21 23 0.990763
21 24 0.756106
21 25 0.717166
21 26 0.924078
22 1 0.530202
22 2 0.713329
22 3 0.605122
22 5 0.535809
22 6 0.914789
22 7 0.534245
22 8 0.532167
22 9 0.531795
22 10 0.513711
22 11 0.559461
22 12 0.564708
22 13 0.589288
22 14 0.827917
22 15 0.570922
22 16 0.560927
22 17 0.605122
22 18 0.550331
22 19 0.500000
22 20 0.582909
22 21 0.644718
22 22 0.543660
22 23 0.645586
22 24 0.541503
22 25 0.536672
22 26 0.597079
23 1 0.697754
23 2 0.999734
23 3 0.984680
23 4 0.721415
23 5 0.722470
23 6 0.999880
23 7 0.677143
23 8 0.813587
23 9 0.751877
23 10 0.590685
23 11 0.810705
23 12 0.789173
23 13 0.834780
23 14 0.999887
23 15 0.974579
23 16 0.961845
23 17 0.984680
23 18 0.866274
23 19 0.500009
23 20 0.964634
23 21 0.990763
23 22 0.645586
23 23 0.998915
23 24 0.742427
23 25 0.711808
23 26 0.916484
24 1 0.552593
24 2 0.889090
24 3 0.720615
24 4 0.562011
24 5 0.562451
24 6 0.954693
24 7 0.549399
24 8 0.575762
24 9 0.569539
24 10 0.516454
24 11 0.578324
24 12 0.590110
24 13 0.608153
24 14 0.933397
24 15 0.697737
24 16 0.654630
24 17 0.720615
24 18 0.619788
24 19 0.500002
24 20 0.693370
24 21 0.756106
24 22 0.541503
24 23 0.742427
24 24 0.572103
24 25 0.558488
25 1 0.545167
25 2 0.849163
25 3 0.683076
25 4 0.553813
25 5 0.552657
25 6 0.930943
25 7 0.540610
25 8 0.562785
25 9 0.556445
25 10 0.514737
25 11 0.570783
25 12 0.569348
25 13 0.594712
25 14 0.904037
25 15 0.654764
25 16 0.616934
25 17 0.683076
25 18 0.599692
25 19 0.500002
25 20 0.654838
25 21 0.717166
25 22 0.536672
25 23 0.711808
25 24 0.558488
25 25 0.550944
26 2 0.991276
26 6 0.998784
26 7 0.607038
26 8 0.661646
26 10 0.544173
26 12 0.675789
26 15 0.856729
26 16 0.796308
26 17 0.882526
26 19 0.500005
26 20 0.851857
26 21 0.924078
26 22 0.597079
26 23 0.916484
26 26 0.802878
