1 26 0.518714
3 17 0.847889
3 26 0.762246
4 22 0.528724
4 26 0.619533
5 26 0.617673
9 26 0.613782
11 26 0.658653
13 26 0.601005
14 26 0.832797
17 3 0.847889
18 26 0.946583
22 4 0.528724
24 26 0.646870
25 26 0.612093
26 1 0.518714
26 3 0.762246
26 4 0.619533
26 5 0.617673
26 9 0.613782
26 11 0.658653
26 13 0.601005
26 14 0.832797
26 18 0.946583
26 24 0.646870
26 25 0.612093
1 1 0.504140
1 2 0.545238
1 3 0.520484
1 4 0.509004
1 5 0.504694
1 6 0.537095
1 7 0.503279
1 8 0.513084
1 9 0.507441
1 10 0.503979
1 11 0.513625
1 12 0.509445
1 13 0.505595
1 14 0.517533
1 15 0.509748
1 16 0.522779
1 17 0.520484
1 18 0.559577
1 19 0.500000
1 20 0.519959
1 21 0.540102
1 22 0.506232
1 23 0.549575
1 24 0.509167
1 25 0.506024
2 1 0.545238
2 2 0.999996
2 3 0.948431
2 4 0.697521
2 5 0.689225
2 6 0.979747
2 7 0.642365
2 8 0.731292
2 9 0.692175
2 10 0.520948
2 11 0.785745
2 12 0.850541
2 13 0.673893
2 14 0.920759
2 15 0.991676
2 16 0.975311
2 17 0.948431
2 18 0.970299
2 19 0.500018
2 20 0.871188
2 21 0.998991
2 22 0.639881
2 23 0.993067
2 24 0.727284
2 25 0.679729
2 26 0.930195
3 1 0.520484
3 2 0.948431
3 3 0.847889
3 4 0.611472
3 5 0.588282
3 6 0.909822
3 7 0.553491
3 8 0.664053
3 9 0.603440
3 10 0.503777
3 11 0.664794
3 12 0.639806
3 13 0.567565
3 14 0.781701
3 15 0.726194
3 16 0.794587
3 18 0.937305
3 19 0.500009
3 20 0.752716
3 21 0.945931
3 22 0.562721
3 23 0.930496
3 24 0.639069
3 25 0.598739
4 1 0.509004
4 2 0.697521
4 3 0.611472
4 4 0.550444
4 5 0.541292
4 6 0.769213
4 7 0.506520
4 8 0.567613
4 9 0.544675
4 10 0.503223
4 11 0.564101
4 12 0.538985
4 13 0.537979
4 14 0.637230
4 15 0.507903
4 16 0.594987
4 17 0.611472
4 18 0.772567
4 19 0.500003
4 20 0.589802
4 21 0.682196
4 23 0.693118
4 24 0.559318
4 25 0.543249
5 1 0.504694
5 2 0.689225
5 3 0.588282
5 4 0.541292
5 5 0.545985
5 6 0.784543
5 7 0.505089
5 8 0.544660
5 9 0.540696
5 10 0.498043
5 11 0.552630
5 12 0.544128
5 13 0.536373
5 14 0.646251
5 15 0.529909
5 16 0.584366
5 17 0.588282
5 18 0.735241
5 19 0.500003
5 20 0.558853
5 21 0.643746
5 22 0.519521
5 23 0.635141
5 24 0.552741
5 25 0.540638
6 1 0.537095
6 2 0.979747
6 3 0.909822
6 4 0.769213
6 5 0.784543
6 6 0.999974
6 7 0.550798
6 8 0.835795
6 9 0.764755
6 10 0.506974
6 11 0.822874
6 12 0.738322
6 13 0.756653
6 14 0.987045
6 15 0.522318
6 16 0.866228
6 17 0.909822
6 18 0.999398
6 19 0.500017
6 20 0.880395
6 21 0.962410
6 22 0.628169
6 23 0.968345
6 24 0.825067
6 25 0.765310
6 26 0.964976
7 1 0.503279
7 2 0.642365
7 3 0.553491
7 4 0.506520
7 5 0.505089
7 6 0.550798
7 7 0.527109
7 8 0.524694
7 9 0.508499
7 10 0.510204
7 11 0.519974
7 12 0.533092
7 13 0.506114
7 14 0.521861
7 15 0.628612
7 16 0.559219
7 17 0.553491
7 18 0.513628
7 19 0.500001
7 20 0.557761
7 21 0.585162
7 22 0.502636
7 23 0.567391
7 24 0.510782
7 25 0.507938
7 26 0.524468
8 1 0.513084
8 2 0.731292
8 3 0.664053
8 4 0.567613
8 5 0.544660
8 6 0.835795
8 7 0.524694
8 8 0.676908
8 9 0.558729
8 10 0.504101
8 11 0.582167
8 12 0.527034
8 13 0.553969
8 14 0.635768
8 15 0.497848
8 16 0.648785
8 17 0.664053
8 18 0.860740
8 19 0.500002
8 20 0.712656
8 21 0.756087
8 22 0.542814
8 23 0.781098
8 24 0.577461
8 25 0.553617
8 26 0.636227
9 1 0.507441
9 2 0.692175
9 3 0.603440
9 4 0.544675
9 5 0.540696
9 6 0.764755
9 7 0.508499
9 8 0.558729
9 9 0.541872
9 10 0.502533
9 11 0.557936
9 12 0.539225
9 13 0.534205
9 14 0.634943
9 15 0.522162
9 16 0.591198
9 17 0.603440
9 18 0.750379
9 19 0.500003
9 20 0.581600
9 21 0.663760
9 22 0.523645
9 23 0.668621
9 24 0.554498
9 25 0.540316
10 1 0.503979
10 2 0.520948
10 3 0.503777
10 4 0.503223
10 5 0.498043
10 6 0.506974
10 7 0.510204
10 8 0.504101
10 9 0.502533
10 10 0.512150
10 11 0.510004
10 12 0.508325
10 13 0.502790
10 14 0.501472
10 15 0.538048
10 16 0.506219
10 17 0.503777
10 18 0.500348
10 19 0.500000
10 20 0.517513
10 21 0.499027
10 22 0.502267
10 23 0.524570
10 24 0.503070
10 25 0.501473
10 26 0.504376
11 1 0.513625
11 2 0.785745
11 3 0.664794
11 4 0.564101
11 5 0.552630
11 6 0.822874
11 7 0.519974
11 8 0.582167
11 9 0.557936
11 10 0.510004
11 11 0.596897
11 12 0.582760
11 13 0.556062
11 14 0.673399
11 15 0.587130
11 16 0.635313
11 17 0.664794
11 18 0.814212
11 19 0.500005
11 20 0.614836
11 21 0.777534
11 22 0.535856
11 23 0.781477
11 24 0.577934
11 25 0.555674
12 1 0.509445
12 2 0.850541
12 3 0.639806
12 4 0.538985
12 5 0.544128
12 6 0.738322
12 7 0.533092
12 8 0.527034
12 9 0.539225
12 10 0.508325
12 11 0.582760
12 12 0.656202
12 13 0.556267
12 14 0.622596
12 15 0.761482
12 16 0.645455
12 17 0.639806
12 18 0.635073
12 19 0.500005
12 20 0.545653
12 21 0.812847
12 22 0.524272
12 23 0.743186
12 24 0.549407
12 25 0.540293
12 26 0.635622
13 1 0.505595
13 2 0.673893
13 3 0.567565
13 4 0.537979
13 5 0.536373
13 6 0.756653
13 7 0.506114
13 8 0.553969
13 9 0.534205
13 10 0.502790
13 11 0.556062
13 12 0.556267
13 13 0.551350
13 14 0.608150
13 15 0.553839
13 16 0.560254
13 17 0.567565
13 18 0.676998
13 19 0.500003
13 20 0.556162
13 21 0.662683
13 22 0.521708
13 23 0.644482
13 24 0.545723
13 25 0.534189
14 1 0.517533
14 2 0.920759
14 3 0.781701
14 4 0.637230
14 5 0.646251
14 6 0.987045
14 7 0.521861
14 8 0.635768
14 9 0.634943
14 10 0.501472
14 11 0.673399
14 12 0.622596
14 13 0.608150
14 14 0.895196
14 15 0.563413
14 16 0.752482
14 17 0.781701
14 18 0.973427
14 19 0.500009
14 20 0.698260
14 21 0.844618
14 22 0.559570
14 23 0.864648
14 24 0.676144
14 25 0.637078
15 1 0.509748
15 2 0.991676
15 3 0.726194
15 4 0.507903
15 5 0.529909
15 6 0.522318
15 7 0.628612
15 8 0.497848
15 9 0.522162
15 10 0.538048
15 11 0.587130
15 12 0.761482
15 13 0.553839
15 14 0.563413
15 15 0.989107
15 16 0.809509
15 17 0.726194
15 18 0.207929
15 19 0.500009
15 20 0.651695
15 21 0.939818
15 22 0.513956
15 23 0.770105
15 24 0.519135
15 25 0.518645
15 26 0.632609
16 1 0.522779
16 2 0.975311
16 3 0.794587
16 4 0.594987
16 5 0.584366
16 6 0.866228
16 7 0.559219
16 8 0.648785
16 9 0.591198
16 10 0.506219
16 11 0.635313
16 12 0.645455
16 13 0.560254
16 14 0.752482
16 15 0.809509
16 16 0.834154
16 17 0.794587
16 18 0.922270
16 19 0.500008
16 20 0.752097
16 21 0.926511
16 22 0.558096
16 23 0.898121
16 24 0.613710
16 25 0.584712
16 26 0.742947
17 1 0.520484
17 2 0.948431
17 4 0.611472
17 5 0.588282
17 6 0.909822
17 7 0.553491
17 8 0.664053
17 9 0.603440
17 10 0.503777
17 11 0.664794
17 12 0.639806
17 13 0.567565
17 14 0.781701
17 15 0.726194
17 16 0.794587
17 17 0.847889
17 18 0.937305
17 19 0.500009
17 20 0.752716
17 21 0.945931
17 22 0.562721
17 23 0.930496
17 24 0.639069
17 25 0.598739
17 26 0.762246
18 1 0.559577
18 2 0.970299
18 3 0.937305
18 4 0.772567
18 5 0.735241
18 6 0.999398
18 7 0.513628
18 8 0.860740
18 9 0.750379
18 10 0.500348
18 11 0.814212
18 12 0.635073
18 13 0.676998
18 14 0.973427
18 15 0.207929
18 16 0.922270
18 17 0.937305
18 18 0.999917
18 19 0.500015
18 20 0.913804
18 21 0.973938
18 22 0.653199
18 23 0.993975
18 24 0.813615
18 25 0.741830
19 1 0.500000
19 2 0.500018
19 3 0.500009
19 4 0.500003
19 5 0.500003
19 6 0.500017
19 7 0.500001
19 8 0.500002
19 9 0.500003
19 10 0.500000
19 11 0.500005
19 12 0.500005
19 13 0.500003
19 14 0.500009
19 15 0.500009
19 16 0.500008
19 17 0.500009
19 18 0.500015
19 19 0.500000
19 20 0.500005
19 21 0.500016
19 22 0.500001
19 23 0.500014
19 24 0.500004
19 25 0.500003
19 26 0.500008
20 1 0.519959
20 2 0.871188
20 3 0.752716
20 4 0.589802
20 5 0.558853
20 6 0.880395
20 7 0.557761
20 8 0.712656
20 9 0.581600
20 10 0.517513
20 11 0.614836
20 12 0.545653
20 13 0.556162
20 14 0.698260
20 15 0.651695
20 16 0.752097
20 17 0.752716
20 18 0.913804
20 19 0.500005
20 20 0.809629
20 21 0.838569
20 22 0.553466
20 23 0.848308
20 24 0.605316
20 25 0.572774
20 26 0.685428
21 1 0.540102
21 2 0.998991
21 3 0.945931
21 4 0.682196
21 5 0.643746
21 6 0.962410
21 7 0.585162
21 8 0.756087
21 9 0.663760
21 10 0.499027
21 11 0.777534
21 12 0.812847
21 13 0.662683
21 14 0.844618
21 15 0.939818
21 16 0.926511
21 17 0.945931
21 18 0.973938
21 19 0.500016
21 20 0.838569
21 21 0.998559
21 22 0.631755
21 23 0.993098
21 24 0.707738
21 25 0.648859
21 26 0.882294
22 1 0.506232
22 2 0.639881
22 3 0.562721
22 5 0.519521
22 6 0.628169
22 7 0.502636
22 8 0.542814
22 9 0.523645
22 10 0.502267
22 11 0.535856
22 12 0.524272
22 13 0.521708
22 14 0.559570
22 15 0.513956
22 16 0.558096
22 17 0.562721
22 18 0.653199
22 19 0.500001
22 20 0.553466
22 21 0.631755
22 22 0.520322
22 23 0.629740
22 24 0.530453
22 25 0.521701
22 26 0.563369
23 1 0.549575
23 2 0.993067
23 3 0.930496
23 4 0.693118
23 5 0.635141
23 6 0.968345
23 7 0.567391
23 8 0.781098
23 9 0.668621
23 10 0.524570
23 11 0.781477
23 12 0.743186
23 13 0.644482
23 14 0.864648
23 15 0.770105
23 16 0.898121
23 17 0.930496
23 18 0.993975
23 19 0.500014
23 20 0.848308
23 21 0.993098
23 22 0.629740
23 23 0.995339
23 24 0.722501
23 25 0.655864
23 26 0.877294
24 1 0.509167
24 2 0.727284
24 3 0.639069
24 4 0.559318
24 5 0.552741
24 6 0.825067
24 7 0.510782
24 8 0.577461
24 9 0.554498
24 10 0.503070
24 11 0.577934
24 12 0.549407
24 13 0.545723
24 14 0.676144
24 15 0.519135
24 16 0.613710
24 17 0.639069
24 18 0.813615
24 19 0.500004
24 20 0.605316
24 21 0.707738
24 22 0.530453
24 23 0.722501
24 24 0.573472
24 25 0.553798
25 1 0.506024
25 2 0.679729
25 3 0.598739
25 4 0.543249
25 5 0.540638
25 6 0.765310
25 7 0.507938
25 8 0.553617
25 9 0.540316
25 10 0.501473
25 11 0.555674
25 12 0.540293
25 13 0.534189
25 14 0.637078
25 15 0.518645
25 16 0.584712
25 17 0.598739
25 18 0.741830
25 19 0.500003
25 20 0.572774
25 21 0.648859
25 22 0.521701
25 23 0.655864
25 24 0.553798
25 25 0.540854
26 2 0.930195
26 6 0.964976
26 7 0.524468
26 8 0.636227
26 10 0.504376
26 12 0.635622
26 15 0.632609
26 16 0.742947
26 17 0.762246
26 19 0.500008
26 20 0.685428
26 21 0.882294
26 22 0.563369
26 23 0.877294
26 26 0.794176
