1 26 0.757477
3 17 0.912019
3 26 0.924749
4 22 0.511929
4 26 0.590997
5 26 0.752117
9 26 0.793105
11 26 0.777769
13 26 0.764674
14 26 0.960510
17 3 0.912019
18 26 0.899197
22 4 0.511929
24 26 0.637321
25 26 0.621919
26 1 0.757477
26 3 0.924749
26 4 0.590997
26 5 0.752117
26 9 0.793105
26 11 0.777769
26 13 0.764674
26 14 0.960510
26 18 0.899197
26 24 0.637321
26 25 0.621919
1 1 0.603804
1 2 0.871353
1 3 0.717222
1 4 0.532450
1 5 0.601545
1 6 0.945852
1 7 0.547560
1 8 0.561805
1 9 0.622308
1 10 0.524570
1 11 0.612351
1 12 0.602824
1 13 0.607403
1 14 0.765732
1 15 0.751729
1 16 0.700365
1 17 0.686620
1 18 0.691307
1 19 0.500003
1 20 0.775613
1 21 0.847013
1 22 0.547123
1 23 0.758184
1 24 0.552195
1 25 0.545635
2 1 0.871353
2 2 1.000000
2 3 0.989691
2 4 0.622218
2 5 0.852094
2 6 1.000000
2 7 0.718113
2 8 0.841183
2 9 0.920579
2 10 0.628931
2 11 0.874032
2 12 0.897429
2 13 0.882284
2 14 0.995372
2 15 0.988217
2 16 0.996518
2 17 0.982324
2 18 0.961334
2 19 0.500011
2 20 0.989639
2 21 0.999842
2 22 0.666895
2 23 0.986822
2 24 0.712266
2 25 0.735502
2 26 0.994285
3 1 0.717222
3 2 0.989691
3 3 0.930208
3 4 0.573059
3 5 0.709512
3 6 0.999234
3 7 0.601157
3 8 0.709904
3 9 0.760230
3 10 0.558180
3 11 0.715382
3 12 0.729072
3 13 0.724064
3 14 0.938399
3 15 0.914605
3 16 0.897245
3 18 0.854624
3 19 0.500006
3 20 0.963903
3 21 0.984892
3 22 0.639050
3 23 0.980733
3 24 0.650857
3 25 0.559737
4 1 0.532450
4 2 0.622218
4 3 0.573059
4 4 0.526596
4 5 0.532130
4 6 0.684623
4 7 0.513952
4 8 0.497788
4 9 0.533712
4 10 0.504529
4 11 0.543158
4 12 0.526282
4 13 0.534378
4 14 0.586946
4 15 0.574536
4 16 0.539052
4 17 0.564143
4 18 0.556741
4 19 0.500001
4 20 0.596790
4 21 0.621847
4 23 0.610832
4 24 0.514191
4 25 0.512003
5 1 0.601545
5 2 0.852094
5 3 0.709512
5 4 0.532130
5 5 0.600604
5 6 0.939470
5 7 0.547270
5 8 0.559587
5 9 0.618990
5 10 0.523494
5 11 0.610628
5 12 0.601543
5 13 0.604590
5 14 0.759348
5 15 0.752587
5 16 0.693368
5 17 0.678320
5 18 0.689101
5 19 0.500003
5 20 0.767777
5 21 0.844055
5 22 0.544568
5 23 0.754724
5 24 0.550472
5 25 0.543521
6 1 0.945852
6 2 1.000000
6 3 0.999234
6 4 0.684623
6 5 0.939470
6 6 1.000000
6 7 0.799808
6 8 0.933037
6 9 0.971528
6 10 0.666573
6 11 0.947923
6 12 0.964343
6 13 0.952180
6 14 0.999621
6 15 0.999602
6 16 0.999549
6 17 0.998273
6 18 0.993929
6 19 0.500014
6 20 0.999767
6 21 0.999998
6 22 0.764734
6 23 0.999914
6 24 0.826299
6 25 0.734067
6 26 0.999498
7 1 0.547560
7 2 0.718113
7 3 0.601157
7 4 0.513952
7 5 0.547270
7 6 0.799808
7 7 0.531694
7 8 0.543588
7 9 0.555699
7 10 0.513897
7 11 0.549361
7 12 0.554234
7 13 0.547291
7 14 0.629387
7 15 0.645622
7 16 0.627009
7 17 0.584819
7 18 0.592639
7 19 0.500001
7 20 0.631777
7 21 0.693557
7 22 0.518958
7 23 0.617098
7 24 0.517370
7 25 0.513250
7 26 0.624840
8 1 0.561805
8 2 0.841183
8 3 0.709904
8 4 0.497788
8 5 0.559587
8 6 0.933037
8 7 0.543588
8 8 0.703225
8 9 0.591511
8 10 0.529570
8 11 0.535138
8 12 0.600727
8 13 0.560612
8 14 0.675581
8 15 0.725320
8 16 0.788746
8 17 0.699153
8 18 0.637338
8 19 0.500002
8 20 0.744098
8 21 0.767451
8 22 0.553223
8 23 0.888016
8 24 0.553569
8 25 0.487044
8 26 0.654347
9 1 0.622308
9 2 0.920579
9 3 0.760230
9 4 0.533712
9 5 0.618990
9 6 0.971528
9 7 0.555699
9 8 0.591511
9 9 0.650997
9 10 0.531243
9 11 0.625352
9 12 0.618971
9 13 0.626339
9 14 0.813609
9 15 0.797608
9 16 0.754659
9 17 0.725643
9 18 0.726415
9 19 0.500003
9 20 0.830216
9 21 0.876777
9 22 0.562120
9 23 0.816967
9 24 0.566479
9 25 0.550268
10 1 0.524570
10 2 0.628931
10 3 0.558180
10 4 0.504529
10 5 0.523494
10 6 0.666573
10 7 0.513897
10 8 0.529570
10 9 0.531243
10 10 0.512959
10 11 0.525130
10 12 0.524789
10 13 0.524648
10 14 0.569842
10 15 0.577693
10 16 0.582538
10 17 0.551114
10 18 0.548660
10 19 0.500001
10 20 0.583756
10 21 0.616571
10 22 0.517805
10 23 0.588549
10 24 0.512629
10 25 0.506210
10 26 0.569393
11 1 0.612351
11 2 0.874032
11 3 0.715382
11 4 0.543158
11 5 0.610628
11 6 0.947923
11 7 0.549361
11 8 0.535138
11 9 0.625352
11 10 0.525130
11 11 0.635358
11 12 0.603719
11 13 0.617291
11 14 0.768813
11 15 0.754108
11 16 0.689845
11 17 0.683092
11 18 0.697161
11 19 0.500003
11 20 0.754225
11 21 0.876234
11 22 0.536107
11 23 0.736316
11 24 0.546276
11 25 0.560936
12 1 0.602824
12 2 0.897429
12 3 0.729072
12 4 0.526282
12 5 0.601543
12 6 0.964343
12 7 0.554234
12 8 0.600727
12 9 0.618971
12 10 0.524789
12 11 0.603719
12 12 0.638272
12 13 0.605226
12 14 0.743236
12 15 0.743998
12 16 0.733031
12 17 0.706087
12 18 0.682670
12 19 0.500003
12 20 0.741685
12 21 0.886668
12 22 0.547167
12 23 0.779015
12 24 0.559193
12 25 0.537527
12 26 0.751219
13 1 0.607403
13 2 0.882284
13 3 0.724064
13 4 0.534378
13 5 0.604590
13 6 0.952180
13 7 0.547291
13 8 0.560612
13 9 0.626339
13 10 0.524648
13 11 0.617291
13 12 0.605226
13 13 0.612384
13 14 0.772504
13 15 0.752286
13 16 0.700343
13 17 0.693033
13 18 0.694718
13 19 0.500002
13 20 0.776853
13 21 0.848259
13 22 0.546085
13 23 0.761666
13 24 0.555798
13 25 0.549932
14 1 0.765732
14 2 0.995372
14 3 0.938399
14 4 0.586946
14 5 0.759348
14 6 0.999621
14 7 0.629387
14 8 0.675581
14 9 0.813609
14 10 0.569842
14 11 0.768813
14 12 0.743236
14 13 0.772504
14 14 0.974885
14 15 0.962371
14 16 0.913444
14 17 0.905670
14 18 0.915036
14 19 0.500007
14 20 0.983325
14 21 0.984129
14 22 0.656177
14 23 0.968623
14 24 0.654360
14 25 0.612046
15 1 0.751729
15 2 0.988217
15 3 0.914605
15 4 0.574536
15 5 0.752587
15 6 0.999602
15 7 0.645622
15 8 0.725320
15 9 0.797608
15 10 0.577693
15 11 0.754108
15 12 0.743998
15 13 0.752286
15 14 0.962371
15 15 0.989315
15 16 0.958705
15 17 0.872196
15 18 0.919450
15 19 0.500006
15 20 0.992127
15 21 0.982562
15 22 0.641087
15 23 0.979899
15 24 0.635074
15 25 0.563836
15 26 0.953127
16 1 0.700365
16 2 0.996518
16 3 0.897245
16 4 0.539052
16 5 0.693368
16 6 0.999549
16 7 0.627009
16 8 0.788746
16 9 0.754659
16 10 0.582538
16 11 0.689845
16 12 0.733031
16 13 0.700343
16 14 0.913444
16 15 0.958705
16 16 0.971142
16 17 0.872886
16 18 0.838508
16 19 0.500006
16 20 0.952328
16 21 0.987321
16 22 0.601961
16 23 0.972856
16 24 0.603339
16 25 0.543356
16 26 0.908777
17 1 0.686620
17 2 0.982324
17 4 0.564143
17 5 0.678320
17 6 0.998273
17 7 0.584819
17 8 0.699153
17 9 0.725643
17 10 0.551114
17 11 0.683092
17 12 0.706087
17 13 0.693033
17 14 0.905670
17 15 0.872196
17 16 0.872886
17 17 0.897061
17 18 0.811038
17 19 0.500006
17 20 0.944045
17 21 0.978500
17 22 0.625922
17 23 0.975924
17 24 0.637496
17 25 0.540605
17 26 0.892890
18 1 0.691307
18 2 0.961334
18 3 0.854624
18 4 0.556741
18 5 0.689101
18 6 0.993929
18 7 0.592639
18 8 0.637338
18 9 0.726415
18 10 0.548660
18 11 0.697161
18 12 0.682670
18 13 0.694718
18 14 0.915036
18 15 0.919450
18 16 0.838508
18 17 0.811038
18 18 0.845442
18 19 0.500006
18 20 0.948111
18 21 0.947752
18 22 0.609502
18 23 0.919406
18 24 0.606608
18 25 0.574738
19 1 0.500003
19 2 0.500011
19 3 0.500006
19 4 0.500001
19 5 0.500003
19 6 0.500014
19 7 0.500001
19 8 0.500002
19 9 0.500003
19 10 0.500001
19 11 0.500003
19 12 0.500003
19 13 0.500002
19 14 0.500007
19 15 0.500006
19 16 0.500006
19 17 0.500006
19 18 0.500006
19 19 0.500000
19 20 0.500009
19 21 0.500015
19 22 0.500001
19 23 0.500009
19 24 0.500002
19 25 0.500001
19 26 0.500007
20 1 0.775613
20 2 0.989639
20 3 0.963903
20 4 0.596790
20 5 0.767777
20 6 0.999767
20 7 0.631777
20 8 0.744098
20 9 0.830216
20 10 0.583756
20 11 0.754225
20 12 0.741685
20 13 0.776853
20 14 0.983325
20 15 0.992127
20 16 0.952328
20 17 0.944045
20 18 0.948111
20 19 0.500009
20 20 0.999329
20 21 0.980754
20 22 0.755959
20 23 0.997118
20 24 0.712670
20 25 0.529040
20 26 0.969382
21 1 0.847013
21 2 0.999842
21 3 0.984892
21 4 0.621847
21 5 0.844055
21 6 0.999998
21 7 0.693557
21 8 0.767451
21 9 0.876777
21 10 0.616571
21 11 0.876234
21 12 0.886668
21 13 0.848259
21 14 0.984129
21 15 0.982562
21 16 0.987321
21 17 0.978500
21 18 0.947752
21 19 0.500015
21 20 0.980754
21 21 0.999986
21 22 0.680724
21 23 0.994595
21 24 0.690741
21 25 0.657505
21 26 0.990708
22 1 0.547123
22 2 0.666895
22 3 0.639050
22 5 0.544568
22 6 0.764734
22 7 0.518958
22 8 0.553223
22 9 0.562120
22 10 0.517805
22 11 0.536107
22 12 0.547167
22 13 0.546085
22 14 0.656177
22 15 0.641087
22 16 0.601961
22 17 0.625922
22 18 0.609502
22 19 0.500001
22 20 0.755959
22 21 0.680724
22 22 0.575745
22 23 0.732008
22 24 0.535264
22 25 0.491538
22 26 0.630929
23 1 0.758184
23 2 0.986822
23 3 0.980733
23 4 0.610832
23 5 0.754724
23 6 0.999914
23 7 0.617098
23 8 0.888016
23 9 0.816967
23 10 0.588549
23 11 0.736316
23 12 0.779015
23 13 0.761666
23 14 0.968623
23 15 0.979899
23 16 0.972856
23 17 0.975924
23 18 0.919406
23 19 0.500009
23 20 0.997118
23 21 0.994595
23 22 0.732008
23 23 0.999916
23 24 0.732270
23 25 0.472629
23 26 0.957863
24 1 0.552195
24 2 0.712266
24 3 0.650857
24 4 0.514191
24 5 0.550472
24 6 0.826299
24 7 0.517370
24 8 0.553569
24 9 0.566479
24 10 0.512629
24 11 0.546276
24 12 0.559193
24 13 0.555798
24 14 0.654360
24 15 0.635074
24 16 0.603339
24 17 0.637496
24 18 0.606608
24 19 0.500002
24 20 0.712670
24 21 0.690741
24 22 0.535264
24 23 0.732270
24 24 0.559671
24 25 0.515277
25 1 0.545635
25 2 0.735502
25 3 0.559737
25 4 0.512003
25 5 0.543521
25 6 0.734067
25 7 0.513250
25 8 0.487044
25 9 0.550268
25 10 0.506210
25 11 0.560936
25 12 0.537527
25 13 0.549932
25 14 0.612046
25 15 0.563836
25 16 0.543356
25 17 0.540605
25 18 0.574738
25 19 0.500001
25 20 0.529040
25 21 0.657505
25 22 0.491538
25 23 0.472629
25 24 0.515277
25 25 0.555895
26 2 0.994285
26 6 0.999498
26 7 0.624840
26 8 0.654347
26 10 0.569393
26 12 0.751219
26 15 0.953127
26 16 0.908777
26 17 0.892890
26 19 0.500007
26 20 0.969382
26 21 0.990708
26 22 0.630929
26 23 0.957863
26 26 0.957224
