1 26 0.699517
3 17 0.880987
3 26 0.841109
4 22 0.554817
4 26 0.556429
5 26 0.715789
9 26 0.607128
11 26 0.879181
13 26 0.721701
14 26 0.845143
17 3 0.880987
18 26 0.818364
22 4 0.554817
24 26 0.719238
25 26 0.594003
26 1 0.699517
26 3 0.841109
26 4 0.556429
26 5 0.715789
26 9 0.607128
26 11 0.879181
26 13 0.721701
26 14 0.845143
26 18 0.818364
26 24 0.719238
26 25 0.594003
1 1 0.579398
1 2 0.729830
1 3 0.654461
1 4 0.523714
1 5 0.586271
1 6 0.909679
1 7 0.536447
1 8 0.543247
1 9 0.540927
1 10 0.512724
1 11 0.678009
1 12 0.575598
1 13 0.589319
1 14 0.652121
1 15 0.625833
1 16 0.609069
1 17 0.654461
1 18 0.638800
1 19 0.500001
1 20 0.645764
1 21 0.845159
1 22 0.523714
1 23 0.645019
1 24 0.588455
1 25 0.536157
2 1 0.729830
2 2 0.999999
2 3 0.870920
2 4 0.488794
2 5 0.725166
2 6 0.967439
2 7 0.578906
2 8 0.743759
2 9 0.759039
2 10 0.576957
2 11 0.982320
2 12 0.581099
2 13 0.707309
2 14 0.785898
2 15 0.992732
2 16 0.794648
2 17 0.870920
2 18 0.924472
2 19 0.500007
2 20 0.880911
2 21 0.999994
2 22 0.488794
2 23 0.995923
2 24 0.673991
2 25 0.685370
2 26 0.937349
3 1 0.654461
3 2 0.870920
3 3 0.880987
3 4 0.579815
3 5 0.683792
3 6 0.973437
3 7 0.582258
3 8 0.598835
3 9 0.650237
3 10 0.535444
3 11 0.896368
3 12 0.697163
3 13 0.674922
3 14 0.754750
3 15 0.766197
3 16 0.823342
3 18 0.738752
3 19 0.500005
3 20 0.862841
3 21 0.986632
3 22 0.579815
3 23 0.902859
3 24 0.672460
3 25 0.561259
4 1 0.523714
4 2 0.488794
4 3 0.579815
4 4 0.554817
4 5 0.523269
4 6 0.829173
4 7 0.523274
4 8 0.514704
4 9 0.539706
4 10 0.512727
4 11 0.601386
4 12 0.585913
4 13 0.526056
4 14 0.542362
4 15 0.650588
4 16 0.608289
4 17 0.579815
4 18 0.513419
4 19 0.500000
4 20 0.681913
4 21 0.790144
4 23 0.550110
4 24 0.526449
4 25 0.498755
5 1 0.586271
5 2 0.725166
5 3 0.683792
5 4 0.523269
5 5 0.601503
5 6 0.902621
5 7 0.539970
5 8 0.554555
5 9 0.543160
5 10 0.513929
5 11 0.699311
5 12 0.583709
5 13 0.600550
5 14 0.664234
5 15 0.608831
5 16 0.627450
5 17 0.683792
5 18 0.644797
5 19 0.500002
5 20 0.653580
5 21 0.825567
5 22 0.523269
5 23 0.679390
5 24 0.599025
5 25 0.540609
6 1 0.909679
6 2 0.967439
6 3 0.973437
6 4 0.829173
6 5 0.902621
6 6 1.000000
6 7 0.755733
6 8 0.642903
6 9 0.734802
6 10 0.569209
6 11 0.986704
6 12 0.963043
6 13 0.930400
6 14 0.993334
6 15 0.996121
6 16 0.918400
6 17 0.973437
6 18 0.975922
6 19 0.499999
6 20 0.995352
6 21 0.999999
6 22 0.829173
6 23 0.565396
6 24 0.936485
6 25 0.620150
6 26 0.997574
7 1 0.536447
7 2 0.578906
7 3 0.582258
7 4 0.523274
7 5 0.539970
7 6 0.755733
7 7 0.531693
7 8 0.531022
7 9 0.526836
7 10 0.512162
7 11 0.608227
7 12 0.548707
7 13 0.541243
7 14 0.552690
7 15 0.589377
7 16 0.614663
7 17 0.582258
7 18 0.557082
7 19 0.500001
7 20 0.622670
7 21 0.714506
7 22 0.523274
7 23 0.570750
7 24 0.539843
7 25 0.524029
7 26 0.589302
8 1 0.543247
8 2 0.743759
8 3 0.598835
8 4 0.514704
8 5 0.554555
8 6 0.642903
8 7 0.531022
8 8 0.596338
8 9 0.512557
8 10 0.533822
8 11 0.588421
8 12 0.534209
8 13 0.552165
8 14 0.564523
8 15 0.597165
8 16 0.676539
8 17 0.598835
8 18 0.573977
8 19 0.500002
8 20 0.706696
8 21 0.657806
8 22 0.514704
8 23 0.663352
8 24 0.545491
8 25 0.527903
8 26 0.606365
9 1 0.540927
9 2 0.759039
9 3 0.650237
9 4 0.539706
9 5 0.543160
9 6 0.734802
9 7 0.526836
9 8 0.512557
9 9 0.623616
9 10 0.500379
9 11 0.697433
9 12 0.560995
9 13 0.533532
9 14 0.578139
9 15 0.795950
9 16 0.633597
9 17 0.650237
9 18 0.549728
9 19 0.500001
9 20 0.651441
9 21 0.912744
9 22 0.539706
9 23 0.722252
9 24 0.536008
9 25 0.504280
10 1 0.512724
10 2 0.576957
10 3 0.535444
10 4 0.512727
10 5 0.513929
10 6 0.569209
10 7 0.512162
10 8 0.533822
10 9 0.500379
10 10 0.518354
10 11 0.538882
10 12 0.521774
10 13 0.515745
10 14 0.502566
10 15 0.530589
10 16 0.579292
10 17 0.535444
10 18 0.523931
10 19 0.500000
10 20 0.606888
10 21 0.594722
10 22 0.512727
10 23 0.558032
10 24 0.512162
10 25 0.509791
10 26 0.529483
11 1 0.678009
11 2 0.982320
11 3 0.896368
11 4 0.601386
11 5 0.699311
11 6 0.986704
11 7 0.608227
11 8 0.588421
11 9 0.697433
11 10 0.538882
11 11 0.986803
11 12 0.782542
11 13 0.690503
11 14 0.729170
11 15 0.897616
11 16 0.824015
11 17 0.896368
11 18 0.790952
11 19 0.500005
11 20 0.879572
11 21 0.999865
11 22 0.601386
11 23 0.971316
11 24 0.659781
11 25 0.671640
12 1 0.575598
12 2 0.581099
12 3 0.697163
12 4 0.585913
12 5 0.583709
12 6 0.963043
12 7 0.548707
12 8 0.534209
12 9 0.560995
12 10 0.521774
12 11 0.782542
12 12 0.695012
12 13 0.587421
12 14 0.651848
12 15 0.720931
12 16 0.670887
12 17 0.697163
12 18 0.590168
12 19 0.500002
12 20 0.789540
12 21 0.949111
12 22 0.585913
12 23 0.648587
12 24 0.581974
12 25 0.536565
12 26 0.687610
13 1 0.589319
13 2 0.707309
13 3 0.674922
13 4 0.526056
13 5 0.600550
13 6 0.930400
13 7 0.541243
13 8 0.552165
13 9 0.533532
13 10 0.515745
13 11 0.690503
13 12 0.587421
13 13 0.604368
13 14 0.669271
13 15 0.599517
13 16 0.624360
13 17 0.674922
13 18 0.652267
13 19 0.500001
13 20 0.661016
13 21 0.831511
13 22 0.526056
13 23 0.642405
13 24 0.602438
13 25 0.539771
14 1 0.652121
14 2 0.785898
14 3 0.754750
14 4 0.542362
14 5 0.664234
14 6 0.993334
14 7 0.552690
14 8 0.564523
14 9 0.578139
14 10 0.502566
14 11 0.729170
14 12 0.651848
14 13 0.669271
14 14 0.852059
14 15 0.745519
14 16 0.620429
14 17 0.754750
14 18 0.727719
14 19 0.500001
14 20 0.754789
14 21 0.927544
14 22 0.542362
14 23 0.654259
14 24 0.675857
14 25 0.542990
15 1 0.625833
15 2 0.992732
15 3 0.766197
15 4 0.650588
15 5 0.608831
15 6 0.996121
15 7 0.589377
15 8 0.597165
15 9 0.795950
15 10 0.530589
15 11 0.897616
15 12 0.720931
15 13 0.599517
15 14 0.745519
15 15 0.996315
15 16 0.827362
15 17 0.766197
15 18 0.646819
15 19 0.500001
15 20 0.928969
15 21 0.999537
15 22 0.650588
15 23 0.875316
15 24 0.597050
15 25 0.501333
15 26 0.797098
16 1 0.609069
16 2 0.794648
16 3 0.823342
16 4 0.608289
16 5 0.627450
16 6 0.918400
16 7 0.614663
16 8 0.676539
16 9 0.633597
16 10 0.579292
16 11 0.824015
16 12 0.670887
16 13 0.624360
16 14 0.620429
16 15 0.827362
16 16 0.933344
16 17 0.823342
16 18 0.643398
16 19 0.500003
16 20 0.945800
16 21 0.968066
16 22 0.608289
16 23 0.846385
16 24 0.614965
16 25 0.554746
16 26 0.737652
17 1 0.654461
17 2 0.870920
17 4 0.579815
17 5 0.683792
17 6 0.973437
17 7 0.582258
17 8 0.598835
17 9 0.650237
17 10 0.535444
17 11 0.896368
17 12 0.697163
17 13 0.674922
17 14 0.754750
17 15 0.766197
17 16 0.823342
17 17 0.880987
17 18 0.738752
17 19 0.500005
17 20 0.862841
17 21 0.986632
17 22 0.579815
17 23 0.902859
17 24 0.672460
17 25 0.561259
17 26 0.841109
18 1 0.638800
18 2 0.924472
18 3 0.738752
18 4 0.513419
18 5 0.644797
18 6 0.975922
18 7 0.557082
18 8 0.573977
18 9 0.549728
18 10 0.523931
18 11 0.790952
18 12 0.590168
18 13 0.652267
18 14 0.727719
18 15 0.646819
18 16 0.643398
18 17 0.738752
18 18 0.767542
18 19 0.500002
18 20 0.676408
18 21 0.959134
18 22 0.513419
18 23 0.773551
18 24 0.649270
18 25 0.580474
19 1 0.500001
19 2 0.500007
19 3 0.500005
19 4 0.500000
19 5 0.500002
19 6 0.499999
19 7 0.500001
19 8 0.500002
19 9 0.500001
19 10 0.500000
19 11 0.500005
19 12 0.500002
19 13 0.500001
19 14 0.500001
19 15 0.500001
19 16 0.500003
19 17 0.500005
19 18 0.500002
19 19 0.500000
19 20 0.500002
19 21 0.500006
19 22 0.500000
19 23 0.500008
19 24 0.500001
19 25 0.500001
19 26 0.500003
20 1 0.645764
20 2 0.880911
20 3 0.862841
20 4 0.681913
20 5 0.653580
20 6 0.995352
20 7 0.622670
20 8 0.706696
20 9 0.651441
20 10 0.606888
20 11 0.879572
20 12 0.789540
20 13 0.661016
20 14 0.754789
20 15 0.928969
20 16 0.945800
20 17 0.862841
20 18 0.676408
20 19 0.500002
20 20 0.988586
20 21 0.996867
20 22 0.681913
20 23 0.880207
20 24 0.650636
20 25 0.554396
20 26 0.813048
21 1 0.845159
21 2 0.999994
21 3 0.986632
21 4 0.790144
21 5 0.825567
21 6 0.999999
21 7 0.714506
21 8 0.657806
21 9 0.912744
21 10 0.594722
21 11 0.999865
21 12 0.949111
21 13 0.831511
21 14 0.927544
21 15 0.999537
21 16 0.968066
21 17 0.986632
21 18 0.959134
21 19 0.500006
21 20 0.996867
21 21 1.000000
21 22 0.790144
21 23 0.999543
21 24 0.801357
21 25 0.784029
21 26 0.988484
22 1 0.523714
22 2 0.488794
22 3 0.579815
22 5 0.523269
22 6 0.829173
22 7 0.523274
22 8 0.514704
22 9 0.539706
22 10 0.512727
22 11 0.601386
22 12 0.585913
22 13 0.526056
22 14 0.542362
22 15 0.650588
22 16 0.608289
22 17 0.579815
22 18 0.513419
22 19 0.500000
22 20 0.681913
22 21 0.790144
22 22 0.554817
22 23 0.550110
22 24 0.526449
22 25 0.498755
22 26 0.556429
23 1 0.645019
23 2 0.995923
23 3 0.902859
23 4 0.550110
23 5 0.679390
23 6 0.565396
23 7 0.570750
23 8 0.663352
23 9 0.722252
23 10 0.558032
23 11 0.971316
23 12 0.648587
23 13 0.642405
23 14 0.654259
23 15 0.875316
23 16 0.846385
23 17 0.902859
23 18 0.773551
23 19 0.500008
23 20 0.880207
23 21 0.999543
23 22 0.550110
23 23 0.995353
23 24 0.622476
23 25 0.647956
23 26 0.830719
24 1 0.588455
24 2 0.673991
24 3 0.672460
24 4 0.526449
24 5 0.599025
24 6 0.936485
24 7 0.539843
24 8 0.545491
24 9 0.536008
24 10 0.512162
24 11 0.659781
24 12 0.581974
24 13 0.602438
24 14 0.675857
24 15 0.597050
24 16 0.614965
24 17 0.672460
24 18 0.649270
24 19 0.500001
24 20 0.650636
24 21 0.801357
24 22 0.526449
24 23 0.622476
24 24 0.604643
24 25 0.532187
25 1 0.536157
25 2 0.685370
25 3 0.561259
25 4 0.498755
25 5 0.540609
25 6 0.620150
25 7 0.524029
25 8 0.527903
25 9 0.504280
25 10 0.509791
25 11 0.671640
25 12 0.536565
25 13 0.539771
25 14 0.542990
25 15 0.501333
25 16 0.554746
25 17 0.561259
25 18 0.580474
25 19 0.500001
25 20 0.554396
25 21 0.784029
25 22 0.498755
25 23 0.647956
25 24 0.532187
25 25 0.564816
26 2 0.937349
26 6 0.997574
26 7 0.589302
26 8 0.606365
26 10 0.529483
26 12 0.687610
26 15 0.797098
26 16 0.737652
26 17 0.841109
26 19 0.500003
26 20 0.813048
26 21 0.988484
26 22 0.556429
26 23 0.830719
26 26 0.904470
