1 26 0.732679
3 17 0.978448
3 26 0.946598
4 22 0.582959
4 26 0.721323
5 26 0.741957
9 26 0.864617
11 26 0.906410
13 26 0.732248
14 26 0.999966
17 3 0.978448
18 26 0.998315
22 4 0.582959
24 26 0.782951
25 26 0.749769
26 1 0.732679
26 3 0.946598
26 4 0.721323
26 5 0.741957
26 9 0.864617
26 11 0.906410
26 13 0.732248
26 14 0.999966
26 18 0.998315
26 24 0.782951
26 25 0.749769
1 1 0.601542
1 2 0.974837
1 3 0.765484
1 4 0.596054
1 5 0.605810
1 6 0.979151
1 7 0.541276
1 8 0.653640
1 9 0.682729
1 10 0.522337
1 11 0.711801
1 12 0.640217
1 13 0.600975
1 14 0.982122
1 15 0.743936
1 16 0.832089
1 17 0.771912
1 18 0.928907
1 19 0.500002
1 20 0.833978
1 21 0.978661
1 22 0.582695
1 23 0.841258
1 24 0.628717
1 25 0.610533
2 1 0.974837
2 2 1.000000
2 3 0.999989
2 4 0.972117
2 5 0.983641
2 6 1.000000
2 7 0.783334
2 8 0.997608
2 9 0.998802
2 10 0.661690
2 11 0.999908
2 12 0.994632
2 13 0.971177
2 14 1.000000
2 15 0.999900
2 16 1.000000
2 17 0.999993
2 18 1.000000
2 19 0.500024
2 20 0.999999
2 21 1.000000
2 22 0.968260
2 23 1.000000
2 24 0.991903
2 25 0.980404
2 26 0.999875
3 1 0.765484
3 2 0.999989
3 3 0.976142
3 4 0.761801
3 5 0.786287
3 6 0.999992
3 7 0.602119
3 8 0.883893
3 9 0.904720
3 10 0.566688
3 11 0.939780
3 12 0.837577
3 13 0.763058
3 14 0.999962
3 15 0.947031
3 16 0.992559
3 18 0.999653
3 19 0.500006
3 20 0.992052
3 21 0.999975
3 22 0.738301
3 23 0.994047
3 24 0.829238
3 25 0.789033
4 1 0.596054
4 2 0.972117
4 3 0.761801
4 4 0.594394
4 5 0.604135
4 6 0.979148
4 7 0.536695
4 8 0.653048
4 9 0.666881
4 10 0.522902
4 11 0.711035
4 12 0.635895
4 13 0.596613
4 14 0.967288
4 15 0.727421
4 16 0.829594
4 17 0.767367
4 18 0.930907
4 19 0.500002
4 20 0.824876
4 21 0.973234
4 23 0.846194
4 24 0.623990
4 25 0.606162
5 1 0.605810
5 2 0.983641
5 3 0.786287
5 4 0.604135
5 5 0.618840
5 6 0.988144
5 7 0.540196
5 8 0.668674
5 9 0.684122
5 10 0.523638
5 11 0.743439
5 12 0.644928
5 13 0.604219
5 14 0.975724
5 15 0.751015
5 16 0.853114
5 17 0.792283
5 18 0.948219
5 19 0.500003
5 20 0.838744
5 21 0.980798
5 22 0.602067
5 23 0.865266
5 24 0.638151
5 25 0.616214
6 1 0.979151
6 2 1.000000
6 3 0.999992
6 4 0.979148
6 5 0.988144
6 6 1.000000
6 7 0.837641
6 8 0.997406
6 9 0.998006
6 10 0.688086
6 11 0.999949
6 12 0.996134
6 13 0.980040
6 14 1.000000
6 15 0.999983
6 16 1.000000
6 17 0.999994
6 18 1.000000
6 19 0.500035
6 20 1.000000
6 21 1.000000
6 22 0.969103
6 23 1.000000
6 24 0.994456
6 25 0.986505
6 26 0.999938
7 1 0.541276
7 2 0.783334
7 3 0.602119
7 4 0.536695
7 5 0.540196
7 6 0.837641
7 7 0.522995
7 8 0.548465
7 9 0.573778
7 10 0.508502
7 11 0.585622
7 12 0.560046
7 13 0.541871
7 14 0.892565
7 15 0.628324
7 16 0.643693
7 17 0.606002
7 18 0.712496
7 19 0.500002
7 20 0.648645
7 21 0.843109
7 22 0.526289
7 23 0.631885
7 24 0.550024
7 25 0.543897
7 26 0.602838
8 1 0.653640
8 2 0.997608
8 3 0.883893
8 4 0.653048
8 5 0.668674
8 6 0.997406
8 7 0.548465
8 8 0.786293
8 9 0.771190
8 10 0.538746
8 11 0.815466
8 12 0.703902
8 13 0.651761
8 14 0.986604
8 15 0.770780
8 16 0.940850
8 17 0.887799
8 18 0.985772
8 19 0.500001
8 20 0.941553
8 21 0.994383
8 22 0.659593
8 23 0.957223
8 24 0.704613
8 25 0.672695
8 26 0.817927
9 1 0.682729
9 2 0.998802
9 3 0.904720
9 4 0.666881
9 5 0.684122
9 6 0.998006
9 7 0.573778
9 8 0.771190
9 9 0.847593
9 10 0.540567
9 11 0.836891
9 12 0.725878
9 13 0.676711
9 14 0.999766
9 15 0.874121
9 16 0.943917
9 17 0.911284
9 18 0.988755
9 19 0.500003
9 20 0.955255
9 21 0.998689
9 22 0.655915
9 23 0.939476
9 24 0.729936
9 25 0.697158
10 1 0.522337
10 2 0.661690
10 3 0.566688
10 4 0.522902
10 5 0.523638
10 6 0.688086
10 7 0.508502
10 8 0.538746
10 9 0.540567
10 10 0.508988
10 11 0.558991
10 12 0.535342
10 13 0.524214
10 14 0.677150
10 15 0.552796
10 16 0.593685
10 17 0.567623
10 18 0.666059
10 19 0.500000
10 20 0.602339
10 21 0.692494
10 22 0.519907
10 23 0.610716
10 24 0.528941
10 25 0.526541
10 26 0.553719
11 1 0.711801
11 2 0.999908
11 3 0.939780
11 4 0.711035
11 5 0.743439
11 6 0.999949
11 7 0.585622
11 8 0.815466
11 9 0.836891
11 10 0.558991
11 11 0.984329
11 12 0.800229
11 13 0.709368
11 14 0.999965
11 15 0.850249
11 16 0.968197
11 17 0.944634
11 18 0.999006
11 19 0.500006
11 20 0.955225
11 21 0.999840
11 22 0.821238
11 23 0.971525
11 24 0.765837
11 25 0.725885
12 1 0.640217
12 2 0.994632
12 3 0.837577
12 4 0.635895
12 5 0.644928
12 6 0.996134
12 7 0.560046
12 8 0.703902
12 9 0.725878
12 10 0.535342
12 11 0.800229
12 12 0.723029
12 13 0.644910
12 14 0.997546
12 15 0.824202
12 16 0.920084
12 17 0.844951
12 18 0.980766
12 19 0.500003
12 20 0.915175
12 21 0.997812
12 22 0.612793
12 23 0.915304
12 24 0.671578
12 25 0.652084
12 26 0.807495
13 1 0.600975
13 2 0.971177
13 3 0.763058
13 4 0.596613
13 5 0.604219
13 6 0.980040
13 7 0.541871
13 8 0.651761
13 9 0.676711
13 10 0.524214
13 11 0.709368
13 12 0.644910
13 13 0.603069
13 14 0.982536
13 15 0.743571
13 16 0.831427
13 17 0.769145
13 18 0.932517
13 19 0.500002
13 20 0.838775
13 21 0.979737
13 22 0.578291
13 23 0.839000
13 24 0.627434
13 25 0.610970
14 1 0.982122
14 2 1.000000
14 3 0.999962
14 4 0.967288
14 5 0.975724
14 6 1.000000
14 7 0.892565
14 8 0.986604
14 9 0.999766
14 10 0.677150
14 11 0.999965
14 12 0.997546
14 13 0.982536
14 14 1.000000
14 15 0.999997
14 16 0.999998
14 17 0.999979
14 18 1.000000
14 19 0.500030
14 20 1.000000
14 21 1.000000
14 22 0.958182
14 23 0.999805
14 24 0.991574
14 25 0.984489
15 1 0.743936
15 2 0.999900
15 3 0.947031
15 4 0.727421
15 5 0.751015
15 6 0.999983
15 7 0.628324
15 8 0.770780
15 9 0.874121
15 10 0.552796
15 11 0.850249
15 12 0.824202
15 13 0.743571
15 14 0.999997
15 15 0.983168
15 16 0.985641
15 17 0.953001
15 18 0.998303
15 19 0.500011
15 20 0.982618
15 21 0.999989
15 22 0.620755
15 23 0.980055
15 24 0.787634
15 25 0.756392
15 26 0.937849
16 1 0.832089
16 2 1.000000
16 3 0.992559
16 4 0.829594
16 5 0.853114
16 6 1.000000
16 7 0.643693
16 8 0.940850
16 9 0.943917
16 10 0.593685
16 11 0.968197
16 12 0.920084
16 13 0.831427
16 14 0.999998
16 15 0.985641
16 16 0.999335
16 17 0.993494
16 18 0.999982
16 19 0.500009
16 20 0.998947
16 21 1.000000
16 22 0.783519
16 23 0.999520
16 24 0.890012
16 25 0.855111
16 26 0.980242
17 1 0.771912
17 2 0.999993
17 4 0.767367
17 5 0.792283
17 6 0.999994
17 7 0.606002
17 8 0.887799
17 9 0.911284
17 10 0.567623
17 11 0.944634
17 12 0.844951
17 13 0.769145
17 14 0.999979
17 15 0.953001
17 16 0.993494
17 17 0.980676
17 18 0.999720
17 19 0.500007
17 20 0.993006
17 21 0.999983
17 22 0.743068
17 23 0.994519
17 24 0.835303
17 25 0.794882
17 26 0.951152
18 1 0.928907
18 2 1.000000
18 3 0.999653
18 4 0.930907
18 5 0.948219
18 6 1.000000
18 7 0.712496
18 8 0.985772
18 9 0.988755
18 10 0.666059
18 11 0.999006
18 12 0.980766
18 13 0.932517
18 14 1.000000
18 15 0.998303
18 16 0.999982
18 17 0.999720
18 18 1.000000
18 19 0.500013
18 20 0.999980
18 21 1.000000
18 22 0.926783
18 23 0.999988
18 24 0.966861
18 25 0.949993
19 1 0.500002
19 2 0.500024
19 3 0.500006
19 4 0.500002
19 5 0.500003
19 6 0.500035
19 7 0.500002
19 8 0.500001
19 9 0.500003
19 10 0.500000
19 11 0.500006
19 12 0.500003
19 13 0.500002
19 14 0.500030
19 15 0.500011
19 16 0.500009
19 17 0.500007
19 18 0.500013
19 19 0.500000
19 20 0.500006
19 21 0.500026
19 22 0.500001
19 23 0.500007
19 24 0.500003
19 25 0.500002
19 26 0.500006
20 1 0.833978
20 2 0.999999
20 3 0.992052
20 4 0.824876
20 5 0.838744
20 6 1.000000
20 7 0.648645
20 8 0.941553
20 9 0.955255
20 10 0.602339
20 11 0.955225
20 12 0.915175
20 13 0.838775
20 14 1.000000
20 15 0.982618
20 16 0.998947
20 17 0.993006
20 18 0.999980
20 19 0.500006
20 20 0.999402
20 21 1.000000
20 22 0.751187
20 23 0.999124
20 24 0.890748
20 25 0.863148
20 26 0.980463
21 1 0.978661
21 2 1.000000
21 3 0.999975
21 4 0.973234
21 5 0.980798
21 6 1.000000
21 7 0.843109
21 8 0.994383
21 9 0.998689
21 10 0.692494
21 11 0.999840
21 12 0.997812
21 13 0.979737
21 14 1.000000
21 15 0.999989
21 16 1.000000
21 17 0.999983
21 18 1.000000
21 19 0.500026
21 20 1.000000
21 21 1.000000
21 22 0.942004
21 23 1.000000
21 24 0.990674
21 25 0.983182
21 26 0.999935
22 1 0.582695
22 2 0.968260
22 3 0.738301
22 5 0.602067
22 6 0.969103
22 7 0.526289
22 8 0.659593
22 9 0.655915
22 10 0.519907
22 11 0.821238
22 12 0.612793
22 13 0.578291
22 14 0.958182
22 15 0.620755
22 16 0.783519
22 17 0.743068
22 18 0.926783
22 19 0.500001
22 20 0.751187
22 21 0.942004
22 22 0.666376
22 23 0.793793
22 24 0.612025
22 25 0.589961
22 26 0.694855
23 1 0.841258
23 2 1.000000
23 3 0.994047
23 4 0.846194
23 5 0.865266
23 6 1.000000
23 7 0.631885
23 8 0.957223
23 9 0.939476
23 10 0.610716
23 11 0.971525
23 12 0.915304
23 13 0.839000
23 14 0.999805
23 15 0.980055
23 16 0.999520
23 17 0.994519
23 18 0.999988
23 19 0.500007
23 20 0.999124
23 21 1.000000
23 22 0.793793
23 23 0.999962
23 24 0.898234
23 25 0.865536
23 26 0.980850
24 1 0.628717
24 2 0.991903
24 3 0.829238
24 4 0.623990
24 5 0.638151
24 6 0.994456
24 7 0.550024
24 8 0.704613
24 9 0.729936
24 10 0.528941
24 11 0.765837
24 12 0.671578
24 13 0.627434
24 14 0.991574
24 15 0.787634
24 16 0.890012
24 17 0.835303
24 18 0.966861
24 19 0.500003
24 20 0.890748
24 21 0.990674
24 22 0.612025
24 23 0.898234
24 24 0.667247
24 25 0.641860
25 1 0.610533
25 2 0.980404
25 3 0.789033
25 4 0.606162
25 5 0.616214
25 6 0.986505
25 7 0.543897
25 8 0.672695
25 9 0.697158
25 10 0.526541
25 11 0.725885
25 12 0.652084
25 13 0.610970
25 14 0.984489
25 15 0.756392
25 16 0.855111
25 17 0.794882
25 18 0.949993
25 19 0.500002
25 20 0.863148
25 21 0.983182
25 22 0.589961
25 23 0.865536
25 24 0.641860
25 25 0.623672
26 2 0.999875
26 6 0.999938
26 7 0.602838
26 8 0.817927
26 10 0.553719
26 12 0.807495
26 15 0.937849
26 16 0.980242
26 17 0.951152
26 19 0.500006
26 20 0.980463
26 21 0.999935
26 22 0.694855
26 23 0.980850
26 26 0.923485
