1 26 0.753327
3 17 0.965719
3 26 0.948885
4 22 0.589903
4 26 0.614739
5 26 0.734086
9 26 0.786371
11 26 0.836257
13 26 0.779239
14 26 0.996556
17 3 0.965719
18 26 0.874782
22 4 0.589903
24 26 0.794446
25 26 0.781046
26 1 0.753327
26 3 0.948885
26 4 0.614739
26 5 0.734086
26 9 0.786371
26 11 0.836257
26 13 0.779239
26 14 0.996556
26 18 0.874782
26 24 0.794446
26 25 0.781046
1 1 0.605615
1 2 0.951518
1 3 0.749070
1 4 0.539815
1 5 0.597440
1 6 0.963897
1 7 0.579750
1 8 0.649858
1 9 0.624104
1 10 0.524617
1 11 0.646210
1 12 0.603124
1 13 0.617893
1 14 0.879689
1 15 0.684109
1 16 0.707087
1 17 0.749070
1 18 0.678495
1 19 0.500003
1 20 0.765281
1 21 0.812078
1 22 0.539815
1 23 0.821666
1 24 0.626534
1 25 0.620387
2 1 0.951518
2 2 1.000000
2 3 0.999626
2 4 0.625337
2 5 0.917619
2 6 1.000000
2 7 0.915614
2 8 0.996816
2 9 0.977032
2 10 0.695621
2 11 0.970372
2 12 0.885809
2 13 0.961748
2 14 0.999629
2 15 0.999349
2 16 0.998519
2 17 0.999626
2 18 0.994093
2 19 0.500007
2 20 0.999926
2 21 0.999261
2 22 0.625337
2 23 0.999647
2 24 0.972997
2 25 0.966238
2 26 0.999422
3 1 0.749070
3 2 0.999626
3 3 0.965719
3 4 0.607356
3 5 0.760334
3 6 0.999756
3 7 0.717118
3 8 0.858664
3 9 0.789198
3 10 0.570416
3 11 0.814752
3 12 0.759706
3 13 0.775933
3 14 0.995373
3 15 0.850783
3 16 0.900285
3 18 0.882359
3 19 0.500011
3 20 0.961118
3 21 0.972034
3 22 0.607356
3 23 0.980529
3 24 0.799909
3 25 0.774784
4 1 0.539815
4 2 0.625337
4 3 0.607356
4 4 0.589903
4 5 0.518769
4 6 0.916641
4 7 0.539992
4 8 0.505724
4 9 0.524195
4 10 0.508995
4 11 0.619971
4 12 0.610639
4 13 0.550657
4 14 0.726465
4 15 0.592530
4 16 0.640399
4 17 0.607356
4 18 0.538251
4 19 0.500003
4 20 0.625815
4 21 0.826562
4 23 0.568679
4 24 0.542985
4 25 0.550174
5 1 0.597440
5 2 0.917619
5 3 0.760334
5 4 0.518769
5 5 0.715052
5 6 0.882491
5 7 0.630326
5 8 0.670416
5 9 0.636236
5 10 0.542200
5 11 0.622837
5 12 0.609130
5 13 0.609163
5 14 0.818510
5 15 0.582757
5 16 0.686755
5 17 0.760334
5 18 0.709730
5 19 0.500005
5 20 0.790494
5 21 0.514436
5 22 0.518769
5 23 0.870863
5 24 0.637801
5 25 0.623660
6 1 0.963897
6 2 1.000000
6 3 0.999756
6 4 0.916641
6 5 0.882491
6 6 1.000000
6 7 0.899889
6 8 0.964703
6 9 0.963973
6 10 0.654270
6 11 0.997228
6 12 0.991261
6 13 0.978210
6 14 1.000000
6 15 0.998082
6 16 0.999699
6 17 0.999756
6 18 0.993812
6 19 0.500036
6 20 0.999854
6 21 1.000000
6 22 0.916641
6 23 0.999930
6 24 0.978310
6 25 0.976244
6 26 0.999871
7 1 0.579750
7 2 0.915614
7 3 0.717118
7 4 0.539992
7 5 0.630326
7 6 0.899889
7 7 0.605613
7 8 0.624527
7 9 0.596240
7 10 0.531703
7 11 0.621103
7 12 0.603567
7 13 0.591270
7 14 0.696641
7 15 0.623917
7 16 0.689104
7 17 0.717118
7 18 0.648791
7 19 0.500004
7 20 0.758741
7 21 0.646584
7 22 0.539992
7 23 0.735222
7 24 0.608093
7 25 0.600468
7 26 0.696573
8 1 0.649858
8 2 0.996816
8 3 0.858664
8 4 0.505724
8 5 0.670416
8 6 0.964703
8 7 0.624527
8 8 0.792872
8 9 0.698832
8 10 0.544948
8 11 0.651455
8 12 0.582994
8 13 0.661853
8 14 0.888336
8 15 0.759616
8 16 0.752344
8 17 0.858664
8 18 0.771650
8 19 0.500003
8 20 0.856832
8 21 0.742660
8 22 0.505724
8 23 0.921974
8 24 0.686923
8 25 0.665978
8 26 0.829473
9 1 0.624104
9 2 0.977032
9 3 0.789198
9 4 0.524195
9 5 0.636236
9 6 0.963973
9 7 0.596240
9 8 0.698832
9 9 0.657829
9 10 0.531441
9 11 0.648672
9 12 0.597202
9 13 0.637070
9 14 0.900787
9 15 0.696465
9 16 0.715089
9 17 0.789198
9 18 0.722920
9 19 0.500004
9 20 0.800790
9 21 0.784056
9 22 0.524195
9 23 0.891560
9 24 0.651565
9 25 0.641016
10 1 0.524617
10 2 0.695621
10 3 0.570416
10 4 0.508995
10 5 0.542200
10 6 0.654270
10 7 0.531703
10 8 0.544948
10 9 0.531441
10 10 0.512256
10 11 0.537028
10 12 0.534214
10 13 0.527857
10 14 0.585010
10 15 0.541617
10 16 0.565955
10 17 0.570416
10 18 0.550606
10 19 0.500001
10 20 0.598197
10 21 0.539869
10 22 0.508995
10 23 0.588293
10 24 0.534465
10 25 0.530784
10 26 0.565105
11 1 0.646210
11 2 0.970372
11 3 0.814752
11 4 0.619971
11 5 0.622837
11 6 0.997228
11 7 0.621103
11 8 0.651455
11 9 0.648672
11 10 0.537028
11 11 0.762967
11 12 0.713182
11 13 0.667169
11 14 0.964573
11 15 0.757814
11 16 0.825177
11 17 0.814752
11 18 0.714827
11 19 0.500007
11 20 0.848301
11 21 0.956568
11 22 0.619971
11 23 0.875111
11 24 0.670993
11 25 0.670931
12 1 0.603124
12 2 0.885809
12 3 0.759706
12 4 0.610639
12 5 0.609130
12 6 0.991261
12 7 0.603567
12 8 0.582994
12 9 0.597202
12 10 0.534214
12 11 0.713182
12 12 0.713284
12 13 0.622079
12 14 0.938185
12 15 0.671014
12 16 0.783624
12 17 0.759706
12 18 0.664053
12 19 0.500006
12 20 0.824539
12 21 0.908241
12 22 0.610639
12 23 0.746472
12 24 0.629483
12 25 0.626958
12 26 0.765207
13 1 0.617893
13 2 0.961748
13 3 0.775933
13 4 0.550657
13 5 0.609163
13 6 0.978210
13 7 0.591270
13 8 0.661853
13 9 0.637070
13 10 0.527857
13 11 0.667169
13 12 0.622079
13 13 0.633085
13 14 0.906280
13 15 0.699990
13 16 0.730237
13 17 0.775933
13 18 0.696869
13 19 0.500004
13 20 0.790439
13 21 0.850210
13 22 0.550657
13 23 0.852654
13 24 0.641045
13 25 0.634369
14 1 0.879689
14 2 0.999629
14 3 0.995373
14 4 0.726465
14 5 0.818510
14 6 1.000000
14 7 0.696641
14 8 0.888336
14 9 0.900787
14 10 0.585010
14 11 0.964573
14 12 0.938185
14 13 0.906280
14 14 1.000000
14 15 0.909793
14 16 0.978810
14 17 0.995373
14 18 0.963748
14 19 0.500025
14 20 0.982533
14 21 0.999994
14 22 0.726465
14 23 0.999858
14 24 0.907117
14 25 0.886603
15 1 0.684109
15 2 0.999349
15 3 0.850783
15 4 0.592530
15 5 0.582757
15 6 0.998082
15 7 0.623917
15 8 0.759616
15 9 0.696465
15 10 0.541617
15 11 0.757814
15 12 0.671014
15 13 0.699990
15 14 0.909793
15 15 0.917270
15 16 0.879536
15 17 0.850783
15 18 0.743643
15 19 0.500001
15 20 0.909581
15 21 0.951242
15 22 0.592530
15 23 0.767113
15 24 0.698629
15 25 0.704898
15 26 0.875119
16 1 0.707087
16 2 0.998519
16 3 0.900285
16 4 0.640399
16 5 0.686755
16 6 0.999699
16 7 0.689104
16 8 0.752344
16 9 0.715089
16 10 0.565955
16 11 0.825177
16 12 0.783624
16 13 0.730237
16 14 0.978810
16 15 0.879536
16 16 0.923670
16 17 0.900285
16 18 0.804573
16 19 0.500007
16 20 0.951464
16 21 0.971817
16 22 0.640399
16 23 0.876565
16 24 0.745336
16 25 0.740787
16 26 0.911564
17 1 0.749070
17 2 0.999626
17 4 0.607356
17 5 0.760334
17 6 0.999756
17 7 0.717118
17 8 0.858664
17 9 0.789198
17 10 0.570416
17 11 0.814752
17 12 0.759706
17 13 0.775933
17 14 0.995373
17 15 0.850783
17 16 0.900285
17 17 0.965719
17 18 0.882359
17 19 0.500011
17 20 0.961118
17 21 0.972034
17 22 0.607356
17 23 0.980529
17 24 0.799909
17 25 0.774784
17 26 0.948885
18 1 0.678495
18 2 0.994093
18 3 0.882359
18 4 0.538251
18 5 0.709730
18 6 0.993812
18 7 0.648791
18 8 0.771650
18 9 0.722920
18 10 0.550606
18 11 0.714827
18 12 0.664053
18 13 0.696869
18 14 0.963748
18 15 0.743643
18 16 0.804573
18 17 0.882359
18 18 0.820146
18 19 0.500007
18 20 0.904259
18 21 0.845463
18 22 0.538251
18 23 0.958313
18 24 0.724204
18 25 0.705280
19 1 0.500003
19 2 0.500007
19 3 0.500011
19 4 0.500003
19 5 0.500005
19 6 0.500036
19 7 0.500004
19 8 0.500003
19 9 0.500004
19 10 0.500001
19 11 0.500007
19 12 0.500006
19 13 0.500004
19 14 0.500025
19 15 0.500001
19 16 0.500007
19 17 0.500011
19 18 0.500007
19 19 0.500000
19 20 0.500009
19 21 0.500017
19 22 0.500003
19 23 0.500018
19 24 0.500005
19 25 0.500004
19 26 0.500010
20 1 0.765281
20 2 0.999926
20 3 0.961118
20 4 0.625815
20 5 0.790494
20 6 0.999854
20 7 0.758741
20 8 0.856832
20 9 0.800790
20 10 0.598197
20 11 0.848301
20 12 0.824539
20 13 0.790439
20 14 0.982533
20 15 0.909581
20 16 0.951464
20 17 0.961118
20 18 0.904259
20 19 0.500009
20 20 0.989393
20 21 0.950021
20 22 0.625815
20 23 0.964439
20 24 0.823825
20 25 0.808519
20 26 0.956425
21 1 0.812078
21 2 0.999261
21 3 0.972034
21 4 0.826562
21 5 0.514436
21 6 1.000000
21 7 0.646584
21 8 0.742660
21 9 0.784056
21 10 0.539869
21 11 0.956568
21 12 0.908241
21 13 0.850210
21 14 0.999994
21 15 0.951242
21 16 0.971817
21 17 0.972034
21 18 0.845463
21 19 0.500017
21 20 0.950021
21 21 0.999996
21 22 0.826562
21 23 0.992872
21 24 0.814591
21 25 0.825737
21 26 0.984125
22 1 0.539815
22 2 0.625337
22 3 0.607356
22 5 0.518769
22 6 0.916641
22 7 0.539992
22 8 0.505724
22 9 0.524195
22 10 0.508995
22 11 0.619971
22 12 0.610639
22 13 0.550657
22 14 0.726465
22 15 0.592530
22 16 0.640399
22 17 0.607356
22 18 0.538251
22 19 0.500003
22 20 0.625815
22 21 0.826562
22 22 0.589903
22 23 0.568679
22 24 0.542985
22 25 0.550174
22 26 0.614739
23 1 0.821666
23 2 0.999647
23 3 0.980529
23 4 0.568679
23 5 0.870863
23 6 0.999930
23 7 0.735222
23 8 0.921974
23 9 0.891560
23 10 0.588293
23 11 0.875111
23 12 0.746472
23 13 0.852654
23 14 0.999858
23 15 0.767113
23 16 0.876565
23 17 0.980529
23 18 0.958313
23 19 0.500018
23 20 0.964439
23 21 0.992872
23 22 0.568679
23 23 0.999975
23 24 0.869526
23 25 0.848553
23 26 0.983590
24 1 0.626534
24 2 0.972997
24 3 0.799909
24 4 0.542985
24 5 0.637801
24 6 0.978310
24 7 0.608093
24 8 0.686923
24 9 0.651565
24 10 0.534465
24 11 0.670993
24 12 0.629483
24 13 0.641045
24 14 0.907117
24 15 0.698629
24 16 0.745336
24 17 0.799909
24 18 0.724204
24 19 0.500005
24 20 0.823825
24 21 0.814591
24 22 0.542985
24 23 0.869526
24 24 0.658065
24 25 0.646716
25 1 0.620387
25 2 0.966238
25 3 0.774784
25 4 0.550174
25 5 0.623660
25 6 0.976244
25 7 0.600468
25 8 0.665978
25 9 0.641016
25 10 0.530784
25 11 0.670931
25 12 0.626958
25 13 0.634369
25 14 0.886603
25 15 0.704898
25 16 0.740787
25 17 0.774784
25 18 0.705280
25 19 0.500004
25 20 0.808519
25 21 0.825737
25 22 0.550174
25 23 0.848553
25 24 0.646716
25 25 0.641168
26 2 0.999422
26 6 0.999871
26 7 0.696573
26 8 0.829473
26 10 0.565105
26 12 0.765207
26 15 0.875119
26 16 0.911564
26 17 0.948885
26 19 0.500010
26 20 0.956425
26 21 0.984125
26 22 0.614739
26 23 0.983590
26 26 0.950339
