1 26 0.548869
3 17 0.854983
3 26 0.900057
4 22 0.569388
4 26 0.717048
5 26 0.659443
9 26 0.754439
11 26 0.779135
13 26 0.748312
14 26 0.895368
17 3 0.854983
18 26 0.818784
22 4 0.569388
24 26 0.789227
25 26 0.738736
26 1 0.548869
26 3 0.900057
26 4 0.717048
26 5 0.659443
26 9 0.754439
26 11 0.779135
26 13 0.748312
26 14 0.895368
26 18 0.818784
26 24 0.789227
26 25 0.738736
1 1 0.505457
1 2 0.588483
1 3 0.535467
1 4 0.515522
1 5 0.509182
1 6 0.578707
1 7 0.508041
1 8 0.513148
1 9 0.519137
1 10 0.507712
1 11 0.521877
1 12 0.518011
1 13 0.519294
1 14 0.541878
1 15 0.543614
1 16 0.528507
1 17 0.531264
1 18 0.527598
1 19 0.500000
1 20 0.569814
1 21 0.597387
1 22 0.518691
1 23 0.533059
1 24 0.524039
1 25 0.518016
2 1 0.588483
2 2 1.000000
2 3 0.997164
2 4 0.903830
2 5 0.885288
2 6 0.147952
2 7 0.805705
2 8 0.978687
2 9 0.946433
2 10 0.606267
2 11 0.936633
2 12 0.904014
2 13 0.930723
2 14 0.987902
2 15 0.997289
2 16 0.999889
2 17 0.996839
2 18 0.977671
2 19 0.500017
2 20 0.997515
2 21 1.000000
2 22 0.825243
2 23 0.998912
2 24 0.975005
2 25 0.930988
2 26 0.999227
3 1 0.535467
3 2 0.997164
3 3 0.867559
3 4 0.676743
3 5 0.590657
3 6 0.792360
3 7 0.579824
3 8 0.735333
3 9 0.717630
3 10 0.549739
3 11 0.704921
3 12 0.672750
3 13 0.697939
3 14 0.838380
3 15 0.862472
3 16 0.916432
3 18 0.771816
3 19 0.500005
3 20 0.903874
3 21 0.991584
3 22 0.630228
3 23 0.910656
3 24 0.736580
3 25 0.689762
4 1 0.515522
4 2 0.903830
4 3 0.676743
4 4 0.577740
4 5 0.545860
4 6 0.736697
4 7 0.535469
4 8 0.590174
4 9 0.593220
4 10 0.521938
4 11 0.601057
4 12 0.579940
4 13 0.588539
4 14 0.669251
4 15 0.691420
4 16 0.708420
4 17 0.664214
4 18 0.622578
4 19 0.500002
4 20 0.732825
4 21 0.877206
4 23 0.682389
4 24 0.608995
4 25 0.585286
5 1 0.509182
5 2 0.885288
5 3 0.590657
5 4 0.545860
5 5 0.629543
5 6 0.626257
5 7 0.556050
5 8 0.541638
5 9 0.533707
5 10 0.509331
5 11 0.588981
5 12 0.569627
5 13 0.554303
5 14 0.579782
5 15 0.592789
5 16 0.613606
5 17 0.589880
5 18 0.580473
5 19 0.500001
5 20 0.679776
5 21 0.833145
5 22 0.568048
5 23 0.551253
5 24 0.605164
5 25 0.554692
6 1 0.578707
6 2 0.147952
6 3 0.792360
6 4 0.736697
6 5 0.626257
6 6 1.000000
6 7 0.543017
6 8 0.384093
6 9 0.702818
6 10 0.618421
6 11 0.873111
6 12 0.798004
6 13 0.771382
6 14 0.921703
6 15 0.933809
6 16 0.439255
6 17 0.701794
6 18 0.822393
6 19 0.500002
6 20 0.993885
6 21 0.991716
6 22 0.936836
6 23 0.293165
6 24 0.845100
6 25 0.748422
6 26 0.937856
7 1 0.508041
7 2 0.805705
7 3 0.579824
7 4 0.535469
7 5 0.556050
7 6 0.543017
7 7 0.541834
7 8 0.545668
7 9 0.535702
7 10 0.511020
7 11 0.564043
7 12 0.563190
7 13 0.541525
7 14 0.575100
7 15 0.585557
7 16 0.592991
7 17 0.576295
7 18 0.553446
7 19 0.500001
7 20 0.627916
7 21 0.730921
7 22 0.532855
7 23 0.557292
7 24 0.574769
7 25 0.544607
7 26 0.617725
8 1 0.513148
8 2 0.978687
8 3 0.735333
8 4 0.590174
8 5 0.541638
8 6 0.384093
8 7 0.545668
8 8 0.695949
8 9 0.624870
8 10 0.518380
8 11 0.579060
8 12 0.563780
8 13 0.595546
8 14 0.668185
8 15 0.675155
8 16 0.837115
8 17 0.730758
8 18 0.671071
8 19 0.500004
8 20 0.696836
8 21 0.858874
8 22 0.521549
8 23 0.872484
8 24 0.652520
8 25 0.594781
8 26 0.747479
9 1 0.519137
9 2 0.946433
9 3 0.717630
9 4 0.593220
9 5 0.533707
9 6 0.702818
9 7 0.535702
9 8 0.624870
9 9 0.624412
9 10 0.527093
9 11 0.608474
9 12 0.579994
9 13 0.608041
9 14 0.716507
9 15 0.733472
9 16 0.765223
9 17 0.701540
9 18 0.649059
9 19 0.500002
9 20 0.759074
9 21 0.895581
9 22 0.560299
9 23 0.734283
9 24 0.617825
9 25 0.603420
10 1 0.507712
10 2 0.606267
10 3 0.549739
10 4 0.521938
10 5 0.509331
10 6 0.618421
10 7 0.511020
10 8 0.518380
10 9 0.527093
10 10 0.512849
10 11 0.530657
10 12 0.526179
10 13 0.525729
10 14 0.554577
10 15 0.562852
10 16 0.538368
10 17 0.544277
10 18 0.538255
10 19 0.500001
10 20 0.601076
10 21 0.638275
10 22 0.524883
10 23 0.567334
10 24 0.529646
10 25 0.523455
10 26 0.566281
11 1 0.521877
11 2 0.936633
11 3 0.704921
11 4 0.601057
11 5 0.588981
11 6 0.873111
11 7 0.564043
11 8 0.579060
11 9 0.608474
11 10 0.530657
11 11 0.664617
11 12 0.630007
11 13 0.618935
11 14 0.718688
11 15 0.759755
11 16 0.708751
11 17 0.687312
11 18 0.639285
11 19 0.500001
11 20 0.811623
11 21 0.945093
11 22 0.616557
11 23 0.602468
11 24 0.637944
11 25 0.615714
12 1 0.518011
12 2 0.904014
12 3 0.672750
12 4 0.579940
12 5 0.569627
12 6 0.798004
12 7 0.563190
12 8 0.563780
12 9 0.579994
12 10 0.526179
12 11 0.630007
12 12 0.657472
12 13 0.589606
12 14 0.675150
12 15 0.707047
12 16 0.661173
12 17 0.659835
12 18 0.597726
12 19 0.500002
12 20 0.771284
12 21 0.913971
12 22 0.607239
12 23 0.564509
12 24 0.656304
12 25 0.597095
12 26 0.722305
13 1 0.519294
13 2 0.930723
13 3 0.697939
13 4 0.588539
13 5 0.554303
13 6 0.771382
13 7 0.541525
13 8 0.595546
13 9 0.608041
13 10 0.525729
13 11 0.618935
13 12 0.589606
13 13 0.605756
13 14 0.704561
13 15 0.722756
13 16 0.725136
13 17 0.682018
13 18 0.636071
13 19 0.500002
13 20 0.766388
13 21 0.904866
13 22 0.582040
13 23 0.655137
13 24 0.619850
13 25 0.601348
14 1 0.541878
14 2 0.987902
14 3 0.838380
14 4 0.669251
14 5 0.579782
14 6 0.921703
14 7 0.575100
14 8 0.668185
14 9 0.716507
14 10 0.554577
14 11 0.718688
14 12 0.675150
14 13 0.704561
14 14 0.893509
14 15 0.875325
14 16 0.841911
14 17 0.806824
14 18 0.739835
14 19 0.500003
14 20 0.917188
14 21 0.974221
14 22 0.622167
14 23 0.704355
14 24 0.710290
14 25 0.697634
15 1 0.543614
15 2 0.997289
15 3 0.862472
15 4 0.691420
15 5 0.592789
15 6 0.933809
15 7 0.585557
15 8 0.675155
15 9 0.733472
15 10 0.562852
15 11 0.759755
15 12 0.707047
15 13 0.722756
15 14 0.875325
15 15 0.934159
15 16 0.888902
15 17 0.841218
15 18 0.753771
15 19 0.500002
15 20 0.938086
15 21 0.997111
15 22 0.694753
15 23 0.762528
15 24 0.712467
15 25 0.715231
15 26 0.919966
16 1 0.528507
16 2 0.999889
16 3 0.916432
16 4 0.708420
16 5 0.613606
16 6 0.439255
16 7 0.592991
16 8 0.837115
16 9 0.765223
16 10 0.538368
16 11 0.708751
16 12 0.661173
16 13 0.725136
16 14 0.841911
16 15 0.888902
16 16 0.978128
16 17 0.912364
16 18 0.828497
16 19 0.500008
16 20 0.887228
16 21 0.996702
16 22 0.603305
16 23 0.975043
16 24 0.782125
16 25 0.718578
16 26 0.933845
17 1 0.531264
17 2 0.996839
17 4 0.664214
17 5 0.589880
17 6 0.701794
17 7 0.576295
17 8 0.730758
17 9 0.701540
17 10 0.544277
17 11 0.687312
17 12 0.659835
17 13 0.682018
17 14 0.806824
17 15 0.841218
17 16 0.912364
17 17 0.846025
17 18 0.758160
17 19 0.500005
17 20 0.882167
17 21 0.990699
17 22 0.620582
17 23 0.917733
17 24 0.722790
17 25 0.673371
17 26 0.884721
18 1 0.527598
18 2 0.977671
18 3 0.771816
18 4 0.622578
18 5 0.580473
18 6 0.822393
18 7 0.553446
18 8 0.671071
18 9 0.649059
18 10 0.538255
18 11 0.639285
18 12 0.597726
18 13 0.636071
18 14 0.739835
18 15 0.753771
18 16 0.828497
18 17 0.758160
18 18 0.728136
18 19 0.500004
18 20 0.840493
18 21 0.948231
18 22 0.599929
18 23 0.876996
18 24 0.688629
18 25 0.627618
19 1 0.500000
19 2 0.500017
19 3 0.500005
19 4 0.500002
19 5 0.500001
19 6 0.500002
19 7 0.500001
19 8 0.500004
19 9 0.500002
19 10 0.500001
19 11 0.500001
19 12 0.500002
19 13 0.500002
19 14 0.500003
19 15 0.500002
19 16 0.500008
19 17 0.500005
19 18 0.500004
19 19 0.500000
19 20 0.500005
19 21 0.500008
19 22 0.500001
19 23 0.500010
19 24 0.500004
19 25 0.500002
19 26 0.500005
20 1 0.569814
20 2 0.997515
20 3 0.903874
20 4 0.732825
20 5 0.679776
20 6 0.993885
20 7 0.627916
20 8 0.696836
20 9 0.759074
20 10 0.601076
20 11 0.811623
20 12 0.771284
20 13 0.766388
20 14 0.917188
20 15 0.938086
20 16 0.887228
20 17 0.882167
20 18 0.840493
20 19 0.500005
20 20 0.984635
20 21 0.998802
20 22 0.769676
20 23 0.880322
20 24 0.824828
20 25 0.756146
20 26 0.955259
21 1 0.597387
21 2 1.000000
21 3 0.991584
21 4 0.877206
21 5 0.833145
21 6 0.991716
21 7 0.730921
21 8 0.858874
21 9 0.895581
21 10 0.638275
21 11 0.945093
21 12 0.913971
21 13 0.904866
21 14 0.974221
21 15 0.997111
21 16 0.996702
21 17 0.990699
21 18 0.948231
21 19 0.500008
21 20 0.998802
21 21 1.000000
21 22 0.923436
21 23 0.992268
21 24 0.918210
21 25 0.888874
21 26 0.997705
22 1 0.518691
22 2 0.825243
22 3 0.630228
22 5 0.568048
22 6 0.936836
22 7 0.532855
22 8 0.521549
22 9 0.560299
22 10 0.524883
22 11 0.616557
22 12 0.607239
22 13 0.582040
22 14 0.622167
22 15 0.694753
22 16 0.603305
22 17 0.620582
22 18 0.599929
22 19 0.500001
22 20 0.769676
22 21 0.923436
22 22 0.678691
22 23 0.551521
22 24 0.636962
22 25 0.576529
22 26 0.699426
23 1 0.533059
23 2 0.998912
23 3 0.910656
23 4 0.682389
23 5 0.551253
23 6 0.293165
23 7 0.557292
23 8 0.872484
23 9 0.734283
23 10 0.567334
23 11 0.602468
23 12 0.564509
23 13 0.655137
23 14 0.704355
23 15 0.762528
23 16 0.975043
23 17 0.917733
23 18 0.876996
23 19 0.500010
23 20 0.880322
23 21 0.992268
23 22 0.551521
23 23 0.999718
23 24 0.754360
23 25 0.619808
23 26 0.899129
24 1 0.524039
24 2 0.975005
24 3 0.736580
24 4 0.608995
24 5 0.605164
24 6 0.845100
24 7 0.574769
24 8 0.652520
24 9 0.617825
24 10 0.529646
24 11 0.637944
24 12 0.656304
24 13 0.619850
24 14 0.710290
24 15 0.712467
24 16 0.782125
24 17 0.722790
24 18 0.688629
24 19 0.500004
24 20 0.824828
24 21 0.918210
24 22 0.636962
24 23 0.754360
24 24 0.753725
24 25 0.628839
25 1 0.518016
25 2 0.930988
25 3 0.689762
25 4 0.585286
25 5 0.554692
25 6 0.748422
25 7 0.544607
25 8 0.594781
25 9 0.603420
25 10 0.523455
25 11 0.615714
25 12 0.597095
25 13 0.601348
25 14 0.697634
25 15 0.715231
25 16 0.718578
25 17 0.673371
25 18 0.627618
25 19 0.500002
25 20 0.756146
25 21 0.888874
25 22 0.576529
25 23 0.619808
25 24 0.628839
25 25 0.601638
26 2 0.999227
26 6 0.937856
26 7 0.617725
26 8 0.747479
26 10 0.566281
26 12 0.722305
26 15 0.919966
26 16 0.933845
26 17 0.884721
26 19 0.500005
26 20 0.955259
26 21 0.997705
26 22 0.699426
26 23 0.899129
26 26 0.945996
