1 2 0.815322
1 3 0.789018
1 5 0.738561
1 8 0.832284
1 12 0.643352
1 16 0.698133
1 17 0.754766
1 19 0.898503
2 1 0.815322
2 8 0.857229
2 19 0.956172
3 1 0.789018
3 8 0.847370
4 17 0.610744
5 1 0.738561
5 8 0.778395
8 1 0.832284
8 2 0.857229
8 3 0.847370
8 5 0.778395
8 12 0.681343
8 13 0.696283
8 14 0.711827
8 15 0.500000
8 16 0.726730
8 17 0.796775
8 19 0.927330
10 19 0.912286
12 1 0.643352
12 8 0.681343
13 8 0.696283
14 8 0.711827
15 8 0.500000
16 1 0.698133
16 8 0.726730
17 1 0.754766
17 4 0.610744
17 8 0.796775
17 19 0.882718
18 19 0.946317
19 1 0.898503
19 2 0.956172
19 8 0.927330
19 10 0.912286
19 17 0.882718
19 18 0.946317
1 1 0.795092
1 4 0.615129
1 6 0.832734
1 7 0.499605
1 9 0.592282
1 10 0.737382
1 11 0.613670
1 13 0.641295
1 14 0.663013
1 15 0.500000
1 18 0.788614
2 2 0.896911
2 3 0.789519
2 4 0.652556
2 5 0.745160
2 6 0.863437
2 7 0.499622
2 9 0.609555
2 10 0.817966
2 11 0.633589
2 12 0.657965
2 13 0.660025
2 14 0.695748
2 15 0.500000
2 16 0.709884
2 17 0.799467
2 18 0.874165
3 2 0.789519
3 3 0.836490
3 4 0.604512
3 5 0.740776
3 6 0.913448
3 7 0.499723
3 9 0.583476
3 10 0.705801
3 11 0.617554
3 12 0.643912
3 13 0.657032
3 14 0.657636
3 15 0.500000
3 16 0.686659
3 17 0.743660
3 18 0.748253
3 19 0.870527
4 1 0.615129
4 2 0.652556
4 3 0.604512
4 4 0.557809
4 5 0.587742
4 6 0.607056
4 7 0.499821
4 8 0.636415
4 9 0.526471
4 10 0.611569
4 11 0.534340
4 12 0.552578
4 13 0.555917
4 14 0.560346
4 15 0.500000
4 16 0.562272
4 18 0.633720
4 19 0.716243
5 2 0.745160
5 3 0.740776
5 4 0.587742
5 5 0.700841
5 6 0.738925
5 7 0.499477
5 9 0.568953
5 10 0.674974
5 11 0.575967
5 12 0.614802
5 13 0.616428
5 14 0.617264
5 15 0.500000
5 16 0.644408
5 17 0.704302
5 18 0.717376
5 19 0.827509
6 1 0.832734
6 2 0.863437
6 3 0.913448
6 4 0.607056
6 5 0.738925
6 6 0.999982
6 7 0.502207
6 8 0.925653
6 9 0.624668
6 10 0.822566
6 11 0.785511
6 12 0.692448
6 13 0.806632
6 14 0.758136
6 15 0.500000
6 16 0.742231
6 17 0.778684
6 18 0.872007
6 19 0.950081
7 1 0.499605
7 2 0.499622
7 3 0.499723
7 4 0.499821
7 5 0.499477
7 6 0.502207
7 7 0.500013
7 8 0.499826
7 9 0.499886
7 10 0.499622
7 11 0.500602
7 12 0.499833
7 13 0.499775
7 14 0.500414
7 15 0.500000
7 16 0.500025
7 17 0.499635
7 18 0.499906
7 19 0.499322
8 4 0.636415
8 6 0.925653
8 7 0.499826
8 8 0.894620
8 9 0.611438
8 10 0.768718
8 11 0.663918
8 18 0.833803
9 1 0.592282
9 2 0.609555
9 3 0.583476
9 4 0.526471
9 5 0.568953
9 6 0.624668
9 7 0.499886
9 8 0.611438
9 9 0.550900
9 10 0.585758
9 11 0.553279
9 12 0.539989
9 13 0.541717
9 14 0.560641
9 15 0.500000
9 16 0.562372
9 17 0.575835
9 18 0.601684
9 19 0.663726
10 1 0.737382
10 2 0.817966
10 3 0.705801
10 4 0.611569
10 5 0.674974
10 6 0.822566
10 7 0.499622
10 8 0.768718
10 9 0.585758
10 10 0.771655
10 11 0.596948
10 12 0.611908
10 13 0.627029
10 14 0.635515
10 15 0.500000
10 16 0.642477
10 17 0.725909
10 18 0.809803
11 1 0.613670
11 2 0.633589
11 3 0.617554
11 4 0.534340
11 5 0.575967
11 6 0.785511
11 7 0.500602
11 8 0.663918
11 9 0.553279
11 10 0.596948
11 11 0.621952
11 12 0.552817
11 13 0.559847
11 14 0.605635
11 15 0.500000
11 16 0.586317
11 17 0.593921
11 18 0.638849
11 19 0.690106
12 2 0.657965
12 3 0.643912
12 4 0.552578
12 5 0.614802
12 6 0.692448
12 7 0.499833
12 9 0.539989
12 10 0.611908
12 11 0.552817
12 12 0.571833
12 13 0.576057
12 14 0.580118
12 15 0.500000
12 16 0.586440
12 17 0.623373
12 18 0.642325
12 19 0.722185
13 1 0.641295
13 2 0.660025
13 3 0.657032
13 4 0.555917
13 5 0.616428
13 6 0.806632
13 7 0.499775
13 9 0.541717
13 10 0.627029
13 11 0.559847
13 12 0.576057
13 13 0.607628
13 14 0.574952
13 15 0.500000
13 16 0.574355
13 17 0.627090
13 18 0.650613
13 19 0.734119
14 1 0.663013
14 2 0.695748
14 3 0.657636
14 4 0.560346
14 5 0.617264
14 6 0.758136
14 7 0.500414
14 9 0.560641
14 10 0.635515
14 11 0.605635
14 12 0.580118
14 13 0.574952
14 14 0.637672
14 15 0.500000
14 16 0.614966
14 17 0.641238
14 18 0.678373
14 19 0.764670
15 1 0.500000
15 2 0.500000
15 3 0.500000
15 4 0.500000
15 5 0.500000
15 6 0.500000
15 7 0.500000
15 9 0.500000
15 10 0.500000
15 11 0.500000
15 12 0.500000
15 13 0.500000
15 14 0.500000
15 15 0.500000
15 16 0.500000
15 17 0.500000
15 18 0.500000
15 19 0.500000
16 2 0.709884
16 3 0.686659
16 4 0.562272
16 5 0.644408
16 6 0.742231
16 7 0.500025
16 9 0.562372
16 10 0.642477
16 11 0.586317
16 12 0.586440
16 13 0.574355
16 14 0.614966
16 15 0.500000
16 16 0.647506
16 17 0.656644
16 18 0.690610
16 19 0.780772
17 2 0.799467
17 3 0.743660
17 5 0.704302
17 6 0.778684
17 7 0.499635
17 9 0.575835
17 10 0.725909
17 11 0.593921
17 12 0.623373
17 13 0.627090
17 14 0.641238
17 15 0.500000
17 16 0.656644
17 17 0.732286
17 18 0.775855
18 1 0.788614
18 2 0.874165
18 3 0.748253
18 4 0.633720
18 5 0.717376
18 6 0.872007
18 7 0.499906
18 8 0.833803
18 9 0.601684
18 10 0.809803
18 11 0.638849
18 12 0.642325
18 13 0.650613
18 14 0.678373
18 15 0.500000
18 16 0.690610
18 17 0.775855
18 18 0.873929
19 3 0.870527
19 4 0.716243
19 5 0.827509
19 6 0.950081
19 7 0.499322
19 9 0.663726
19 11 0.690106
19 12 0.722185
19 13 0.734119
19 14 0.764670
19 15 0.500000
19 16 0.780772
19 19 0.990500
