1 2 0.935852
1 3 0.915000
1 5 0.887253
1 8 0.966931
1 12 0.816630
1 16 0.862908
1 17 0.895727
1 19 0.976032
2 1 0.935852
2 8 0.952447
2 19 0.881130
3 1 0.915000
3 8 0.934627
4 17 0.778842
5 1 0.887253
5 8 0.847371
8 1 0.966931
8 2 0.952447
8 3 0.934627
8 5 0.847371
8 12 0.810904
8 13 0.928978
8 14 0.960266
8 15 0.500000
8 16 0.890870
8 17 0.830267
8 19 0.914499
10 19 0.994579
12 1 0.816630
12 8 0.810904
13 8 0.928978
14 8 0.960266
15 8 0.500000
16 1 0.862908
16 8 0.890870
17 1 0.895727
17 4 0.778842
17 8 0.830267
17 19 0.978536
18 19 0.997626
19 1 0.976032
19 2 0.881130
19 8 0.914499
19 10 0.994579
19 17 0.978536
19 18 0.997626
1 1 0.968958
1 4 0.748260
1 6 0.802823
1 7 0.504062
1 9 0.595698
1 10 0.921333
1 11 0.705480
1 13 0.875968
1 14 0.908685
1 15 0.500000
1 18 0.950809
2 2 0.913165
2 3 0.883772
2 4 0.641145
2 5 0.812304
2 6 0.626253
2 7 0.502484
2 9 0.566808
2 10 0.792444
2 11 0.634737
2 12 0.760715
2 13 0.859560
2 14 0.888904
2 15 0.500000
2 16 0.827211
2 17 0.789568
2 18 0.833539
3 2 0.883772
3 3 0.862744
3 4 0.640981
3 5 0.782945
3 6 0.711796
3 7 0.502410
3 9 0.565688
3 10 0.797009
3 11 0.642120
3 12 0.737146
3 13 0.845145
3 14 0.869691
3 15 0.500000
3 16 0.805702
3 17 0.778558
3 18 0.832971
3 19 0.883696
4 1 0.748260
4 2 0.641145
4 3 0.640981
4 4 0.701115
4 5 0.678446
4 6 0.879551
4 7 0.502204
4 8 0.666845
4 9 0.558287
4 10 0.828802
4 11 0.626006
4 12 0.606794
4 13 0.604381
4 14 0.607517
4 15 0.500000
4 16 0.617588
4 18 0.850352
4 19 0.911012
5 2 0.812304
5 3 0.782945
5 4 0.678446
5 5 0.808960
5 6 0.673238
5 7 0.502521
5 9 0.553475
5 10 0.844353
5 11 0.620213
5 12 0.713278
5 13 0.703427
5 14 0.752848
5 15 0.500000
5 16 0.722103
5 17 0.809581
5 18 0.892212
5 19 0.929889
6 1 0.802823
6 2 0.626253
6 3 0.711796
6 4 0.879551
6 5 0.673238
6 6 1.000000
6 7 0.506470
6 8 0.511830
6 9 0.575116
6 10 0.955066
6 11 0.754544
6 12 0.668143
6 13 0.721825
6 14 0.306304
6 15 0.500000
6 16 0.695195
6 17 0.924121
6 18 0.925636
6 19 0.984426
7 1 0.504062
7 2 0.502484
7 3 0.502410
7 4 0.502204
7 5 0.502521
7 6 0.506470
7 7 0.500035
7 8 0.502968
7 9 0.500475
7 10 0.504841
7 11 0.501462
7 12 0.501749
7 13 0.502024
7 14 0.501576
7 15 0.500000
7 16 0.501974
7 17 0.503667
7 18 0.505482
7 19 0.507180
8 4 0.666845
8 6 0.511830
8 7 0.502968
8 8 0.985200
8 9 0.589030
8 10 0.828262
8 11 0.695832
8 18 0.871924
9 1 0.595698
9 2 0.566808
9 3 0.565688
9 4 0.558287
9 5 0.553475
9 6 0.575116
9 7 0.500475
9 8 0.589030
9 9 0.549532
9 10 0.623219
9 11 0.538043
9 12 0.533331
9 13 0.564421
9 14 0.578514
9 15 0.500000
9 16 0.552781
9 17 0.590106
9 18 0.634966
9 19 0.676094
10 1 0.921333
10 2 0.792444
10 3 0.797009
10 4 0.828802
10 5 0.844353
10 6 0.955066
10 7 0.504841
10 8 0.828262
10 9 0.623219
10 10 0.971088
10 11 0.728422
10 12 0.738716
10 13 0.726936
10 14 0.724062
10 15 0.500000
10 16 0.746730
10 17 0.928908
10 18 0.982403
11 1 0.705480
11 2 0.634737
11 3 0.642120
11 4 0.626006
11 5 0.620213
11 6 0.754544
11 7 0.501462
11 8 0.695832
11 9 0.538043
11 10 0.728422
11 11 0.609969
11 12 0.589549
11 13 0.626360
11 14 0.656873
11 15 0.500000
11 16 0.619766
11 17 0.689488
11 18 0.748185
11 19 0.811024
12 2 0.760715
12 3 0.737146
12 4 0.606794
12 5 0.713278
12 6 0.668143
12 7 0.501749
12 9 0.533331
12 10 0.738716
12 11 0.589549
12 12 0.671240
12 13 0.690337
12 14 0.736026
12 15 0.500000
12 16 0.691618
12 17 0.713189
12 18 0.779963
12 19 0.828020
13 1 0.875968
13 2 0.859560
13 3 0.845145
13 4 0.604381
13 5 0.703427
13 6 0.721825
13 7 0.502024
13 9 0.564421
13 10 0.726936
13 11 0.626360
13 12 0.690337
13 13 0.869401
13 14 0.872542
13 15 0.500000
13 16 0.793837
13 17 0.715323
13 18 0.741314
13 19 0.801959
14 1 0.908685
14 2 0.888904
14 3 0.869691
14 4 0.607517
14 5 0.752848
14 6 0.306304
14 7 0.501576
14 9 0.578514
14 10 0.724062
14 11 0.656873
14 12 0.736026
14 13 0.872542
14 14 0.940680
14 15 0.500000
14 16 0.822882
14 17 0.735187
14 18 0.771033
14 19 0.813925
15 1 0.500000
15 2 0.500000
15 3 0.500000
15 4 0.500000
15 5 0.500000
15 6 0.500000
15 7 0.500000
15 9 0.500000
15 10 0.500000
15 11 0.500000
15 12 0.500000
15 13 0.500000
15 14 0.500000
15 15 0.500000
15 16 0.500000
15 17 0.500000
15 18 0.500000
15 19 0.500000
16 2 0.827211
16 3 0.805702
16 4 0.617588
16 5 0.722103
16 6 0.695195
16 7 0.501974
16 9 0.552781
16 10 0.746730
16 11 0.619766
16 12 0.691618
16 13 0.793837
16 14 0.822882
16 15 0.500000
16 16 0.757283
16 17 0.729761
16 18 0.774732
16 19 0.831231
17 2 0.789568
17 3 0.778558
17 5 0.809581
17 6 0.924121
17 7 0.503667
17 9 0.590106
17 10 0.928908
17 11 0.689488
17 12 0.713189
17 13 0.715323
17 14 0.735187
17 15 0.500000
17 16 0.729761
17 17 0.885315
17 18 0.949649
18 1 0.950809
18 2 0.833539
18 3 0.832971
18 4 0.850352
18 5 0.892212
18 6 0.925636
18 7 0.505482
18 8 0.871924
18 9 0.634966
18 10 0.982403
18 11 0.748185
18 12 0.779963
18 13 0.741314
18 14 0.771033
18 15 0.500000
18 16 0.774732
18 17 0.949649
18 18 0.991590
19 3 0.883696
19 4 0.911012
19 5 0.929889
19 6 0.984426
19 7 0.507180
19 9 0.676094
19 11 0.811024
19 12 0.828020
19 13 0.801959
19 14 0.813925
19 15 0.500000
19 16 0.831231
19 19 0.999578
