1 2 0.795372
1 3 0.695945
1 5 0.726032
1 8 0.790256
1 12 0.634441
1 16 0.638547
1 17 0.769544
1 19 0.887746
2 1 0.795372
2 8 0.742116
2 19 0.846559
3 1 0.695945
3 8 0.670262
4 17 0.637611
5 1 0.726032
5 8 0.655956
8 1 0.790256
8 2 0.742116
8 3 0.670262
8 5 0.655956
8 12 0.627463
8 13 0.638187
8 14 0.831052
8 15 0.500000
8 16 0.643536
8 17 0.719136
8 19 0.829994
10 19 0.811458
12 1 0.634441
12 8 0.627463
13 8 0.638187
14 8 0.831052
15 8 0.500000
16 1 0.638547
16 8 0.643536
17 1 0.769544
17 4 0.637611
17 8 0.719136
17 19 0.821635
18 19 0.870855
19 1 0.887746
19 2 0.846559
19 8 0.829994
19 10 0.811458
19 17 0.821635
19 18 0.870855
1 1 0.844253
1 4 0.672277
1 6 0.841698
1 7 0.502247
1 9 0.550099
1 10 0.750089
1 11 0.585425
1 13 0.633385
1 14 0.911184
1 15 0.500000
1 18 0.809578
2 2 0.764845
2 3 0.658435
2 4 0.633197
2 5 0.673710
2 6 0.789972
2 7 0.501910
2 9 0.531320
2 10 0.711239
2 11 0.565349
2 12 0.600420
2 13 0.606133
2 14 0.868095
2 15 0.500000
2 16 0.623374
2 17 0.725301
2 18 0.769997
3 2 0.658435
3 3 0.611994
3 4 0.580821
3 5 0.608089
3 6 0.672505
3 7 0.501243
3 9 0.511277
3 10 0.621175
3 11 0.537461
3 12 0.574240
3 13 0.578487
3 14 0.716872
3 15 0.500000
3 16 0.578869
3 17 0.640681
3 18 0.661036
3 19 0.723292
4 1 0.672277
4 2 0.633197
4 3 0.580821
4 4 0.599374
4 5 0.602152
4 6 0.734328
4 7 0.500811
4 8 0.632970
4 9 0.534013
4 10 0.628976
4 11 0.555069
4 12 0.560765
4 13 0.544729
4 14 0.789946
4 15 0.500000
4 16 0.547439
4 18 0.655647
4 19 0.720386
5 2 0.673710
5 3 0.608089
5 4 0.602152
5 5 0.681251
5 6 0.678874
5 7 0.501142
5 9 0.545355
5 10 0.649517
5 11 0.550298
5 12 0.565924
5 13 0.558615
5 14 0.817195
5 15 0.500000
5 16 0.549640
5 17 0.663092
5 18 0.685482
5 19 0.757489
6 1 0.841698
6 2 0.789972
6 3 0.672505
6 4 0.734328
6 5 0.678874
6 6 0.990931
6 7 0.501635
6 8 0.801485
6 9 0.557685
6 10 0.788381
6 11 0.673079
6 12 0.655037
6 13 0.619459
6 14 0.986778
6 15 0.500000
6 16 0.668734
6 17 0.801916
6 18 0.836136
6 19 0.911214
7 1 0.502247
7 2 0.501910
7 3 0.501243
7 4 0.500811
7 5 0.501142
7 6 0.501635
7 7 0.500016
7 8 0.501871
7 9 0.500026
7 10 0.501361
7 11 0.500394
7 12 0.500732
7 13 0.500819
7 14 0.502177
7 15 0.500000
7 16 0.500908
7 17 0.501561
7 18 0.501871
7 19 0.502643
8 4 0.632970
8 6 0.801485
8 7 0.501871
8 8 0.770362
8 9 0.526767
8 10 0.695761
8 11 0.563892
8 18 0.751893
9 1 0.550099
9 2 0.531320
9 3 0.511277
9 4 0.534013
9 5 0.545355
9 6 0.557685
9 7 0.500026
9 8 0.526767
9 9 0.539997
9 10 0.544888
9 11 0.516787
9 12 0.515675
9 13 0.514179
9 14 0.642419
9 15 0.500000
9 16 0.496969
9 17 0.539708
9 18 0.548215
9 19 0.571597
10 1 0.750089
10 2 0.711239
10 3 0.621175
10 4 0.628976
10 5 0.649517
10 6 0.788381
10 7 0.501361
10 8 0.695761
10 9 0.544888
10 10 0.691352
10 11 0.569155
10 12 0.583911
10 13 0.575134
10 14 0.872801
10 15 0.500000
10 16 0.586896
10 17 0.694882
10 18 0.736330
11 1 0.585425
11 2 0.565349
11 3 0.537461
11 4 0.555069
11 5 0.550298
11 6 0.673079
11 7 0.500394
11 8 0.563892
11 9 0.516787
11 10 0.569155
11 11 0.543897
11 12 0.530344
11 13 0.515218
11 14 0.682129
11 15 0.500000
11 16 0.523298
11 17 0.572625
11 18 0.583743
11 19 0.618155
12 2 0.600420
12 3 0.574240
12 4 0.560765
12 5 0.565924
12 6 0.655037
12 7 0.500732
12 9 0.515675
12 10 0.583911
12 11 0.530344
12 12 0.564396
12 13 0.562764
12 14 0.640836
12 15 0.500000
12 16 0.558985
12 17 0.599090
12 18 0.616906
12 19 0.657351
13 1 0.633385
13 2 0.606133
13 3 0.578487
13 4 0.544729
13 5 0.558615
13 6 0.619459
13 7 0.500819
13 9 0.514179
13 10 0.575134
13 11 0.515218
13 12 0.562764
13 13 0.594548
13 14 0.647170
13 15 0.500000
13 16 0.574220
13 17 0.591270
13 18 0.606041
13 19 0.647002
14 1 0.911184
14 2 0.868095
14 3 0.716872
14 4 0.789946
14 5 0.817195
14 6 0.986778
14 7 0.502177
14 9 0.642419
14 10 0.872801
14 11 0.682129
14 12 0.640836
14 13 0.647170
14 14 0.999683
14 15 0.500000
14 16 0.649181
14 17 0.868561
14 18 0.896398
14 19 0.964426
15 1 0.500000
15 2 0.500000
15 3 0.500000
15 4 0.500000
15 5 0.500000
15 6 0.500000
15 7 0.500000
15 9 0.500000
15 10 0.500000
15 11 0.500000
15 12 0.500000
15 13 0.500000
15 14 0.500000
15 15 0.500000
15 16 0.500000
15 17 0.500000
15 18 0.500000
15 19 0.500000
16 2 0.623374
16 3 0.578869
16 4 0.547439
16 5 0.549640
16 6 0.668734
16 7 0.500908
16 9 0.496969
16 10 0.586896
16 11 0.523298
16 12 0.558985
16 13 0.574220
16 14 0.649181
16 15 0.500000
16 16 0.591999
16 17 0.596497
16 18 0.621425
16 19 0.665674
17 2 0.725301
17 3 0.640681
17 5 0.663092
17 6 0.801916
17 7 0.501561
17 9 0.539708
17 10 0.694882
17 11 0.572625
17 12 0.599090
17 13 0.591270
17 14 0.868561
17 15 0.500000
17 16 0.596497
17 17 0.711156
17 18 0.745095
18 1 0.809578
18 2 0.769997
18 3 0.661036
18 4 0.655647
18 5 0.685482
18 6 0.836136
18 7 0.501871
18 8 0.751893
18 9 0.548215
18 10 0.736330
18 11 0.583743
18 12 0.616906
18 13 0.606041
18 14 0.896398
18 15 0.500000
18 16 0.621425
18 17 0.745095
18 18 0.805201
19 3 0.723292
19 4 0.720386
19 5 0.757489
19 6 0.911214
19 7 0.502643
19 9 0.571597
19 11 0.618155
19 12 0.657351
19 13 0.647002
19 14 0.964426
19 15 0.500000
19 16 0.665674
19 19 0.936447
