1 2 0.987790
1 3 0.962357
1 5 0.921109
1 8 0.994841
1 12 0.846780
1 16 0.857894
1 17 0.898542
1 19 0.994425
2 1 0.987790
2 8 0.999278
2 19 0.999072
3 1 0.962357
3 8 0.993798
4 17 0.629923
5 1 0.921109
5 8 0.960106
8 1 0.994841
8 2 0.999278
8 3 0.993798
8 5 0.960106
8 12 0.898238
8 13 0.992564
8 14 0.995635
8 15 0.986509
8 16 0.905699
8 17 0.965208
8 19 0.999737
10 19 0.975841
12 1 0.846780
12 8 0.898238
13 8 0.992564
14 8 0.995635
15 8 0.986509
16 1 0.857894
16 8 0.905699
17 1 0.898542
17 4 0.629923
17 8 0.965208
17 19 0.964425
18 19 0.988259
19 1 0.994425
19 2 0.999072
19 8 0.999737
19 10 0.975841
19 17 0.964425
19 18 0.988259
1 1 0.978563
1 4 0.704051
1 6 0.666941
1 7 0.503781
1 9 0.588314
1 10 0.909658
1 11 0.737345
1 13 0.990643
1 14 0.964215
1 15 0.926615
1 18 0.929842
2 2 0.997739
2 3 0.985924
2 4 0.739302
2 5 0.933155
2 6 0.832066
2 7 0.504640
2 9 0.610367
2 10 0.956885
2 11 0.764982
2 12 0.860840
2 13 0.981406
2 14 0.988558
2 15 0.972068
2 16 0.874284
2 17 0.943240
2 18 0.975140
3 2 0.985924
3 3 0.955458
3 4 0.683655
3 5 0.874324
3 6 0.745832
3 7 0.503374
3 9 0.575146
3 10 0.898156
3 11 0.706865
3 12 0.802400
3 13 0.969109
3 14 0.960943
3 15 0.922031
3 16 0.812808
3 17 0.881510
3 18 0.926065
3 19 0.992705
4 1 0.704051
4 2 0.739302
4 3 0.683655
4 4 0.558358
4 5 0.633602
4 6 0.573199
4 7 0.500840
4 8 0.777034
4 9 0.517365
4 10 0.636968
4 11 0.554395
4 12 0.596223
4 13 0.755247
4 14 0.690942
4 15 0.645565
4 16 0.591366
4 18 0.659036
4 19 0.779858
5 2 0.933155
5 3 0.874324
5 4 0.633602
5 5 0.850562
5 6 0.558086
5 7 0.502583
5 9 0.568059
5 10 0.795228
5 11 0.647983
5 12 0.748628
5 13 0.964765
5 14 0.876530
5 15 0.824630
5 16 0.761364
5 17 0.793084
5 18 0.815937
5 19 0.956170
6 1 0.666941
6 2 0.832066
6 3 0.745832
6 4 0.573199
6 5 0.558086
6 6 0.968870
6 7 0.501226
6 8 0.894508
6 9 0.521754
6 10 0.684809
6 11 0.474580
6 12 0.556244
6 13 0.587869
6 14 0.826617
6 15 0.731290
6 16 0.482971
6 17 0.664020
6 18 0.809022
6 19 0.868217
7 1 0.503781
7 2 0.504640
7 3 0.503374
7 4 0.500840
7 5 0.502583
7 6 0.501226
7 7 0.500026
7 8 0.505741
7 9 0.500559
7 10 0.502189
7 11 0.501126
7 12 0.501635
7 13 0.505511
7 14 0.503705
7 15 0.502857
7 16 0.501671
7 17 0.502183
7 18 0.502745
7 19 0.505236
8 4 0.777034
8 6 0.894508
8 7 0.505741
8 8 0.999837
8 9 0.633113
8 10 0.974438
8 11 0.793320
8 18 0.986946
9 1 0.588314
9 2 0.610367
9 3 0.575146
9 4 0.517365
9 5 0.568059
9 6 0.521754
9 7 0.500559
9 8 0.633113
9 9 0.518930
9 10 0.548287
9 11 0.525177
9 12 0.533039
9 13 0.604865
9 14 0.583160
9 15 0.569400
9 16 0.546523
9 17 0.550739
9 18 0.559025
9 19 0.615869
10 1 0.909658
10 2 0.956885
10 3 0.898156
10 4 0.636968
10 5 0.795228
10 6 0.684809
10 7 0.502189
10 8 0.974438
10 9 0.548287
10 10 0.841260
10 11 0.657752
10 12 0.730002
10 13 0.898885
10 14 0.904605
10 15 0.853399
10 16 0.733277
10 17 0.813178
10 18 0.878664
11 1 0.737345
11 2 0.764982
11 3 0.706865
11 4 0.554395
11 5 0.647983
11 6 0.474580
11 7 0.501126
11 8 0.793320
11 9 0.525177
11 10 0.657752
11 11 0.616987
11 12 0.614321
11 13 0.802420
11 14 0.704514
11 15 0.655234
11 16 0.642371
11 17 0.642180
11 18 0.672598
11 19 0.808875
12 2 0.860840
12 3 0.802400
12 4 0.596223
12 5 0.748628
12 6 0.556244
12 7 0.501635
12 9 0.533039
12 10 0.730002
12 11 0.614321
12 12 0.693755
12 13 0.911738
12 14 0.802180
12 15 0.736481
12 16 0.692803
12 17 0.719827
12 18 0.747012
12 19 0.902065
13 1 0.990643
13 2 0.981406
13 3 0.969109
13 4 0.755247
13 5 0.964765
13 6 0.587869
13 7 0.505511
13 9 0.604865
13 10 0.898885
13 11 0.802420
13 12 0.911738
13 13 0.999981
13 14 0.972127
13 15 0.908666
13 16 0.906292
13 17 0.908739
13 18 0.921386
13 19 0.994228
14 1 0.964215
14 2 0.988558
14 3 0.960943
14 4 0.690942
14 5 0.876530
14 6 0.826617
14 7 0.503705
14 9 0.583160
14 10 0.904605
14 11 0.704514
14 12 0.802180
14 13 0.972127
14 14 0.971385
14 15 0.934558
14 16 0.806244
14 17 0.887483
14 18 0.937111
14 19 0.994139
15 1 0.926615
15 2 0.972068
15 3 0.922031
15 4 0.645565
15 5 0.824630
15 6 0.731290
15 7 0.502857
15 9 0.569400
15 10 0.853399
15 11 0.655234
15 12 0.736481
15 13 0.908666
15 14 0.934558
15 15 0.893907
15 16 0.747163
15 17 0.833402
15 18 0.890621
15 19 0.982089
16 2 0.874284
16 3 0.812808
16 4 0.591366
16 5 0.761364
16 6 0.482971
16 7 0.501671
16 9 0.546523
16 10 0.733277
16 11 0.642371
16 12 0.692803
16 13 0.906292
16 14 0.806244
16 15 0.747163
16 16 0.732730
16 17 0.727189
16 18 0.739834
16 19 0.906097
17 2 0.943240
17 3 0.881510
17 5 0.793084
17 6 0.664020
17 7 0.502183
17 9 0.550739
17 10 0.813178
17 11 0.642180
17 12 0.719827
17 13 0.908739
17 14 0.887483
17 15 0.833402
17 16 0.727189
17 17 0.795334
17 18 0.847832
18 1 0.929842
18 2 0.975140
18 3 0.926065
18 4 0.659036
18 5 0.815937
18 6 0.809022
18 7 0.502745
18 8 0.986946
18 9 0.559025
18 10 0.878664
18 11 0.672598
18 12 0.747012
18 13 0.921386
18 14 0.937111
18 15 0.890621
18 16 0.739834
18 17 0.847832
18 18 0.925963
19 3 0.992705
19 4 0.779858
19 5 0.956170
19 6 0.868217
19 7 0.505236
19 9 0.615869
19 11 0.808875
19 12 0.902065
19 13 0.994228
19 14 0.994139
19 15 0.982089
19 16 0.906097
19 19 0.999745
