1 2 0.940725
1 3 0.779486
1 5 0.808339
1 8 0.853602
1 12 0.743890
1 16 0.716821
1 17 0.750586
1 19 0.966257
2 1 0.940725
2 8 0.889264
2 19 0.997976
3 1 0.779486
3 8 0.723781
4 17 0.500000
5 1 0.808339
5 8 0.801973
8 1 0.853602
8 2 0.889264
8 3 0.723781
8 5 0.801973
8 12 0.729371
8 13 0.707540
8 14 0.750050
8 15 0.649983
8 16 0.698182
8 17 0.739088
8 19 0.939171
10 19 0.980027
12 1 0.743890
12 8 0.729371
13 8 0.707540
14 8 0.750050
15 8 0.649983
16 1 0.716821
16 8 0.698182
17 1 0.750586
17 4 0.500000
17 8 0.739088
17 19 0.865104
18 19 0.994517
19 1 0.966257
19 2 0.997976
19 8 0.939171
19 10 0.980027
19 17 0.865104
19 18 0.994517
1 1 0.874902
1 4 0.500000
1 6 0.861575
1 7 0.502002
1 9 0.540043
1 10 0.850612
1 11 0.545882
1 13 0.722779
1 14 0.718372
1 15 0.644075
1 18 0.907830
2 2 0.995764
2 3 0.946846
2 4 0.500000
2 5 0.855996
2 6 0.926817
2 7 0.504306
2 9 0.567524
2 10 0.961602
2 11 0.650477
2 12 0.809598
2 13 0.802186
2 14 0.731120
2 15 0.670811
2 16 0.784854
2 17 0.810973
2 18 0.986569
3 2 0.946846
3 3 0.995156
3 4 0.500000
3 5 0.649647
3 6 0.725139
3 7 0.503136
3 9 0.606729
3 10 0.847489
3 11 0.735285
3 12 0.655886
3 13 0.734037
3 14 0.543007
3 15 0.592206
3 16 0.656379
3 17 0.651448
3 18 0.892444
3 19 0.959370
4 1 0.500000
4 2 0.500000
4 3 0.500000
4 4 0.500000
4 5 0.500000
4 6 0.500000
4 7 0.500000
4 8 0.500000
4 9 0.500000
4 10 0.500000
4 11 0.500000
4 12 0.500000
4 13 0.500000
4 14 0.500000
4 15 0.500000
4 16 0.500000
4 18 0.500000
4 19 0.500000
5 2 0.855996
5 3 0.649647
5 4 0.500000
5 5 0.762421
5 6 0.832040
5 7 0.501339
5 9 0.527307
5 10 0.762776
5 11 0.523870
5 12 0.691706
5 13 0.668558
5 14 0.689793
5 15 0.617586
5 16 0.667037
5 17 0.699700
5 18 0.824686
5 19 0.907498
6 1 0.861575
6 2 0.926817
6 3 0.725139
6 4 0.500000
6 5 0.832040
6 6 0.973147
6 7 0.504068
6 8 0.874191
6 9 0.589123
6 10 0.865452
6 11 0.666610
6 12 0.733694
6 13 0.701508
6 14 0.787571
6 15 0.666961
6 16 0.693539
6 17 0.755299
6 18 0.928432
6 19 0.974131
7 1 0.502002
7 2 0.504306
7 3 0.503136
7 4 0.500000
7 5 0.501339
7 6 0.504068
7 7 0.500051
7 8 0.502138
7 9 0.501295
7 10 0.502932
7 11 0.501945
7 12 0.500911
7 13 0.500902
7 14 0.501730
7 15 0.500718
7 16 0.500699
7 17 0.500927
7 18 0.503905
7 19 0.505408
8 4 0.500000
8 6 0.874191
8 7 0.502138
8 8 0.861491
8 9 0.555623
8 10 0.806291
8 11 0.552594
8 18 0.864980
9 1 0.540043
9 2 0.567524
9 3 0.606729
9 4 0.500000
9 5 0.527307
9 6 0.589123
9 7 0.501295
9 8 0.555623
9 9 0.552779
9 10 0.552016
9 11 0.555696
9 12 0.516779
9 13 0.519447
9 14 0.544816
9 15 0.517956
9 16 0.511386
9 17 0.516794
9 18 0.568384
9 19 0.592114
10 1 0.850612
10 2 0.961602
10 3 0.847489
10 4 0.500000
10 5 0.762776
10 6 0.865452
10 7 0.502932
10 8 0.806291
10 9 0.552016
10 10 0.885434
10 11 0.616007
10 12 0.716976
10 13 0.703626
10 14 0.679190
10 15 0.619289
10 16 0.692811
10 17 0.724370
10 18 0.937421
11 1 0.545882
11 2 0.650477
11 3 0.735285
11 4 0.500000
11 5 0.523870
11 6 0.666610
11 7 0.501945
11 8 0.552594
11 9 0.555696
11 10 0.616007
11 11 0.618842
11 12 0.519245
11 13 0.533455
11 14 0.539666
11 15 0.519829
11 16 0.513719
11 17 0.523885
11 18 0.647975
11 19 0.700291
12 2 0.809598
12 3 0.655886
12 4 0.500000
12 5 0.691706
12 6 0.733694
12 7 0.500911
12 9 0.516779
12 10 0.716976
12 11 0.519245
12 12 0.645682
12 13 0.631025
12 14 0.631506
12 15 0.583531
12 16 0.627505
12 17 0.650907
12 18 0.769337
12 19 0.857164
13 1 0.722779
13 2 0.802186
13 3 0.734037
13 4 0.500000
13 5 0.668558
13 6 0.701508
13 7 0.500902
13 9 0.519447
13 10 0.703626
13 11 0.533455
13 12 0.631025
13 13 0.632042
13 14 0.611629
13 15 0.576401
13 16 0.616929
13 17 0.633385
13 18 0.753838
13 19 0.841165
14 1 0.718372
14 2 0.731120
14 3 0.543007
14 4 0.500000
14 5 0.689793
14 6 0.787571
14 7 0.501730
14 9 0.544816
14 10 0.679190
14 11 0.539666
14 12 0.631506
14 13 0.611629
14 14 0.689362
14 15 0.593315
14 16 0.607761
14 17 0.639302
14 18 0.730094
14 19 0.809171
15 1 0.644075
15 2 0.670811
15 3 0.592206
15 4 0.500000
15 5 0.617586
15 6 0.666961
15 7 0.500718
15 9 0.517956
15 10 0.619289
15 11 0.519829
15 12 0.583531
15 13 0.576401
15 14 0.593315
15 15 0.554222
15 16 0.571831
15 17 0.587207
15 18 0.655204
15 19 0.719583
16 2 0.784854
16 3 0.656379
16 4 0.500000
16 5 0.667037
16 6 0.693539
16 7 0.500699
16 9 0.511386
16 10 0.692811
16 11 0.513719
16 12 0.627505
16 13 0.616929
16 14 0.607761
16 15 0.571831
16 16 0.613863
16 17 0.631101
16 18 0.742661
16 19 0.828489
17 2 0.810973
17 3 0.651448
17 5 0.699700
17 6 0.755299
17 7 0.500927
17 9 0.516794
17 10 0.724370
17 11 0.523885
17 12 0.650907
17 13 0.633385
17 14 0.639302
17 15 0.587207
17 16 0.631101
17 17 0.659358
17 18 0.777377
18 1 0.907830
18 2 0.986569
18 3 0.892444
18 4 0.500000
18 5 0.824686
18 6 0.928432
18 7 0.503905
18 8 0.864980
18 9 0.568384
18 10 0.937421
18 11 0.647975
18 12 0.769337
18 13 0.753838
18 14 0.730094
18 15 0.655204
18 16 0.742661
18 17 0.777377
18 18 0.975537
19 3 0.959370
19 4 0.500000
19 5 0.907498
19 6 0.974131
19 7 0.505408
19 9 0.592114
19 11 0.700291
19 12 0.857164
19 13 0.841165
19 14 0.809171
19 15 0.719583
19 16 0.828489
19 19 0.999425
