1 2 0.715855
1 3 0.666676
1 5 0.667811
1 8 0.817108
1 12 0.675875
1 16 0.660100
1 17 0.694095
1 19 0.773963
2 1 0.715855
2 8 0.773944
2 19 0.740735
3 1 0.666676
3 8 0.610592
4 17 0.500000
5 1 0.667811
5 8 0.698505
8 1 0.817108
8 2 0.773944
8 3 0.610592
8 5 0.698505
8 12 0.707501
8 13 0.739910
8 14 0.681965
8 15 0.700288
8 16 0.651137
8 17 0.753259
8 19 0.835629
10 19 0.709912
12 1 0.675875
12 8 0.707501
13 8 0.739910
14 8 0.681965
15 8 0.700288
16 1 0.660100
16 8 0.651137
17 1 0.694095
17 4 0.500000
17 8 0.753259
17 19 0.729267
18 19 0.513760
19 1 0.773963
19 2 0.740735
19 8 0.835629
19 10 0.709912
19 17 0.729267
19 18 0.513760
1 1 0.795038
1 4 0.500000
1 6 0.978578
1 7 0.501042
1 9 0.531104
1 10 0.668051
1 11 0.597415
1 13 0.679555
1 14 0.637629
1 15 0.649097
1 18 0.613859
2 2 0.687631
2 3 0.582367
2 4 0.500000
2 5 0.627633
2 6 0.941687
2 7 0.500675
2 9 0.515639
2 10 0.647901
2 11 0.561799
2 12 0.633965
2 13 0.652948
2 14 0.593258
2 15 0.627413
2 16 0.599162
2 17 0.670221
2 18 0.468420
3 2 0.582367
3 3 0.675617
3 4 0.500000
3 5 0.582903
3 6 0.799024
3 7 0.500360
3 9 0.518687
3 10 0.552770
3 11 0.514888
3 12 0.585528
3 13 0.566165
3 14 0.501924
3 15 0.549854
3 16 0.605745
3 17 0.564947
3 18 0.685474
3 19 0.607948
4 1 0.500000
4 2 0.500000
4 3 0.500000
4 4 0.500000
4 5 0.500000
4 6 0.500000
4 7 0.500000
4 8 0.500000
4 9 0.500000
4 10 0.500000
4 11 0.500000
4 12 0.500000
4 13 0.500000
4 14 0.500000
4 15 0.500000
4 16 0.500000
4 18 0.500000
4 19 0.500000
5 2 0.627633
5 3 0.582903
5 4 0.500000
5 5 0.616979
5 6 0.877247
5 7 0.500371
5 9 0.522008
5 10 0.575283
5 11 0.538579
5 12 0.607284
5 13 0.624190
5 14 0.525693
5 15 0.590737
5 16 0.581097
5 17 0.604829
5 18 0.468766
5 19 0.650522
6 1 0.978578
6 2 0.941687
6 3 0.799024
6 4 0.500000
6 5 0.877247
6 6 1.000000
6 7 0.505238
6 8 0.991401
6 9 0.585914
6 10 0.867963
6 11 0.929291
6 12 0.913087
6 13 0.934424
6 14 0.316864
6 15 0.883376
6 16 0.863193
6 17 0.897359
6 18 0.775318
6 19 0.968625
7 1 0.501042
7 2 0.500675
7 3 0.500360
7 4 0.500000
7 5 0.500371
7 6 0.505238
7 7 0.500013
7 8 0.501234
7 9 0.500313
7 10 0.500635
7 11 0.500965
7 12 0.500491
7 13 0.500596
7 14 0.502548
7 15 0.500492
7 16 0.500552
7 17 0.500612
7 18 0.502681
7 19 0.500969
8 4 0.500000
8 6 0.991401
8 7 0.501234
8 8 0.884250
8 9 0.529116
8 10 0.719544
8 11 0.622952
8 18 0.475996
9 1 0.531104
9 2 0.515639
9 3 0.518687
9 4 0.500000
9 5 0.522008
9 6 0.585914
9 7 0.500313
9 8 0.529116
9 9 0.530846
9 10 0.508511
9 11 0.534764
9 12 0.516392
9 13 0.519922
9 14 0.587940
9 15 0.512624
9 16 0.520873
9 17 0.514233
9 18 0.587791
9 19 0.519576
10 1 0.668051
10 2 0.647901
10 3 0.552770
10 4 0.500000
10 5 0.575283
10 6 0.867963
10 7 0.500635
10 8 0.719544
10 9 0.508511
10 10 0.640350
10 11 0.557708
10 12 0.591324
10 13 0.596574
10 14 0.650965
10 15 0.593472
10 16 0.574182
10 17 0.645872
10 18 0.533433
11 1 0.597415
11 2 0.561799
11 3 0.514888
11 4 0.500000
11 5 0.538579
11 6 0.929291
11 7 0.500965
11 8 0.622952
11 9 0.534764
11 10 0.557708
11 11 0.635805
11 12 0.552464
11 13 0.553358
11 14 0.641719
11 15 0.546119
11 16 0.545534
11 17 0.557549
11 18 0.695084
11 19 0.588237
12 2 0.633965
12 3 0.585528
12 4 0.500000
12 5 0.607284
12 6 0.913087
12 7 0.500491
12 9 0.516392
12 10 0.591324
12 11 0.552464
12 12 0.609177
12 13 0.619593
12 14 0.516356
12 15 0.592978
12 16 0.584528
12 17 0.615071
12 18 0.497830
12 19 0.666691
13 1 0.679555
13 2 0.652948
13 3 0.566165
13 4 0.500000
13 5 0.624190
13 6 0.934424
13 7 0.500596
13 9 0.519922
13 10 0.596574
13 11 0.553358
13 12 0.619593
13 13 0.656628
13 14 0.546279
13 15 0.614550
13 16 0.578555
13 17 0.627545
13 18 0.465114
13 19 0.681361
14 1 0.637629
14 2 0.593258
14 3 0.501924
14 4 0.500000
14 5 0.525693
14 6 0.316864
14 7 0.502548
14 9 0.587940
14 10 0.650965
14 11 0.641719
14 12 0.516356
14 13 0.546279
14 14 0.997234
14 15 0.558825
14 16 0.544018
14 17 0.624669
14 18 0.973364
14 19 0.675811
15 1 0.649097
15 2 0.627413
15 3 0.549854
15 4 0.500000
15 5 0.590737
15 6 0.883376
15 7 0.500492
15 9 0.512624
15 10 0.593472
15 11 0.546119
15 12 0.592978
15 13 0.614550
15 14 0.558825
15 15 0.591995
15 16 0.564983
15 17 0.612892
15 18 0.467426
15 19 0.661971
16 2 0.599162
16 3 0.605745
16 4 0.500000
16 5 0.581097
16 6 0.863193
16 7 0.500552
16 9 0.520873
16 10 0.574182
16 11 0.545534
16 12 0.584528
16 13 0.578555
16 14 0.544018
16 15 0.564983
16 16 0.594892
16 17 0.585843
16 18 0.601324
16 19 0.631645
17 2 0.670221
17 3 0.564947
17 5 0.604829
17 6 0.897359
17 7 0.500612
17 9 0.514233
17 10 0.645872
17 11 0.557549
17 12 0.615071
17 13 0.627545
17 14 0.624669
17 15 0.612892
17 16 0.585843
17 17 0.663981
17 18 0.492064
18 1 0.613859
18 2 0.468420
18 3 0.685474
18 4 0.500000
18 5 0.468766
18 6 0.775318
18 7 0.502681
18 8 0.475996
18 9 0.587791
18 10 0.533433
18 11 0.695084
18 12 0.497830
18 13 0.465114
18 14 0.973364
18 15 0.467426
18 16 0.601324
18 17 0.492064
18 18 0.997210
19 3 0.607948
19 4 0.500000
19 5 0.650522
19 6 0.968625
19 7 0.500969
19 9 0.519576
19 11 0.588237
19 12 0.666691
19 13 0.681361
19 14 0.675811
19 15 0.661971
19 16 0.631645
19 19 0.812732
