1 2 0.972857
1 3 0.910706
1 5 0.914836
1 8 0.990674
1 12 0.896774
1 16 0.908257
1 17 0.757163
1 19 0.984823
2 1 0.972857
2 8 0.996123
2 19 0.994236
3 1 0.910706
3 8 0.975286
4 17 0.718157
5 1 0.914836
5 8 0.977002
8 1 0.990674
8 2 0.996123
8 3 0.975286
8 5 0.977002
8 12 0.964201
8 13 0.966745
8 14 0.967807
8 15 0.912772
8 16 0.970712
8 17 0.869854
8 19 0.998669
10 19 0.500000
12 1 0.896774
12 8 0.964201
13 8 0.966745
14 8 0.967807
15 8 0.912772
16 1 0.908257
16 8 0.970712
17 1 0.757163
17 4 0.718157
17 8 0.869854
17 19 0.841837
18 19 0.994927
19 1 0.984823
19 2 0.994236
19 8 0.998669
19 10 0.500000
19 17 0.841837
19 18 0.994927
1 1 0.954803
1 4 0.757163
1 6 0.994794
1 7 0.504594
1 9 0.600199
1 10 0.500000
1 11 0.609708
1 13 0.894827
1 14 0.885850
1 15 0.816238
1 18 0.964250
2 2 0.986724
2 3 0.942903
2 4 0.789894
2 5 0.945303
2 6 0.998232
2 7 0.505452
2 9 0.622084
2 10 0.500000
2 11 0.647027
2 12 0.925325
2 13 0.929825
2 14 0.923450
2 15 0.855957
2 16 0.934436
2 17 0.789894
2 18 0.983844
3 2 0.942903
3 3 0.871818
3 4 0.711853
3 5 0.867311
3 6 0.980978
3 7 0.503587
3 9 0.582639
3 10 0.500000
3 11 0.637608
3 12 0.835933
3 13 0.843877
3 14 0.838805
3 15 0.762217
3 16 0.847930
3 17 0.711853
3 18 0.935668
3 19 0.966318
4 1 0.757163
4 2 0.789894
4 3 0.711853
4 4 0.718157
4 5 0.702904
4 6 0.939571
4 7 0.501604
4 8 0.869854
4 9 0.542503
4 10 0.500000
4 11 0.528736
4 12 0.691399
4 13 0.696860
4 14 0.731812
4 15 0.647062
4 16 0.704402
4 18 0.806322
4 19 0.841837
5 2 0.945303
5 3 0.867311
5 4 0.702904
5 5 0.890339
5 6 0.991863
5 7 0.503546
5 9 0.562412
5 10 0.500000
5 11 0.575921
5 12 0.843774
5 13 0.856010
5 14 0.834757
5 15 0.771542
5 16 0.857836
5 17 0.702904
5 18 0.935041
5 19 0.966723
6 1 0.994794
6 2 0.998232
6 3 0.980978
6 4 0.939571
6 5 0.991863
6 6 1.000000
6 7 0.507451
6 8 0.999833
6 9 0.653217
6 10 0.500000
6 11 0.414615
6 12 0.978833
6 13 0.983330
6 14 0.989955
6 15 0.956649
6 16 0.982345
6 17 0.939571
6 18 0.998642
6 19 0.999652
7 1 0.504594
7 2 0.505452
7 3 0.503587
7 4 0.501604
7 5 0.503546
7 6 0.507451
7 7 0.500035
7 8 0.507021
7 9 0.500676
7 10 0.500000
7 11 0.500862
7 12 0.503258
7 13 0.503023
7 14 0.503257
7 15 0.502286
7 16 0.503462
7 17 0.501604
7 18 0.504672
7 19 0.506123
8 4 0.869854
8 6 0.999833
8 7 0.507021
8 8 0.999378
8 9 0.652725
8 10 0.500000
8 11 0.694280
8 18 0.995136
9 1 0.600199
9 2 0.622084
9 3 0.582639
9 4 0.542503
9 5 0.562412
9 6 0.653217
9 7 0.500676
9 8 0.652725
9 9 0.534204
9 10 0.500000
9 11 0.542784
9 12 0.567248
9 13 0.561242
9 14 0.583959
9 15 0.549844
9 16 0.567103
9 17 0.542503
9 18 0.618857
9 19 0.648990
10 1 0.500000
10 2 0.500000
10 3 0.500000
10 4 0.500000
10 5 0.500000
10 6 0.500000
10 7 0.500000
10 8 0.500000
10 9 0.500000
10 10 0.500000
10 11 0.500000
10 12 0.500000
10 13 0.500000
10 14 0.500000
10 15 0.500000
10 16 0.500000
10 17 0.500000
10 18 0.500000
11 1 0.609708
11 2 0.647027
11 3 0.637608
11 4 0.528736
11 5 0.575921
11 6 0.414615
11 7 0.500862
11 8 0.694280
11 9 0.542784
11 10 0.500000
11 11 0.662387
11 12 0.567924
11 13 0.574531
11 14 0.613194
11 15 0.549836
11 16 0.567758
11 17 0.528736
11 18 0.654633
11 19 0.688541
12 2 0.925325
12 3 0.835933
12 4 0.691399
12 5 0.843774
12 6 0.978833
12 7 0.503258
12 9 0.567248
12 10 0.500000
12 11 0.567924
12 12 0.824364
12 13 0.819763
12 14 0.809103
12 15 0.742115
12 16 0.837061
12 17 0.691399
12 18 0.906954
12 19 0.947853
13 1 0.894827
13 2 0.929825
13 3 0.843877
13 4 0.696860
13 5 0.856010
13 6 0.983330
13 7 0.503023
13 9 0.561242
13 10 0.500000
13 11 0.574531
13 12 0.819763
13 13 0.838683
13 14 0.816455
13 15 0.745856
13 16 0.832924
13 17 0.696860
13 18 0.926803
13 19 0.958441
14 1 0.885850
14 2 0.923450
14 3 0.838805
14 4 0.731812
14 5 0.834757
14 6 0.989955
14 7 0.503257
14 9 0.583959
14 10 0.500000
14 11 0.613194
14 12 0.809103
14 13 0.816455
14 14 0.869697
14 15 0.746748
14 16 0.821962
14 17 0.731812
14 18 0.928433
14 19 0.956901
15 1 0.816238
15 2 0.855957
15 3 0.762217
15 4 0.647062
15 5 0.771542
15 6 0.956649
15 7 0.502286
15 9 0.549844
15 10 0.500000
15 11 0.549836
15 12 0.742115
15 13 0.745856
15 14 0.746748
15 15 0.682858
15 16 0.753620
15 17 0.647062
15 18 0.844576
15 19 0.892837
16 2 0.934436
16 3 0.847930
16 4 0.704402
16 5 0.857836
16 6 0.982345
16 7 0.503462
16 9 0.567103
16 10 0.500000
16 11 0.567758
16 12 0.837061
16 13 0.832924
16 14 0.821962
16 15 0.753620
16 16 0.851641
16 17 0.704402
16 18 0.917513
16 19 0.955147
17 2 0.789894
17 3 0.711853
17 5 0.702904
17 6 0.939571
17 7 0.501604
17 9 0.542503
17 10 0.500000
17 11 0.528736
17 12 0.691399
17 13 0.696860
17 14 0.731812
17 15 0.647062
17 16 0.704402
17 17 0.718157
17 18 0.806322
18 1 0.964250
18 2 0.983844
18 3 0.935668
18 4 0.806322
18 5 0.935041
18 6 0.998642
18 7 0.504672
18 8 0.995136
18 9 0.618857
18 10 0.500000
18 11 0.654633
18 12 0.906954
18 13 0.926803
18 14 0.928433
18 15 0.844576
18 16 0.917513
18 17 0.806322
18 18 0.988130
19 3 0.966318
19 4 0.841837
19 5 0.966723
19 6 0.999652
19 7 0.506123
19 9 0.648990
19 11 0.688541
19 12 0.947853
19 13 0.958441
19 14 0.956901
19 15 0.892837
19 16 0.955147
19 19 0.998402
