1 2 0.954371
1 3 0.874807
1 5 0.928692
1 8 0.957182
1 12 0.888257
1 16 0.898580
1 17 0.901931
1 19 0.974311
2 1 0.954371
2 8 0.975076
2 19 0.984975
3 1 0.874807
3 8 0.946275
4 17 0.777763
5 1 0.928692
5 8 0.958392
8 1 0.957182
8 2 0.975076
8 3 0.946275
8 5 0.958392
8 12 0.929093
8 13 0.992634
8 14 0.952447
8 15 0.860079
8 16 0.960201
8 17 0.942755
8 19 0.989102
10 19 0.948013
12 1 0.888257
12 8 0.929093
13 8 0.992634
14 8 0.952447
15 8 0.860079
16 1 0.898580
16 8 0.960201
17 1 0.901931
17 4 0.777763
17 8 0.942755
17 19 0.956622
18 19 0.932733
19 1 0.974311
19 2 0.984975
19 8 0.989102
19 10 0.948013
19 17 0.956622
19 18 0.932733
1 1 0.936281
1 4 0.800221
1 6 0.928512
1 7 0.502044
1 9 0.628464
1 10 0.868957
1 11 0.603256
1 13 0.983128
1 14 0.877029
1 15 0.779772
1 18 0.844273
2 2 0.971161
2 3 0.913588
2 4 0.835491
2 5 0.951439
2 6 0.950506
2 7 0.502449
2 9 0.650497
2 10 0.898284
2 11 0.631501
2 12 0.917208
2 13 0.989936
2 14 0.919048
2 15 0.820303
2 16 0.932011
2 17 0.931600
2 18 0.875595
3 2 0.913588
3 3 0.897822
3 4 0.770783
3 5 0.890352
3 6 0.925118
3 7 0.501791
3 9 0.606773
3 10 0.816677
3 11 0.618195
3 12 0.844193
3 13 0.947584
3 14 0.867304
3 15 0.769921
3 16 0.907698
3 17 0.867415
3 18 0.782053
3 19 0.946973
4 1 0.800221
4 2 0.835491
4 3 0.770783
4 4 0.693138
4 5 0.797330
4 6 0.831508
4 7 0.500904
4 8 0.855823
4 9 0.573451
4 10 0.740291
4 11 0.570263
4 12 0.753080
4 13 0.858402
4 14 0.755963
4 15 0.675485
4 16 0.800090
4 18 0.714704
4 19 0.880674
5 2 0.951439
5 3 0.890352
5 4 0.797330
5 5 0.932777
5 6 0.917138
5 7 0.502094
5 9 0.634157
5 10 0.853275
5 11 0.609717
5 12 0.889304
5 13 0.985404
5 14 0.890002
5 15 0.790826
5 16 0.894304
5 17 0.901685
5 18 0.820585
5 19 0.968430
6 1 0.928512
6 2 0.950506
6 3 0.925118
6 4 0.831508
6 5 0.917138
6 6 0.999993
6 7 0.502496
6 8 0.991038
6 9 0.661735
6 10 0.896799
6 11 0.661195
6 12 0.894718
6 13 0.988171
6 14 0.973041
6 15 0.867486
6 16 0.979504
6 17 0.909973
6 18 0.826747
6 19 0.982917
7 1 0.502044
7 2 0.502449
7 3 0.501791
7 4 0.500904
7 5 0.502094
7 6 0.502496
7 7 0.500021
7 8 0.503027
7 9 0.500430
7 10 0.501679
7 11 0.500119
7 12 0.501721
7 13 0.504590
7 14 0.502461
7 15 0.501214
7 16 0.501930
7 17 0.501673
7 18 0.501538
7 19 0.503173
8 4 0.855823
8 6 0.991038
8 7 0.503027
8 8 0.987350
8 9 0.665086
8 10 0.913293
8 11 0.648773
8 18 0.881416
9 1 0.628464
9 2 0.650497
9 3 0.606773
9 4 0.573451
9 5 0.634157
9 6 0.661735
9 7 0.500430
9 8 0.665086
9 9 0.535315
9 10 0.596451
9 11 0.517643
9 12 0.606404
9 13 0.695086
9 14 0.618546
9 15 0.572221
9 16 0.609269
9 17 0.613862
9 18 0.577578
9 19 0.678818
10 1 0.868957
10 2 0.898284
10 3 0.816677
10 4 0.740291
10 5 0.853275
10 6 0.896799
10 7 0.501679
10 8 0.913293
10 9 0.596451
10 10 0.826181
10 11 0.562792
10 12 0.810502
10 13 0.932653
10 14 0.814280
10 15 0.710910
10 16 0.860634
10 17 0.833566
10 18 0.803247
11 1 0.603256
11 2 0.631501
11 3 0.618195
11 4 0.570263
11 5 0.609717
11 6 0.661195
11 7 0.500119
11 8 0.648773
11 9 0.517643
11 10 0.562792
11 11 0.566713
11 12 0.593581
11 13 0.591627
11 14 0.615101
11 15 0.571535
11 16 0.657492
11 17 0.614617
11 18 0.560955
11 19 0.624179
12 2 0.917208
12 3 0.844193
12 4 0.753080
12 5 0.889304
12 6 0.894718
12 7 0.501721
12 9 0.606404
12 10 0.810502
12 11 0.593581
12 12 0.842091
12 13 0.964759
12 14 0.848858
12 15 0.746878
12 16 0.857666
12 17 0.857929
12 18 0.781080
12 19 0.943210
13 1 0.983128
13 2 0.989936
13 3 0.947584
13 4 0.858402
13 5 0.985404
13 6 0.988171
13 7 0.504590
13 9 0.695086
13 10 0.932653
13 11 0.591627
13 12 0.964759
13 13 0.999989
13 14 0.972617
13 15 0.890840
13 16 0.882802
13 17 0.959718
13 18 0.895012
13 19 0.994091
14 1 0.877029
14 2 0.919048
14 3 0.867304
14 4 0.755963
14 5 0.890002
14 6 0.973041
14 7 0.502461
14 9 0.618546
14 10 0.814280
14 11 0.615101
14 12 0.848858
14 13 0.972617
14 14 0.919617
14 15 0.787277
14 16 0.888927
14 17 0.867858
14 18 0.777364
14 19 0.944275
15 1 0.779772
15 2 0.820303
15 3 0.769921
15 4 0.675485
15 5 0.790826
15 6 0.867486
15 7 0.501214
15 9 0.572221
15 10 0.710910
15 11 0.571535
15 12 0.746878
15 13 0.890840
15 14 0.787277
15 15 0.689374
15 16 0.776444
15 17 0.764197
15 18 0.679700
15 19 0.852837
16 2 0.932011
16 3 0.907698
16 4 0.800090
16 5 0.894304
16 6 0.979504
16 7 0.501930
16 9 0.609269
16 10 0.860634
16 11 0.657492
16 12 0.857666
16 13 0.882802
16 14 0.888927
16 15 0.776444
16 16 0.960601
16 17 0.890730
16 18 0.838587
16 19 0.968120
17 2 0.931600
17 3 0.867415
17 5 0.901685
17 6 0.909973
17 7 0.501673
17 9 0.613862
17 10 0.833566
17 11 0.614617
17 12 0.857929
17 13 0.959718
17 14 0.867858
17 15 0.764197
17 16 0.890730
17 17 0.880207
17 18 0.808227
18 1 0.844273
18 2 0.875595
18 3 0.782053
18 4 0.714704
18 5 0.820585
18 6 0.826747
18 7 0.501538
18 8 0.881416
18 9 0.577578
18 10 0.803247
18 11 0.560955
18 12 0.781080
18 13 0.895012
18 14 0.777364
18 15 0.679700
18 16 0.838587
18 17 0.808227
18 18 0.799991
19 3 0.946973
19 4 0.880674
19 5 0.968430
19 6 0.982917
19 7 0.503173
19 9 0.678818
19 11 0.624179
19 12 0.943210
19 13 0.994091
19 14 0.944275
19 15 0.852837
19 16 0.968120
19 19 0.995780
