1 2 0.903164
1 3 0.903459
1 5 0.877476
1 8 0.950207
1 12 0.827106
1 16 0.769247
1 17 0.863852
1 19 0.963133
2 1 0.903164
2 8 0.931425
2 19 0.955061
3 1 0.903459
3 8 0.896564
4 17 0.500000
5 1 0.877476
5 8 0.906485
8 1 0.950207
8 2 0.931425
8 3 0.896564
8 5 0.906485
8 12 0.859324
8 13 0.965537
8 14 0.892861
8 15 0.823188
8 16 0.760106
8 17 0.897582
8 19 0.979686
10 19 0.908675
12 1 0.827106
12 8 0.859324
13 8 0.965537
14 8 0.892861
15 8 0.823188
16 1 0.769247
16 8 0.760106
17 1 0.863852
17 4 0.500000
17 8 0.897582
17 19 0.939954
18 19 0.940268
19 1 0.963133
19 2 0.955061
19 8 0.979686
19 10 0.908675
19 17 0.939954
19 18 0.940268
1 1 0.932751
1 4 0.500000
1 6 0.970860
1 7 0.501352
1 9 0.552921
1 10 0.809878
1 11 0.667322
1 13 0.933982
1 14 0.834982
1 15 0.780397
1 18 0.841621
2 2 0.883047
2 3 0.830428
2 4 0.500000
2 5 0.844275
2 6 0.940580
2 7 0.500839
2 9 0.538500
2 10 0.801602
2 11 0.631220
2 12 0.794017
2 13 0.924324
2 14 0.819715
2 15 0.755675
2 16 0.707918
2 17 0.847805
2 18 0.838784
3 2 0.830428
3 3 0.998926
3 4 0.500000
3 5 0.871696
3 6 0.996492
3 7 0.502357
3 9 0.511496
3 10 0.643256
3 11 0.805372
3 12 0.770089
3 13 0.519338
3 14 0.734855
3 15 0.723292
3 16 0.822240
3 17 0.729988
3 18 0.643524
3 19 0.861515
4 1 0.500000
4 2 0.500000
4 3 0.500000
4 4 0.500000
4 5 0.500000
4 6 0.500000
4 7 0.500000
4 8 0.500000
4 9 0.500000
4 10 0.500000
4 11 0.500000
4 12 0.500000
4 13 0.500000
4 14 0.500000
4 15 0.500000
4 16 0.500000
4 18 0.500000
4 19 0.500000
5 2 0.844275
5 3 0.871696
5 4 0.500000
5 5 0.827688
5 6 0.942673
5 7 0.500913
5 9 0.535257
5 10 0.742865
5 11 0.651449
5 12 0.767722
5 13 0.886153
5 14 0.783805
5 15 0.732047
5 16 0.697692
5 17 0.794349
5 18 0.769993
5 19 0.919059
6 1 0.970860
6 2 0.940580
6 3 0.996492
6 4 0.500000
6 5 0.942673
6 6 0.999980
6 7 0.501677
6 8 0.982287
6 9 0.523780
6 10 0.837900
6 11 0.793042
6 12 0.897149
6 13 0.927864
6 14 0.909001
6 15 0.866116
6 16 0.868189
6 17 0.903489
6 18 0.830441
6 19 0.980825
7 1 0.501352
7 2 0.500839
7 3 0.502357
7 4 0.500000
7 5 0.500913
7 6 0.501677
7 7 0.500014
7 8 0.501063
7 9 0.500377
7 10 0.500473
7 11 0.500733
7 12 0.500729
7 13 0.500272
7 14 0.500142
7 15 0.500463
7 16 0.501213
7 17 0.500477
7 18 0.500357
7 19 0.501116
8 4 0.500000
8 6 0.982287
8 7 0.501063
8 8 0.971020
8 9 0.553414
8 10 0.851351
8 11 0.686881
8 18 0.882197
9 1 0.552921
9 2 0.538500
9 3 0.511496
9 4 0.500000
9 5 0.535257
9 6 0.523780
9 7 0.500377
9 8 0.553414
9 9 0.523871
9 10 0.530054
9 11 0.513433
9 12 0.533693
9 13 0.532176
9 14 0.523456
9 15 0.523650
9 16 0.535956
9 17 0.531772
9 18 0.522362
9 19 0.563220
10 1 0.809878
10 2 0.801602
10 3 0.643256
10 4 0.500000
10 5 0.742865
10 6 0.837900
10 7 0.500473
10 8 0.851351
10 9 0.530054
10 10 0.749731
10 11 0.567650
10 12 0.708227
10 13 0.851015
10 14 0.740421
10 15 0.680095
10 16 0.628106
10 17 0.782925
10 18 0.789434
11 1 0.667322
11 2 0.631220
11 3 0.805372
11 4 0.500000
11 5 0.651449
11 6 0.793042
11 7 0.500733
11 8 0.686881
11 9 0.513433
11 10 0.567650
11 11 0.625887
11 12 0.602748
11 13 0.605432
11 14 0.611506
11 15 0.591340
11 16 0.592498
11 17 0.588170
11 18 0.570592
11 19 0.671160
12 2 0.794017
12 3 0.770089
12 4 0.500000
12 5 0.767722
12 6 0.897149
12 7 0.500729
12 9 0.533693
12 10 0.708227
12 11 0.602748
12 12 0.722180
12 13 0.844928
12 14 0.737647
12 15 0.688567
12 16 0.661988
12 17 0.752235
12 18 0.730446
12 19 0.879019
13 1 0.933982
13 2 0.924324
13 3 0.519338
13 4 0.500000
13 5 0.886153
13 6 0.927864
13 7 0.500272
13 9 0.532176
13 10 0.851015
13 11 0.605432
13 12 0.844928
13 13 0.993462
13 14 0.880927
13 15 0.812334
13 16 0.652283
13 17 0.896188
13 18 0.884081
13 19 0.976581
14 1 0.834982
14 2 0.819715
14 3 0.734855
14 4 0.500000
14 5 0.783805
14 6 0.909001
14 7 0.500142
14 9 0.523456
14 10 0.740421
14 11 0.611506
14 12 0.737647
14 13 0.880927
14 14 0.825882
14 15 0.717688
14 16 0.619907
14 17 0.779562
14 18 0.772705
14 19 0.909086
15 1 0.780397
15 2 0.755675
15 3 0.723292
15 4 0.500000
15 5 0.732047
15 6 0.866116
15 7 0.500463
15 9 0.523650
15 10 0.680095
15 11 0.591340
15 12 0.688567
15 13 0.812334
15 14 0.717688
15 15 0.666746
15 16 0.619414
15 17 0.714512
15 18 0.701027
15 19 0.842279
16 2 0.707918
16 3 0.822240
16 4 0.500000
16 5 0.697692
16 6 0.868189
16 7 0.501213
16 9 0.535956
16 10 0.628106
16 11 0.592498
16 12 0.661988
16 13 0.652283
16 14 0.619907
16 15 0.619414
16 16 0.696600
16 17 0.665800
16 18 0.637961
16 19 0.775952
17 2 0.847805
17 3 0.729988
17 5 0.794349
17 6 0.903489
17 7 0.500477
17 9 0.531772
17 10 0.782925
17 11 0.588170
17 12 0.752235
17 13 0.896188
17 14 0.779562
17 15 0.714512
17 16 0.665800
17 17 0.832216
17 18 0.824592
18 1 0.841621
18 2 0.838784
18 3 0.643524
18 4 0.500000
18 5 0.769993
18 6 0.830441
18 7 0.500357
18 8 0.882197
18 9 0.522362
18 10 0.789434
18 11 0.570592
18 12 0.730446
18 13 0.884081
18 14 0.772705
18 15 0.701027
18 16 0.637961
18 17 0.824592
18 18 0.845064
19 3 0.861515
19 4 0.500000
19 5 0.919059
19 6 0.980825
19 7 0.501116
19 9 0.563220
19 11 0.671160
19 12 0.879019
19 13 0.976581
19 14 0.909086
19 15 0.842279
19 16 0.775952
19 19 0.992630
