1 2 0.670113
1 3 0.640810
1 5 0.639727
1 8 0.772324
1 12 0.644506
1 16 0.621060
1 17 0.673055
1 19 0.762957
2 1 0.670113
2 8 0.813472
2 19 0.791066
3 1 0.640810
3 8 0.774473
4 17 0.638718
5 1 0.639727
5 8 0.736646
8 1 0.772324
8 2 0.813472
8 3 0.774473
8 5 0.736646
8 12 0.747842
8 13 0.722860
8 14 0.772537
8 15 0.685302
8 16 0.727070
8 17 0.783503
8 19 0.896727
10 19 0.848713
12 1 0.644506
12 8 0.747842
13 8 0.722860
14 8 0.772537
15 8 0.685302
16 1 0.621060
16 8 0.727070
17 1 0.673055
17 4 0.638718
17 8 0.783503
17 19 0.808908
18 19 0.812723
19 1 0.762957
19 2 0.791066
19 8 0.896727
19 10 0.848713
19 17 0.808908
19 18 0.812723
1 1 0.674582
1 4 0.605289
1 6 0.879829
1 7 0.500381
1 9 0.576949
1 10 0.690132
1 11 0.513264
1 13 0.626397
1 14 0.646078
1 15 0.598178
1 18 0.657284
2 2 0.756686
2 3 0.711999
2 4 0.582582
2 5 0.666584
2 6 0.904955
2 7 0.500622
2 9 0.581535
2 10 0.701323
2 11 0.500791
2 12 0.667955
2 13 0.666836
2 14 0.683187
2 15 0.627155
2 16 0.659154
2 17 0.678330
2 18 0.665800
3 2 0.711999
3 3 0.711319
3 4 0.576686
3 5 0.647558
3 6 0.879565
3 7 0.500083
3 9 0.562097
3 10 0.676141
3 11 0.508586
3 12 0.647355
3 13 0.648525
3 14 0.675382
3 15 0.611765
3 16 0.632234
3 17 0.665305
3 18 0.645780
3 19 0.763928
4 1 0.605289
4 2 0.582582
4 3 0.576686
4 4 0.607096
4 5 0.566587
4 6 0.796715
4 7 0.500121
4 8 0.672596
4 9 0.551386
4 10 0.650026
4 11 0.524716
4 12 0.582767
4 13 0.568034
4 14 0.580396
4 15 0.553584
4 16 0.582944
4 18 0.625137
4 19 0.702376
5 2 0.666584
5 3 0.647558
5 4 0.566587
5 5 0.637972
5 6 0.815742
5 7 0.500349
5 9 0.564425
5 10 0.649542
5 11 0.502867
5 12 0.625654
5 13 0.630575
5 14 0.640785
5 15 0.588269
5 16 0.606835
5 17 0.641300
5 18 0.624943
5 19 0.721289
6 1 0.879829
6 2 0.904955
6 3 0.879565
6 4 0.796715
6 5 0.815742
6 6 0.999856
6 7 0.500094
6 8 0.975108
6 9 0.673277
6 10 0.919586
6 11 0.506911
6 12 0.849247
6 13 0.745890
6 14 0.862519
6 15 0.776155
6 16 0.794533
6 17 0.894153
6 18 0.867509
6 19 0.971963
7 1 0.500381
7 2 0.500622
7 3 0.500083
7 4 0.500121
7 5 0.500349
7 6 0.500094
7 7 0.500015
7 8 0.500790
7 9 0.500169
7 10 0.500293
7 11 0.499989
7 12 0.500323
7 13 0.500421
7 14 0.500380
7 15 0.500206
7 16 0.500452
7 17 0.500294
7 18 0.500289
7 19 0.500433
8 4 0.672596
8 6 0.975108
8 7 0.500790
8 8 0.909478
8 9 0.631591
8 10 0.808051
8 11 0.521912
8 18 0.764637
9 1 0.576949
9 2 0.581535
9 3 0.562097
9 4 0.551386
9 5 0.564425
9 6 0.673277
9 7 0.500169
9 8 0.631591
9 9 0.550520
9 10 0.582596
9 11 0.509519
9 12 0.565285
9 13 0.545907
9 14 0.563410
9 15 0.542638
9 16 0.562172
9 17 0.583760
9 18 0.572894
9 19 0.622124
10 1 0.690132
10 2 0.701323
10 3 0.676141
10 4 0.650026
10 5 0.649542
10 6 0.919586
10 7 0.500293
10 8 0.808051
10 9 0.582596
10 10 0.767776
10 11 0.532474
10 12 0.661488
10 13 0.655032
10 14 0.664427
10 15 0.616567
10 16 0.666016
10 17 0.729033
10 18 0.730800
11 1 0.513264
11 2 0.500791
11 3 0.508586
11 4 0.524716
11 5 0.502867
11 6 0.506911
11 7 0.499989
11 8 0.521912
11 9 0.509519
11 10 0.532474
11 11 0.520497
11 12 0.510569
11 13 0.495664
11 14 0.503681
11 15 0.505051
11 16 0.520192
11 17 0.530099
11 18 0.538116
11 19 0.547936
12 2 0.667955
12 3 0.647355
12 4 0.582767
12 5 0.625654
12 6 0.849247
12 7 0.500323
12 9 0.565285
12 10 0.661488
12 11 0.510569
12 12 0.631089
12 13 0.611539
12 14 0.638058
12 15 0.592565
12 16 0.612084
12 17 0.650346
12 18 0.634888
12 19 0.733947
13 1 0.626397
13 2 0.666836
13 3 0.648525
13 4 0.568034
13 5 0.630575
13 6 0.745890
13 7 0.500421
13 9 0.545907
13 10 0.655032
13 11 0.495664
13 12 0.611539
13 13 0.822941
13 14 0.648035
13 15 0.578538
13 16 0.580174
13 17 0.635134
13 18 0.614832
13 19 0.719089
14 1 0.646078
14 2 0.683187
14 3 0.675382
14 4 0.580396
14 5 0.640785
14 6 0.862519
14 7 0.500380
14 9 0.563410
14 10 0.664427
14 11 0.503681
14 12 0.638058
14 13 0.648035
14 14 0.691282
14 15 0.606207
14 16 0.617937
14 17 0.655183
14 18 0.636554
14 19 0.744168
15 1 0.598178
15 2 0.627155
15 3 0.611765
15 4 0.553584
15 5 0.588269
15 6 0.776155
15 7 0.500206
15 9 0.542638
15 10 0.616567
15 11 0.505051
15 12 0.592565
15 13 0.578538
15 14 0.606207
15 15 0.568901
15 16 0.581710
15 17 0.604249
15 18 0.596907
15 19 0.674725
16 2 0.659154
16 3 0.632234
16 4 0.582944
16 5 0.606835
16 6 0.794533
16 7 0.500452
16 9 0.562172
16 10 0.666016
16 11 0.520192
16 12 0.612084
16 13 0.580174
16 14 0.617937
16 15 0.581710
16 16 0.625188
16 17 0.646483
16 18 0.643659
16 19 0.738885
17 2 0.678330
17 3 0.665305
17 5 0.641300
17 6 0.894153
17 7 0.500294
17 9 0.583760
17 10 0.729033
17 11 0.530099
17 12 0.650346
17 13 0.635134
17 14 0.655183
17 15 0.604249
17 16 0.646483
17 17 0.711310
17 18 0.697429
18 1 0.657284
18 2 0.665800
18 3 0.645780
18 4 0.625137
18 5 0.624943
18 6 0.867509
18 7 0.500289
18 8 0.764637
18 9 0.572894
18 10 0.730800
18 11 0.538116
18 12 0.634888
18 13 0.614832
18 14 0.636554
18 15 0.596907
18 16 0.643659
18 17 0.697429
18 18 0.711510
19 3 0.763928
19 4 0.702376
19 5 0.721289
19 6 0.971963
19 7 0.500433
19 9 0.622124
19 11 0.547936
19 12 0.733947
19 13 0.719089
19 14 0.744168
19 15 0.674725
19 16 0.738885
19 19 0.926386
