1 2 0.883329
1 3 0.906431
1 5 0.932244
1 8 0.975836
1 12 0.850899
1 16 0.921447
1 17 0.972648
1 19 0.974534
2 1 0.883329
2 8 0.924531
2 19 0.902673
3 1 0.906431
3 8 0.922527
4 17 0.877675
5 1 0.932244
5 8 0.948051
8 1 0.975836
8 2 0.924531
8 3 0.922527
8 5 0.948051
8 12 0.862485
8 13 0.889513
8 14 0.920909
8 15 0.841182
8 16 0.939623
8 17 0.982209
8 19 0.983398
10 19 0.500000
12 1 0.850899
12 8 0.862485
13 8 0.889513
14 8 0.920909
15 8 0.841182
16 1 0.921447
16 8 0.939623
17 1 0.972648
17 4 0.877675
17 8 0.982209
17 19 0.983256
18 19 0.909555
19 1 0.974534
19 2 0.902673
19 8 0.983398
19 10 0.500000
19 17 0.983256
19 18 0.909555
1 1 0.968149
1 4 0.848877
1 6 0.986867
1 7 0.502098
1 9 0.587810
1 10 0.500000
1 11 0.584681
1 13 0.872735
1 14 0.887464
1 15 0.804524
1 18 0.868356
2 2 0.852842
2 3 0.803038
2 4 0.741596
2 5 0.836753
2 6 0.958120
2 7 0.501337
2 9 0.537185
2 10 0.500000
2 11 0.567163
2 12 0.732302
2 13 0.722753
2 14 0.795025
2 15 0.724656
2 16 0.829633
2 17 0.900008
2 18 0.777805
3 2 0.803038
3 3 0.829354
3 4 0.753676
3 5 0.858111
3 6 0.947083
3 7 0.501236
3 9 0.557156
3 10 0.500000
3 11 0.550129
3 12 0.761901
3 13 0.759976
3 14 0.803068
3 15 0.722757
3 16 0.844733
3 17 0.914673
3 18 0.758383
3 19 0.918570
4 1 0.848877
4 2 0.741596
4 3 0.753676
4 4 0.729076
4 5 0.790033
4 6 0.902495
4 7 0.501049
4 8 0.875778
4 9 0.554955
4 10 0.500000
4 11 0.544171
4 12 0.700656
4 13 0.739906
4 14 0.762793
4 15 0.684546
4 16 0.779053
4 18 0.767906
4 19 0.880852
5 2 0.836753
5 3 0.858111
5 4 0.790033
5 5 0.893835
5 6 0.966086
5 7 0.501403
5 9 0.574044
5 10 0.500000
5 11 0.546086
5 12 0.786783
5 13 0.796980
5 14 0.839374
5 15 0.759632
5 16 0.878499
5 17 0.941665
5 18 0.802538
5 19 0.944300
6 1 0.986867
6 2 0.958120
6 3 0.947083
6 4 0.902495
6 5 0.966086
6 6 0.999990
6 7 0.501889
6 8 0.993003
6 9 0.613059
6 10 0.500000
6 11 0.622436
6 12 0.897045
6 13 0.721840
6 14 0.932539
6 15 0.858063
6 16 0.960458
6 17 0.989868
6 18 0.909641
6 19 0.990629
7 1 0.502098
7 2 0.501337
7 3 0.501236
7 4 0.501049
7 5 0.501403
7 6 0.501889
7 7 0.500014
7 8 0.502377
7 9 0.500027
7 10 0.500000
7 11 0.500400
7 12 0.501095
7 13 0.501891
7 14 0.501209
7 15 0.500827
7 16 0.501289
7 17 0.502000
7 18 0.501501
7 19 0.502009
8 4 0.875778
8 6 0.993003
8 7 0.502377
8 8 0.986187
8 9 0.592223
8 10 0.500000
8 11 0.604090
8 18 0.912494
9 1 0.587810
9 2 0.537185
9 3 0.557156
9 4 0.554955
9 5 0.574044
9 6 0.613059
9 7 0.500027
9 8 0.592223
9 9 0.528637
9 10 0.500000
9 11 0.494257
9 12 0.542500
9 13 0.586046
9 14 0.564199
9 15 0.540299
9 16 0.568440
9 17 0.607463
9 18 0.567461
9 19 0.608353
10 1 0.500000
10 2 0.500000
10 3 0.500000
10 4 0.500000
10 5 0.500000
10 6 0.500000
10 7 0.500000
10 8 0.500000
10 9 0.500000
10 10 0.500000
10 11 0.500000
10 12 0.500000
10 13 0.500000
10 14 0.500000
10 15 0.500000
10 16 0.500000
10 17 0.500000
10 18 0.500000
11 1 0.584681
11 2 0.567163
11 3 0.550129
11 4 0.544171
11 5 0.546086
11 6 0.622436
11 7 0.500400
11 8 0.604090
11 9 0.494257
11 10 0.500000
11 11 0.568457
11 12 0.542131
11 13 0.570343
11 14 0.555904
11 15 0.537366
11 16 0.544094
11 17 0.589881
11 18 0.580998
11 19 0.597708
12 2 0.732302
12 3 0.761901
12 4 0.700656
12 5 0.786783
12 6 0.897045
12 7 0.501095
12 9 0.542500
12 10 0.500000
12 11 0.542131
12 12 0.714591
12 13 0.731142
12 14 0.732023
12 15 0.663438
12 16 0.775382
12 17 0.854841
12 18 0.704829
12 19 0.859629
13 1 0.872735
13 2 0.722753
13 3 0.759976
13 4 0.739906
13 5 0.796980
13 6 0.721840
13 7 0.501891
13 9 0.586046
13 10 0.500000
13 11 0.570343
13 12 0.731142
13 13 0.960100
13 14 0.792112
13 15 0.681741
13 16 0.775029
13 17 0.884793
13 18 0.827235
13 19 0.888380
14 1 0.887464
14 2 0.795025
14 3 0.803068
14 4 0.762793
14 5 0.839374
14 6 0.932539
14 7 0.501209
14 9 0.564199
14 10 0.500000
14 11 0.555904
14 12 0.732023
14 13 0.792112
14 14 0.831866
14 15 0.728039
14 16 0.826505
14 17 0.915374
14 18 0.812845
14 19 0.918663
15 1 0.804524
15 2 0.724656
15 3 0.722757
15 4 0.684546
15 5 0.759632
15 6 0.858063
15 7 0.500827
15 9 0.540299
15 10 0.500000
15 11 0.537366
15 12 0.663438
15 13 0.681741
15 14 0.728039
15 15 0.664686
15 16 0.746950
15 17 0.830508
15 18 0.729715
15 19 0.834080
16 2 0.829633
16 3 0.844733
16 4 0.779053
16 5 0.878499
16 6 0.960458
16 7 0.501289
16 9 0.568440
16 10 0.500000
16 11 0.544094
16 12 0.775382
16 13 0.775029
16 14 0.826505
16 15 0.746950
16 16 0.866393
16 17 0.933217
16 18 0.795715
16 19 0.936020
17 2 0.900008
17 3 0.914673
17 5 0.941665
17 6 0.989868
17 7 0.502000
17 9 0.607463
17 10 0.500000
17 11 0.589881
17 12 0.854841
17 13 0.884793
17 14 0.915374
17 15 0.830508
17 16 0.933217
17 17 0.982023
17 18 0.907409
18 1 0.868356
18 2 0.777805
18 3 0.758383
18 4 0.767906
18 5 0.802538
18 6 0.909641
18 7 0.501501
18 8 0.912494
18 9 0.567461
18 10 0.500000
18 11 0.580998
18 12 0.704829
18 13 0.827235
18 14 0.812845
18 15 0.729715
18 16 0.795715
18 17 0.907409
18 18 0.903903
19 3 0.918570
19 4 0.880852
19 5 0.944300
19 6 0.990629
19 7 0.502009
19 9 0.608353
19 11 0.597708
19 12 0.859629
19 13 0.888380
19 14 0.918663
19 15 0.834080
19 16 0.936020
19 19 0.984525
