1 2 0.809363
1 3 0.773242
1 5 0.782791
1 8 0.893840
1 12 0.713882
1 16 0.741988
1 17 0.804932
1 19 0.914165
2 1 0.809363
2 8 0.833947
2 19 0.867199
3 1 0.773242
3 8 0.801337
4 17 0.658600
5 1 0.782791
5 8 0.795412
8 1 0.893840
8 2 0.833947
8 3 0.801337
8 5 0.795412
8 12 0.718736
8 13 0.777522
8 14 0.789699
8 15 0.706124
8 16 0.744352
8 17 0.832671
8 19 0.935064
10 19 0.500000
12 1 0.713882
12 8 0.718736
13 8 0.777522
14 8 0.789699
15 8 0.706124
16 1 0.741988
16 8 0.744352
17 1 0.804932
17 4 0.658600
17 8 0.832671
17 19 0.907142
18 19 0.980109
19 1 0.914165
19 2 0.867199
19 8 0.935064
19 10 0.500000
19 17 0.907142
19 18 0.980109
1 1 0.875624
1 4 0.645892
1 6 0.982983
1 7 0.502269
1 9 0.595243
1 10 0.500000
1 11 0.605544
1 13 0.744223
1 14 0.737018
1 15 0.669653
1 18 0.910059
2 2 0.767897
2 3 0.715199
2 4 0.601156
2 5 0.723337
2 6 0.949026
2 7 0.501946
2 9 0.574162
2 10 0.500000
2 11 0.578533
2 12 0.661649
2 13 0.695933
2 14 0.666318
2 15 0.631711
2 16 0.671928
2 17 0.741633
2 18 0.865004
3 2 0.715199
3 3 0.697453
3 4 0.603161
3 5 0.695126
3 6 0.932369
3 7 0.501379
3 9 0.562753
3 10 0.500000
3 11 0.569292
3 12 0.638699
3 13 0.662064
3 14 0.656965
3 15 0.615591
3 16 0.647264
3 17 0.725049
3 18 0.830125
3 19 0.835942
4 1 0.645892
4 2 0.601156
4 3 0.603161
4 4 0.584383
4 5 0.611171
4 6 0.839212
4 7 0.500755
4 8 0.663105
4 9 0.537086
4 10 0.500000
4 11 0.546973
4 12 0.573939
4 13 0.565343
4 14 0.586601
4 15 0.550725
4 16 0.573840
4 18 0.728967
4 19 0.738224
5 2 0.723337
5 3 0.695126
5 4 0.611171
5 5 0.715498
5 6 0.942408
5 7 0.501591
5 9 0.568275
5 10 0.500000
5 11 0.578086
5 12 0.652768
5 13 0.657019
5 14 0.648780
5 15 0.608516
5 16 0.665134
5 17 0.735902
5 18 0.837817
5 19 0.844002
6 1 0.982983
6 2 0.949026
6 3 0.932369
6 4 0.839212
6 5 0.942408
6 6 1.000000
6 7 0.508182
6 8 0.983493
6 9 0.714473
6 10 0.500000
6 11 0.787911
6 12 0.877957
6 13 0.852510
6 14 0.808572
6 15 0.752482
6 16 0.863903
6 17 0.968995
6 18 0.997354
6 19 0.997791
7 1 0.502269
7 2 0.501946
7 3 0.501379
7 4 0.500755
7 5 0.501591
7 6 0.508182
7 7 0.500025
7 8 0.502388
7 9 0.500547
7 10 0.500000
7 11 0.500733
7 12 0.501112
7 13 0.501246
7 14 0.500767
7 15 0.500619
7 16 0.501132
7 17 0.501828
7 18 0.503562
7 19 0.503596
8 4 0.663105
8 6 0.983493
8 7 0.502388
8 8 0.926286
8 9 0.600820
8 10 0.500000
8 11 0.607590
8 18 0.931800
9 1 0.595243
9 2 0.574162
9 3 0.562753
9 4 0.537086
9 5 0.568275
9 6 0.714473
9 7 0.500547
9 8 0.600820
9 9 0.526717
9 10 0.500000
9 11 0.528835
9 12 0.546005
9 13 0.543894
9 14 0.541416
9 15 0.530033
9 16 0.545141
9 17 0.580608
9 18 0.631833
9 19 0.635165
10 1 0.500000
10 2 0.500000
10 3 0.500000
10 4 0.500000
10 5 0.500000
10 6 0.500000
10 7 0.500000
10 8 0.500000
10 9 0.500000
10 10 0.500000
10 11 0.500000
10 12 0.500000
10 13 0.500000
10 14 0.500000
10 15 0.500000
10 16 0.500000
10 17 0.500000
10 18 0.500000
11 1 0.605544
11 2 0.578533
11 3 0.569292
11 4 0.546973
11 5 0.578086
11 6 0.787911
11 7 0.500733
11 8 0.607590
11 9 0.528835
11 10 0.500000
11 11 0.555571
11 12 0.552216
11 13 0.549457
11 14 0.546347
11 15 0.528277
11 16 0.552549
11 17 0.595062
11 18 0.648023
11 19 0.653967
12 2 0.661649
12 3 0.638699
12 4 0.573939
12 5 0.652768
12 6 0.877957
12 7 0.501112
12 9 0.546005
12 10 0.500000
12 11 0.552216
12 12 0.613133
12 13 0.615803
12 14 0.604547
12 15 0.575303
12 16 0.629367
12 17 0.666784
12 18 0.756613
12 19 0.761657
13 1 0.744223
13 2 0.695933
13 3 0.662064
13 4 0.565343
13 5 0.657019
13 6 0.852510
13 7 0.501246
13 9 0.543894
13 10 0.500000
13 11 0.549457
13 12 0.615803
13 13 0.670280
13 14 0.650767
13 15 0.606837
13 16 0.643622
13 17 0.668114
13 18 0.769744
13 19 0.772357
14 1 0.737018
14 2 0.666318
14 3 0.656965
14 4 0.586601
14 5 0.648780
14 6 0.808572
14 7 0.500767
14 9 0.541416
14 10 0.500000
14 11 0.546347
14 12 0.604547
14 13 0.650767
14 14 0.720776
14 15 0.622224
14 16 0.637589
14 17 0.684874
14 18 0.745487
14 19 0.750479
15 1 0.669653
15 2 0.631711
15 3 0.615591
15 4 0.550725
15 5 0.608516
15 6 0.752482
15 7 0.500619
15 9 0.530033
15 10 0.500000
15 11 0.528277
15 12 0.575303
15 13 0.606837
15 14 0.622224
15 15 0.582911
15 16 0.588035
15 17 0.625658
15 18 0.693893
15 19 0.696008
16 2 0.671928
16 3 0.647264
16 4 0.573840
16 5 0.665134
16 6 0.863903
16 7 0.501132
16 9 0.545141
16 10 0.500000
16 11 0.552549
16 12 0.629367
16 13 0.643622
16 14 0.637589
16 15 0.588035
16 16 0.671797
16 17 0.669402
16 18 0.751485
16 19 0.756639
17 2 0.741633
17 3 0.725049
17 5 0.735902
17 6 0.968995
17 7 0.501828
17 9 0.580608
17 10 0.500000
17 11 0.595062
17 12 0.666784
17 13 0.668114
17 14 0.684874
17 15 0.625658
17 16 0.669402
17 17 0.799414
17 18 0.900760
18 1 0.910059
18 2 0.865004
18 3 0.830125
18 4 0.728967
18 5 0.837817
18 6 0.997354
18 7 0.503562
18 8 0.931800
18 9 0.631833
18 10 0.500000
18 11 0.648023
18 12 0.756613
18 13 0.769744
18 14 0.745487
18 15 0.693893
18 16 0.751485
18 17 0.900760
18 18 0.978294
19 3 0.835942
19 4 0.738224
19 5 0.844002
19 6 0.997791
19 7 0.503596
19 9 0.635165
19 11 0.653967
19 12 0.761657
19 13 0.772357
19 14 0.750479
19 15 0.696008
19 16 0.756639
19 19 0.981986
