1 2 0.956838
1 3 0.942714
1 5 0.876842
1 8 0.985380
1 12 0.936074
1 16 0.934407
1 17 0.771988
1 19 0.988768
2 1 0.956838
2 8 0.918180
2 19 0.973783
3 1 0.942714
3 8 0.950976
4 17 0.601298
5 1 0.876842
5 8 0.852026
8 1 0.985380
8 2 0.918180
8 3 0.950976
8 5 0.852026
8 12 0.931282
8 13 0.987478
8 14 0.947620
8 15 0.500000
8 16 0.924821
8 17 0.715198
8 19 0.969896
10 19 0.963691
12 1 0.936074
12 8 0.931282
13 8 0.987478
14 8 0.947620
15 8 0.500000
16 1 0.934407
16 8 0.924821
17 1 0.771988
17 4 0.601298
17 8 0.715198
17 19 0.817525
18 19 0.977015
19 1 0.988768
19 2 0.973783
19 8 0.969896
19 10 0.963691
19 17 0.817525
19 18 0.977015
1 1 0.991553
1 4 0.634856
1 6 0.997240
1 7 0.502793
1 9 0.655439
1 10 0.930489
1 11 0.852472
1 13 0.991326
1 14 0.932924
1 15 0.500000
1 18 0.953880
2 2 0.925824
2 3 0.804346
2 4 0.653369
2 5 0.775622
2 6 0.886243
2 7 0.501131
2 9 0.607812
2 10 0.893615
2 11 0.707374
2 12 0.828093
2 13 0.941775
2 14 0.810319
2 15 0.500000
2 16 0.838459
2 17 0.747096
2 18 0.920356
3 2 0.804346
3 3 0.905329
3 4 0.510279
3 5 0.763647
3 6 0.993281
3 7 0.502443
3 9 0.546404
3 10 0.757460
3 11 0.800197
3 12 0.862774
3 13 0.953196
3 14 0.892077
3 15 0.500000
3 16 0.850129
3 17 0.620352
3 18 0.795659
3 19 0.887341
4 1 0.634856
4 2 0.653369
4 3 0.510279
4 4 0.591580
4 5 0.541950
4 6 0.488095
4 7 0.499780
4 8 0.569413
4 9 0.525662
4 10 0.618615
4 11 0.530239
4 12 0.548153
4 13 0.616178
4 14 0.535618
4 15 0.500000
4 16 0.559124
4 18 0.641901
4 19 0.694894
5 2 0.775622
5 3 0.763647
5 4 0.541950
5 5 0.732776
5 6 0.940386
5 7 0.501325
5 9 0.584336
5 10 0.761495
5 11 0.668573
5 12 0.753101
5 13 0.853676
5 14 0.765111
5 15 0.500000
5 16 0.744091
5 17 0.616936
5 18 0.784266
5 19 0.876750
6 1 0.997240
6 2 0.886243
6 3 0.993281
6 4 0.488095
6 5 0.940386
6 6 1.000000
6 7 0.506186
6 8 0.998594
6 9 0.682997
6 10 0.872700
6 11 0.955059
6 12 0.982717
6 13 0.999474
6 14 0.991944
6 15 0.500000
6 16 0.974099
6 17 0.673905
6 18 0.900223
6 19 0.966399
7 1 0.502793
7 2 0.501131
7 3 0.502443
7 4 0.499780
7 5 0.501325
7 6 0.506186
7 7 0.500017
7 8 0.503082
7 9 0.500214
7 10 0.501079
7 11 0.501523
7 12 0.501947
7 13 0.503126
7 14 0.502154
7 15 0.500000
7 16 0.501828
7 17 0.500274
7 18 0.501169
7 19 0.501901
8 4 0.569413
8 6 0.998594
8 7 0.503082
8 8 0.984989
8 9 0.595568
8 10 0.877612
8 11 0.864832
8 18 0.906550
9 1 0.655439
9 2 0.607812
9 3 0.546404
9 4 0.525662
9 5 0.584336
9 6 0.682997
9 7 0.500214
9 8 0.595568
9 9 0.564748
9 10 0.614440
9 11 0.525729
9 12 0.566978
9 13 0.626345
9 14 0.532729
9 15 0.500000
9 16 0.567182
9 17 0.539561
9 18 0.627531
9 19 0.676167
10 1 0.930489
10 2 0.893615
10 3 0.757460
10 4 0.618615
10 5 0.761495
10 6 0.872700
10 7 0.501079
10 8 0.877612
10 9 0.614440
10 10 0.878363
10 11 0.661798
10 12 0.784108
10 13 0.898960
10 14 0.767339
10 15 0.500000
10 16 0.793699
10 17 0.705823
10 18 0.903151
11 1 0.852472
11 2 0.707374
11 3 0.800197
11 4 0.530239
11 5 0.668573
11 6 0.955059
11 7 0.501523
11 8 0.864832
11 9 0.525729
11 10 0.661798
11 11 0.724221
11 12 0.758069
11 13 0.875149
11 14 0.791189
11 15 0.500000
11 16 0.746750
11 17 0.593371
11 18 0.696444
11 19 0.774858
12 2 0.828093
12 3 0.862774
12 4 0.548153
12 5 0.753101
12 6 0.982717
12 7 0.501947
12 9 0.566978
12 10 0.784108
12 11 0.758069
12 12 0.836910
12 13 0.940146
12 14 0.853591
12 15 0.500000
12 16 0.829606
12 17 0.645055
12 18 0.816460
12 19 0.905986
13 1 0.991326
13 2 0.941775
13 3 0.953196
13 4 0.616178
13 5 0.853676
13 6 0.999474
13 7 0.503126
13 9 0.626345
13 10 0.898960
13 11 0.875149
13 12 0.940146
13 13 0.996990
13 14 0.934278
13 15 0.500000
13 16 0.936459
13 17 0.745314
13 18 0.935573
13 19 0.979121
14 1 0.932924
14 2 0.810319
14 3 0.892077
14 4 0.535618
14 5 0.765111
14 6 0.991944
14 7 0.502154
14 9 0.532729
14 10 0.767339
14 11 0.791189
14 12 0.853591
14 13 0.934278
14 14 0.908050
14 15 0.500000
14 16 0.840428
14 17 0.646254
14 18 0.787907
14 19 0.893088
15 1 0.500000
15 2 0.500000
15 3 0.500000
15 4 0.500000
15 5 0.500000
15 6 0.500000
15 7 0.500000
15 9 0.500000
15 10 0.500000
15 11 0.500000
15 12 0.500000
15 13 0.500000
15 14 0.500000
15 15 0.500000
15 16 0.500000
15 17 0.500000
15 18 0.500000
15 19 0.500000
16 2 0.838459
16 3 0.850129
16 4 0.559124
16 5 0.744091
16 6 0.974099
16 7 0.501828
16 9 0.567182
16 10 0.793699
16 11 0.746750
16 12 0.829606
16 13 0.936459
16 14 0.840428
16 15 0.500000
16 16 0.825834
16 17 0.653409
16 18 0.826031
16 19 0.913163
17 2 0.747096
17 3 0.620352
17 5 0.616936
17 6 0.673905
17 7 0.500274
17 9 0.539561
17 10 0.705823
17 11 0.593371
17 12 0.645055
17 13 0.745314
17 14 0.646254
17 15 0.500000
17 16 0.653409
17 17 0.639936
17 18 0.734010
18 1 0.953880
18 2 0.920356
18 3 0.795659
18 4 0.641901
18 5 0.784266
18 6 0.900223
18 7 0.501169
18 8 0.906550
18 9 0.627531
18 10 0.903151
18 11 0.696444
18 12 0.816460
18 13 0.935573
18 14 0.787907
18 15 0.500000
18 16 0.826031
18 17 0.734010
18 18 0.933977
19 3 0.887341
19 4 0.694894
19 5 0.876750
19 6 0.966399
19 7 0.501901
19 9 0.676167
19 11 0.774858
19 12 0.905986
19 13 0.979121
19 14 0.893088
19 15 0.500000
19 16 0.913163
19 19 0.995891
