1 2 0.667601
1 3 0.856103
1 5 0.654515
1 8 0.785898
1 12 0.670833
1 16 0.691785
1 17 0.692345
1 19 0.835298
2 1 0.667601
2 8 0.741752
2 19 0.747046
3 1 0.856103
3 8 0.937849
4 17 0.599658
5 1 0.654515
5 8 0.749948
8 1 0.785898
8 2 0.741752
8 3 0.937849
8 5 0.749948
8 12 0.723528
8 13 0.706841
8 14 0.765851
8 15 0.640829
8 16 0.741382
8 17 0.751247
8 19 0.890097
10 19 0.869259
12 1 0.670833
12 8 0.723528
13 8 0.706841
14 8 0.765851
15 8 0.640829
16 1 0.691785
16 8 0.741382
17 1 0.692345
17 4 0.599658
17 8 0.751247
17 19 0.800339
18 19 0.883202
19 1 0.835298
19 2 0.747046
19 8 0.890097
19 10 0.869259
19 17 0.800339
19 18 0.883202
1 1 0.728867
1 4 0.606947
1 6 0.701632
1 7 0.501984
1 9 0.523155
1 10 0.742945
1 11 0.557681
1 13 0.636442
1 14 0.651436
1 15 0.589862
1 18 0.758828
2 2 0.688227
2 3 0.823707
2 4 0.564759
2 5 0.610612
2 6 0.723696
2 7 0.501609
2 9 0.507502
2 10 0.672956
2 11 0.560044
2 12 0.622312
2 13 0.612360
2 14 0.610603
2 15 0.569732
2 16 0.635475
2 17 0.635368
2 18 0.685349
3 2 0.823707
3 3 0.999997
3 4 0.689094
3 5 0.819631
3 6 0.997805
3 7 0.504615
3 9 0.547903
3 10 0.910217
3 11 0.625692
3 12 0.792311
3 13 0.722037
3 14 0.824867
3 15 0.667763
3 16 0.764277
3 17 0.827398
3 18 0.928333
3 19 0.962927
4 1 0.606947
4 2 0.564759
4 3 0.689094
4 4 0.562276
4 5 0.580804
4 6 0.567638
4 7 0.500918
4 8 0.643813
4 9 0.513943
4 10 0.626244
4 11 0.535857
4 12 0.580856
4 13 0.563597
4 14 0.576515
4 15 0.544125
4 16 0.588658
4 18 0.626040
4 19 0.684956
5 2 0.610612
5 3 0.819631
5 4 0.580804
5 5 0.671477
5 6 0.663760
5 7 0.502043
5 9 0.516286
5 10 0.664076
5 11 0.546863
5 12 0.618680
5 13 0.613450
5 14 0.660691
5 15 0.579289
5 16 0.627474
5 17 0.640882
5 18 0.672765
5 19 0.737438
6 1 0.701632
6 2 0.723696
6 3 0.997805
6 4 0.567638
6 5 0.663760
6 6 0.998970
6 7 0.501593
6 8 0.845505
6 9 0.514709
6 10 0.732894
6 11 0.578490
6 12 0.652613
6 13 0.611209
6 14 0.806404
6 15 0.602123
6 16 0.610687
6 17 0.670546
6 18 0.766857
6 19 0.798622
7 1 0.501984
7 2 0.501609
7 3 0.504615
7 4 0.500918
7 5 0.502043
7 6 0.501593
7 7 0.500028
7 8 0.503358
7 9 0.500248
7 10 0.502112
7 11 0.500745
7 12 0.501490
7 13 0.501455
7 14 0.501837
7 15 0.500946
7 16 0.501619
7 17 0.501716
7 18 0.502260
7 19 0.503213
8 4 0.643813
8 6 0.845505
8 7 0.503358
8 8 0.889419
8 9 0.530343
8 10 0.798388
8 11 0.595713
8 18 0.811205
9 1 0.523155
9 2 0.507502
9 3 0.547903
9 4 0.513943
9 5 0.516286
9 6 0.514709
9 7 0.500248
9 8 0.530343
9 9 0.520702
9 10 0.532529
9 11 0.517870
9 12 0.517617
9 13 0.518042
9 14 0.516100
9 15 0.508199
9 16 0.519519
9 17 0.522609
9 18 0.531391
9 19 0.548709
10 1 0.742945
10 2 0.672956
10 3 0.910217
10 4 0.626244
10 5 0.664076
10 6 0.732894
10 7 0.502112
10 8 0.798388
10 9 0.532529
10 10 0.778468
10 11 0.586519
10 12 0.683638
10 13 0.641352
10 14 0.653364
10 15 0.594170
10 16 0.700047
10 17 0.714475
10 18 0.790352
11 1 0.557681
11 2 0.560044
11 3 0.625692
11 4 0.535857
11 5 0.546863
11 6 0.578490
11 7 0.500745
11 8 0.595713
11 9 0.517870
11 10 0.586519
11 11 0.575940
11 12 0.540855
11 13 0.533196
11 14 0.534199
11 15 0.527948
11 16 0.541845
11 17 0.558566
11 18 0.587152
11 19 0.624537
12 2 0.622312
12 3 0.792311
12 4 0.580856
12 5 0.618680
12 6 0.652613
12 7 0.501490
12 9 0.517617
12 10 0.683638
12 11 0.540855
12 12 0.627881
12 13 0.605575
12 14 0.618349
12 15 0.567200
12 16 0.642345
12 17 0.644601
12 18 0.691872
12 19 0.763477
13 1 0.636442
13 2 0.612360
13 3 0.722037
13 4 0.563597
13 5 0.613450
13 6 0.611209
13 7 0.501455
13 9 0.518042
13 10 0.641352
13 11 0.533196
13 12 0.605575
13 13 0.607865
13 14 0.616472
13 15 0.560620
13 16 0.617151
13 17 0.616323
13 18 0.640043
13 19 0.707591
14 1 0.651436
14 2 0.610603
14 3 0.824867
14 4 0.576515
14 5 0.660691
14 6 0.806404
14 7 0.501837
14 9 0.516100
14 10 0.653364
14 11 0.534199
14 12 0.618349
14 13 0.616472
14 14 0.708739
14 15 0.582282
14 16 0.622602
14 17 0.635901
14 18 0.660587
14 19 0.724199
15 1 0.589862
15 2 0.569732
15 3 0.667763
15 4 0.544125
15 5 0.579289
15 6 0.602123
15 7 0.500946
15 9 0.508199
15 10 0.594170
15 11 0.527948
15 12 0.567200
15 13 0.560620
15 14 0.582282
15 15 0.542177
15 16 0.574125
15 17 0.578466
15 18 0.598302
15 19 0.640928
16 2 0.635475
16 3 0.764277
16 4 0.588658
16 5 0.627474
16 6 0.610687
16 7 0.501619
16 9 0.519519
16 10 0.700047
16 11 0.541845
16 12 0.642345
16 13 0.617151
16 14 0.622602
16 15 0.574125
16 16 0.663472
16 17 0.659445
16 18 0.711704
16 19 0.786993
17 2 0.635368
17 3 0.827398
17 5 0.640882
17 6 0.670546
17 7 0.501716
17 9 0.522609
17 10 0.714475
17 11 0.558566
17 12 0.644601
17 13 0.616323
17 14 0.635901
17 15 0.578466
17 16 0.659445
17 17 0.670209
17 18 0.723004
18 1 0.758828
18 2 0.685349
18 3 0.928333
18 4 0.626040
18 5 0.672765
18 6 0.766857
18 7 0.502260
18 8 0.811205
18 9 0.531391
18 10 0.790352
18 11 0.587152
18 12 0.691872
18 13 0.640043
18 14 0.660587
18 15 0.598302
18 16 0.711704
18 17 0.723004
18 18 0.814622
19 3 0.962927
19 4 0.684956
19 5 0.737438
19 6 0.798622
19 7 0.503213
19 9 0.548709
19 11 0.624537
19 12 0.763477
19 13 0.707591
19 14 0.724199
19 15 0.640928
19 16 0.786993
19 19 0.946692
