1 26 0.858416
3 17 0.945847
3 26 0.981264
4 22 0.543891
4 26 0.703219
5 26 0.872618
9 26 0.889497
11 26 0.955578
13 26 0.884724
14 26 0.996090
17 3 0.945847
18 26 0.999752
22 4 0.543891
24 26 0.836101
25 26 0.860512
26 1 0.858416
26 3 0.981264
26 4 0.703219
26 5 0.872618
26 9 0.889497
26 11 0.955578
26 13 0.884724
26 14 0.996090
26 18 0.999752
26 24 0.836101
26 25 0.860512
1 1 0.649445
1 2 0.988358
1 3 0.795287
1 4 0.575464
1 5 0.658821
1 6 0.993325
1 7 0.543190
1 8 0.640476
1 9 0.669865
1 10 0.510526
1 11 0.738427
1 12 0.637076
1 13 0.668289
1 14 0.864392
1 15 0.767635
1 16 0.831778
1 17 0.768014
1 18 0.946655
1 19 0.500004
1 20 0.656297
1 21 0.979476
1 22 0.605805
1 23 0.660789
1 24 0.635613
1 25 0.650368
2 1 0.988358
2 2 1.000000
2 3 0.999962
2 4 0.907323
2 5 0.991819
2 6 1.000000
2 7 0.792052
2 8 0.985927
2 9 0.993337
2 10 0.598204
2 11 0.999316
2 12 0.987872
2 13 0.993950
2 14 0.999998
2 15 0.999917
2 16 0.999995
2 17 0.999891
2 18 1.000000
2 19 0.500033
2 20 0.993521
2 21 1.000000
2 22 0.970206
2 23 0.991723
2 24 0.981682
2 25 0.988535
2 26 0.999997
3 1 0.795287
3 2 0.999962
3 3 0.959795
3 4 0.668284
3 5 0.808144
3 6 0.999992
3 7 0.597517
3 8 0.782157
3 9 0.823325
3 10 0.519436
3 11 0.910153
3 12 0.782641
3 13 0.824689
3 14 0.981855
3 15 0.939823
3 16 0.976711
3 18 0.998506
3 19 0.500009
3 20 0.809599
3 21 0.999831
3 22 0.738873
3 23 0.837965
3 24 0.771568
3 25 0.794979
4 1 0.575464
4 2 0.907323
4 3 0.668284
4 4 0.562173
4 5 0.580267
4 6 0.913338
4 7 0.525172
4 8 0.562367
4 9 0.583766
4 10 0.513955
4 11 0.622647
4 12 0.588874
4 13 0.586267
4 14 0.713095
4 15 0.615629
4 16 0.699780
4 17 0.650999
4 18 0.780658
4 19 0.500001
4 20 0.597410
4 21 0.873040
4 23 0.643697
4 24 0.566671
4 25 0.575463
5 1 0.658821
5 2 0.991819
5 3 0.808144
5 4 0.580267
5 5 0.673700
5 6 0.995235
5 7 0.547737
5 8 0.657923
5 9 0.682172
5 10 0.511135
5 11 0.747022
5 12 0.650661
5 13 0.677875
5 14 0.880810
5 15 0.782780
5 16 0.846739
5 17 0.779298
5 18 0.955918
5 19 0.500004
5 20 0.658149
5 21 0.980076
5 22 0.608904
5 23 0.668740
5 24 0.646979
5 25 0.658875
6 1 0.993325
6 2 1.000000
6 3 0.999992
6 4 0.913338
6 5 0.995235
6 6 1.000000
6 7 0.765458
6 8 0.995756
6 9 0.996132
6 10 0.577508
6 11 0.999853
6 12 0.996255
6 13 0.996648
6 14 1.000000
6 15 0.999989
6 16 1.000000
6 17 0.999972
6 18 1.000000
6 19 0.500035
6 20 0.992527
6 21 1.000000
6 22 0.996108
6 23 0.905501
6 24 0.988466
6 25 0.992149
6 26 1.000000
7 1 0.543190
7 2 0.792052
7 3 0.597517
7 4 0.525172
7 5 0.547737
7 6 0.765458
7 7 0.518895
7 8 0.534875
7 9 0.550138
7 10 0.504219
7 11 0.564609
7 12 0.540118
7 13 0.549270
7 14 0.617457
7 15 0.569685
7 16 0.606934
7 17 0.588367
7 18 0.723016
7 19 0.500001
7 20 0.558431
7 21 0.748976
7 22 0.515897
7 23 0.552909
7 24 0.540109
7 25 0.542697
7 26 0.621406
8 1 0.640476
8 2 0.985927
8 3 0.782157
8 4 0.562367
8 5 0.657923
8 6 0.995756
8 7 0.534875
8 8 0.698952
8 9 0.661112
8 10 0.507640
8 11 0.716119
8 12 0.641347
8 13 0.661817
8 14 0.850233
8 15 0.792364
8 16 0.869483
8 17 0.755624
8 18 0.937711
8 19 0.500004
8 20 0.674466
8 21 0.948258
8 22 0.629770
8 23 0.586122
8 24 0.634538
8 25 0.636008
8 26 0.844843
9 1 0.669865
9 2 0.993337
9 3 0.823325
9 4 0.583766
9 5 0.682172
9 6 0.996132
9 7 0.550138
9 8 0.661112
9 9 0.697470
9 10 0.510218
9 11 0.766567
9 12 0.645578
9 13 0.688543
9 14 0.896685
9 15 0.797539
9 16 0.859430
9 17 0.794249
9 18 0.960031
9 19 0.500004
9 20 0.662763
9 21 0.987433
9 22 0.610370
9 23 0.690754
9 24 0.654731
9 25 0.669937
10 1 0.510526
10 2 0.598204
10 3 0.519436
10 4 0.513955
10 5 0.511135
10 6 0.577508
10 7 0.504219
10 8 0.507640
10 9 0.510218
10 10 0.512308
10 11 0.511425
10 12 0.525168
10 13 0.514142
10 14 0.531640
10 15 0.517072
10 16 0.541140
10 17 0.516453
10 18 0.578996
10 19 0.500000
10 20 0.543342
10 21 0.540468
10 22 0.506511
10 23 0.503973
10 24 0.510084
10 25 0.512435
10 26 0.530020
11 1 0.738427
11 2 0.999316
11 3 0.910153
11 4 0.622647
11 5 0.747022
11 6 0.999853
11 7 0.564609
11 8 0.716119
11 9 0.766567
11 10 0.511425
11 11 0.864870
11 12 0.720422
11 13 0.762520
11 14 0.960715
11 15 0.887972
11 16 0.932079
11 17 0.885281
11 18 0.989675
11 19 0.500007
11 20 0.720709
11 21 0.998961
11 22 0.694140
11 23 0.785943
11 24 0.715405
11 25 0.740979
12 1 0.637076
12 2 0.987872
12 3 0.782641
12 4 0.588874
12 5 0.650661
12 6 0.996255
12 7 0.540118
12 8 0.641347
12 9 0.645578
12 10 0.525168
12 11 0.720422
12 12 0.698022
12 13 0.657397
12 14 0.854049
12 15 0.758832
12 16 0.829398
12 17 0.755833
12 18 0.941522
12 19 0.500003
12 20 0.677388
12 21 0.964158
12 22 0.635878
12 23 0.631302
12 24 0.628072
12 25 0.638239
12 26 0.836810
13 1 0.668289
13 2 0.993950
13 3 0.824689
13 4 0.586267
13 5 0.677875
13 6 0.996648
13 7 0.549270
13 8 0.661817
13 9 0.688543
13 10 0.514142
13 11 0.762520
13 12 0.657397
13 13 0.691341
13 14 0.887226
13 15 0.794082
13 16 0.865236
13 17 0.797584
13 18 0.968033
13 19 0.500005
13 20 0.695751
13 21 0.987421
13 22 0.623133
13 23 0.675982
13 24 0.654019
13 25 0.670358
14 1 0.864392
14 2 0.999998
14 3 0.981855
14 4 0.713095
14 5 0.880810
14 6 1.000000
14 7 0.617457
14 8 0.850233
14 9 0.896685
14 10 0.531640
14 11 0.960715
14 12 0.854049
14 13 0.887226
14 14 0.997768
14 15 0.972354
14 16 0.990168
14 17 0.969400
14 18 0.999567
14 19 0.500011
14 20 0.827474
14 21 0.999986
14 22 0.810816
14 23 0.788138
14 24 0.839446
14 25 0.864188
15 1 0.767635
15 2 0.999917
15 3 0.939823
15 4 0.615629
15 5 0.782780
15 6 0.999989
15 7 0.569685
15 8 0.792364
15 9 0.797539
15 10 0.517072
15 11 0.887972
15 12 0.758832
15 13 0.794082
15 14 0.972354
15 15 0.966289
15 16 0.975941
15 17 0.922047
15 18 0.997597
15 19 0.500010
15 20 0.751066
15 21 0.999338
15 22 0.740426
15 23 0.698717
15 24 0.742549
15 25 0.768915
15 26 0.971814
16 1 0.831778
16 2 0.999995
16 3 0.976711
16 4 0.699780
16 5 0.846739
16 6 1.000000
16 7 0.606934
16 8 0.869483
16 9 0.859430
16 10 0.541140
16 11 0.932079
16 12 0.829398
16 13 0.865236
16 14 0.990168
16 15 0.975941
16 16 0.994970
16 17 0.967232
16 18 0.999600
16 19 0.500012
16 20 0.894641
16 21 0.999909
16 22 0.790845
16 23 0.795380
16 24 0.808638
16 25 0.827045
16 26 0.990466
17 1 0.768014
17 2 0.999891
17 4 0.650999
17 5 0.779298
17 6 0.999972
17 7 0.588367
17 8 0.755624
17 9 0.794249
17 10 0.516453
17 11 0.885281
17 12 0.755833
17 13 0.797584
17 14 0.969400
17 15 0.922047
17 16 0.967232
17 17 0.931012
17 18 0.997190
17 19 0.500008
17 20 0.789746
17 21 0.999577
17 22 0.718329
17 23 0.818626
17 24 0.744832
17 25 0.767124
17 26 0.970237
18 1 0.946655
18 2 1.000000
18 3 0.998506
18 4 0.780658
18 5 0.955918
18 6 1.000000
18 7 0.723016
18 8 0.937711
18 9 0.960031
18 10 0.578996
18 11 0.989675
18 12 0.941522
18 13 0.968033
18 14 0.999567
18 15 0.997597
18 16 0.999600
18 17 0.997190
18 18 1.000000
18 19 0.500023
18 20 0.988893
18 21 1.000000
18 22 0.885039
18 23 0.922629
18 24 0.937967
18 25 0.953266
19 1 0.500004
19 2 0.500033
19 3 0.500009
19 4 0.500001
19 5 0.500004
19 6 0.500035
19 7 0.500001
19 8 0.500004
19 9 0.500004
19 10 0.500000
19 11 0.500007
19 12 0.500003
19 13 0.500005
19 14 0.500011
19 15 0.500010
19 16 0.500012
19 17 0.500008
19 18 0.500023
19 19 0.500000
19 20 0.500005
19 21 0.500024
19 22 0.500004
19 23 0.500004
19 24 0.500003
19 25 0.500004
19 26 0.500011
20 1 0.656297
20 2 0.993521
20 3 0.809599
20 4 0.597410
20 5 0.658149
20 6 0.992527
20 7 0.558431
20 8 0.674466
20 9 0.662763
20 10 0.543342
20 11 0.720709
20 12 0.677388
20 13 0.695751
20 14 0.827474
20 15 0.751066
20 16 0.894641
20 17 0.789746
20 18 0.988893
20 19 0.500005
20 20 0.858981
20 21 0.978421
20 22 0.618149
20 23 0.623328
20 24 0.652962
20 25 0.665448
20 26 0.862087
21 1 0.979476
21 2 1.000000
21 3 0.999831
21 4 0.873040
21 5 0.980076
21 6 1.000000
21 7 0.748976
21 8 0.948258
21 9 0.987433
21 10 0.540468
21 11 0.998961
21 12 0.964158
21 13 0.987421
21 14 0.999986
21 15 0.999338
21 16 0.999909
21 17 0.999577
21 18 1.000000
21 19 0.500024
21 20 0.978421
21 21 1.000000
21 22 0.927435
21 23 0.997247
21 24 0.967056
21 25 0.980983
21 26 0.999988
22 1 0.605805
22 2 0.970206
22 3 0.738873
22 5 0.608904
22 6 0.996108
22 7 0.515897
22 8 0.629770
22 9 0.610370
22 10 0.506511
22 11 0.694140
22 12 0.635878
22 13 0.623133
22 14 0.810816
22 15 0.740426
22 16 0.790845
22 17 0.718329
22 18 0.885039
22 19 0.500004
22 20 0.618149
22 21 0.927435
22 22 0.684546
22 23 0.498813
22 24 0.594028
22 25 0.602715
22 26 0.788304
23 1 0.660789
23 2 0.991723
23 3 0.837965
23 4 0.643697
23 5 0.668740
23 6 0.905501
23 7 0.552909
23 8 0.586122
23 9 0.690754
23 10 0.503973
23 11 0.785943
23 12 0.631302
23 13 0.675982
23 14 0.788138
23 15 0.698717
23 16 0.795380
23 17 0.818626
23 18 0.922629
23 19 0.500004
23 20 0.623328
23 21 0.997247
23 22 0.498813
23 23 0.996273
23 24 0.657291
23 25 0.676991
23 26 0.857844
24 1 0.635613
24 2 0.981682
24 3 0.771568
24 4 0.566671
24 5 0.646979
24 6 0.988466
24 7 0.540109
24 8 0.634538
24 9 0.654731
24 10 0.510084
24 11 0.715405
24 12 0.628072
24 13 0.654019
24 14 0.839446
24 15 0.742549
24 16 0.808638
24 17 0.744832
24 18 0.937967
24 19 0.500003
24 20 0.652962
24 21 0.967056
24 22 0.594028
24 23 0.657291
24 24 0.627299
24 25 0.637980
25 1 0.650368
25 2 0.988535
25 3 0.794979
25 4 0.575463
25 5 0.658875
25 6 0.992149
25 7 0.542697
25 8 0.636008
25 9 0.669937
25 10 0.512435
25 11 0.740979
25 12 0.638239
25 13 0.670358
25 14 0.864188
25 15 0.768915
25 16 0.827045
25 17 0.767124
25 18 0.953266
25 19 0.500004
25 20 0.665448
25 21 0.980983
25 22 0.602715
25 23 0.676991
25 24 0.637980
25 25 0.655817
26 2 0.999997
26 6 1.000000
26 7 0.621406
26 8 0.844843
26 10 0.530020
26 12 0.836810
26 15 0.971814
26 16 0.990466
26 17 0.970237
26 19 0.500011
26 20 0.862087
26 21 0.999988
26 22 0.788304
26 23 0.857844
26 26 0.995178
