1 26 0.543821
3 17 0.565612
3 26 0.536549
4 22 0.504636
4 26 0.559080
5 26 0.551484
9 26 0.544449
11 26 0.576412
13 26 0.556524
14 26 0.886929
17 3 0.565612
18 26 0.624280
22 4 0.504636
24 26 0.543163
25 26 0.567360
26 1 0.543821
26 3 0.536549
26 4 0.559080
26 5 0.551484
26 9 0.544449
26 11 0.576412
26 13 0.556524
26 14 0.886929
26 18 0.624280
26 24 0.543163
26 25 0.567360
1 1 0.514309
1 2 0.688806
1 3 0.516119
1 4 0.519212
1 5 0.517981
1 6 0.523147
1 7 0.508990
1 8 0.512085
1 9 0.513652
1 10 0.509505
1 11 0.524453
1 12 0.509740
1 13 0.516544
1 14 0.635842
1 15 0.547008
1 16 0.533460
1 17 0.511415
1 18 0.536192
1 19 0.500001
1 20 0.531202
1 21 0.614844
1 22 0.503908
1 23 0.547762
1 24 0.513232
1 25 0.522440
2 1 0.688806
2 2 1.000000
2 3 0.651445
2 4 0.748447
2 5 0.807790
2 6 0.850053
2 7 0.595938
2 8 0.508357
2 9 0.684012
2 10 0.647021
2 11 0.762882
2 12 0.597443
2 13 0.701263
2 14 0.999986
2 15 0.990582
2 16 0.839874
2 17 0.603495
2 18 0.834936
2 19 0.500005
2 20 0.793226
2 21 0.997747
2 22 0.574946
2 23 0.569782
2 24 0.668466
2 25 0.745107
2 26 0.919956
3 1 0.516119
3 2 0.651445
3 3 0.566740
3 4 0.521246
3 5 0.524804
3 6 0.540588
3 7 0.515659
3 8 0.530418
3 9 0.514843
3 10 0.513730
3 11 0.530195
3 12 0.512380
3 13 0.514099
3 14 0.570914
3 15 0.584418
3 16 0.594463
3 18 0.537221
3 19 0.500002
3 20 0.512612
3 21 0.552032
3 22 0.523813
3 23 0.612711
3 24 0.516437
3 25 0.531205
4 1 0.519212
4 2 0.748447
4 3 0.521246
4 4 0.528523
4 5 0.523851
4 6 0.519360
4 7 0.510925
4 8 0.511743
4 9 0.520176
4 10 0.510252
4 11 0.531782
4 12 0.517607
4 13 0.523434
4 14 0.677575
4 15 0.550522
4 16 0.545947
4 17 0.514193
4 18 0.547464
4 19 0.500001
4 20 0.533263
4 21 0.662926
4 23 0.550259
4 24 0.519025
4 25 0.526371
5 1 0.517981
5 2 0.807790
5 3 0.524804
5 4 0.523851
5 5 0.586496
5 6 0.586660
5 7 0.514780
5 8 0.521229
5 9 0.520953
5 10 0.521104
5 11 0.530780
5 12 0.525275
5 13 0.522107
5 14 0.907470
5 15 0.649650
5 16 0.555762
5 17 0.519463
5 18 0.536088
5 19 0.500002
5 20 0.524019
5 21 0.595607
5 22 0.537109
5 23 0.614468
5 24 0.514726
5 25 0.569064
6 1 0.523147
6 2 0.850053
6 3 0.540588
6 4 0.519360
6 5 0.586660
6 6 0.984195
6 7 0.603078
6 8 0.586039
6 9 0.524676
6 10 0.573647
6 11 0.587493
6 12 0.563658
6 13 0.555792
6 14 0.983908
6 15 0.715715
6 16 0.757480
6 17 0.536583
6 18 0.566971
6 19 0.500006
6 20 0.782127
6 21 0.638059
6 22 0.569286
6 23 0.580259
6 24 0.526154
6 25 0.697826
6 26 0.608144
7 1 0.508990
7 2 0.595938
7 3 0.515659
7 4 0.510925
7 5 0.514780
7 6 0.603078
7 7 0.519130
7 8 0.517233
7 9 0.509973
7 10 0.512319
7 11 0.520559
7 12 0.510737
7 13 0.515113
7 14 0.672070
7 15 0.539536
7 16 0.555488
7 17 0.513114
7 18 0.522757
7 19 0.500001
7 20 0.553701
7 21 0.561350
7 22 0.515174
7 23 0.540764
7 24 0.509854
7 25 0.535304
7 26 0.531131
8 1 0.512085
8 2 0.508357
8 3 0.530418
8 4 0.511743
8 5 0.521229
8 6 0.586039
8 7 0.517233
8 8 0.563140
8 9 0.511871
8 10 0.512565
8 11 0.534829
8 12 0.515634
8 13 0.517659
8 14 0.572206
8 15 0.519103
8 16 0.539261
8 17 0.525684
8 18 0.554588
8 19 0.500003
8 20 0.578419
8 21 0.590328
8 22 0.509559
8 23 0.668189
8 24 0.515541
8 25 0.538480
8 26 0.545900
9 1 0.513652
9 2 0.684012
9 3 0.514843
9 4 0.520176
9 5 0.520953
9 6 0.524676
9 7 0.509973
9 8 0.511871
9 9 0.515789
9 10 0.507522
9 11 0.523256
9 12 0.513426
9 13 0.517986
9 14 0.674491
9 15 0.540205
9 16 0.532780
9 17 0.509822
9 18 0.534317
9 19 0.500001
9 20 0.531809
9 21 0.617822
9 22 0.506492
9 23 0.538065
9 24 0.514600
9 25 0.521371
10 1 0.509505
10 2 0.647021
10 3 0.513730
10 4 0.510252
10 5 0.521104
10 6 0.573647
10 7 0.512319
10 8 0.512565
10 9 0.507522
10 10 0.518987
10 11 0.518555
10 12 0.505665
10 13 0.511530
10 14 0.591925
10 15 0.574667
10 16 0.558411
10 17 0.510801
10 18 0.522567
10 19 0.500001
10 20 0.552429
10 21 0.550665
10 22 0.517336
10 23 0.533048
10 24 0.507644
10 25 0.532189
10 26 0.525889
11 1 0.524453
11 2 0.762882
11 3 0.530195
11 4 0.531782
11 5 0.530780
11 6 0.587493
11 7 0.520559
11 8 0.534829
11 9 0.523256
11 10 0.518555
11 11 0.549880
11 12 0.523562
11 13 0.531236
11 14 0.701055
11 15 0.566376
11 16 0.566248
11 17 0.521229
11 18 0.563848
11 19 0.500002
11 20 0.577796
11 21 0.686121
11 22 0.511059
11 23 0.600256
11 24 0.523704
11 25 0.552439
12 1 0.509740
12 2 0.597443
12 3 0.512380
12 4 0.517607
12 5 0.525275
12 6 0.563658
12 7 0.510737
12 8 0.515634
12 9 0.513426
12 10 0.505665
12 11 0.523562
12 12 0.546156
12 13 0.520739
12 14 0.706854
12 15 0.494954
12 16 0.538824
12 17 0.506850
12 18 0.528989
12 19 0.500002
12 20 0.542897
12 21 0.667113
12 22 0.513380
12 23 0.566578
12 24 0.511553
12 25 0.543938
12 26 0.537092
13 1 0.516544
13 2 0.701263
13 3 0.514099
13 4 0.523434
13 5 0.522107
13 6 0.555792
13 7 0.515113
13 8 0.517659
13 9 0.517986
13 10 0.511530
13 11 0.531236
13 12 0.520739
13 13 0.524342
13 14 0.706549
13 15 0.535790
13 16 0.538986
13 17 0.507744
13 18 0.542632
13 19 0.500001
13 20 0.554528
13 21 0.654177
13 22 0.508377
13 23 0.560730
13 24 0.517058
13 25 0.536080
14 1 0.635842
14 2 0.999986
14 3 0.570914
14 4 0.677575
14 5 0.907470
14 6 0.983908
14 7 0.672070
14 8 0.572206
14 9 0.674491
14 10 0.591925
14 11 0.701055
14 12 0.706854
14 13 0.706549
14 14 1.000000
14 15 0.967724
14 16 0.713969
14 17 0.548628
14 18 0.713272
14 19 0.500015
14 20 0.665262
14 21 0.994668
14 22 0.745725
14 23 0.966783
14 24 0.615104
14 25 0.906796
15 1 0.547008
15 2 0.990582
15 3 0.584418
15 4 0.550522
15 5 0.649650
15 6 0.715715
15 7 0.539536
15 8 0.519103
15 9 0.540205
15 10 0.574667
15 11 0.566376
15 12 0.494954
15 13 0.535790
15 14 0.967724
15 15 0.911076
15 16 0.730780
15 17 0.579031
15 18 0.580350
15 19 0.500002
15 20 0.637274
15 21 0.644066
15 22 0.575865
15 23 0.507366
15 24 0.536505
15 25 0.605920
15 26 0.611907
16 1 0.533460
16 2 0.839874
16 3 0.594463
16 4 0.545947
16 5 0.555762
16 6 0.757480
16 7 0.555488
16 8 0.539261
16 9 0.532780
16 10 0.558411
16 11 0.566248
16 12 0.538824
16 13 0.538986
16 14 0.713969
16 15 0.730780
16 16 0.842273
16 17 0.579822
16 18 0.582346
16 19 0.500002
16 20 0.700492
16 21 0.744564
16 22 0.575125
16 23 0.537892
16 24 0.535236
16 25 0.610772
16 26 0.565417
17 1 0.511415
17 2 0.603495
17 4 0.514193
17 5 0.519463
17 6 0.536583
17 7 0.513114
17 8 0.525684
17 9 0.509822
17 10 0.510801
17 11 0.521229
17 12 0.506850
17 13 0.507744
17 14 0.548628
17 15 0.579031
17 16 0.579822
17 17 0.567639
17 18 0.521238
17 19 0.500002
17 20 0.493277
17 21 0.497768
17 22 0.525051
17 23 0.600891
17 24 0.511666
17 25 0.523369
17 26 0.521815
18 1 0.536192
18 2 0.834936
18 3 0.537221
18 4 0.547464
18 5 0.536088
18 6 0.566971
18 7 0.522757
18 8 0.554588
18 9 0.534317
18 10 0.522567
18 11 0.563848
18 12 0.528989
18 13 0.542632
18 14 0.713272
18 15 0.580350
18 16 0.582346
18 17 0.521238
18 18 0.643590
18 19 0.500001
18 20 0.618244
18 21 0.830299
18 22 0.479401
18 23 0.709296
18 24 0.534460
18 25 0.548491
19 1 0.500001
19 2 0.500005
19 3 0.500002
19 4 0.500001
19 5 0.500002
19 6 0.500006
19 7 0.500001
19 8 0.500003
19 9 0.500001
19 10 0.500001
19 11 0.500002
19 12 0.500002
19 13 0.500001
19 14 0.500015
19 15 0.500002
19 16 0.500002
19 17 0.500002
19 18 0.500001
19 19 0.500000
19 20 0.500002
19 21 0.500002
19 22 0.500003
19 23 0.500008
19 24 0.500001
19 25 0.500003
19 26 0.500002
20 1 0.531202
20 2 0.793226
20 3 0.512612
20 4 0.533263
20 5 0.524019
20 6 0.782127
20 7 0.553701
20 8 0.578419
20 9 0.531809
20 10 0.552429
20 11 0.577796
20 12 0.542897
20 13 0.554528
20 14 0.665262
20 15 0.637274
20 16 0.700492
20 17 0.493277
20 18 0.618244
20 19 0.500002
20 20 0.828327
20 21 0.840956
20 22 0.508876
20 23 0.520575
20 24 0.540295
20 25 0.596066
20 26 0.616194
21 1 0.614844
21 2 0.997747
21 3 0.552032
21 4 0.662926
21 5 0.595607
21 6 0.638059
21 7 0.561350
21 8 0.590328
21 9 0.617822
21 10 0.550665
21 11 0.686121
21 12 0.667113
21 13 0.654177
21 14 0.994668
21 15 0.644066
21 16 0.744564
21 17 0.497768
21 18 0.830299
21 19 0.500002
21 20 0.840956
21 21 0.998861
21 22 0.460964
21 23 0.852051
21 24 0.613478
21 25 0.666214
21 26 0.840981
22 1 0.503908
22 2 0.574946
22 3 0.523813
22 5 0.537109
22 6 0.569286
22 7 0.515174
22 8 0.509559
22 9 0.506492
22 10 0.517336
22 11 0.511059
22 12 0.513380
22 13 0.508377
22 14 0.745725
22 15 0.575865
22 16 0.575125
22 17 0.525051
22 18 0.479401
22 19 0.500003
22 20 0.508876
22 21 0.460964
22 22 0.563963
22 23 0.543404
22 24 0.503310
22 25 0.550091
22 26 0.500302
23 1 0.547762
23 2 0.569782
23 3 0.612711
23 4 0.550259
23 5 0.614468
23 6 0.580259
23 7 0.540764
23 8 0.668189
23 9 0.538065
23 10 0.533048
23 11 0.600256
23 12 0.566578
23 13 0.560730
23 14 0.966783
23 15 0.507366
23 16 0.537892
23 17 0.600891
23 18 0.709296
23 19 0.500008
23 20 0.520575
23 21 0.852051
23 22 0.543404
23 23 0.985497
23 24 0.532154
23 25 0.674773
23 26 0.664880
24 1 0.513232
24 2 0.668466
24 3 0.516437
24 4 0.519025
24 5 0.514726
24 6 0.526154
24 7 0.509854
24 8 0.515541
24 9 0.514600
24 10 0.507644
24 11 0.523704
24 12 0.511553
24 13 0.517058
24 14 0.615104
24 15 0.536505
24 16 0.535236
24 17 0.511666
24 18 0.534460
24 19 0.500001
24 20 0.540295
24 21 0.613478
24 22 0.503310
24 23 0.532154
24 24 0.515042
24 25 0.517042
25 1 0.522440
25 2 0.745107
25 3 0.531205
25 4 0.526371
25 5 0.569064
25 6 0.697826
25 7 0.535304
25 8 0.538480
25 9 0.521371
25 10 0.532189
25 11 0.552439
25 12 0.543938
25 13 0.536080
25 14 0.906796
25 15 0.605920
25 16 0.610772
25 17 0.523369
25 18 0.548491
25 19 0.500003
25 20 0.596066
25 21 0.666214
25 22 0.550091
25 23 0.674773
25 24 0.517042
25 25 0.616777
26 2 0.919956
26 6 0.608144
26 7 0.531131
26 8 0.545900
26 10 0.525889
26 12 0.537092
26 15 0.611907
26 16 0.565417
26 17 0.521815
26 19 0.500002
26 20 0.616194
26 21 0.840981
26 22 0.500302
26 23 0.664880
26 26 0.649022
