1 26 0.605392
3 17 0.992091
3 26 0.863803
4 22 0.522515
4 26 0.509382
5 26 0.608872
9 26 0.614377
11 26 0.682644
13 26 0.628632
14 26 0.950050
17 3 0.992091
18 26 0.987636
22 4 0.522515
24 26 0.606358
25 26 0.631224
26 1 0.605392
26 3 0.863803
26 4 0.509382
26 5 0.608872
26 9 0.614377
26 11 0.682644
26 13 0.628632
26 14 0.950050
26 18 0.987636
26 24 0.606358
26 25 0.631224
1 1 0.542147
1 2 0.707480
1 3 0.679510
1 4 0.501407
1 5 0.543496
1 6 0.740076
1 7 0.511467
1 8 0.572236
1 9 0.547215
1 10 0.510528
1 11 0.571360
1 12 0.562511
1 13 0.549356
1 14 0.747183
1 15 0.654720
1 16 0.693456
1 17 0.679510
1 18 0.834628
1 19 0.500002
1 20 0.707110
1 21 0.883831
1 22 0.501407
1 23 0.765602
1 24 0.542333
1 25 0.550164
2 1 0.707480
2 2 1.000000
2 3 0.997777
2 4 0.546806
2 5 0.693723
2 6 0.993869
2 7 0.605827
2 8 0.895722
2 9 0.732418
2 10 0.527338
2 11 0.823159
2 12 0.864902
2 13 0.734285
2 14 0.998164
2 15 0.997095
2 16 0.999047
2 17 0.997777
2 18 0.999999
2 19 0.500013
2 20 0.988456
2 21 0.999980
2 22 0.546806
2 23 0.980013
2 24 0.734385
2 25 0.711407
2 26 0.909307
3 1 0.679510
3 2 0.997777
3 3 0.992091
3 4 0.497697
3 5 0.697021
3 6 0.992593
3 7 0.573012
3 8 0.825794
3 9 0.710197
3 10 0.534784
3 11 0.763767
3 12 0.782383
3 13 0.691948
3 14 0.996959
3 15 0.978445
3 16 0.990578
3 18 0.999775
3 19 0.500006
3 20 0.987171
3 21 0.999874
3 22 0.497697
3 23 0.996390
3 24 0.693757
3 25 0.698491
4 1 0.501407
4 2 0.546806
4 3 0.497697
4 4 0.522515
4 5 0.501285
4 6 0.637168
4 7 0.501270
4 8 0.491743
4 9 0.498335
4 10 0.502792
4 11 0.510359
4 12 0.532602
4 13 0.503601
4 14 0.570034
4 15 0.483427
4 16 0.494757
4 17 0.497697
4 18 0.528608
4 19 0.500000
4 20 0.500370
4 21 0.551050
4 23 0.442325
4 24 0.501307
4 25 0.508158
5 1 0.543496
5 2 0.693723
5 3 0.697021
5 4 0.501285
5 5 0.549250
5 6 0.758688
5 7 0.513807
5 8 0.577374
5 9 0.549594
5 10 0.513042
5 11 0.574189
5 12 0.574079
5 13 0.552999
5 14 0.775896
5 15 0.658451
5 16 0.707138
5 17 0.697021
5 18 0.856745
5 19 0.500002
5 20 0.715970
5 21 0.882372
5 22 0.501285
5 23 0.796760
5 24 0.544205
5 25 0.554644
6 1 0.740076
6 2 0.993869
6 3 0.992593
6 4 0.637168
6 5 0.758688
6 6 1.000000
6 7 0.562008
6 8 0.837158
6 9 0.737237
6 10 0.591291
6 11 0.854866
6 12 0.930810
6 13 0.786371
6 14 0.999999
6 15 0.938729
6 16 0.993749
6 17 0.992593
6 18 0.999929
6 19 0.500008
6 20 0.986109
6 21 0.999997
6 22 0.637168
6 23 0.999552
6 24 0.750855
6 25 0.816585
6 26 0.945285
7 1 0.511467
7 2 0.605827
7 3 0.573012
7 4 0.501270
7 5 0.513807
7 6 0.562008
7 7 0.513887
7 8 0.529303
7 9 0.515206
7 10 0.508468
7 11 0.517644
7 12 0.527739
7 13 0.512197
7 14 0.584517
7 15 0.575794
7 16 0.601084
7 17 0.573012
7 18 0.644149
7 19 0.500000
7 20 0.577202
7 21 0.654171
7 22 0.501270
7 23 0.553452
7 24 0.510773
7 25 0.512459
7 26 0.527958
8 1 0.572236
8 2 0.895722
8 3 0.825794
8 4 0.491743
8 5 0.577374
8 6 0.837158
8 7 0.529303
8 8 0.707259
8 9 0.588525
8 10 0.521478
8 11 0.592033
8 12 0.577324
8 13 0.577393
8 14 0.807480
8 15 0.824338
8 16 0.831267
8 17 0.825794
8 18 0.949479
8 19 0.500004
8 20 0.802686
8 21 0.944173
8 22 0.491743
8 23 0.889308
8 24 0.579314
8 25 0.566901
8 26 0.668860
9 1 0.547215
9 2 0.732418
9 3 0.710197
9 4 0.498335
9 5 0.549594
9 6 0.737237
9 7 0.515206
9 8 0.588525
9 9 0.556852
9 10 0.510429
9 11 0.573547
9 12 0.556114
9 13 0.552335
9 14 0.743813
9 15 0.699743
9 16 0.726671
9 17 0.710197
9 18 0.846779
9 19 0.500002
9 20 0.737446
9 21 0.907677
9 22 0.498335
9 23 0.797017
9 24 0.547081
9 25 0.551376
10 1 0.510528
10 2 0.527338
10 3 0.534784
10 4 0.502792
10 5 0.513042
10 6 0.591291
10 7 0.508468
10 8 0.521478
10 9 0.510429
10 10 0.512946
10 11 0.519497
10 12 0.527404
10 13 0.514480
10 14 0.605240
10 15 0.527186
10 16 0.556820
10 17 0.534784
10 18 0.602139
10 19 0.500001
10 20 0.558038
10 21 0.618226
10 22 0.502792
10 23 0.553446
10 24 0.509784
10 25 0.515437
10 26 0.527345
11 1 0.571360
11 2 0.823159
11 3 0.763767
11 4 0.510359
11 5 0.574189
11 6 0.854866
11 7 0.517644
11 8 0.592033
11 9 0.573547
11 10 0.519497
11 11 0.643031
11 12 0.644649
11 13 0.593880
11 14 0.889998
11 15 0.700841
11 16 0.787080
11 17 0.763767
11 18 0.961014
11 19 0.500003
11 20 0.816150
11 21 0.972951
11 22 0.510359
11 23 0.879944
11 24 0.570702
11 25 0.599208
12 1 0.562511
12 2 0.864902
12 3 0.782383
12 4 0.532602
12 5 0.574079
12 6 0.930810
12 7 0.527739
12 8 0.577324
12 9 0.556114
12 10 0.527404
12 11 0.644649
12 12 0.722696
12 13 0.592414
12 14 0.955225
12 15 0.643733
12 16 0.804559
12 17 0.782383
12 18 0.980577
12 19 0.500003
12 20 0.780011
12 21 0.960118
12 22 0.532602
12 23 0.843555
12 24 0.565248
12 25 0.608071
12 26 0.673327
13 1 0.549356
13 2 0.734285
13 3 0.691948
13 4 0.503601
13 5 0.552999
13 6 0.786371
13 7 0.512197
13 8 0.577393
13 9 0.552335
13 10 0.514480
13 11 0.593880
13 12 0.592414
13 13 0.566611
13 14 0.806756
13 15 0.648819
13 16 0.715840
13 17 0.691948
13 18 0.900248
13 19 0.500002
13 20 0.718534
13 21 0.901492
13 22 0.503601
13 23 0.818812
13 24 0.550352
13 25 0.566757
14 1 0.747183
14 2 0.998164
14 3 0.996959
14 4 0.570034
14 5 0.775896
14 6 0.999999
14 7 0.584517
14 8 0.807480
14 9 0.743813
14 10 0.605240
14 11 0.889998
14 12 0.955225
14 13 0.806756
14 14 1.000000
14 15 0.957053
14 16 0.997968
14 17 0.996959
14 18 0.999982
14 19 0.500008
14 20 0.994003
14 21 1.000000
14 22 0.570034
14 23 0.999942
14 24 0.751671
14 25 0.842366
15 1 0.654720
15 2 0.997095
15 3 0.978445
15 4 0.483427
15 5 0.658451
15 6 0.938729
15 7 0.575794
15 8 0.824338
15 9 0.699743
15 10 0.527186
15 11 0.700841
15 12 0.643733
15 13 0.648819
15 14 0.957053
15 15 0.983320
15 16 0.985693
15 17 0.978445
15 18 0.998037
15 19 0.500006
15 20 0.977017
15 21 0.999653
15 22 0.483427
15 23 0.984443
15 24 0.658821
15 25 0.633879
15 26 0.817011
16 1 0.693456
16 2 0.999047
16 3 0.990578
16 4 0.494757
16 5 0.707138
16 6 0.993749
16 7 0.601084
16 8 0.831267
16 9 0.726671
16 10 0.556820
16 11 0.787080
16 12 0.804559
16 13 0.715840
16 14 0.997968
16 15 0.985693
16 16 0.996999
16 17 0.990578
16 18 0.999903
16 19 0.500008
16 20 0.987024
16 21 0.999960
16 22 0.494757
16 23 0.996830
16 24 0.695615
16 25 0.715765
16 26 0.883650
17 1 0.679510
17 2 0.997777
17 4 0.497697
17 5 0.697021
17 6 0.992593
17 7 0.573012
17 8 0.825794
17 9 0.710197
17 10 0.534784
17 11 0.763767
17 12 0.782383
17 13 0.691948
17 14 0.996959
17 15 0.978445
17 16 0.990578
17 17 0.992091
17 18 0.999775
17 19 0.500006
17 20 0.987171
17 21 0.999874
17 22 0.497697
17 23 0.996390
17 24 0.693757
17 25 0.698491
17 26 0.863803
18 1 0.834628
18 2 0.999999
18 3 0.999775
18 4 0.528608
18 5 0.856745
18 6 0.999929
18 7 0.644149
18 8 0.949479
18 9 0.846779
18 10 0.602139
18 11 0.961014
18 12 0.980577
18 13 0.900248
18 14 0.999982
18 15 0.998037
18 16 0.999903
18 17 0.999775
18 18 1.000000
18 19 0.500020
18 20 0.999744
18 21 1.000000
18 22 0.528608
18 23 0.999975
18 24 0.851787
18 25 0.899273
19 1 0.500002
19 2 0.500013
19 3 0.500006
19 4 0.500000
19 5 0.500002
19 6 0.500008
19 7 0.500000
19 8 0.500004
19 9 0.500002
19 10 0.500001
19 11 0.500003
19 12 0.500003
19 13 0.500002
19 14 0.500008
19 15 0.500006
19 16 0.500008
19 17 0.500006
19 18 0.500020
19 19 0.500000
19 20 0.500007
19 21 0.500016
19 22 0.500000
19 23 0.500010
19 24 0.500002
19 25 0.500002
19 26 0.500004
20 1 0.707110
20 2 0.988456
20 3 0.987171
20 4 0.500370
20 5 0.715970
20 6 0.986109
20 7 0.577202
20 8 0.802686
20 9 0.737446
20 10 0.558038
20 11 0.816150
20 12 0.780011
20 13 0.718534
20 14 0.994003
20 15 0.977017
20 16 0.987024
20 17 0.987171
20 18 0.999744
20 19 0.500007
20 20 0.996642
20 21 0.999993
20 22 0.500370
20 23 0.995987
20 24 0.703642
20 25 0.732858
20 26 0.896354
21 1 0.883831
21 2 0.999980
21 3 0.999874
21 4 0.551050
21 5 0.882372
21 6 0.999997
21 7 0.654171
21 8 0.944173
21 9 0.907677
21 10 0.618226
21 11 0.972951
21 12 0.960118
21 13 0.901492
21 14 1.000000
21 15 0.999653
21 16 0.999960
21 17 0.999874
21 18 1.000000
21 19 0.500016
21 20 0.999993
21 21 1.000000
21 22 0.551050
21 23 0.999997
21 24 0.868894
21 25 0.919537
21 26 0.993970
22 1 0.501407
22 2 0.546806
22 3 0.497697
22 5 0.501285
22 6 0.637168
22 7 0.501270
22 8 0.491743
22 9 0.498335
22 10 0.502792
22 11 0.510359
22 12 0.532602
22 13 0.503601
22 14 0.570034
22 15 0.483427
22 16 0.494757
22 17 0.497697
22 18 0.528608
22 19 0.500000
22 20 0.500370
22 21 0.551050
22 22 0.522515
22 23 0.442325
22 24 0.501307
22 25 0.508158
22 26 0.509382
23 1 0.765602
23 2 0.980013
23 3 0.996390
23 4 0.442325
23 5 0.796760
23 6 0.999552
23 7 0.553452
23 8 0.889308
23 9 0.797017
23 10 0.553446
23 11 0.879944
23 12 0.843555
23 13 0.818812
23 14 0.999942
23 15 0.984443
23 16 0.996830
23 17 0.996390
23 18 0.999975
23 19 0.500010
23 20 0.995987
23 21 0.999997
23 22 0.442325
23 23 0.999996
23 24 0.770705
23 25 0.819849
23 26 0.951549
24 1 0.542333
24 2 0.734385
24 3 0.693757
24 4 0.501307
24 5 0.544205
24 6 0.750855
24 7 0.510773
24 8 0.579314
24 9 0.547081
24 10 0.509784
24 11 0.570702
24 12 0.565248
24 13 0.550352
24 14 0.751671
24 15 0.658821
24 16 0.695615
24 17 0.693757
24 18 0.851787
24 19 0.500002
24 20 0.703642
24 21 0.868894
24 22 0.501307
24 23 0.770705
24 24 0.544863
24 25 0.550158
25 1 0.550164
25 2 0.711407
25 3 0.698491
25 4 0.508158
25 5 0.554644
25 6 0.816585
25 7 0.512459
25 8 0.566901
25 9 0.551376
25 10 0.515437
25 11 0.599208
25 12 0.608071
25 13 0.566757
25 14 0.842366
25 15 0.633879
25 16 0.715765
25 17 0.698491
25 18 0.899273
25 19 0.500002
25 20 0.732858
25 21 0.919537
25 22 0.508158
25 23 0.819849
25 24 0.550158
25 25 0.572021
26 2 0.909307
26 6 0.945285
26 7 0.527958
26 8 0.668860
26 10 0.527345
26 12 0.673327
26 15 0.817011
26 16 0.883650
26 17 0.863803
26 19 0.500004
26 20 0.896354
26 21 0.993970
26 22 0.509382
26 23 0.951549
26 26 0.752147
