1 26 0.537234
3 17 0.840217
3 26 0.569629
4 22 0.530162
4 26 0.526290
5 26 0.515134
9 26 0.544696
11 26 0.563047
13 26 0.550725
14 26 0.823185
17 3 0.840217
18 26 0.710265
22 4 0.530162
24 26 0.556149
25 26 0.547596
26 1 0.537234
26 3 0.569629
26 4 0.526290
26 5 0.515134
26 9 0.544696
26 11 0.563047
26 13 0.550725
26 14 0.823185
26 18 0.710265
26 24 0.556149
26 25 0.547596
1 1 0.515762
1 2 0.585537
1 3 0.530774
1 4 0.509510
1 5 0.505644
1 6 0.619293
1 7 0.507649
1 8 0.511947
1 9 0.518374
1 10 0.503221
1 11 0.525643
1 12 0.525230
1 13 0.520889
1 14 0.655591
1 15 0.540368
1 16 0.504221
1 17 0.530774
1 18 0.597713
1 19 0.500001
1 20 0.539324
1 21 0.516183
1 22 0.503431
1 23 0.560100
1 24 0.523590
1 25 0.520665
2 1 0.585537
2 2 0.984789
2 3 0.796363
2 4 0.568959
2 5 0.588998
2 6 0.951766
2 7 0.519024
2 8 0.616981
2 9 0.622462
2 10 0.479130
2 11 0.710060
2 12 0.686848
2 13 0.630433
2 14 0.975339
2 15 0.593952
2 16 0.334157
2 17 0.796363
2 18 0.957112
2 19 0.500001
2 20 0.700759
2 21 0.609261
2 22 0.529347
2 23 0.913331
2 24 0.651442
2 25 0.603273
2 26 0.703169
3 1 0.530774
3 2 0.796363
3 3 0.840217
3 4 0.561347
3 5 0.591432
3 6 0.894002
3 7 0.522121
3 8 0.559468
3 9 0.544559
3 10 0.511092
3 11 0.834700
3 12 0.678852
3 13 0.554235
3 14 0.925525
3 15 0.461852
3 16 0.464715
3 18 0.656535
3 19 0.500004
3 20 0.647214
3 21 0.767771
3 22 0.549983
3 23 0.786476
3 24 0.556222
3 25 0.526902
4 1 0.509510
4 2 0.568959
4 3 0.561347
4 4 0.528204
4 5 0.518535
4 6 0.703796
4 7 0.508416
4 8 0.492597
4 9 0.515303
4 10 0.507280
4 11 0.588726
4 12 0.544764
4 13 0.512451
4 14 0.713653
4 15 0.516257
4 16 0.485171
4 17 0.561347
4 18 0.489554
4 19 0.500001
4 20 0.544853
4 21 0.627633
4 23 0.541234
4 24 0.510337
4 25 0.507052
5 1 0.505644
5 2 0.588998
5 3 0.591432
5 4 0.518535
5 5 0.537052
5 6 0.635093
5 7 0.505064
5 8 0.510108
5 9 0.506081
5 10 0.507524
5 11 0.602440
5 12 0.563646
5 13 0.512198
5 14 0.655887
5 15 0.491641
5 16 0.498577
5 17 0.591432
5 18 0.570710
5 19 0.500001
5 20 0.556251
5 21 0.630185
5 22 0.518734
5 23 0.574283
5 24 0.510661
5 25 0.502744
6 1 0.619293
6 2 0.951766
6 3 0.894002
6 4 0.703796
6 5 0.635093
6 6 0.999991
6 7 0.573604
6 8 0.414425
6 9 0.653864
6 10 0.509340
6 11 0.972977
6 12 0.858781
6 13 0.654717
6 14 0.999954
6 15 0.535826
6 16 0.316743
6 17 0.894002
6 18 0.629373
6 19 0.500005
6 20 0.801582
6 21 0.995748
6 22 0.696875
6 23 0.898792
6 24 0.628054
6 25 0.623648
6 26 0.769996
7 1 0.507649
7 2 0.519024
7 3 0.522121
7 4 0.508416
7 5 0.505064
7 6 0.573604
7 7 0.516960
7 8 0.494713
7 9 0.506842
7 10 0.504369
7 11 0.557678
7 12 0.505838
7 13 0.512547
7 14 0.572271
7 15 0.508298
7 16 0.502143
7 17 0.522121
7 18 0.543351
7 19 0.500000
7 20 0.526849
7 21 0.507739
7 22 0.506332
7 23 0.510055
7 24 0.511821
7 25 0.509245
7 26 0.518781
8 1 0.511947
8 2 0.616981
8 3 0.559468
8 4 0.492597
8 5 0.510108
8 6 0.414425
8 7 0.494713
8 8 0.575400
8 9 0.514573
8 10 0.503366
8 11 0.471079
8 12 0.534297
8 13 0.521751
8 14 0.507310
8 15 0.549508
8 16 0.556661
8 17 0.559468
8 18 0.656052
8 19 0.500002
8 20 0.540432
8 21 0.466649
8 22 0.482329
8 23 0.613228
8 24 0.530245
8 25 0.518008
8 26 0.530878
9 1 0.518374
9 2 0.622462
9 3 0.544559
9 4 0.515303
9 5 0.506081
9 6 0.653864
9 7 0.506842
9 8 0.514573
9 9 0.526556
9 10 0.500769
9 11 0.529761
9 12 0.530355
9 13 0.523622
9 14 0.700315
9 15 0.540958
9 16 0.493339
9 17 0.544559
9 18 0.591460
9 19 0.500001
9 20 0.534149
9 21 0.527293
9 22 0.508847
9 23 0.581328
9 24 0.526457
9 25 0.522542
10 1 0.503221
10 2 0.479130
10 3 0.511092
10 4 0.507280
10 5 0.507524
10 6 0.509340
10 7 0.504369
10 8 0.503366
10 9 0.500769
10 10 0.514574
10 11 0.510194
10 12 0.515553
10 13 0.502692
10 14 0.548100
10 15 0.538927
10 16 0.530214
10 17 0.511092
10 18 0.522318
10 19 0.500001
10 20 0.536227
10 21 0.522992
10 22 0.508468
10 23 0.516913
10 24 0.502827
10 25 0.504045
10 26 0.508050
11 1 0.525643
11 2 0.710060
11 3 0.834700
11 4 0.588726
11 5 0.602440
11 6 0.972977
11 7 0.557678
11 8 0.471079
11 9 0.529761
11 10 0.510194
11 11 0.930693
11 12 0.688713
11 13 0.556071
11 14 0.950461
11 15 0.379916
11 16 0.465958
11 17 0.834700
11 18 0.504981
11 19 0.500004
11 20 0.659840
11 21 0.926792
11 22 0.589688
11 23 0.611295
11 24 0.536429
11 25 0.513902
12 1 0.525230
12 2 0.686848
12 3 0.678852
12 4 0.544764
12 5 0.563646
12 6 0.858781
12 7 0.505838
12 8 0.534297
12 9 0.530355
12 10 0.515553
12 11 0.688713
12 12 0.651924
12 13 0.538438
12 14 0.880482
12 15 0.532646
12 16 0.528242
12 17 0.678852
12 18 0.631280
12 19 0.500003
12 20 0.624239
12 21 0.802794
12 22 0.541059
12 23 0.656539
12 24 0.536825
12 25 0.524716
12 26 0.563190
13 1 0.520889
13 2 0.630433
13 3 0.554235
13 4 0.512451
13 5 0.512198
13 6 0.654717
13 7 0.512547
13 8 0.521751
13 9 0.523622
13 10 0.502692
13 11 0.556071
13 12 0.538438
13 13 0.531494
13 14 0.691444
13 15 0.541046
13 16 0.504898
13 17 0.554235
13 18 0.637978
13 19 0.500001
13 20 0.556420
13 21 0.539291
13 22 0.503616
13 23 0.576228
13 24 0.534381
13 25 0.527217
14 1 0.655591
14 2 0.975339
14 3 0.925525
14 4 0.713653
14 5 0.655887
14 6 0.999954
14 7 0.572271
14 8 0.507310
14 9 0.700315
14 10 0.548100
14 11 0.950461
14 12 0.880482
14 13 0.691444
14 14 0.999995
14 15 0.816487
14 16 0.374862
14 17 0.925525
14 18 0.900314
14 19 0.500010
14 20 0.882905
14 21 0.973977
14 22 0.685415
14 23 0.968573
14 24 0.696521
14 25 0.679128
15 1 0.540368
15 2 0.593952
15 3 0.461852
15 4 0.516257
15 5 0.491641
15 6 0.535826
15 7 0.508298
15 8 0.549508
15 9 0.540958
15 10 0.538927
15 11 0.379916
15 12 0.532646
15 13 0.541046
15 14 0.816487
15 15 0.793846
15 16 0.642633
15 17 0.461852
15 18 0.821630
15 19 0.500006
15 20 0.666675
15 21 0.446177
15 22 0.503465
15 23 0.709445
15 24 0.561134
15 25 0.562017
15 26 0.597846
16 1 0.504221
16 2 0.334157
16 3 0.464715
16 4 0.485171
16 5 0.498577
16 6 0.316743
16 7 0.502143
16 8 0.556661
16 9 0.493339
16 10 0.530214
16 11 0.465958
16 12 0.528242
16 13 0.504898
16 14 0.374862
16 15 0.642633
16 16 0.765348
16 17 0.464715
16 18 0.662253
16 19 0.500005
16 20 0.572504
16 21 0.701216
16 22 0.485759
16 23 0.463238
16 24 0.501938
16 25 0.509477
16 26 0.513957
17 1 0.530774
17 2 0.796363
17 4 0.561347
17 5 0.591432
17 6 0.894002
17 7 0.522121
17 8 0.559468
17 9 0.544559
17 10 0.511092
17 11 0.834700
17 12 0.678852
17 13 0.554235
17 14 0.925525
17 15 0.461852
17 16 0.464715
17 17 0.840217
17 18 0.656535
17 19 0.500004
17 20 0.647214
17 21 0.767771
17 22 0.549983
17 23 0.786476
17 24 0.556222
17 25 0.526902
17 26 0.569629
18 1 0.597713
18 2 0.957112
18 3 0.656535
18 4 0.489554
18 5 0.570710
18 6 0.629373
18 7 0.543351
18 8 0.656052
18 9 0.591460
18 10 0.522318
18 11 0.504981
18 12 0.631280
18 13 0.637978
18 14 0.900314
18 15 0.821630
18 16 0.662253
18 17 0.656535
18 18 0.997730
18 19 0.500003
18 20 0.799369
18 21 0.284186
18 22 0.430034
18 23 0.945444
18 24 0.678041
18 25 0.645410
19 1 0.500001
19 2 0.500001
19 3 0.500004
19 4 0.500001
19 5 0.500001
19 6 0.500005
19 7 0.500000
19 8 0.500002
19 9 0.500001
19 10 0.500001
19 11 0.500004
19 12 0.500003
19 13 0.500001
19 14 0.500010
19 15 0.500006
19 16 0.500005
19 17 0.500004
19 18 0.500003
19 19 0.500000
19 20 0.500005
19 21 0.500011
19 22 0.500001
19 23 0.500004
19 24 0.500001
19 25 0.500001
19 26 0.500002
20 1 0.539324
20 2 0.700759
20 3 0.647214
20 4 0.544853
20 5 0.556251
20 6 0.801582
20 7 0.526849
20 8 0.540432
20 9 0.534149
20 10 0.536227
20 11 0.659840
20 12 0.624239
20 13 0.556420
20 14 0.882905
20 15 0.666675
20 16 0.572504
20 17 0.647214
20 18 0.799369
20 19 0.500005
20 20 0.713818
20 21 0.700163
20 22 0.535901
20 23 0.710761
20 24 0.565315
20 25 0.548420
20 26 0.597221
21 1 0.516183
21 2 0.609261
21 3 0.767771
21 4 0.627633
21 5 0.630185
21 6 0.995748
21 7 0.507739
21 8 0.466649
21 9 0.527293
21 10 0.522992
21 11 0.926792
21 12 0.802794
21 13 0.539291
21 14 0.973977
21 15 0.446177
21 16 0.701216
21 17 0.767771
21 18 0.284186
21 19 0.500011
21 20 0.700163
21 21 0.998939
21 22 0.658809
21 23 0.438576
21 24 0.488975
21 25 0.485122
21 26 0.575400
22 1 0.503431
22 2 0.529347
22 3 0.549983
22 5 0.518734
22 6 0.696875
22 7 0.506332
22 8 0.482329
22 9 0.508847
22 10 0.508468
22 11 0.589688
22 12 0.541059
22 13 0.503616
22 14 0.685415
22 15 0.503465
22 16 0.485759
22 17 0.549983
22 18 0.430034
22 19 0.500001
22 20 0.535901
22 21 0.658809
22 22 0.536677
22 23 0.511793
22 24 0.498813
22 25 0.497493
22 26 0.513419
23 1 0.560100
23 2 0.913331
23 3 0.786476
23 4 0.541234
23 5 0.574283
23 6 0.898792
23 7 0.510055
23 8 0.613228
23 9 0.581328
23 10 0.516913
23 11 0.611295
23 12 0.656539
23 13 0.576228
23 14 0.968573
23 15 0.709445
23 16 0.463238
23 17 0.786476
23 18 0.945444
23 19 0.500004
23 20 0.710761
23 21 0.438576
23 22 0.511793
23 23 0.969502
23 24 0.606684
23 25 0.580716
23 26 0.636128
24 1 0.523590
24 2 0.651442
24 3 0.556222
24 4 0.510337
24 5 0.510661
24 6 0.628054
24 7 0.511821
24 8 0.530245
24 9 0.526457
24 10 0.502827
24 11 0.536429
24 12 0.536825
24 13 0.534381
24 14 0.696521
24 15 0.561134
24 16 0.501938
24 17 0.556222
24 18 0.678041
24 19 0.500001
24 20 0.565315
24 21 0.488975
24 22 0.498813
24 23 0.606684
24 24 0.541721
24 25 0.532276
25 1 0.520665
25 2 0.603273
25 3 0.526902
25 4 0.507052
25 5 0.502744
25 6 0.623648
25 7 0.509245
25 8 0.518008
25 9 0.522542
25 10 0.504045
25 11 0.513902
25 12 0.524716
25 13 0.527217
25 14 0.679128
25 15 0.562017
25 16 0.509477
25 17 0.526902
25 18 0.645410
25 19 0.500001
25 20 0.548420
25 21 0.485122
25 22 0.497493
25 23 0.580716
25 24 0.532276
25 25 0.529443
26 2 0.703169
26 6 0.769996
26 7 0.518781
26 8 0.530878
26 10 0.508050
26 12 0.563190
26 15 0.597846
26 16 0.513957
26 17 0.569629
26 19 0.500002
26 20 0.597221
26 21 0.575400
26 22 0.513419
26 23 0.636128
26 26 0.590957
