1 26 0.642702
3 17 0.881106
3 26 0.823813
4 22 0.524342
4 26 0.548820
5 26 0.648816
9 26 0.651882
11 26 0.868448
13 26 0.678051
14 26 0.908419
17 3 0.881106
18 26 0.760846
22 4 0.524342
24 26 0.658035
25 26 0.551742
26 1 0.642702
26 3 0.823813
26 4 0.548820
26 5 0.648816
26 9 0.651882
26 11 0.868448
26 13 0.678051
26 14 0.908419
26 18 0.760846
26 24 0.658035
26 25 0.551742
1 1 0.559532
1 2 0.537567
1 3 0.642923
1 4 0.518868
1 5 0.562268
1 6 0.786284
1 7 0.515459
1 8 0.546240
1 9 0.565429
1 10 0.503321
1 11 0.672281
1 12 0.547007
1 13 0.574485
1 14 0.730251
1 15 0.627868
1 16 0.661330
1 17 0.634265
1 18 0.615908
1 19 0.500001
1 20 0.642510
1 21 0.764590
1 22 0.518868
1 23 0.642863
1 24 0.564838
1 25 0.525976
2 1 0.537567
2 2 0.986736
2 3 0.508609
2 4 0.472789
2 5 0.548734
2 6 0.312949
2 7 0.493861
2 8 0.559882
2 9 0.562778
2 10 0.542552
2 11 0.575321
2 12 0.543732
2 13 0.566668
2 14 0.894061
2 15 0.684247
2 16 0.532165
2 17 0.470751
2 18 0.658207
2 19 0.500003
2 20 0.627730
2 21 0.292903
2 22 0.472789
2 23 0.645629
2 24 0.495762
2 25 0.623661
2 26 0.579435
3 1 0.642923
3 2 0.508609
3 3 0.877343
3 4 0.557650
3 5 0.645452
3 6 0.987810
3 7 0.546935
3 8 0.659418
3 9 0.645934
3 10 0.498859
3 11 0.896259
3 12 0.621202
3 13 0.680909
3 14 0.926537
3 15 0.830799
3 16 0.877724
3 18 0.740736
3 19 0.500002
3 20 0.832404
3 21 0.972456
3 22 0.557650
3 23 0.908924
3 24 0.667436
3 25 0.503866
4 1 0.518868
4 2 0.472789
4 3 0.557650
4 4 0.524342
4 5 0.520733
4 6 0.726931
4 7 0.507611
4 8 0.518121
4 9 0.518389
4 10 0.503194
4 11 0.596234
4 12 0.528813
4 13 0.524166
4 14 0.523025
4 15 0.589775
4 16 0.595565
4 17 0.557823
4 18 0.532028
4 19 0.500001
4 20 0.558461
4 21 0.648535
4 23 0.544105
4 24 0.523230
4 25 0.495743
5 1 0.562268
5 2 0.548734
5 3 0.645452
5 4 0.520733
5 5 0.566421
5 6 0.799818
5 7 0.517982
5 8 0.546977
5 9 0.568706
5 10 0.504208
5 11 0.682091
5 12 0.552668
5 13 0.578436
5 14 0.747878
5 15 0.636578
5 16 0.664771
5 17 0.634909
5 18 0.624165
5 19 0.500001
5 20 0.650879
5 21 0.768479
5 22 0.520733
5 23 0.649109
5 24 0.568168
5 25 0.529816
6 1 0.786284
6 2 0.312949
6 3 0.987810
6 4 0.726931
6 5 0.799818
6 6 1.000000
6 7 0.618299
6 8 0.821349
6 9 0.749365
6 10 0.466892
6 11 0.999393
6 12 0.902722
6 13 0.859121
6 14 0.911593
6 15 0.988063
6 16 0.994661
6 17 0.988587
6 18 0.931141
6 19 0.500010
6 20 0.984781
6 21 0.999956
6 22 0.726931
6 23 0.974350
6 24 0.854052
6 25 0.486872
6 26 0.973705
7 1 0.515459
7 2 0.493861
7 3 0.546935
7 4 0.507611
7 5 0.517982
7 6 0.618299
7 7 0.516416
7 8 0.514488
7 9 0.516997
7 10 0.502369
7 11 0.556995
7 12 0.522150
7 13 0.520903
7 14 0.679890
7 15 0.548306
7 16 0.536376
7 17 0.544580
7 18 0.528213
7 19 0.500000
7 20 0.551585
7 21 0.573016
7 22 0.507611
7 23 0.565679
7 24 0.522385
7 25 0.511812
7 26 0.537118
8 1 0.546240
8 2 0.559882
8 3 0.659418
8 4 0.518121
8 5 0.546977
8 6 0.821349
8 7 0.514488
8 8 0.581178
8 9 0.549939
8 10 0.499302
8 11 0.652791
8 12 0.534277
8 13 0.563804
8 14 0.727215
8 15 0.655960
8 16 0.646433
8 17 0.659394
8 18 0.601343
8 19 0.500002
8 20 0.668088
8 21 0.743517
8 22 0.518121
8 23 0.700772
8 24 0.560022
8 25 0.505649
8 26 0.622690
9 1 0.565429
9 2 0.562778
9 3 0.645934
9 4 0.518389
9 5 0.568706
9 6 0.749365
9 7 0.516997
9 8 0.549939
9 9 0.577618
9 10 0.507191
9 11 0.657436
9 12 0.538995
9 13 0.580403
9 14 0.771085
9 15 0.650486
9 16 0.662017
9 17 0.632074
9 18 0.631699
9 19 0.500001
9 20 0.652649
9 21 0.763139
9 22 0.518389
9 23 0.655649
9 24 0.569911
9 25 0.533025
10 1 0.503321
10 2 0.542552
10 3 0.498859
10 4 0.503194
10 5 0.504208
10 6 0.466892
10 7 0.502369
10 8 0.499302
10 9 0.507191
10 10 0.511720
10 11 0.505360
10 12 0.505871
10 13 0.504132
10 14 0.561689
10 15 0.537925
10 16 0.518731
10 17 0.494984
10 18 0.507884
10 19 0.500000
10 20 0.502636
10 21 0.482888
10 22 0.503194
10 23 0.524511
10 24 0.498965
10 25 0.506757
10 26 0.502993
11 1 0.672281
11 2 0.575321
11 3 0.896259
11 4 0.596234
11 5 0.682091
11 6 0.999393
11 7 0.556995
11 8 0.652791
11 9 0.657436
11 10 0.505360
11 11 0.971320
11 12 0.749371
11 13 0.725784
11 14 0.880067
11 15 0.880532
11 16 0.942481
11 17 0.897104
11 18 0.788524
11 19 0.500004
11 20 0.875066
11 21 0.990150
11 22 0.596234
11 23 0.886465
11 24 0.691752
11 25 0.530291
12 1 0.547007
12 2 0.543732
12 3 0.621202
12 4 0.528813
12 5 0.552668
12 6 0.902722
12 7 0.522150
12 8 0.534277
12 9 0.538995
12 10 0.505871
12 11 0.749371
12 12 0.617607
12 13 0.570329
12 14 0.712391
12 15 0.645780
12 16 0.694310
12 17 0.617240
12 18 0.588496
12 19 0.500002
12 20 0.657381
12 21 0.758806
12 22 0.528813
12 23 0.634822
12 24 0.552448
12 25 0.538709
12 26 0.619060
13 1 0.574485
13 2 0.566668
13 3 0.680909
13 4 0.524166
13 5 0.578436
13 6 0.859121
13 7 0.520903
13 8 0.563804
13 9 0.580403
13 10 0.504132
13 11 0.725784
13 12 0.570329
13 13 0.596157
13 14 0.784216
13 15 0.670114
13 16 0.707347
13 17 0.670978
13 18 0.646298
13 19 0.500001
13 20 0.691619
13 21 0.814939
13 22 0.524166
13 23 0.688013
13 24 0.582208
13 25 0.535289
14 1 0.730251
14 2 0.894061
14 3 0.926537
14 4 0.523025
14 5 0.747878
14 6 0.911593
14 7 0.679890
14 8 0.727215
14 9 0.771085
14 10 0.561689
14 11 0.880067
14 12 0.712391
14 13 0.784216
14 14 1.000000
14 15 0.877046
14 16 0.793204
14 17 0.905927
14 18 0.890719
14 19 0.500008
14 20 0.959596
14 21 0.953783
14 22 0.523025
14 23 0.995041
14 24 0.776580
14 25 0.835056
15 1 0.627868
15 2 0.684247
15 3 0.830799
15 4 0.589775
15 5 0.636578
15 6 0.988063
15 7 0.548306
15 8 0.655960
15 9 0.650486
15 10 0.537925
15 11 0.880532
15 12 0.645780
15 13 0.670114
15 14 0.877046
15 15 0.946235
15 16 0.908736
15 17 0.822334
15 18 0.738937
15 19 0.500002
15 20 0.855637
15 21 0.955408
15 22 0.589775
15 23 0.891360
15 24 0.640827
15 25 0.508178
15 26 0.784364
16 1 0.661330
16 2 0.532165
16 3 0.877724
16 4 0.595565
16 5 0.664771
16 6 0.994661
16 7 0.536376
16 8 0.646433
16 9 0.662017
16 10 0.518731
16 11 0.942481
16 12 0.694310
16 13 0.707347
16 14 0.793204
16 15 0.908736
16 16 0.955300
16 17 0.879431
16 18 0.749864
16 19 0.500003
16 20 0.859503
16 21 0.986596
16 22 0.595565
16 23 0.878842
16 24 0.660944
16 25 0.506442
16 26 0.845468
17 1 0.634265
17 2 0.470751
17 4 0.557823
17 5 0.634909
17 6 0.988587
17 7 0.544580
17 8 0.659394
17 9 0.632074
17 10 0.494984
17 11 0.897104
17 12 0.617240
17 13 0.670978
17 14 0.905927
17 15 0.822334
17 16 0.879431
17 17 0.889424
17 18 0.715457
17 19 0.500002
17 20 0.818384
17 21 0.973159
17 22 0.557823
17 23 0.914908
17 24 0.659005
17 25 0.482547
17 26 0.814073
18 1 0.615908
18 2 0.658207
18 3 0.740736
18 4 0.532028
18 5 0.624165
18 6 0.931141
18 7 0.528213
18 8 0.601343
18 9 0.631699
18 10 0.507884
18 11 0.788524
18 12 0.588496
18 13 0.646298
18 14 0.890719
18 15 0.738937
18 16 0.749864
18 17 0.715457
18 18 0.747850
18 19 0.500002
18 20 0.778278
18 21 0.886354
18 22 0.532028
18 23 0.752116
18 24 0.629394
18 25 0.571059
19 1 0.500001
19 2 0.500003
19 3 0.500002
19 4 0.500001
19 5 0.500001
19 6 0.500010
19 7 0.500000
19 8 0.500002
19 9 0.500001
19 10 0.500000
19 11 0.500004
19 12 0.500002
19 13 0.500001
19 14 0.500008
19 15 0.500002
19 16 0.500003
19 17 0.500002
19 18 0.500002
19 19 0.500000
19 20 0.500004
19 21 0.500004
19 22 0.500001
19 23 0.500004
19 24 0.500001
19 25 0.500001
19 26 0.500002
20 1 0.642510
20 2 0.627730
20 3 0.832404
20 4 0.558461
20 5 0.650879
20 6 0.984781
20 7 0.551585
20 8 0.668088
20 9 0.652649
20 10 0.502636
20 11 0.875066
20 12 0.657381
20 13 0.691619
20 14 0.959596
20 15 0.855637
20 16 0.859503
20 17 0.818384
20 18 0.778278
20 19 0.500004
20 20 0.896050
20 21 0.951269
20 22 0.558461
20 23 0.859584
20 24 0.676173
20 25 0.583327
20 26 0.814997
21 1 0.764590
21 2 0.292903
21 3 0.972456
21 4 0.648535
21 5 0.768479
21 6 0.999956
21 7 0.573016
21 8 0.743517
21 9 0.763139
21 10 0.482888
21 11 0.990150
21 12 0.758806
21 13 0.814939
21 14 0.953783
21 15 0.955408
21 16 0.986596
21 17 0.973159
21 18 0.886354
21 19 0.500004
21 20 0.951269
21 21 0.999647
21 22 0.648535
21 23 0.963885
21 24 0.793821
21 25 0.508461
21 26 0.954496
22 1 0.518868
22 2 0.472789
22 3 0.557650
22 5 0.520733
22 6 0.726931
22 7 0.507611
22 8 0.518121
22 9 0.518389
22 10 0.503194
22 11 0.596234
22 12 0.528813
22 13 0.524166
22 14 0.523025
22 15 0.589775
22 16 0.595565
22 17 0.557823
22 18 0.532028
22 19 0.500001
22 20 0.558461
22 21 0.648535
22 22 0.524342
22 23 0.544105
22 24 0.523230
22 25 0.495743
22 26 0.548820
23 1 0.642863
23 2 0.645629
23 3 0.908924
23 4 0.544105
23 5 0.649109
23 6 0.974350
23 7 0.565679
23 8 0.700772
23 9 0.655649
23 10 0.524511
23 11 0.886465
23 12 0.634822
23 13 0.688013
23 14 0.995041
23 15 0.891360
23 16 0.878842
23 17 0.914908
23 18 0.752116
23 19 0.500004
23 20 0.859584
23 21 0.963885
23 22 0.544105
23 23 0.987063
23 24 0.665375
23 25 0.530073
23 26 0.829464
24 1 0.564838
24 2 0.495762
24 3 0.667436
24 4 0.523230
24 5 0.568168
24 6 0.854052
24 7 0.522385
24 8 0.560022
24 9 0.569911
24 10 0.498965
24 11 0.691752
24 12 0.552448
24 13 0.582208
24 14 0.776580
24 15 0.640827
24 16 0.660944
24 17 0.659005
24 18 0.629394
24 19 0.500001
24 20 0.676173
24 21 0.793821
24 22 0.523230
24 23 0.665375
24 24 0.581104
24 25 0.525873
25 1 0.525976
25 2 0.623661
25 3 0.503866
25 4 0.495743
25 5 0.529816
25 6 0.486872
25 7 0.511812
25 8 0.505649
25 9 0.533025
25 10 0.506757
25 11 0.530291
25 12 0.538709
25 13 0.535289
25 14 0.835056
25 15 0.508178
25 16 0.506442
25 17 0.482547
25 18 0.571059
25 19 0.500001
25 20 0.583327
25 21 0.508461
25 22 0.495743
25 23 0.530073
25 24 0.525873
25 25 0.580999
26 2 0.579435
26 6 0.973705
26 7 0.537118
26 8 0.622690
26 10 0.502993
26 12 0.619060
26 15 0.784364
26 16 0.845468
26 17 0.814073
26 19 0.500002
26 20 0.814997
26 21 0.954496
26 22 0.548820
26 23 0.829464
26 26 0.813984
