1 26 0.788849
3 17 0.970149
3 26 0.959774
4 22 0.534965
4 26 0.652667
5 26 0.782761
9 26 0.795915
11 26 0.887719
13 26 0.663196
14 26 0.957408
17 3 0.970149
18 26 0.948824
22 4 0.534965
24 26 0.819117
25 26 0.815803
26 1 0.788849
26 3 0.959774
26 4 0.652667
26 5 0.782761
26 9 0.795915
26 11 0.887719
26 13 0.663196
26 14 0.957408
26 18 0.948824
26 24 0.819117
26 25 0.815803
1 1 0.622969
1 2 0.934086
1 3 0.776196
1 4 0.558258
1 5 0.620018
1 6 0.974671
1 7 0.550326
1 8 0.555340
1 9 0.628698
1 10 0.515639
1 11 0.684745
1 12 0.547005
1 13 0.558166
1 14 0.754313
1 15 0.593452
1 16 0.645718
1 17 0.776196
1 18 0.751524
1 19 0.500002
1 20 0.667548
1 21 0.859062
1 22 0.564287
1 23 0.617076
1 24 0.639972
1 25 0.637906
2 1 0.934086
2 2 1.000000
2 3 0.999003
2 4 0.867219
2 5 0.914573
2 6 1.000000
2 7 0.715459
2 8 0.893652
2 9 0.927011
2 10 0.703925
2 11 0.988815
2 12 0.827163
2 13 0.822657
2 14 0.997711
2 15 0.846876
2 16 0.906785
2 17 0.999003
2 18 0.993835
2 19 0.500015
2 20 0.989923
2 21 0.999993
2 22 0.937098
2 23 0.996948
2 24 0.960100
2 25 0.958500
2 26 0.999152
3 1 0.776196
3 2 0.999003
3 3 0.970149
3 4 0.652257
3 5 0.770243
3 6 0.999857
3 7 0.619201
3 8 0.656573
3 9 0.791447
3 10 0.534166
3 11 0.865316
3 12 0.607229
3 13 0.604451
3 14 0.935681
3 15 0.663273
3 16 0.833677
3 18 0.936240
3 19 0.500006
3 20 0.837681
3 21 0.990585
3 22 0.661533
3 23 0.851093
3 24 0.812705
3 25 0.802855
4 1 0.558258
4 2 0.867219
4 3 0.652257
4 4 0.564861
4 5 0.551417
4 6 0.725469
4 7 0.510522
4 8 0.536477
4 9 0.552596
4 10 0.514750
4 11 0.598444
4 12 0.501577
4 13 0.524992
4 14 0.605899
4 15 0.509509
4 16 0.591472
4 17 0.652257
4 18 0.636925
4 19 0.500002
4 20 0.565868
4 21 0.765949
4 23 0.661296
4 24 0.569822
4 25 0.568974
5 1 0.620018
5 2 0.914573
5 3 0.770243
5 4 0.551417
5 5 0.618800
5 6 0.975528
5 7 0.552449
5 8 0.551605
5 9 0.627800
5 10 0.513412
5 11 0.678042
5 12 0.546960
5 13 0.556721
5 14 0.751362
5 15 0.600596
5 16 0.647719
5 17 0.770243
5 18 0.746999
5 19 0.500002
5 20 0.668201
5 21 0.843361
5 22 0.564331
5 23 0.596827
5 24 0.636206
5 25 0.633482
6 1 0.974671
6 2 1.000000
6 3 0.999857
6 4 0.725469
6 5 0.975528
6 6 1.000000
6 7 0.865894
6 8 0.865785
6 9 0.982456
6 10 0.585897
6 11 0.995689
6 12 0.877032
6 13 0.856354
6 14 0.999939
6 15 0.967631
6 16 0.962434
6 17 0.999857
6 18 0.999289
6 19 0.500012
6 20 0.998894
6 21 0.999992
6 22 0.950777
6 23 0.824273
6 24 0.985591
6 25 0.982590
6 26 0.999933
7 1 0.550326
7 2 0.715459
7 3 0.619201
7 4 0.510522
7 5 0.552449
7 6 0.865894
7 7 0.539405
7 8 0.537124
7 9 0.559292
7 10 0.511486
7 11 0.573610
7 12 0.544799
7 13 0.526364
7 14 0.623509
7 15 0.574642
7 16 0.570283
7 17 0.619201
7 18 0.594883
7 19 0.500001
7 20 0.639672
7 21 0.609433
7 22 0.571260
7 23 0.531226
7 24 0.559097
7 25 0.553523
7 26 0.624324
8 1 0.555340
8 2 0.893652
8 3 0.656573
8 4 0.536477
8 5 0.551605
8 6 0.865785
8 7 0.537124
8 8 0.597555
8 9 0.564197
8 10 0.528653
8 11 0.586811
8 12 0.583712
8 13 0.531141
8 14 0.642467
8 15 0.570560
8 16 0.584669
8 17 0.656573
8 18 0.570754
8 19 0.500001
8 20 0.728648
8 21 0.682345
8 22 0.633001
8 23 0.687036
8 24 0.573193
8 25 0.562264
8 26 0.630598
9 1 0.628698
9 2 0.927011
9 3 0.791447
9 4 0.552596
9 5 0.627800
9 6 0.982456
9 7 0.559292
9 8 0.564197
9 9 0.641225
9 10 0.517993
9 11 0.686765
9 12 0.563355
9 13 0.555590
9 14 0.767205
9 15 0.630535
9 16 0.663384
9 17 0.791447
9 18 0.753153
9 19 0.500002
9 20 0.704745
9 21 0.849918
9 22 0.576754
9 23 0.620213
9 24 0.646852
9 25 0.642534
10 1 0.515639
10 2 0.703925
10 3 0.534166
10 4 0.514750
10 5 0.513412
10 6 0.585897
10 7 0.511486
10 8 0.528653
10 9 0.517993
10 10 0.524402
10 11 0.526972
10 12 0.535601
10 13 0.510174
10 14 0.542989
10 15 0.596308
10 16 0.508668
10 17 0.534166
10 18 0.511570
10 19 0.500000
10 20 0.595051
10 21 0.510240
10 22 0.550190
10 23 0.571718
10 24 0.517587
10 25 0.518387
10 26 0.540975
11 1 0.684745
11 2 0.988815
11 3 0.865316
11 4 0.598444
11 5 0.678042
11 6 0.995689
11 7 0.573610
11 8 0.586811
11 9 0.686765
11 10 0.526972
11 11 0.777566
11 12 0.569036
11 13 0.604518
11 14 0.850063
11 15 0.617962
11 16 0.706744
11 17 0.865316
11 18 0.847369
11 19 0.500004
11 20 0.738769
11 21 0.950666
11 22 0.605919
11 23 0.680100
11 24 0.708073
11 25 0.707102
12 1 0.547005
12 2 0.827163
12 3 0.607229
12 4 0.501577
12 5 0.546960
12 6 0.877032
12 7 0.544799
12 8 0.583712
12 9 0.563355
12 10 0.535601
12 11 0.569036
12 12 0.628884
12 13 0.532896
12 14 0.640242
12 15 0.666648
12 16 0.567483
12 17 0.607229
12 18 0.536541
12 19 0.500000
12 20 0.744168
12 21 0.498049
12 22 0.626970
12 23 0.599833
12 24 0.560007
12 25 0.550964
12 26 0.611472
13 1 0.558166
13 2 0.822657
13 3 0.604451
13 4 0.524992
13 5 0.556721
13 6 0.856354
13 7 0.526364
13 8 0.531141
13 9 0.555590
13 10 0.510174
13 11 0.604518
13 12 0.532896
13 13 0.571934
13 14 0.645397
13 15 0.540077
13 16 0.586953
13 17 0.604451
13 18 0.629083
13 19 0.500001
13 20 0.579661
13 21 0.717165
13 22 0.557387
13 23 0.510083
13 24 0.561857
13 25 0.563837
14 1 0.754313
14 2 0.997711
14 3 0.935681
14 4 0.605899
14 5 0.751362
14 6 0.999939
14 7 0.623509
14 8 0.642467
14 9 0.767205
14 10 0.542989
14 11 0.850063
14 12 0.640242
14 13 0.645397
14 14 0.961993
14 15 0.728637
14 16 0.755413
14 17 0.935681
14 18 0.900383
14 19 0.500005
14 20 0.882818
14 21 0.978121
14 22 0.713225
14 23 0.683736
14 24 0.789614
14 25 0.777845
15 1 0.593452
15 2 0.846876
15 3 0.663273
15 4 0.509509
15 5 0.600596
15 6 0.967631
15 7 0.574642
15 8 0.570560
15 9 0.630535
15 10 0.596308
15 11 0.617962
15 12 0.666648
15 13 0.540077
15 14 0.728637
15 15 0.947039
15 16 0.515209
15 17 0.663273
15 18 0.607559
15 19 0.500000
15 20 0.872454
15 21 0.407833
15 22 0.665261
15 23 0.579060
15 24 0.585464
15 25 0.601051
15 26 0.719609
16 1 0.645718
16 2 0.906785
16 3 0.833677
16 4 0.591472
16 5 0.647719
16 6 0.962434
16 7 0.570283
16 8 0.584669
16 9 0.663384
16 10 0.508668
16 11 0.706744
16 12 0.567483
16 13 0.586953
16 14 0.755413
16 15 0.515209
16 16 0.913744
16 17 0.833677
16 18 0.836990
16 19 0.500007
16 20 0.673929
16 21 0.871225
16 22 0.548643
16 23 0.737591
16 24 0.675768
16 25 0.651818
16 26 0.831537
17 1 0.776196
17 2 0.999003
17 4 0.652257
17 5 0.770243
17 6 0.999857
17 7 0.619201
17 8 0.656573
17 9 0.791447
17 10 0.534166
17 11 0.865316
17 12 0.607229
17 13 0.604451
17 14 0.935681
17 15 0.663273
17 16 0.833677
17 17 0.970149
17 18 0.936240
17 19 0.500006
17 20 0.837681
17 21 0.990585
17 22 0.661533
17 23 0.851093
17 24 0.812705
17 25 0.802855
17 26 0.959774
18 1 0.751524
18 2 0.993835
18 3 0.936240
18 4 0.636925
18 5 0.746999
18 6 0.999289
18 7 0.594883
18 8 0.570754
18 9 0.753153
18 10 0.511570
18 11 0.847369
18 12 0.536541
18 13 0.629083
18 14 0.900383
18 15 0.607559
18 16 0.836990
18 17 0.936240
18 18 0.943926
18 19 0.500006
18 20 0.703604
18 21 0.984287
18 22 0.544918
18 23 0.709334
18 24 0.775874
18 25 0.777300
19 1 0.500002
19 2 0.500015
19 3 0.500006
19 4 0.500002
19 5 0.500002
19 6 0.500012
19 7 0.500001
19 8 0.500001
19 9 0.500002
19 10 0.500000
19 11 0.500004
19 12 0.500000
19 13 0.500001
19 14 0.500005
19 15 0.500000
19 16 0.500007
19 17 0.500006
19 18 0.500006
19 19 0.500000
19 20 0.500001
19 21 0.500008
19 22 0.500002
19 23 0.500005
19 24 0.500003
19 25 0.500003
19 26 0.500006
20 1 0.667548
20 2 0.989923
20 3 0.837681
20 4 0.565868
20 5 0.668201
20 6 0.998894
20 7 0.639672
20 8 0.728648
20 9 0.704745
20 10 0.595051
20 11 0.738769
20 12 0.744168
20 13 0.579661
20 14 0.882818
20 15 0.872454
20 16 0.673929
20 17 0.837681
20 18 0.703604
20 19 0.500001
20 20 0.975500
20 21 0.812781
20 22 0.834144
20 23 0.813237
20 24 0.707264
20 25 0.683075
20 26 0.848444
21 1 0.859062
21 2 0.999993
21 3 0.990585
21 4 0.765949
21 5 0.843361
21 6 0.999992
21 7 0.609433
21 8 0.682345
21 9 0.849918
21 10 0.510240
21 11 0.950666
21 12 0.498049
21 13 0.717165
21 14 0.978121
21 15 0.407833
21 16 0.871225
21 17 0.990585
21 18 0.984287
21 19 0.500008
21 20 0.812781
21 21 0.999922
21 22 0.625961
21 23 0.908781
21 24 0.890168
21 25 0.890620
21 26 0.992040
22 1 0.564287
22 2 0.937098
22 3 0.661533
22 5 0.564331
22 6 0.950777
22 7 0.571260
22 8 0.633001
22 9 0.576754
22 10 0.550190
22 11 0.605919
22 12 0.626970
22 13 0.557387
22 14 0.713225
22 15 0.665261
22 16 0.548643
22 17 0.661533
22 18 0.544918
22 19 0.500002
22 20 0.834144
22 21 0.625961
22 22 0.755015
22 23 0.683355
22 24 0.585789
22 25 0.568084
22 26 0.656710
23 1 0.617076
23 2 0.996948
23 3 0.851093
23 4 0.661296
23 5 0.596827
23 6 0.824273
23 7 0.531226
23 8 0.687036
23 9 0.620213
23 10 0.571718
23 11 0.680100
23 12 0.599833
23 13 0.510083
23 14 0.683736
23 15 0.579060
23 16 0.737591
23 17 0.851093
23 18 0.709334
23 19 0.500005
23 20 0.813237
23 21 0.908781
23 22 0.683355
23 23 0.951152
23 24 0.660192
23 25 0.642855
23 26 0.755378
24 1 0.639972
24 2 0.960100
24 3 0.812705
24 4 0.569822
24 5 0.636206
24 6 0.985591
24 7 0.559097
24 8 0.573193
24 9 0.646852
24 10 0.517587
24 11 0.708073
24 12 0.560007
24 13 0.561857
24 14 0.789614
24 15 0.585464
24 16 0.675768
24 17 0.812705
24 18 0.775874
24 19 0.500003
24 20 0.707264
24 21 0.890168
24 22 0.585789
24 23 0.660192
24 24 0.663807
24 25 0.656963
25 1 0.637906
25 2 0.958500
25 3 0.802855
25 4 0.568974
25 5 0.633482
25 6 0.982590
25 7 0.553523
25 8 0.562264
25 9 0.642534
25 10 0.518387
25 11 0.707102
25 12 0.550964
25 13 0.563837
25 14 0.777845
25 15 0.601051
25 16 0.651818
25 17 0.802855
25 18 0.777300
25 19 0.500003
25 20 0.683075
25 21 0.890620
25 22 0.568084
25 23 0.642855
25 24 0.656963
25 25 0.655918
26 2 0.999152
26 6 0.999933
26 7 0.624324
26 8 0.630598
26 10 0.540975
26 12 0.611472
26 15 0.719609
26 16 0.831537
26 17 0.959774
26 19 0.500006
26 20 0.848444
26 21 0.992040
26 22 0.656710
26 23 0.755378
26 26 0.972313
