1 26 0.784972
3 17 0.894623
3 26 0.928999
4 22 0.562513
4 26 0.674579
5 26 0.809991
9 26 0.795757
11 26 0.863060
13 26 0.784089
14 26 0.942949
17 3 0.894623
18 26 0.980230
22 4 0.562513
24 26 0.815691
25 26 0.771359
26 1 0.784972
26 3 0.928999
26 4 0.674579
26 5 0.809991
26 9 0.795757
26 11 0.863060
26 13 0.784089
26 14 0.942949
26 18 0.980230
26 24 0.815691
26 25 0.771359
1 1 0.625093
1 2 0.899802
1 3 0.735545
1 4 0.571831
1 5 0.639195
1 6 0.981755
1 7 0.561209
1 8 0.600596
1 9 0.628166
1 10 0.544470
1 11 0.675076
1 12 0.633859
1 13 0.624807
1 14 0.741360
1 15 0.812275
1 16 0.843476
1 17 0.719455
1 18 0.817067
1 19 0.500000
1 20 0.849947
1 21 0.927495
1 22 0.571831
1 23 0.861536
1 24 0.643473
1 25 0.617208
2 1 0.899802
2 2 1.000000
2 3 0.991542
2 4 0.749745
2 5 0.916715
2 6 1.000000
2 7 0.778944
2 8 0.819828
2 9 0.898015
2 10 0.726275
2 11 0.961965
2 12 0.847036
2 13 0.892629
2 14 0.964489
2 15 0.999585
2 16 0.999933
2 17 0.989717
2 18 0.995467
2 19 0.499996
2 20 0.999944
2 21 0.999983
2 22 0.749745
2 23 0.999771
2 24 0.932665
2 25 0.889651
2 26 0.994832
3 1 0.735545
3 2 0.991542
3 3 0.905077
3 4 0.642567
3 5 0.764809
3 6 0.999541
3 7 0.645717
3 8 0.695974
3 9 0.744363
3 10 0.598679
3 11 0.826179
3 12 0.745414
3 13 0.732487
3 14 0.875123
3 15 0.958116
3 16 0.977052
3 18 0.966591
3 19 0.500000
3 20 0.976980
3 21 0.995726
3 22 0.642567
3 23 0.985611
3 24 0.767048
3 25 0.719762
4 1 0.571831
4 2 0.749745
4 3 0.642567
4 4 0.562513
4 5 0.586638
4 6 0.921525
4 7 0.526901
4 8 0.594680
4 9 0.565948
4 10 0.525752
4 11 0.616364
4 12 0.596101
4 13 0.571472
4 14 0.642043
4 15 0.678603
4 16 0.704558
4 17 0.632484
4 18 0.736781
4 19 0.500000
4 20 0.700645
4 21 0.790205
4 23 0.802443
4 24 0.582121
4 25 0.560862
5 1 0.639195
5 2 0.916715
5 3 0.764809
5 4 0.586638
5 5 0.662373
5 6 0.989319
5 7 0.577549
5 8 0.621553
5 9 0.642513
5 10 0.553369
5 11 0.693417
5 12 0.664802
5 13 0.637476
5 14 0.755698
5 15 0.850488
5 16 0.873292
5 17 0.750863
5 18 0.857698
5 19 0.500000
5 20 0.874551
5 21 0.956319
5 22 0.586638
5 23 0.906671
5 24 0.657170
5 25 0.625506
6 1 0.981755
6 2 1.000000
6 3 0.999541
6 4 0.921525
6 5 0.989319
6 6 1.000000
6 7 0.895650
6 8 0.977720
6 9 0.980761
6 10 0.829114
6 11 0.993951
6 12 0.996839
6 13 0.979845
6 14 0.999850
6 15 0.999993
6 16 0.999997
6 17 0.999179
6 18 0.999996
6 19 0.499997
6 20 0.999999
6 21 1.000000
6 22 0.921525
6 23 1.000000
6 24 0.988724
6 25 0.969425
6 26 0.999970
7 1 0.561209
7 2 0.778944
7 3 0.645717
7 4 0.526901
7 5 0.577549
7 6 0.895650
7 7 0.580023
7 8 0.517459
7 9 0.580168
7 10 0.538232
7 11 0.601191
7 12 0.582477
7 13 0.556665
7 14 0.581298
7 15 0.741801
7 16 0.772313
7 17 0.649915
7 18 0.727480
7 19 0.500001
7 20 0.775507
7 21 0.901581
7 22 0.526901
7 23 0.713054
7 24 0.567851
7 25 0.553703
7 26 0.656979
8 1 0.600596
8 2 0.819828
8 3 0.695974
8 4 0.594680
8 5 0.621553
8 6 0.977720
8 7 0.517459
8 8 0.719505
8 9 0.569226
8 10 0.531398
8 11 0.667057
8 12 0.651706
8 13 0.603008
8 14 0.720576
8 15 0.690754
8 16 0.726547
8 17 0.675754
8 18 0.796812
8 19 0.499998
8 20 0.740637
8 21 0.789529
8 22 0.594680
8 23 0.916273
8 24 0.619774
8 25 0.584269
8 26 0.733066
9 1 0.628166
9 2 0.898015
9 3 0.744363
9 4 0.565948
9 5 0.642513
9 6 0.980761
9 7 0.580168
9 8 0.569226
9 9 0.668468
9 10 0.545717
9 11 0.670032
9 12 0.614670
9 13 0.630897
9 14 0.742780
9 15 0.831193
9 16 0.860436
9 17 0.730484
9 18 0.777363
9 19 0.500003
9 20 0.872936
9 21 0.931901
9 22 0.565948
9 23 0.795255
9 24 0.650045
9 25 0.621985
10 1 0.544470
10 2 0.726275
10 3 0.598679
10 4 0.525752
10 5 0.553369
10 6 0.829114
10 7 0.538232
10 8 0.531398
10 9 0.545717
10 10 0.525694
10 11 0.564398
10 12 0.559909
10 13 0.541867
10 14 0.573642
10 15 0.666485
10 16 0.684927
10 17 0.597073
10 18 0.655717
10 19 0.500000
10 20 0.694640
10 21 0.769782
10 22 0.525752
10 23 0.683330
10 24 0.550911
10 25 0.539675
10 26 0.612762
11 1 0.675076
11 2 0.961965
11 3 0.826179
11 4 0.616364
11 5 0.693417
11 6 0.993951
11 7 0.601191
11 8 0.667057
11 9 0.670032
11 10 0.564398
11 11 0.841988
11 12 0.678492
11 13 0.675179
11 14 0.782373
11 15 0.830976
11 16 0.923990
11 17 0.815384
11 18 0.940618
11 19 0.500000
11 20 0.923126
11 21 0.976369
11 22 0.616364
11 23 0.963404
11 24 0.702332
11 25 0.671308
12 1 0.633859
12 2 0.847036
12 3 0.745414
12 4 0.596101
12 5 0.664802
12 6 0.996839
12 7 0.582477
12 8 0.651706
12 9 0.614670
12 10 0.559909
12 11 0.678492
12 12 0.728947
12 13 0.627015
12 14 0.773471
12 15 0.847599
12 16 0.842384
12 17 0.731372
12 18 0.906253
12 19 0.499999
12 20 0.846988
12 21 0.975295
12 22 0.596101
12 23 0.932452
12 24 0.641441
12 25 0.611671
12 26 0.809865
13 1 0.624807
13 2 0.892629
13 3 0.732487
13 4 0.571472
13 5 0.637476
13 6 0.979845
13 7 0.556665
13 8 0.603008
13 9 0.630897
13 10 0.541867
13 11 0.675179
13 12 0.627015
13 13 0.626425
13 14 0.741143
13 15 0.802118
13 16 0.836495
13 17 0.715210
13 18 0.799219
13 19 0.500001
13 20 0.845525
13 21 0.915485
13 22 0.571472
13 23 0.847239
13 24 0.644995
13 25 0.618089
14 1 0.741360
14 2 0.964489
14 3 0.875123
14 4 0.642043
14 5 0.755698
14 6 0.999850
14 7 0.581298
14 8 0.720576
14 9 0.742780
14 10 0.573642
14 11 0.782373
14 12 0.773471
14 13 0.741143
14 14 0.959752
14 15 0.930254
14 16 0.921849
14 17 0.836668
14 18 0.959584
14 19 0.500004
14 20 0.949257
14 21 0.982961
14 22 0.642043
14 23 0.976143
14 24 0.767205
14 25 0.739124
15 1 0.812275
15 2 0.999585
15 3 0.958116
15 4 0.678603
15 5 0.850488
15 6 0.999993
15 7 0.741801
15 8 0.690754
15 9 0.831193
15 10 0.666485
15 11 0.830976
15 12 0.847599
15 13 0.802118
15 14 0.930254
15 15 0.997026
15 16 0.997657
15 17 0.952768
15 18 0.984076
15 19 0.500001
15 20 0.997880
15 21 0.999896
15 22 0.678603
15 23 0.994051
15 24 0.839919
15 25 0.785130
15 26 0.975778
16 1 0.843476
16 2 0.999933
16 3 0.977052
16 4 0.704558
16 5 0.873292
16 6 0.999997
16 7 0.772313
16 8 0.726547
16 9 0.860436
16 10 0.684927
16 11 0.923990
16 12 0.842384
16 13 0.836495
16 14 0.921849
16 15 0.997657
16 16 0.999376
16 17 0.975332
16 18 0.994559
16 19 0.499999
16 20 0.999301
16 21 0.999971
16 22 0.704558
16 23 0.997802
16 24 0.877480
16 25 0.822418
16 26 0.984709
17 1 0.719455
17 2 0.989717
17 4 0.632484
17 5 0.750863
17 6 0.999179
17 7 0.649915
17 8 0.675754
17 9 0.730484
17 10 0.597073
17 11 0.815384
17 12 0.731372
17 13 0.715210
17 14 0.836668
17 15 0.952768
17 16 0.975332
17 17 0.887543
17 18 0.962629
17 19 0.499999
17 20 0.973574
17 21 0.995535
17 22 0.632484
17 23 0.982446
17 24 0.749564
17 25 0.701467
17 26 0.913529
18 1 0.817067
18 2 0.995467
18 3 0.966591
18 4 0.736781
18 5 0.857698
18 6 0.999996
18 7 0.727480
18 8 0.796812
18 9 0.777363
18 10 0.655717
18 11 0.940618
18 12 0.906253
18 13 0.799219
18 14 0.959584
18 15 0.984076
18 16 0.994559
18 17 0.962629
18 18 0.999862
18 19 0.499998
18 20 0.989775
18 21 0.999979
18 22 0.736781
18 23 0.999770
18 24 0.830225
18 25 0.786556
19 1 0.500000
19 2 0.499996
19 3 0.500000
19 4 0.500000
19 5 0.500000
19 6 0.499997
19 7 0.500001
19 8 0.499998
19 9 0.500003
19 10 0.500000
19 11 0.500000
19 12 0.499999
19 13 0.500001
19 14 0.500004
19 15 0.500001
19 16 0.499999
19 17 0.499999
19 18 0.499998
19 19 0.500000
19 20 0.500002
19 21 0.499996
19 22 0.500000
19 23 0.499992
19 24 0.500001
19 25 0.500001
19 26 0.500002
20 1 0.849947
20 2 0.999944
20 3 0.976980
20 4 0.700645
20 5 0.874551
20 6 0.999999
20 7 0.775507
20 8 0.740637
20 9 0.872936
20 10 0.694640
20 11 0.923126
20 12 0.846988
20 13 0.845525
20 14 0.949257
20 15 0.997880
20 16 0.999301
20 17 0.973574
20 18 0.989775
20 19 0.500002
20 20 0.999589
20 21 0.999937
20 22 0.700645
20 23 0.997206
20 24 0.887402
20 25 0.837235
20 26 0.987591
21 1 0.927495
21 2 0.999983
21 3 0.995726
21 4 0.790205
21 5 0.956319
21 6 1.000000
21 7 0.901581
21 8 0.789529
21 9 0.931901
21 10 0.769782
21 11 0.976369
21 12 0.975295
21 13 0.915485
21 14 0.982961
21 15 0.999896
21 16 0.999971
21 17 0.995535
21 18 0.999979
21 19 0.499996
21 20 0.999937
21 21 1.000000
21 22 0.790205
21 23 0.999942
21 24 0.938530
21 25 0.895878
21 26 0.998559
22 1 0.571831
22 2 0.749745
22 3 0.642567
22 5 0.586638
22 6 0.921525
22 7 0.526901
22 8 0.594680
22 9 0.565948
22 10 0.525752
22 11 0.616364
22 12 0.596101
22 13 0.571472
22 14 0.642043
22 15 0.678603
22 16 0.704558
22 17 0.632484
22 18 0.736781
22 19 0.500000
22 20 0.700645
22 21 0.790205
22 22 0.562513
22 23 0.802443
22 24 0.582121
22 25 0.560862
22 26 0.674579
23 1 0.861536
23 2 0.999771
23 3 0.985611
23 4 0.802443
23 5 0.906671
23 6 1.000000
23 7 0.713054
23 8 0.916273
23 9 0.795255
23 10 0.683330
23 11 0.963404
23 12 0.932452
23 13 0.847239
23 14 0.976143
23 15 0.994051
23 16 0.997802
23 17 0.982446
23 18 0.999770
23 19 0.499992
23 20 0.997206
23 21 0.999942
23 22 0.802443
23 23 0.999995
23 24 0.883943
23 25 0.828532
23 26 0.989801
24 1 0.643473
24 2 0.932665
24 3 0.767048
24 4 0.582121
24 5 0.657170
24 6 0.988724
24 7 0.567851
24 8 0.619774
24 9 0.650045
24 10 0.550911
24 11 0.702332
24 12 0.641441
24 13 0.644995
24 14 0.767205
24 15 0.839919
24 16 0.877480
24 17 0.749564
24 18 0.830225
24 19 0.500001
24 20 0.887402
24 21 0.938530
24 22 0.582121
24 23 0.883943
24 24 0.667816
24 25 0.636485
25 1 0.617208
25 2 0.889651
25 3 0.719762
25 4 0.560862
25 5 0.625506
25 6 0.969425
25 7 0.553703
25 8 0.584269
25 9 0.621985
25 10 0.539675
25 11 0.671308
25 12 0.611671
25 13 0.618089
25 14 0.739124
25 15 0.785130
25 16 0.822418
25 17 0.701467
25 18 0.786556
25 19 0.500001
25 20 0.837235
25 21 0.895878
25 22 0.560862
25 23 0.828532
25 24 0.636485
25 25 0.616134
26 2 0.994832
26 6 0.999970
26 7 0.656979
26 8 0.733066
26 10 0.612762
26 12 0.809865
26 15 0.975778
26 16 0.984709
26 17 0.913529
26 19 0.500002
26 20 0.987591
26 21 0.998559
26 22 0.674579
26 23 0.989801
26 26 0.965412
