1 26 0.832509
3 17 0.868555
3 26 0.975981
4 22 0.591937
4 26 0.844995
5 26 0.841294
9 26 0.885085
11 26 0.864440
13 26 0.876098
14 26 0.999788
17 3 0.868555
18 26 0.972733
22 4 0.591937
24 26 0.873417
25 26 0.839519
26 1 0.832509
26 3 0.975981
26 4 0.844995
26 5 0.841294
26 9 0.885085
26 11 0.864440
26 13 0.876098
26 14 0.999788
26 18 0.972733
26 24 0.873417
26 25 0.839519
1 1 0.643917
1 2 0.988918
1 3 0.797405
1 4 0.651383
1 5 0.648169
1 6 0.977459
1 7 0.563741
1 8 0.709570
1 9 0.679699
1 10 0.524926
1 11 0.660226
1 12 0.629175
1 13 0.672071
1 14 0.955834
1 15 0.681135
1 16 0.755643
1 17 0.698430
1 18 0.787351
1 19 0.500003
1 20 0.777666
1 21 0.936048
1 22 0.582451
1 23 0.911428
1 24 0.669687
1 25 0.647109
2 1 0.988918
2 2 1.000000
2 3 0.999976
2 4 0.992814
2 5 0.990358
2 6 1.000000
2 7 0.917455
2 8 0.999509
2 9 0.996610
2 10 0.701104
2 11 0.995236
2 12 0.985471
2 13 0.995466
2 14 1.000000
2 15 0.998279
2 16 0.999925
2 17 0.998636
2 18 0.999927
2 19 0.500015
2 20 0.999894
2 21 1.000000
2 22 0.951775
2 23 1.000000
2 24 0.994736
2 25 0.988670
2 26 0.999995
3 1 0.797405
3 2 0.999976
3 3 0.966139
3 4 0.814298
3 5 0.799519
3 6 0.999794
3 7 0.639249
3 8 0.898161
3 9 0.849775
3 10 0.546801
3 11 0.807106
3 12 0.774853
3 13 0.839991
3 14 0.998216
3 15 0.859659
3 16 0.941363
3 18 0.950932
3 19 0.500005
3 20 0.950982
3 21 0.998628
3 22 0.693510
3 23 0.996289
3 24 0.833891
3 25 0.798121
4 1 0.651383
4 2 0.992814
4 3 0.814298
4 4 0.661936
4 5 0.655374
4 6 0.981881
4 7 0.569184
4 8 0.726995
4 9 0.687992
4 10 0.524997
4 11 0.675627
4 12 0.638348
4 13 0.681167
4 14 0.957708
4 15 0.689934
4 16 0.771020
4 17 0.709257
4 18 0.798130
4 19 0.500003
4 20 0.788211
4 21 0.950525
4 23 0.926278
4 24 0.677469
4 25 0.653521
5 1 0.648169
5 2 0.990358
5 3 0.799519
5 4 0.655374
5 5 0.656299
5 6 0.981919
5 7 0.567365
5 8 0.716885
5 9 0.686140
5 10 0.522966
5 11 0.677988
5 12 0.638377
5 13 0.678434
5 14 0.964694
5 15 0.683265
5 16 0.751597
5 17 0.709625
5 18 0.797033
5 19 0.500003
5 20 0.774546
5 21 0.944226
5 22 0.585949
5 23 0.923150
5 24 0.674774
5 25 0.653934
6 1 0.977459
6 2 1.000000
6 3 0.999794
6 4 0.981881
6 5 0.981919
6 6 1.000000
6 7 0.843332
6 8 0.996250
6 9 0.992528
6 10 0.661661
6 11 0.997008
6 12 0.979533
6 13 0.990363
6 14 1.000000
6 15 0.998393
6 16 0.999557
6 17 0.999616
6 18 0.999761
6 19 0.500020
6 20 0.997474
6 21 1.000000
6 22 0.957719
6 23 0.999999
6 24 0.988879
6 25 0.979177
6 26 0.999965
7 1 0.563741
7 2 0.917455
7 3 0.639249
7 4 0.569184
7 5 0.567365
7 6 0.843332
7 7 0.545063
7 8 0.588252
7 9 0.582830
7 10 0.518632
7 11 0.568633
7 12 0.556336
7 13 0.572295
7 14 0.863347
7 15 0.589563
7 16 0.642207
7 17 0.580835
7 18 0.622252
7 19 0.500000
7 20 0.610445
7 21 0.762358
7 22 0.536057
7 23 0.662305
7 24 0.572409
7 25 0.561636
7 26 0.666298
8 1 0.709570
8 2 0.999509
8 3 0.898161
8 4 0.726995
8 5 0.716885
8 6 0.996250
8 7 0.588252
8 8 0.863340
8 9 0.754605
8 10 0.521798
8 11 0.746838
8 12 0.721846
8 13 0.755611
8 14 0.989053
8 15 0.764851
8 16 0.842571
8 17 0.792913
8 18 0.888375
8 19 0.500004
8 20 0.906228
8 21 0.993083
8 22 0.653642
8 23 0.989580
8 24 0.766274
8 25 0.718079
8 26 0.924129
9 1 0.679699
9 2 0.996610
9 3 0.849775
9 4 0.687992
9 5 0.686140
9 6 0.992528
9 7 0.582830
9 8 0.754605
9 9 0.725402
9 10 0.529399
9 11 0.682900
9 12 0.663512
9 13 0.711797
9 14 0.985290
9 15 0.734430
9 16 0.814623
9 17 0.739858
9 18 0.836569
9 19 0.500003
9 20 0.821536
9 21 0.967798
9 22 0.604285
9 23 0.944963
9 24 0.710040
9 25 0.682673
10 1 0.524926
10 2 0.701104
10 3 0.546801
10 4 0.524997
10 5 0.522966
10 6 0.661661
10 7 0.518632
10 8 0.521798
10 9 0.529399
10 10 0.527635
10 11 0.534619
10 12 0.516016
10 13 0.524855
10 14 0.736985
10 15 0.550434
10 16 0.569700
10 17 0.528406
10 18 0.544353
10 19 0.500002
10 20 0.566893
10 21 0.529306
10 22 0.525309
10 23 0.493791
10 24 0.538520
10 25 0.521452
10 26 0.560263
11 1 0.660226
11 2 0.995236
11 3 0.807106
11 4 0.675627
11 5 0.677988
11 6 0.997008
11 7 0.568633
11 8 0.746838
11 9 0.682900
11 10 0.534619
11 11 0.893451
11 12 0.680199
11 13 0.712616
11 14 0.946514
11 15 0.626239
11 16 0.663042
11 17 0.837093
11 18 0.857091
11 19 0.500012
11 20 0.796326
11 21 0.977024
11 22 0.638471
11 23 0.979382
11 24 0.698658
11 25 0.684723
12 1 0.629175
12 2 0.985471
12 3 0.774853
12 4 0.638348
12 5 0.638377
12 6 0.979533
12 7 0.556336
12 8 0.721846
12 9 0.663512
12 10 0.516016
12 11 0.680199
12 12 0.666592
12 13 0.659087
12 14 0.957879
12 15 0.694186
12 16 0.725279
12 17 0.717094
12 18 0.759947
12 19 0.500004
12 20 0.754497
12 21 0.968633
12 22 0.609341
12 23 0.939514
12 24 0.670769
12 25 0.635258
12 26 0.813806
13 1 0.672071
13 2 0.995466
13 3 0.839991
13 4 0.681167
13 5 0.678434
13 6 0.990363
13 7 0.572295
13 8 0.755611
13 9 0.711797
13 10 0.524855
13 11 0.712616
13 12 0.659087
13 13 0.708656
13 14 0.971250
13 15 0.702975
13 16 0.781906
13 17 0.748570
13 18 0.838323
13 19 0.500004
13 20 0.826034
13 21 0.967274
13 22 0.599216
13 23 0.956692
13 24 0.701801
13 25 0.679615
14 1 0.955834
14 2 1.000000
14 3 0.998216
14 4 0.957708
14 5 0.964694
14 6 1.000000
14 7 0.863347
14 8 0.989053
14 9 0.985290
14 10 0.736985
14 11 0.946514
14 12 0.957879
14 13 0.971250
14 14 1.000000
14 15 0.998022
14 16 0.999366
14 17 0.992267
14 18 0.997960
14 19 0.500008
14 20 0.996029
14 21 0.999998
14 22 0.943638
14 23 0.999045
14 24 0.987591
14 25 0.955045
15 1 0.681135
15 2 0.998279
15 3 0.859659
15 4 0.689934
15 5 0.683265
15 6 0.998393
15 7 0.589563
15 8 0.764851
15 9 0.734430
15 10 0.550434
15 11 0.626239
15 12 0.694186
15 13 0.702975
15 14 0.998022
15 15 0.858491
15 16 0.884798
15 17 0.765579
15 18 0.797618
15 19 0.500002
15 20 0.784115
15 21 0.979115
15 22 0.685831
15 23 0.899135
15 24 0.714592
15 25 0.667967
15 26 0.885572
16 1 0.755643
16 2 0.999925
16 3 0.941363
16 4 0.771020
16 5 0.751597
16 6 0.999557
16 7 0.642207
16 8 0.842571
16 9 0.814623
16 10 0.569700
16 11 0.663042
16 12 0.725279
16 13 0.781906
16 14 0.999366
16 15 0.884798
16 16 0.951092
16 17 0.808662
16 18 0.893676
16 19 0.500000
16 20 0.906626
16 21 0.992515
16 22 0.681771
16 23 0.951838
16 24 0.786265
16 25 0.740225
16 26 0.952637
17 1 0.698430
17 2 0.998636
17 4 0.709257
17 5 0.709625
17 6 0.999616
17 7 0.580835
17 8 0.792913
17 9 0.739858
17 10 0.528406
17 11 0.837093
17 12 0.717094
17 13 0.748570
17 14 0.992267
17 15 0.765579
17 16 0.808662
17 17 0.882071
17 18 0.883649
17 19 0.500008
17 20 0.834399
17 21 0.988813
17 22 0.649465
17 23 0.980357
17 24 0.724500
17 25 0.714795
17 26 0.909446
18 1 0.787351
18 2 0.999927
18 3 0.950932
18 4 0.798130
18 5 0.797033
18 6 0.999761
18 7 0.622252
18 8 0.888375
18 9 0.836569
18 10 0.544353
18 11 0.857091
18 12 0.759947
18 13 0.838323
18 14 0.997960
18 15 0.797618
18 16 0.893676
18 17 0.883649
18 18 0.959031
18 19 0.500009
18 20 0.949913
18 21 0.996462
18 22 0.661095
18 23 0.997059
18 24 0.833138
18 25 0.802769
19 1 0.500003
19 2 0.500015
19 3 0.500005
19 4 0.500003
19 5 0.500003
19 6 0.500020
19 7 0.500000
19 8 0.500004
19 9 0.500003
19 10 0.500002
19 11 0.500012
19 12 0.500004
19 13 0.500004
19 14 0.500008
19 15 0.500002
19 16 0.500000
19 17 0.500008
19 18 0.500009
19 19 0.500000
19 20 0.500010
19 21 0.500017
19 22 0.500003
19 23 0.500023
19 24 0.500005
19 25 0.500004
19 26 0.500008
20 1 0.777666
20 2 0.999894
20 3 0.950982
20 4 0.788211
20 5 0.774546
20 6 0.997474
20 7 0.610445
20 8 0.906228
20 9 0.821536
20 10 0.566893
20 11 0.796326
20 12 0.754497
20 13 0.826034
20 14 0.996029
20 15 0.784115
20 16 0.906626
20 17 0.834399
20 18 0.949913
20 19 0.500010
20 20 0.983654
20 21 0.998498
20 22 0.642305
20 23 0.997063
20 24 0.843339
20 25 0.790120
20 26 0.967776
21 1 0.936048
21 2 1.000000
21 3 0.998628
21 4 0.950525
21 5 0.944226
21 6 1.000000
21 7 0.762358
21 8 0.993083
21 9 0.967798
21 10 0.529306
21 11 0.977024
21 12 0.968633
21 13 0.967274
21 14 0.999998
21 15 0.979115
21 16 0.992515
21 17 0.988813
21 18 0.996462
21 19 0.500017
21 20 0.998498
21 21 1.000000
21 22 0.890245
21 23 1.000000
21 24 0.955734
21 25 0.941989
21 26 0.999473
22 1 0.582451
22 2 0.951775
22 3 0.693510
22 5 0.585949
22 6 0.957719
22 7 0.536057
22 8 0.653642
22 9 0.604285
22 10 0.525309
22 11 0.638471
22 12 0.609341
22 13 0.599216
22 14 0.943638
22 15 0.685831
22 16 0.681771
22 17 0.649465
22 18 0.661095
22 19 0.500003
22 20 0.642305
22 21 0.890245
22 22 0.627981
22 23 0.816075
22 24 0.623384
22 25 0.578206
22 26 0.716084
23 1 0.911428
23 2 1.000000
23 3 0.996289
23 4 0.926278
23 5 0.923150
23 6 0.999999
23 7 0.662305
23 8 0.989580
23 9 0.944963
23 10 0.493791
23 11 0.979382
23 12 0.939514
23 13 0.956692
23 14 0.999045
23 15 0.899135
23 16 0.951838
23 17 0.980357
23 18 0.997059
23 19 0.500023
23 20 0.997063
23 21 1.000000
23 22 0.816075
23 23 1.000000
23 24 0.952303
23 25 0.930264
23 26 0.998595
24 1 0.669687
24 2 0.994736
24 3 0.833891
24 4 0.677469
24 5 0.674774
24 6 0.988879
24 7 0.572409
24 8 0.766274
24 9 0.710040
24 10 0.538520
24 11 0.698658
24 12 0.670769
24 13 0.701801
24 14 0.987591
24 15 0.714592
24 16 0.786265
24 17 0.724500
24 18 0.833138
24 19 0.500005
24 20 0.843339
24 21 0.955734
24 22 0.623384
24 23 0.952303
24 24 0.743202
24 25 0.674464
25 1 0.647109
25 2 0.988670
25 3 0.798121
25 4 0.653521
25 5 0.653934
25 6 0.979177
25 7 0.561636
25 8 0.718079
25 9 0.682673
25 10 0.521452
25 11 0.684723
25 12 0.635258
25 13 0.679615
25 14 0.955045
25 15 0.667967
25 16 0.740225
25 17 0.714795
25 18 0.802769
25 19 0.500004
25 20 0.790120
25 21 0.941989
25 22 0.578206
25 23 0.930264
25 24 0.674464
25 25 0.655785
26 2 0.999995
26 6 0.999965
26 7 0.666298
26 8 0.924129
26 10 0.560263
26 12 0.813806
26 15 0.885572
26 16 0.952637
26 17 0.909446
26 19 0.500008
26 20 0.967776
26 21 0.999473
26 22 0.716084
26 23 0.998595
26 26 0.987487
