1 26 0.880994
3 17 0.823633
3 26 0.963622
4 22 0.541882
4 26 0.630695
5 26 0.892674
9 26 0.915313
11 26 0.947368
13 26 0.797001
14 26 0.980999
17 3 0.823633
18 26 0.958602
22 4 0.541882
24 26 0.788860
25 26 0.867041
26 1 0.880994
26 3 0.963622
26 4 0.630695
26 5 0.892674
26 9 0.915313
26 11 0.947368
26 13 0.797001
26 14 0.980999
26 18 0.958602
26 24 0.788860
26 25 0.867041
1 1 0.673514
1 2 0.985301
1 3 0.767219
1 4 0.545664
1 5 0.680830
1 6 0.973447
1 7 0.569376
1 8 0.729650
1 9 0.702028
1 10 0.546856
1 11 0.733474
1 12 0.613477
1 13 0.611727
1 14 0.803508
1 15 0.853855
1 16 0.852649
1 17 0.717893
1 18 0.758101
1 19 0.500005
1 20 0.861950
1 21 0.945434
1 22 0.545664
1 23 0.912499
1 24 0.611619
1 25 0.662152
2 1 0.985301
2 2 1.000000
2 3 0.999081
2 4 0.705015
2 5 0.985591
2 6 1.000000
2 7 0.812468
2 8 0.996637
2 9 0.991599
2 10 0.769394
2 11 0.995002
2 12 0.958975
2 13 0.862994
2 14 0.999578
2 15 0.999963
2 16 0.999949
2 17 0.988774
2 18 0.999103
2 19 0.500015
2 20 0.999999
2 21 1.000000
2 22 0.705015
2 23 0.999994
2 24 0.874200
2 25 0.979487
2 26 0.999986
3 1 0.767219
3 2 0.999081
3 3 0.884654
3 4 0.570042
3 5 0.775711
3 6 0.996687
3 7 0.613133
3 8 0.842801
3 9 0.807259
3 10 0.570547
3 11 0.842360
3 12 0.671884
3 13 0.669556
3 14 0.905790
3 15 0.952551
3 16 0.951298
3 18 0.868838
3 19 0.500007
3 20 0.947274
3 21 0.991199
3 22 0.570042
3 23 0.979060
3 24 0.684423
3 25 0.749370
4 1 0.545664
4 2 0.705015
4 3 0.570042
4 4 0.541882
4 5 0.546963
4 6 0.787475
4 7 0.517382
4 8 0.553816
4 9 0.553988
4 10 0.519346
4 11 0.567486
4 12 0.543594
4 13 0.544803
4 14 0.597234
4 15 0.646131
4 16 0.572941
4 17 0.566336
4 18 0.560313
4 19 0.500002
4 20 0.618059
4 21 0.716268
4 23 0.693589
4 24 0.537595
4 25 0.548999
5 1 0.680830
5 2 0.985591
5 3 0.775711
5 4 0.546963
5 5 0.691748
5 6 0.981115
5 7 0.573458
5 8 0.736724
5 9 0.711223
5 10 0.547734
5 11 0.745683
5 12 0.613645
5 13 0.621490
5 14 0.815638
5 15 0.863516
5 16 0.860256
5 17 0.726649
5 18 0.766023
5 19 0.500005
5 20 0.865154
5 21 0.950121
5 22 0.546963
5 23 0.922047
5 24 0.620739
5 25 0.668599
6 1 0.973447
6 2 1.000000
6 3 0.996687
6 4 0.787475
6 5 0.981115
6 6 1.000000
6 7 0.768996
6 8 0.997588
6 9 0.987004
6 10 0.724504
6 11 0.996931
6 12 0.883741
6 13 0.969604
6 14 0.999668
6 15 0.999862
6 16 0.999565
6 17 0.994502
6 18 0.996797
6 19 0.500047
6 20 0.998369
6 21 1.000000
6 22 0.787475
6 23 0.999999
6 24 0.942426
6 25 0.969503
6 26 0.999982
7 1 0.569376
7 2 0.812468
7 3 0.613133
7 4 0.517382
7 5 0.573458
7 6 0.768996
7 7 0.536760
7 8 0.597801
7 9 0.582731
7 10 0.525216
7 11 0.602984
7 12 0.540505
7 13 0.545215
7 14 0.613747
7 15 0.652686
7 16 0.692260
7 17 0.615632
7 18 0.608230
7 19 0.500002
7 20 0.684928
7 21 0.733721
7 22 0.517382
7 23 0.720204
7 24 0.546853
7 25 0.562641
7 26 0.684819
8 1 0.729650
8 2 0.996637
8 3 0.842801
8 4 0.553816
8 5 0.736724
8 6 0.997588
8 7 0.597801
8 8 0.845533
8 9 0.764982
8 10 0.570941
8 11 0.808868
8 12 0.644186
8 13 0.655966
8 14 0.866167
8 15 0.908094
8 16 0.936294
8 17 0.813593
8 18 0.840601
8 19 0.500008
8 20 0.929858
8 21 0.982729
8 22 0.553816
8 23 0.966607
8 24 0.648461
8 25 0.709839
8 26 0.941477
9 1 0.702028
9 2 0.991599
9 3 0.807259
9 4 0.553988
9 5 0.711223
9 6 0.987004
9 7 0.582731
9 8 0.764982
9 9 0.737717
9 10 0.552975
9 11 0.771958
9 12 0.631692
9 13 0.636357
9 14 0.840527
9 15 0.900287
9 16 0.892289
9 17 0.751165
9 18 0.788868
9 19 0.500006
9 20 0.883888
9 21 0.968692
9 22 0.553988
9 23 0.941319
9 24 0.638090
9 25 0.689321
10 1 0.546856
10 2 0.769394
10 3 0.570547
10 4 0.519346
10 5 0.547734
10 6 0.724504
10 7 0.525216
10 8 0.570941
10 9 0.552975
10 10 0.531751
10 11 0.573006
10 12 0.538274
10 13 0.534564
10 14 0.582663
10 15 0.600039
10 16 0.639570
10 17 0.584551
10 18 0.574292
10 19 0.500002
10 20 0.673236
10 21 0.669423
10 22 0.519346
10 23 0.643621
10 24 0.529548
10 25 0.544303
10 26 0.631867
11 1 0.733474
11 2 0.995002
11 3 0.842360
11 4 0.567486
11 5 0.745683
11 6 0.996931
11 7 0.602984
11 8 0.808868
11 9 0.771958
11 10 0.573006
11 11 0.826556
11 12 0.645640
11 13 0.676934
11 14 0.874797
11 15 0.926795
11 16 0.926948
11 17 0.810804
11 18 0.830463
11 19 0.500009
11 20 0.913952
11 21 0.979562
11 22 0.567486
11 23 0.966664
11 24 0.678395
11 25 0.720155
12 1 0.613477
12 2 0.958975
12 3 0.671884
12 4 0.543594
12 5 0.613645
12 6 0.883741
12 7 0.540505
12 8 0.644186
12 9 0.631692
12 10 0.538274
12 11 0.645640
12 12 0.626708
12 13 0.585705
12 14 0.713285
12 15 0.816817
12 16 0.734729
12 17 0.615929
12 18 0.654820
12 19 0.500003
12 20 0.811822
12 21 0.912967
12 22 0.543594
12 23 0.793463
12 24 0.560002
12 25 0.613999
12 26 0.777667
13 1 0.611727
13 2 0.862994
13 3 0.669556
13 4 0.544803
13 5 0.621490
13 6 0.969604
13 7 0.545215
13 8 0.655966
13 9 0.636357
13 10 0.534564
13 11 0.676934
13 12 0.585705
13 13 0.624114
13 14 0.723868
13 15 0.802336
13 16 0.729447
13 17 0.655188
13 18 0.653783
13 19 0.500005
13 20 0.699823
13 21 0.878564
13 22 0.544803
13 23 0.828291
13 24 0.585818
13 25 0.614120
14 1 0.803508
14 2 0.999578
14 3 0.905790
14 4 0.597234
14 5 0.815638
14 6 0.999668
14 7 0.613747
14 8 0.866167
14 9 0.840527
14 10 0.582663
14 11 0.874797
14 12 0.713285
14 13 0.723868
14 14 0.956755
14 15 0.969014
14 16 0.960374
14 17 0.837047
14 18 0.897700
14 19 0.500010
14 20 0.966101
14 21 0.996442
14 22 0.597234
14 23 0.989480
14 24 0.706840
14 25 0.793355
15 1 0.853855
15 2 0.999963
15 3 0.952551
15 4 0.646131
15 5 0.863516
15 6 0.999862
15 7 0.652686
15 8 0.908094
15 9 0.900287
15 10 0.600039
15 11 0.926795
15 12 0.816817
15 13 0.802336
15 14 0.969014
15 15 0.997908
15 16 0.982616
15 17 0.876326
15 18 0.918436
15 19 0.500013
15 20 0.981084
15 21 0.999801
15 22 0.646131
15 23 0.995335
15 24 0.777391
15 25 0.851365
15 26 0.993165
16 1 0.852649
16 2 0.999949
16 3 0.951298
16 4 0.572941
16 5 0.860256
16 6 0.999565
16 7 0.692260
16 8 0.936294
16 9 0.892289
16 10 0.639570
16 11 0.926948
16 12 0.734729
16 13 0.729447
16 14 0.960374
16 15 0.982616
16 16 0.996355
16 17 0.943722
16 18 0.942675
16 19 0.500015
16 20 0.992213
16 21 0.998966
16 22 0.572941
16 23 0.995828
16 24 0.750559
16 25 0.828417
16 26 0.992236
17 1 0.717893
17 2 0.988774
17 4 0.566336
17 5 0.726649
17 6 0.994502
17 7 0.615632
17 8 0.813593
17 9 0.751165
17 10 0.584551
17 11 0.810804
17 12 0.615929
17 13 0.655188
17 14 0.837047
17 15 0.876326
17 16 0.943722
17 17 0.856432
17 18 0.826064
17 19 0.500010
17 20 0.921198
17 21 0.968685
17 22 0.566336
17 23 0.968425
17 24 0.659430
17 25 0.700490
17 26 0.934717
18 1 0.758101
18 2 0.999103
18 3 0.868838
18 4 0.560313
18 5 0.766023
18 6 0.996797
18 7 0.608230
18 8 0.840601
18 9 0.788868
18 10 0.574292
18 11 0.830463
18 12 0.654820
18 13 0.653783
18 14 0.897700
18 15 0.918436
18 16 0.942675
18 17 0.826064
18 18 0.874824
18 19 0.500007
18 20 0.955091
18 21 0.985301
18 22 0.560313
18 23 0.977222
18 24 0.662903
18 25 0.737971
19 1 0.500005
19 2 0.500015
19 3 0.500007
19 4 0.500002
19 5 0.500005
19 6 0.500047
19 7 0.500002
19 8 0.500008
19 9 0.500006
19 10 0.500002
19 11 0.500009
19 12 0.500003
19 13 0.500005
19 14 0.500010
19 15 0.500013
19 16 0.500015
19 17 0.500010
19 18 0.500007
19 19 0.500000
19 20 0.500008
19 21 0.500022
19 22 0.500002
19 23 0.500019
19 24 0.500004
19 25 0.500005
19 26 0.500016
20 1 0.861950
20 2 0.999999
20 3 0.947274
20 4 0.618059
20 5 0.865154
20 6 0.998369
20 7 0.684928
20 8 0.929858
20 9 0.883888
20 10 0.673236
20 11 0.913952
20 12 0.811822
20 13 0.699823
20 14 0.966101
20 15 0.981084
20 16 0.992213
20 17 0.921198
20 18 0.955091
20 19 0.500008
20 20 0.999276
20 21 0.999302
20 22 0.618059
20 23 0.996597
20 24 0.711840
20 25 0.839965
20 26 0.992533
21 1 0.945434
21 2 1.000000
21 3 0.991199
21 4 0.716268
21 5 0.950121
21 6 1.000000
21 7 0.733721
21 8 0.982729
21 9 0.968692
21 10 0.669423
21 11 0.979562
21 12 0.912967
21 13 0.878564
21 14 0.996442
21 15 0.999801
21 16 0.998966
21 17 0.968685
21 18 0.985301
21 19 0.500022
21 20 0.999302
21 21 0.999999
21 22 0.716268
21 23 0.999896
21 24 0.847953
21 25 0.939641
21 26 0.999633
22 1 0.545664
22 2 0.705015
22 3 0.570042
22 5 0.546963
22 6 0.787475
22 7 0.517382
22 8 0.553816
22 9 0.553988
22 10 0.519346
22 11 0.567486
22 12 0.543594
22 13 0.544803
22 14 0.597234
22 15 0.646131
22 16 0.572941
22 17 0.566336
22 18 0.560313
22 19 0.500002
22 20 0.618059
22 21 0.716268
22 22 0.541882
22 23 0.693589
22 24 0.537595
22 25 0.548999
22 26 0.630695
23 1 0.912499
23 2 0.999994
23 3 0.979060
23 4 0.693589
23 5 0.922047
23 6 0.999999
23 7 0.720204
23 8 0.966607
23 9 0.941319
23 10 0.643621
23 11 0.966664
23 12 0.793463
23 13 0.828291
23 14 0.989480
23 15 0.995335
23 16 0.995828
23 17 0.968425
23 18 0.977222
23 19 0.500019
23 20 0.996597
23 21 0.999896
23 22 0.693589
23 23 0.999861
23 24 0.828144
23 25 0.898127
23 26 0.998578
24 1 0.611619
24 2 0.874200
24 3 0.684423
24 4 0.537595
24 5 0.620739
24 6 0.942426
24 7 0.546853
24 8 0.648461
24 9 0.638090
24 10 0.529548
24 11 0.678395
24 12 0.560002
24 13 0.585818
24 14 0.706840
24 15 0.777391
24 16 0.750559
24 17 0.659430
24 18 0.662903
24 19 0.500004
24 20 0.711840
24 21 0.847953
24 22 0.537595
24 23 0.828144
24 24 0.606754
24 25 0.603751
25 1 0.662152
25 2 0.979487
25 3 0.749370
25 4 0.548999
25 5 0.668599
25 6 0.969503
25 7 0.562641
25 8 0.709839
25 9 0.689321
25 10 0.544303
25 11 0.720155
25 12 0.613999
25 13 0.614120
25 14 0.793355
25 15 0.851365
25 16 0.828417
25 17 0.700490
25 18 0.737971
25 19 0.500005
25 20 0.839965
25 21 0.939641
25 22 0.548999
25 23 0.898127
25 24 0.603751
25 25 0.655487
26 2 0.999986
26 6 0.999982
26 7 0.684819
26 8 0.941477
26 10 0.631867
26 12 0.777667
26 15 0.993165
26 16 0.992236
26 17 0.934717
26 19 0.500016
26 20 0.992533
26 21 0.999633
26 22 0.630695
26 23 0.998578
26 26 0.996463
