1 26 0.635171
3 17 0.994247
3 26 0.899406
4 22 0.542773
4 26 0.623531
5 26 0.626064
9 26 0.673151
11 26 0.799449
13 26 0.698850
14 26 0.789030
17 3 0.994247
18 26 0.923024
22 4 0.542773
24 26 0.725051
25 26 0.649832
26 1 0.635171
26 3 0.899406
26 4 0.623531
26 5 0.626064
26 9 0.673151
26 11 0.799449
26 13 0.698850
26 14 0.789030
26 18 0.923024
26 24 0.725051
26 25 0.649832
1 1 0.560347
1 2 0.691713
1 3 0.713583
1 4 0.552144
1 5 0.554665
1 6 0.864303
1 7 0.541762
1 8 0.619844
1 9 0.576654
1 10 0.512324
1 11 0.630608
1 12 0.567198
1 13 0.588491
1 14 0.640990
1 15 0.601403
1 16 0.629662
1 17 0.713583
1 18 0.744339
1 19 0.500002
1 20 0.737662
1 21 0.723777
1 22 0.523964
1 23 0.666065
1 24 0.604406
1 25 0.567313
2 1 0.691713
2 2 1.000000
2 3 0.997399
2 4 0.758022
2 5 0.660465
2 6 1.000000
2 7 0.543791
2 8 0.965655
2 9 0.761116
2 10 0.633170
2 11 0.977996
2 12 0.894101
2 13 0.784793
2 14 0.651153
2 15 0.959387
2 16 0.999452
2 17 0.997399
2 18 0.990908
2 19 0.499985
2 20 0.988466
2 21 0.999909
2 22 0.752434
2 23 0.997639
2 24 0.457050
2 25 0.733258
2 26 0.881490
3 1 0.713583
3 2 0.997399
3 3 0.994247
3 4 0.741883
3 5 0.701821
3 6 0.999978
3 7 0.668823
3 8 0.911297
3 9 0.784143
3 10 0.562029
3 11 0.974930
3 12 0.795646
3 13 0.842595
3 14 0.882878
3 15 0.876844
3 16 0.958731
3 18 0.970394
3 19 0.500004
3 20 0.981865
3 21 0.989610
3 22 0.667965
3 23 0.993478
3 24 0.829015
3 25 0.738405
4 1 0.552144
4 2 0.758022
4 3 0.741883
4 4 0.562295
4 5 0.550927
4 6 0.887004
4 7 0.541614
4 8 0.627022
4 9 0.571877
4 10 0.514042
4 11 0.686252
4 12 0.566291
4 13 0.588691
4 14 0.616082
4 15 0.611727
4 16 0.661742
4 17 0.741883
4 18 0.730964
4 19 0.500002
4 20 0.704439
4 21 0.686470
4 23 0.735569
4 24 0.589343
4 25 0.556542
5 1 0.554665
5 2 0.660465
5 3 0.701821
5 4 0.550927
5 5 0.554856
5 6 0.850567
5 7 0.545629
5 8 0.618491
5 9 0.571287
5 10 0.509564
5 11 0.629266
5 12 0.552128
5 13 0.582071
5 14 0.631341
5 15 0.584448
5 16 0.627842
5 17 0.701821
5 18 0.750492
5 19 0.500002
5 20 0.699114
5 21 0.683197
5 22 0.525270
5 23 0.674444
5 24 0.596642
5 25 0.560266
6 1 0.864303
6 2 1.000000
6 3 0.999978
6 4 0.887004
6 5 0.850567
6 6 1.000000
6 7 0.803423
6 8 0.993862
6 9 0.939086
6 10 0.626299
6 11 0.999755
6 12 0.959016
6 13 0.971175
6 14 0.976720
6 15 0.977026
6 16 0.999374
6 17 0.999978
6 18 0.997320
6 19 0.500000
6 20 0.999188
6 21 0.999998
6 22 0.803217
6 23 0.999993
6 24 0.933771
6 25 0.897317
6 26 0.989837
7 1 0.541762
7 2 0.543791
7 3 0.668823
7 4 0.541614
7 5 0.545629
7 6 0.803423
7 7 0.555758
7 8 0.600855
7 9 0.557657
7 10 0.504122
7 11 0.643090
7 12 0.525768
7 13 0.567193
7 14 0.616430
7 15 0.529196
7 16 0.579554
7 17 0.668823
7 18 0.741229
7 19 0.500002
7 20 0.630488
7 21 0.626265
7 22 0.519147
7 23 0.672283
7 24 0.599603
7 25 0.545987
7 26 0.600687
8 1 0.619844
8 2 0.965655
8 3 0.911297
8 4 0.627022
8 5 0.618491
8 6 0.993862
8 7 0.600855
8 8 0.807310
8 9 0.662291
8 10 0.527704
8 11 0.841160
8 12 0.639894
8 13 0.701260
8 14 0.744345
8 15 0.663981
8 16 0.835231
8 17 0.911297
8 18 0.943579
8 19 0.500002
8 20 0.889154
8 21 0.912994
8 22 0.580004
8 23 0.902556
8 24 0.681788
8 25 0.635410
8 26 0.762725
9 1 0.576654
9 2 0.761116
9 3 0.784143
9 4 0.571877
9 5 0.571287
9 6 0.939086
9 7 0.557657
9 8 0.662291
9 9 0.602100
9 10 0.515072
9 11 0.702797
9 12 0.590506
9 13 0.620649
9 14 0.676101
9 15 0.623023
9 16 0.674079
9 17 0.784143
9 18 0.784576
9 19 0.500002
9 20 0.781717
9 21 0.789067
9 22 0.536961
9 23 0.758482
9 24 0.634669
9 25 0.586011
10 1 0.512324
10 2 0.633170
10 3 0.562029
10 4 0.514042
10 5 0.509564
10 6 0.626299
10 7 0.504122
10 8 0.527704
10 9 0.515072
10 10 0.512959
10 11 0.553757
10 12 0.531652
10 13 0.521462
10 14 0.515383
10 15 0.554996
10 16 0.555703
10 17 0.562029
10 18 0.524450
10 19 0.500000
10 20 0.557150
10 21 0.579690
10 22 0.512423
10 23 0.578618
10 24 0.510971
10 25 0.511939
10 26 0.527646
11 1 0.630608
11 2 0.977996
11 3 0.974930
11 4 0.686252
11 5 0.629266
11 6 0.999755
11 7 0.643090
11 8 0.841160
11 9 0.702797
11 10 0.553757
11 11 0.985967
11 12 0.742971
11 13 0.804430
11 14 0.763164
11 15 0.736164
11 16 0.855558
11 17 0.974930
11 18 0.833928
11 19 0.500004
11 20 0.850853
11 21 0.964293
11 22 0.649794
11 23 0.994812
11 24 0.722279
11 25 0.638522
12 1 0.567198
12 2 0.894101
12 3 0.795646
12 4 0.566291
12 5 0.552128
12 6 0.959016
12 7 0.525768
12 8 0.639894
12 9 0.590506
12 10 0.531652
12 11 0.742971
12 12 0.652001
12 13 0.627914
12 14 0.614559
12 15 0.680398
12 16 0.711039
12 17 0.795646
12 18 0.563812
12 19 0.500000
12 20 0.773092
12 21 0.891682
12 22 0.545964
12 23 0.837158
12 24 0.577519
12 25 0.575790
12 26 0.650380
13 1 0.588491
13 2 0.784793
13 3 0.842595
13 4 0.588691
13 5 0.582071
13 6 0.971175
13 7 0.567193
13 8 0.701260
13 9 0.620649
13 10 0.521462
13 11 0.804430
13 12 0.627914
13 13 0.689518
13 14 0.691421
13 15 0.628554
13 16 0.683498
13 17 0.842595
13 18 0.789905
13 19 0.500002
13 20 0.807018
13 21 0.841782
13 22 0.551472
13 23 0.859384
13 24 0.632119
13 25 0.599917
14 1 0.640990
14 2 0.651153
14 3 0.882878
14 4 0.616082
14 5 0.631341
14 6 0.976720
14 7 0.616430
14 8 0.744345
14 9 0.676101
14 10 0.515383
14 11 0.763164
14 12 0.614559
14 13 0.691421
14 14 0.834290
14 15 0.682547
14 16 0.697143
14 17 0.882878
14 18 0.942439
14 19 0.500004
14 20 0.919290
14 21 0.811261
14 22 0.536366
14 23 0.786073
14 24 0.774733
14 25 0.656197
15 1 0.601403
15 2 0.959387
15 3 0.876844
15 4 0.611727
15 5 0.584448
15 6 0.977026
15 7 0.529196
15 8 0.663981
15 9 0.623023
15 10 0.554996
15 11 0.736164
15 12 0.680398
15 13 0.628554
15 14 0.682547
15 15 0.847724
15 16 0.846727
15 17 0.876844
15 18 0.714595
15 19 0.500002
15 20 0.870011
15 21 0.851555
15 22 0.583704
15 23 0.846426
15 24 0.620390
15 25 0.604929
15 26 0.718380
16 1 0.629662
16 2 0.999452
16 3 0.958731
16 4 0.661742
16 5 0.627842
16 6 0.999374
16 7 0.579554
16 8 0.835231
16 9 0.674079
16 10 0.555703
16 11 0.855558
16 12 0.711039
16 13 0.683498
16 14 0.697143
16 15 0.846727
16 16 0.972991
16 17 0.958731
16 18 0.937932
16 19 0.499997
16 20 0.906584
16 21 0.972972
16 22 0.633638
16 23 0.959334
16 24 0.585584
16 25 0.648602
16 26 0.785289
17 1 0.713583
17 2 0.997399
17 4 0.741883
17 5 0.701821
17 6 0.999978
17 7 0.668823
17 8 0.911297
17 9 0.784143
17 10 0.562029
17 11 0.974930
17 12 0.795646
17 13 0.842595
17 14 0.882878
17 15 0.876844
17 16 0.958731
17 17 0.994247
17 18 0.970394
17 19 0.500004
17 20 0.981865
17 21 0.989610
17 22 0.667965
17 23 0.993478
17 24 0.829015
17 25 0.738405
17 26 0.899406
18 1 0.744339
18 2 0.990908
18 3 0.970394
18 4 0.730964
18 5 0.750492
18 6 0.997320
18 7 0.741229
18 8 0.943579
18 9 0.784576
18 10 0.524450
18 11 0.833928
18 12 0.563812
18 13 0.789905
18 14 0.942439
18 15 0.714595
18 16 0.937932
18 17 0.970394
18 18 0.999969
18 19 0.500009
18 20 0.990682
18 21 0.878373
18 22 0.614922
18 23 0.669447
18 24 0.880841
18 25 0.768136
19 1 0.500002
19 2 0.499985
19 3 0.500004
19 4 0.500002
19 5 0.500002
19 6 0.500000
19 7 0.500002
19 8 0.500002
19 9 0.500002
19 10 0.500000
19 11 0.500004
19 12 0.500000
19 13 0.500002
19 14 0.500004
19 15 0.500002
19 16 0.499997
19 17 0.500004
19 18 0.500009
19 19 0.500000
19 20 0.500005
19 21 0.499999
19 22 0.500001
19 23 0.500002
19 24 0.500005
19 25 0.500001
19 26 0.500003
20 1 0.737662
20 2 0.988466
20 3 0.981865
20 4 0.704439
20 5 0.699114
20 6 0.999188
20 7 0.630488
20 8 0.889154
20 9 0.781717
20 10 0.557150
20 11 0.850853
20 12 0.773092
20 13 0.807018
20 14 0.919290
20 15 0.870011
20 16 0.906584
20 17 0.981865
20 18 0.990682
20 19 0.500005
20 20 0.995546
20 21 0.981095
20 22 0.592923
20 23 0.884803
20 24 0.864279
20 25 0.765446
20 26 0.906678
21 1 0.723777
21 2 0.999909
21 3 0.989610
21 4 0.686470
21 5 0.683197
21 6 0.999998
21 7 0.626265
21 8 0.912994
21 9 0.789067
21 10 0.579690
21 11 0.964293
21 12 0.891682
21 13 0.841782
21 14 0.811261
21 15 0.851555
21 16 0.972972
21 17 0.989610
21 18 0.878373
21 19 0.499999
21 20 0.981095
21 21 0.999981
21 22 0.622731
21 23 0.994449
21 24 0.741743
21 25 0.763762
21 26 0.905666
22 1 0.523964
22 2 0.752434
22 3 0.667965
22 5 0.525270
22 6 0.803217
22 7 0.519147
22 8 0.580004
22 9 0.536961
22 10 0.512423
22 11 0.649794
22 12 0.545964
22 13 0.551472
22 14 0.536366
22 15 0.583704
22 16 0.633638
22 17 0.667965
22 18 0.614922
22 19 0.500001
22 20 0.592923
22 21 0.622731
22 22 0.540573
22 23 0.699074
22 24 0.528562
22 25 0.524344
22 26 0.562637
23 1 0.666065
23 2 0.997639
23 3 0.993478
23 4 0.735569
23 5 0.674444
23 6 0.999993
23 7 0.672283
23 8 0.902556
23 9 0.758482
23 10 0.578618
23 11 0.994812
23 12 0.837158
23 13 0.859384
23 14 0.786073
23 15 0.846426
23 16 0.959334
23 17 0.993478
23 18 0.669447
23 19 0.500002
23 20 0.884803
23 21 0.994449
23 22 0.699074
23 23 0.999704
23 24 0.723064
23 25 0.678711
23 26 0.858745
24 1 0.604406
24 2 0.457050
24 3 0.829015
24 4 0.589343
24 5 0.596642
24 6 0.933771
24 7 0.599603
24 8 0.681788
24 9 0.634669
24 10 0.510971
24 11 0.722279
24 12 0.577519
24 13 0.632119
24 14 0.774733
24 15 0.620390
24 16 0.585584
24 17 0.829015
24 18 0.880841
24 19 0.500005
24 20 0.864279
24 21 0.741743
24 22 0.528562
24 23 0.723064
24 24 0.761206
24 25 0.614573
25 1 0.567313
25 2 0.733258
25 3 0.738405
25 4 0.556542
25 5 0.560266
25 6 0.897317
25 7 0.545987
25 8 0.635410
25 9 0.586011
25 10 0.511939
25 11 0.638522
25 12 0.575790
25 13 0.599917
25 14 0.656197
25 15 0.604929
25 16 0.648602
25 17 0.738405
25 18 0.768136
25 19 0.500001
25 20 0.765446
25 21 0.763762
25 22 0.524344
25 23 0.678711
25 24 0.614573
25 25 0.576980
26 2 0.881490
26 6 0.989837
26 7 0.600687
26 8 0.762725
26 10 0.527646
26 12 0.650380
26 15 0.718380
26 16 0.785289
26 17 0.899406
26 19 0.500003
26 20 0.906678
26 21 0.905666
26 22 0.562637
26 23 0.858745
26 26 0.783753
