1 2 0.769299
1 3 0.712082
1 5 0.582045
1 8 0.832476
1 12 0.651188
1 16 0.723529
1 17 0.720358
1 19 0.828427
2 1 0.769299
2 8 0.794772
2 19 0.808563
3 1 0.712082
3 8 0.736580
4 17 0.689986
5 1 0.582045
5 8 0.696409
8 1 0.832476
8 2 0.794772
8 3 0.736580
8 5 0.696409
8 12 0.693134
8 13 0.642122
8 14 0.756124
8 15 0.666014
8 16 0.757414
8 17 0.749569
8 19 0.857626
10 19 0.774540
12 1 0.651188
12 8 0.693134
13 8 0.642122
14 8 0.756124
15 8 0.666014
16 1 0.723529
16 8 0.757414
17 1 0.720358
17 4 0.689986
17 8 0.749569
17 19 0.732506
18 19 0.807342
19 1 0.828427
19 2 0.808563
19 8 0.857626
19 10 0.774540
19 17 0.732506
19 18 0.807342
1 1 0.806338
1 4 0.678425
1 6 0.943204
1 7 0.501071
1 9 0.527093
1 10 0.726614
1 11 0.587499
1 13 0.606998
1 14 0.699659
1 15 0.629860
1 18 0.829180
2 2 0.747999
2 3 0.684427
2 4 0.636714
2 5 0.571410
2 6 0.886436
2 7 0.500713
2 9 0.528390
2 10 0.713464
2 11 0.555541
2 12 0.636324
2 13 0.605664
2 14 0.669669
2 15 0.616407
2 16 0.697119
2 17 0.678204
2 18 0.764779
3 2 0.684427
3 3 0.654092
3 4 0.599365
3 5 0.523678
3 6 0.841773
3 7 0.500823
3 9 0.519944
3 10 0.647719
3 11 0.552720
3 12 0.602935
3 13 0.582188
3 14 0.640148
3 15 0.587210
3 16 0.654251
3 17 0.628346
3 18 0.756749
3 19 0.730994
4 1 0.678425
4 2 0.636714
4 3 0.599365
4 4 0.673729
4 5 0.648471
4 6 0.847888
4 7 0.501041
4 8 0.708173
4 9 0.507597
4 10 0.613288
4 11 0.571898
4 12 0.572298
4 13 0.542400
4 14 0.617001
4 15 0.562592
4 16 0.613977
4 18 0.679945
4 19 0.682383
5 2 0.571410
5 3 0.523678
5 4 0.648471
5 5 0.997873
5 6 0.897781
5 7 0.503795
5 9 0.558238
5 10 0.575248
5 11 0.571467
5 12 0.599623
5 13 0.617074
5 14 0.627684
5 15 0.593274
5 16 0.625372
5 17 0.648666
5 18 0.748056
5 19 0.632771
6 1 0.943204
6 2 0.886436
6 3 0.841773
6 4 0.847888
6 5 0.897781
6 6 0.999960
6 7 0.504152
6 8 0.968021
6 9 0.592060
6 10 0.825445
6 11 0.745895
6 12 0.785855
6 13 0.659171
6 14 0.864947
6 15 0.756505
6 16 0.877695
6 17 0.882869
6 18 0.994160
6 19 0.931229
7 1 0.501071
7 2 0.500713
7 3 0.500823
7 4 0.501041
7 5 0.503795
7 6 0.504152
7 7 0.500024
7 8 0.501482
7 9 0.500257
7 10 0.500390
7 11 0.500668
7 12 0.500528
7 13 0.500595
7 14 0.500981
7 15 0.500471
7 16 0.500916
7 17 0.501067
7 18 0.503446
7 19 0.500890
8 4 0.708173
8 6 0.968021
8 7 0.501482
8 8 0.878588
8 9 0.544199
8 10 0.752983
8 11 0.606472
8 18 0.862392
9 1 0.527093
9 2 0.528390
9 3 0.519944
9 4 0.507597
9 5 0.558238
9 6 0.592060
9 7 0.500257
9 8 0.544199
9 9 0.523182
9 10 0.527958
9 11 0.516962
9 12 0.520975
9 13 0.521172
9 14 0.529001
9 15 0.519770
9 16 0.522321
9 17 0.512172
9 18 0.598385
9 19 0.539886
10 1 0.726614
10 2 0.713464
10 3 0.647719
10 4 0.613288
10 5 0.575248
10 6 0.825445
10 7 0.500390
10 8 0.752983
10 9 0.527958
10 10 0.690271
10 11 0.537652
10 12 0.615536
10 13 0.590598
10 14 0.639204
10 15 0.598825
10 16 0.662551
10 17 0.649926
10 18 0.691046
11 1 0.587499
11 2 0.555541
11 3 0.552720
11 4 0.571898
11 5 0.571467
11 6 0.745895
11 7 0.500668
11 8 0.606472
11 9 0.516962
11 10 0.537652
11 11 0.579438
11 12 0.530955
11 13 0.512049
11 14 0.565093
11 15 0.529173
11 16 0.552631
11 17 0.580259
11 18 0.722342
11 19 0.567862
12 2 0.636324
12 3 0.602935
12 4 0.572298
12 5 0.599623
12 6 0.785855
12 7 0.500528
12 9 0.520975
12 10 0.615536
12 11 0.530955
12 12 0.592692
12 13 0.570781
12 14 0.617724
12 15 0.577349
12 16 0.618324
12 17 0.592779
12 18 0.665295
12 19 0.679628
13 1 0.606998
13 2 0.605664
13 3 0.582188
13 4 0.542400
13 5 0.617074
13 6 0.659171
13 7 0.500595
13 9 0.521172
13 10 0.590598
13 11 0.512049
13 12 0.570781
13 13 0.570519
13 14 0.589131
13 15 0.559310
13 16 0.589861
13 17 0.557283
13 18 0.616218
13 19 0.642349
14 1 0.699659
14 2 0.669669
14 3 0.640148
14 4 0.617001
14 5 0.627684
14 6 0.864947
14 7 0.500981
14 9 0.529001
14 10 0.639204
14 11 0.565093
14 12 0.617724
14 13 0.589131
14 14 0.676258
14 15 0.598328
14 16 0.654632
14 17 0.639906
14 18 0.733512
14 19 0.718492
15 1 0.629860
15 2 0.616407
15 3 0.587210
15 4 0.562592
15 5 0.593274
15 6 0.756505
15 7 0.500471
15 9 0.519770
15 10 0.598825
15 11 0.529173
15 12 0.577349
15 13 0.559310
15 14 0.598328
15 15 0.565640
15 16 0.599375
15 17 0.580444
15 18 0.653393
15 19 0.654210
16 2 0.697119
16 3 0.654251
16 4 0.613977
16 5 0.625372
16 6 0.877695
16 7 0.500916
16 9 0.522321
16 10 0.662551
16 11 0.552631
16 12 0.618324
16 13 0.589861
16 14 0.654632
16 15 0.599375
16 16 0.669694
16 17 0.644351
16 18 0.753396
16 19 0.749667
17 2 0.678204
17 3 0.628346
17 5 0.648666
17 6 0.882869
17 7 0.501067
17 9 0.512172
17 10 0.649926
17 11 0.580259
17 12 0.592779
17 13 0.557283
17 14 0.639906
17 15 0.580444
17 16 0.644351
17 17 0.713136
17 18 0.716732
18 1 0.829180
18 2 0.764779
18 3 0.756749
18 4 0.679945
18 5 0.748056
18 6 0.994160
18 7 0.503446
18 8 0.862392
18 9 0.598385
18 10 0.691046
18 11 0.722342
18 12 0.665295
18 13 0.616218
18 14 0.733512
18 15 0.653393
18 16 0.753396
18 17 0.716732
18 18 0.995758
19 3 0.730994
19 4 0.682383
19 5 0.632771
19 6 0.931229
19 7 0.500890
19 9 0.539886
19 11 0.567862
19 12 0.679628
19 13 0.642349
19 14 0.718492
19 15 0.654210
19 16 0.749667
19 19 0.873563
