1 2 0.660775
1 3 0.612743
1 5 0.643137
1 8 0.766310
1 12 0.625124
1 16 0.635531
1 17 0.719614
1 19 0.765151
2 1 0.660775
2 8 0.711871
2 19 0.689112
3 1 0.612743
3 8 0.690404
4 17 0.781766
5 1 0.643137
5 8 0.689953
8 1 0.766310
8 2 0.711871
8 3 0.690404
8 5 0.689953
8 12 0.677289
8 13 0.742073
8 14 0.876525
8 15 0.645763
8 16 0.689120
8 17 0.852702
8 19 0.914128
10 19 0.500000
12 1 0.625124
12 8 0.677289
13 8 0.742073
14 8 0.876525
15 8 0.645763
16 1 0.635531
16 8 0.689120
17 1 0.719614
17 4 0.781766
17 8 0.852702
17 19 0.946075
18 19 0.988349
19 1 0.765151
19 2 0.689112
19 8 0.914128
19 10 0.500000
19 17 0.946075
19 18 0.988349
1 1 0.692031
1 4 0.658022
1 6 0.890322
1 7 0.501257
1 9 0.553054
1 10 0.500000
1 11 0.574051
1 13 0.652155
1 14 0.801051
1 15 0.589201
1 18 0.727772
2 2 0.660574
2 3 0.578449
2 4 0.612480
2 5 0.618983
2 6 0.801012
2 7 0.500714
2 9 0.527990
2 10 0.500000
2 11 0.524462
2 12 0.610004
2 13 0.626691
2 14 0.771277
2 15 0.573716
2 16 0.615290
2 17 0.662230
2 18 0.652459
3 2 0.578449
3 3 0.640935
3 4 0.608474
3 5 0.573225
3 6 0.800661
3 7 0.501135
3 9 0.524211
3 10 0.500000
3 11 0.545608
3 12 0.578372
3 13 0.583982
3 14 0.560507
3 15 0.562241
3 16 0.598733
3 17 0.680036
3 18 0.735937
3 19 0.749844
4 1 0.658022
4 2 0.612480
4 3 0.608474
4 4 0.718613
4 5 0.605893
4 6 0.925474
4 7 0.501651
4 8 0.776441
4 9 0.572487
4 10 0.500000
4 11 0.618540
4 12 0.595578
4 13 0.648624
4 14 0.764385
4 15 0.588568
4 16 0.601307
4 18 0.824378
4 19 0.859633
5 2 0.618983
5 3 0.573225
5 4 0.605893
5 5 0.616554
5 6 0.800986
5 7 0.500922
5 9 0.532567
5 10 0.500000
5 11 0.559467
5 12 0.590673
5 13 0.600397
5 14 0.716812
5 15 0.561064
5 16 0.596223
5 17 0.646788
5 18 0.633686
5 19 0.665983
6 1 0.890322
6 2 0.801012
6 3 0.800661
6 4 0.925474
6 5 0.800986
6 6 0.999996
6 7 0.503314
6 8 0.972478
6 9 0.742140
6 10 0.500000
6 11 0.827791
6 12 0.755254
6 13 0.854013
6 14 0.994493
6 15 0.710482
6 16 0.812539
6 17 0.968622
6 18 0.980896
6 19 0.990208
7 1 0.501257
7 2 0.500714
7 3 0.501135
7 4 0.501651
7 5 0.500922
7 6 0.503314
7 7 0.500036
7 8 0.502118
7 9 0.500270
7 10 0.500000
7 11 0.501281
7 12 0.500847
7 13 0.500706
7 14 0.502486
7 15 0.500661
7 16 0.500955
7 17 0.502885
7 18 0.504795
7 19 0.504870
8 4 0.776441
8 6 0.972478
8 7 0.502118
8 8 0.882081
8 9 0.601645
8 10 0.500000
8 11 0.638005
8 18 0.881378
9 1 0.553054
9 2 0.527990
9 3 0.524211
9 4 0.572487
9 5 0.532567
9 6 0.742140
9 7 0.500270
9 8 0.601645
9 9 0.546133
9 10 0.500000
9 11 0.548835
9 12 0.525065
9 13 0.563171
9 14 0.635417
9 15 0.521804
9 16 0.530014
9 17 0.593562
9 18 0.614624
9 19 0.632690
10 1 0.500000
10 2 0.500000
10 3 0.500000
10 4 0.500000
10 5 0.500000
10 6 0.500000
10 7 0.500000
10 8 0.500000
10 9 0.500000
10 10 0.500000
10 11 0.500000
10 12 0.500000
10 13 0.500000
10 14 0.500000
10 15 0.500000
10 16 0.500000
10 17 0.500000
10 18 0.500000
11 1 0.574051
11 2 0.524462
11 3 0.545608
11 4 0.618540
11 5 0.559467
11 6 0.827791
11 7 0.501281
11 8 0.638005
11 9 0.548835
11 10 0.500000
11 11 0.630920
11 12 0.536270
11 13 0.544939
11 14 0.613859
11 15 0.534739
11 16 0.536770
11 17 0.657749
11 18 0.713421
11 19 0.733181
12 2 0.610004
12 3 0.578372
12 4 0.595578
12 5 0.590673
12 6 0.755254
12 7 0.500847
12 9 0.525065
12 10 0.500000
12 11 0.536270
12 12 0.584485
12 13 0.596111
12 14 0.691463
12 15 0.559123
12 16 0.590285
12 17 0.642977
12 18 0.655664
12 19 0.680327
13 1 0.652155
13 2 0.626691
13 3 0.583982
13 4 0.648624
13 5 0.600397
13 6 0.854013
13 7 0.500706
13 9 0.563171
13 10 0.500000
13 11 0.544939
13 12 0.596111
13 13 0.665952
13 14 0.785089
13 15 0.575541
13 16 0.600260
13 17 0.695924
13 18 0.693184
13 19 0.734584
14 1 0.801051
14 2 0.771277
14 3 0.560507
14 4 0.764385
14 5 0.716812
14 6 0.994493
14 7 0.502486
14 9 0.635417
14 10 0.500000
14 11 0.613859
14 12 0.691463
14 13 0.785089
14 14 0.996503
14 15 0.631549
14 16 0.707029
14 17 0.827802
14 18 0.838876
14 19 0.884654
15 1 0.589201
15 2 0.573716
15 3 0.562241
15 4 0.588568
15 5 0.561064
15 6 0.710482
15 7 0.500661
15 9 0.521804
15 10 0.500000
15 11 0.534739
15 12 0.559123
15 13 0.575541
15 14 0.631549
15 15 0.548750
15 16 0.559909
15 17 0.625340
15 18 0.639519
15 19 0.664030
16 2 0.615290
16 3 0.598733
16 4 0.601307
16 5 0.596223
16 6 0.812539
16 7 0.500955
16 9 0.530014
16 10 0.500000
16 11 0.536770
16 12 0.590285
16 13 0.600260
16 14 0.707029
16 15 0.559909
16 16 0.607910
16 17 0.659159
16 18 0.684013
16 19 0.705720
17 2 0.662230
17 3 0.680036
17 5 0.646788
17 6 0.968622
17 7 0.502885
17 9 0.593562
17 10 0.500000
17 11 0.657749
17 12 0.642977
17 13 0.695924
17 14 0.827802
17 15 0.625340
17 16 0.659159
17 17 0.869577
17 18 0.929714
18 1 0.727772
18 2 0.652459
18 3 0.735937
18 4 0.824378
18 5 0.633686
18 6 0.980896
18 7 0.504795
18 8 0.881378
18 9 0.614624
18 10 0.500000
18 11 0.713421
18 12 0.655664
18 13 0.693184
18 14 0.838876
18 15 0.639519
18 16 0.684013
18 17 0.929714
18 18 0.986420
19 3 0.749844
19 4 0.859633
19 5 0.665983
19 6 0.990208
19 7 0.504870
19 9 0.632690
19 11 0.733181
19 12 0.680327
19 13 0.734584
19 14 0.884654
19 15 0.664030
19 16 0.705720
19 19 0.991224
