1 2 0.765528
1 3 0.749200
1 5 0.809590
1 8 0.803859
1 12 0.762204
1 16 0.733907
1 17 0.753093
1 19 0.865235
2 1 0.765528
2 8 0.705266
2 19 0.861969
3 1 0.749200
3 8 0.688822
4 17 0.589787
5 1 0.809590
5 8 0.676538
8 1 0.803859
8 2 0.705266
8 3 0.688822
8 5 0.676538
8 12 0.673661
8 13 0.635566
8 14 0.834167
8 15 0.500000
8 16 0.664219
8 17 0.691876
8 19 0.800216
10 19 0.808806
12 1 0.762204
12 8 0.673661
13 8 0.635566
14 8 0.834167
15 8 0.500000
16 1 0.733907
16 8 0.664219
17 1 0.753093
17 4 0.589787
17 8 0.691876
17 19 0.779015
18 19 0.821731
19 1 0.865235
19 2 0.861969
19 8 0.800216
19 10 0.808806
19 17 0.779015
19 18 0.821731
1 1 0.900925
1 4 0.627526
1 6 0.983724
1 7 0.501034
1 9 0.581467
1 10 0.703225
1 11 0.633449
1 13 0.665543
1 14 0.951316
1 15 0.500000
1 18 0.727710
2 2 0.791446
2 3 0.648630
2 4 0.587083
2 5 0.624875
2 6 0.979504
2 7 0.499907
2 9 0.528458
2 10 0.718254
2 11 0.553976
2 12 0.646132
2 13 0.606051
2 14 0.844345
2 15 0.500000
2 16 0.636639
2 17 0.683488
2 18 0.737881
3 2 0.648630
3 3 0.651700
3 4 0.570607
3 5 0.650664
3 6 0.863295
3 7 0.500694
3 9 0.538117
3 10 0.616421
3 11 0.548772
3 12 0.636941
3 13 0.601269
3 14 0.753937
3 15 0.500000
3 16 0.629425
3 17 0.647176
3 18 0.615435
3 19 0.729944
4 1 0.627526
4 2 0.587083
4 3 0.570607
4 4 0.553990
4 5 0.546922
4 6 0.753213
4 7 0.500204
4 8 0.596114
4 9 0.528364
4 10 0.582005
4 11 0.526854
4 12 0.564934
4 13 0.546249
4 14 0.680939
4 15 0.500000
4 16 0.572679
4 18 0.581030
4 19 0.650630
5 2 0.624875
5 3 0.650664
5 4 0.546922
5 5 0.794929
5 6 0.898760
5 7 0.500561
5 9 0.545111
5 10 0.564543
5 11 0.626892
5 12 0.683455
5 13 0.578031
5 14 0.852510
5 15 0.500000
5 16 0.636905
5 17 0.631127
5 18 0.602060
5 19 0.678885
6 1 0.983724
6 2 0.979504
6 3 0.863295
6 4 0.753213
6 5 0.898760
6 6 1.000000
6 7 0.496916
6 8 0.933294
6 9 0.606447
6 10 0.933155
6 11 0.717870
6 12 0.902728
6 13 0.765492
6 14 0.999777
6 15 0.500000
6 16 0.866113
6 17 0.910113
6 18 0.960852
6 19 0.995043
7 1 0.501034
7 2 0.499907
7 3 0.500694
7 4 0.500204
7 5 0.500561
7 6 0.496916
7 7 0.500027
7 8 0.500881
7 9 0.500313
7 10 0.499991
7 11 0.500453
7 12 0.500568
7 13 0.500647
7 14 0.500542
7 15 0.500000
7 16 0.500402
7 17 0.500453
7 18 0.499753
7 19 0.500075
8 4 0.596114
8 6 0.933294
8 7 0.500881
8 8 0.738911
8 9 0.551330
8 10 0.662484
8 11 0.559846
8 18 0.664223
9 1 0.581467
9 2 0.528458
9 3 0.538117
9 4 0.528364
9 5 0.545111
9 6 0.606447
9 7 0.500313
9 8 0.551330
9 9 0.524328
9 10 0.530059
9 11 0.524134
9 12 0.544529
9 13 0.524461
9 14 0.618097
9 15 0.500000
9 16 0.540015
9 17 0.545503
9 18 0.530761
9 19 0.558955
10 1 0.703225
10 2 0.718254
10 3 0.616421
10 4 0.582005
10 5 0.564543
10 6 0.933155
10 7 0.499991
10 8 0.662484
10 9 0.530059
10 10 0.684758
10 11 0.537733
10 12 0.608658
10 13 0.586772
10 14 0.784788
10 15 0.500000
10 16 0.614823
10 17 0.654533
10 18 0.689078
11 1 0.633449
11 2 0.553976
11 3 0.548772
11 4 0.526854
11 5 0.626892
11 6 0.717870
11 7 0.500453
11 8 0.559846
11 9 0.524134
11 10 0.537733
11 11 0.599247
11 12 0.579882
11 13 0.517369
11 14 0.734137
11 15 0.500000
11 16 0.549616
11 17 0.554626
11 18 0.549790
11 19 0.583031
12 2 0.646132
12 3 0.636941
12 4 0.564934
12 5 0.683455
12 6 0.902728
12 7 0.500568
12 9 0.544529
12 10 0.608658
12 11 0.579882
12 12 0.659515
12 13 0.587205
12 14 0.853899
12 15 0.500000
12 16 0.628050
12 17 0.635515
12 18 0.622405
12 19 0.719719
13 1 0.665543
13 2 0.606051
13 3 0.601269
13 4 0.546249
13 5 0.578031
13 6 0.765492
13 7 0.500647
13 9 0.524461
13 10 0.586772
13 11 0.517369
13 12 0.587205
13 13 0.591359
13 14 0.676350
13 15 0.500000
13 16 0.577651
13 17 0.600292
13 18 0.581293
13 19 0.670998
14 1 0.951316
14 2 0.844345
14 3 0.753937
14 4 0.680939
14 5 0.852510
14 6 0.999777
14 7 0.500542
14 9 0.618097
14 10 0.784788
14 11 0.734137
14 12 0.853899
14 13 0.676350
14 14 0.999990
14 15 0.500000
14 16 0.798523
14 17 0.800258
14 18 0.846683
14 19 0.932524
15 1 0.500000
15 2 0.500000
15 3 0.500000
15 4 0.500000
15 5 0.500000
15 6 0.500000
15 7 0.500000
15 9 0.500000
15 10 0.500000
15 11 0.500000
15 12 0.500000
15 13 0.500000
15 14 0.500000
15 15 0.500000
15 16 0.500000
15 17 0.500000
15 18 0.500000
15 19 0.500000
16 2 0.636639
16 3 0.629425
16 4 0.572679
16 5 0.636905
16 6 0.866113
16 7 0.500402
16 9 0.540015
16 10 0.614823
16 11 0.549616
16 12 0.628050
16 13 0.577651
16 14 0.798523
16 15 0.500000
16 16 0.634363
16 17 0.639800
16 18 0.623926
16 19 0.722212
17 2 0.683488
17 3 0.647176
17 5 0.631127
17 6 0.910113
17 7 0.500453
17 9 0.545503
17 10 0.654533
17 11 0.554626
17 12 0.635515
17 13 0.600292
17 14 0.800258
17 15 0.500000
17 16 0.639800
17 17 0.668388
17 18 0.659100
18 1 0.727710
18 2 0.737881
18 3 0.615435
18 4 0.581030
18 5 0.602060
18 6 0.960852
18 7 0.499753
18 8 0.664223
18 9 0.530761
18 10 0.689078
18 11 0.549790
18 12 0.622405
18 13 0.581293
18 14 0.846683
18 15 0.500000
18 16 0.623926
18 17 0.659100
18 18 0.712546
19 3 0.729944
19 4 0.650630
19 5 0.678885
19 6 0.995043
19 7 0.500075
19 9 0.558955
19 11 0.583031
19 12 0.719719
19 13 0.670998
19 14 0.932524
19 15 0.500000
19 16 0.722212
19 19 0.940654
