1 2 0.734625
1 3 0.664097
1 5 0.683513
1 8 0.830618
1 12 0.622405
1 16 0.660446
1 17 0.717605
1 19 0.753897
2 1 0.734625
2 8 0.896202
2 19 0.734014
3 1 0.664097
3 8 0.755787
4 17 0.500000
5 1 0.683513
5 8 0.826580
8 1 0.830618
8 2 0.896202
8 3 0.755787
8 5 0.826580
8 12 0.684825
8 13 0.804646
8 14 0.888284
8 15 0.757724
8 16 0.751545
8 17 0.807069
8 19 0.841420
10 19 0.782441
12 1 0.622405
12 8 0.684825
13 8 0.804646
14 8 0.888284
15 8 0.757724
16 1 0.660446
16 8 0.751545
17 1 0.717605
17 4 0.500000
17 8 0.807069
17 19 0.773710
18 19 0.653480
19 1 0.753897
19 2 0.734014
19 8 0.841420
19 10 0.782441
19 17 0.773710
19 18 0.653480
1 1 0.736591
1 4 0.500000
1 6 0.827109
1 7 0.500907
1 9 0.557012
1 10 0.692493
1 11 0.524992
1 13 0.627470
1 14 0.694085
1 15 0.641366
1 18 0.632363
2 2 0.830722
2 3 0.667085
2 4 0.500000
2 5 0.733169
2 6 0.691579
2 7 0.501404
2 9 0.573857
2 10 0.660382
2 11 0.581044
2 12 0.632411
2 13 0.708875
2 14 0.793532
2 15 0.677891
2 16 0.670326
2 17 0.706131
2 18 0.514183
3 2 0.667085
3 3 0.624875
3 4 0.500000
3 5 0.621678
3 6 0.749026
3 7 0.500665
3 9 0.532912
3 10 0.623016
3 11 0.513392
3 12 0.578772
3 13 0.596513
3 14 0.652777
3 15 0.601887
3 16 0.611063
3 17 0.646350
3 18 0.587528
3 19 0.666914
4 1 0.500000
4 2 0.500000
4 3 0.500000
4 4 0.500000
4 5 0.500000
4 6 0.500000
4 7 0.500000
4 8 0.500000
4 9 0.500000
4 10 0.500000
4 11 0.500000
4 12 0.500000
4 13 0.500000
4 14 0.500000
4 15 0.500000
4 16 0.500000
4 18 0.500000
4 19 0.500000
5 2 0.733169
5 3 0.621678
5 4 0.500000
5 5 0.700532
5 6 0.758636
5 7 0.501047
5 9 0.550059
5 10 0.655890
5 11 0.559914
5 12 0.591877
5 13 0.656218
5 14 0.709158
5 15 0.627598
5 16 0.627297
5 17 0.675302
5 18 0.559222
5 19 0.711919
6 1 0.827109
6 2 0.691579
6 3 0.749026
6 4 0.500000
6 5 0.758636
6 6 0.997158
6 7 0.501699
6 8 0.905110
6 9 0.576588
6 10 0.777933
6 11 0.518393
6 12 0.666883
6 13 0.676065
6 14 0.782136
6 15 0.687979
6 16 0.740366
6 17 0.811892
6 18 0.848194
6 19 0.841870
7 1 0.500907
7 2 0.501404
7 3 0.500665
7 4 0.500000
7 5 0.501047
7 6 0.501699
7 7 0.500009
7 8 0.502167
7 9 0.500337
7 10 0.500648
7 11 0.500522
7 12 0.500425
7 13 0.500932
7 14 0.501438
7 15 0.500692
7 16 0.500676
7 17 0.500822
7 18 0.500207
7 19 0.500947
8 4 0.500000
8 6 0.905110
8 7 0.502167
8 8 0.964948
8 9 0.595229
8 10 0.759210
8 11 0.597519
8 18 0.612529
9 1 0.557012
9 2 0.573857
9 3 0.532912
9 4 0.500000
9 5 0.550059
9 6 0.576588
9 7 0.500337
9 8 0.595229
9 9 0.526099
9 10 0.540314
9 11 0.524353
9 12 0.532455
9 13 0.527422
9 14 0.549452
9 15 0.533147
9 16 0.537505
9 17 0.548814
9 18 0.527816
9 19 0.558382
10 1 0.692493
10 2 0.660382
10 3 0.623016
10 4 0.500000
10 5 0.655890
10 6 0.777933
10 7 0.500648
10 8 0.759210
10 9 0.540314
10 10 0.737770
10 11 0.506497
10 12 0.567537
10 13 0.582927
10 14 0.609350
10 15 0.610854
10 16 0.628476
10 17 0.719616
10 18 0.626789
11 1 0.524992
11 2 0.581044
11 3 0.513392
11 4 0.500000
11 5 0.559914
11 6 0.518393
11 7 0.500522
11 8 0.597519
11 9 0.524353
11 10 0.506497
11 11 0.554717
11 12 0.517615
11 13 0.542137
11 14 0.569781
11 15 0.526718
11 16 0.521547
11 17 0.518267
11 18 0.476625
11 19 0.519154
12 2 0.632411
12 3 0.578772
12 4 0.500000
12 5 0.591877
12 6 0.666883
12 7 0.500425
12 9 0.532455
12 10 0.567537
12 11 0.517615
12 12 0.573628
12 13 0.564174
12 14 0.602588
12 15 0.567355
12 16 0.577905
12 17 0.594722
12 18 0.558330
12 19 0.604324
13 1 0.627470
13 2 0.708875
13 3 0.596513
13 4 0.500000
13 5 0.656218
13 6 0.676065
13 7 0.500932
13 9 0.527422
13 10 0.582927
13 11 0.542137
13 12 0.564174
13 13 0.680055
13 14 0.729564
13 15 0.613026
13 16 0.595648
13 17 0.614097
13 18 0.503598
13 19 0.628524
14 1 0.694085
14 2 0.793532
14 3 0.652777
14 4 0.500000
14 5 0.709158
14 6 0.782136
14 7 0.501438
14 9 0.549452
14 10 0.609350
14 11 0.569781
14 12 0.602588
14 13 0.729564
14 14 0.826061
14 15 0.668938
14 16 0.652436
14 17 0.668297
14 18 0.525016
14 19 0.677249
15 1 0.641366
15 2 0.677891
15 3 0.601887
15 4 0.500000
15 5 0.627598
15 6 0.687979
15 7 0.500692
15 9 0.533147
15 10 0.610854
15 11 0.526718
15 12 0.567355
15 13 0.613026
15 14 0.668938
15 15 0.600886
15 16 0.599439
15 17 0.631728
15 18 0.547442
15 19 0.654415
16 2 0.670326
16 3 0.611063
16 4 0.500000
16 5 0.627297
16 6 0.740366
16 7 0.500676
16 9 0.537505
16 10 0.628476
16 11 0.521547
16 12 0.577905
16 13 0.595648
16 14 0.652436
16 15 0.599439
16 16 0.610678
16 17 0.649159
16 18 0.577020
16 19 0.675176
17 2 0.706131
17 3 0.646350
17 5 0.675302
17 6 0.811892
17 7 0.500822
17 9 0.548814
17 10 0.719616
17 11 0.518267
17 12 0.594722
17 13 0.614097
17 14 0.668297
17 15 0.631728
17 16 0.649159
17 17 0.723655
17 18 0.626204
18 1 0.632363
18 2 0.514183
18 3 0.587528
18 4 0.500000
18 5 0.559222
18 6 0.848194
18 7 0.500207
18 8 0.612529
18 9 0.527816
18 10 0.626789
18 11 0.476625
18 12 0.558330
18 13 0.503598
18 14 0.525016
18 15 0.547442
18 16 0.577020
18 17 0.626204
18 18 0.727070
19 3 0.666914
19 4 0.500000
19 5 0.711919
19 6 0.841870
19 7 0.500947
19 9 0.558382
19 11 0.519154
19 12 0.604324
19 13 0.628524
19 14 0.677249
19 15 0.654415
19 16 0.675176
19 19 0.835963
