1 2 0.917988
1 3 0.876220
1 5 0.829388
1 8 0.977536
1 12 0.769349
1 16 0.791045
1 17 0.838399
1 19 0.952930
2 1 0.917988
2 8 0.989161
2 19 0.965100
3 1 0.876220
3 8 0.962031
4 17 0.639863
5 1 0.829388
5 8 0.943194
8 1 0.977536
8 2 0.989161
8 3 0.962031
8 5 0.943194
8 12 0.864341
8 13 0.947736
8 14 0.983375
8 15 0.904729
8 16 0.917815
8 17 0.948118
8 19 0.993816
10 19 0.969093
12 1 0.769349
12 8 0.864341
13 8 0.947736
14 8 0.983375
15 8 0.904729
16 1 0.791045
16 8 0.917815
17 1 0.838399
17 4 0.639863
17 8 0.948118
17 19 0.900376
18 19 0.955775
19 1 0.952930
19 2 0.965100
19 8 0.993816
19 10 0.969093
19 17 0.900376
19 18 0.955775
1 1 0.910557
1 4 0.640747
1 6 0.946506
1 7 0.502135
1 9 0.581570
1 10 0.924430
1 11 0.642783
1 13 0.822489
1 14 0.907293
1 15 0.773219
1 18 0.911347
2 2 0.965871
2 3 0.885704
2 4 0.695440
2 5 0.860359
2 6 0.947469
2 7 0.502042
2 9 0.546745
2 10 0.939824
2 11 0.646696
2 12 0.762974
2 13 0.877331
2 14 0.923343
2 15 0.819709
2 16 0.833994
2 17 0.876550
2 18 0.950428
3 2 0.885704
3 3 0.840457
3 4 0.621106
3 5 0.793904
3 6 0.922046
3 7 0.501812
3 9 0.567091
3 10 0.892536
3 11 0.628128
3 12 0.732348
3 13 0.789028
3 14 0.877779
3 15 0.740709
3 16 0.755670
3 17 0.801770
3 18 0.887546
3 19 0.927223
4 1 0.640747
4 2 0.695440
4 3 0.621106
4 4 0.577800
4 5 0.621479
4 6 0.673655
4 7 0.500667
4 8 0.755773
4 9 0.505691
4 10 0.642537
4 11 0.550332
4 12 0.571399
4 13 0.625001
4 14 0.658484
4 15 0.595302
4 16 0.612981
4 18 0.741631
4 19 0.682992
5 2 0.860359
5 3 0.793904
5 4 0.621479
5 5 0.780161
5 6 0.901119
5 7 0.501622
5 9 0.544298
5 10 0.850926
5 11 0.612141
5 12 0.689273
5 13 0.773177
5 14 0.859261
5 15 0.722458
5 16 0.743044
5 17 0.779950
5 18 0.871001
5 19 0.895338
6 1 0.946506
6 2 0.947469
6 3 0.922046
6 4 0.673655
6 5 0.901119
6 6 0.999163
6 7 0.503207
6 8 0.994120
6 9 0.681701
6 10 0.954682
6 11 0.626428
6 12 0.812019
6 13 0.897677
6 14 0.976650
6 15 0.844226
6 16 0.875042
6 17 0.890293
6 18 0.982893
6 19 0.976713
7 1 0.502135
7 2 0.502042
7 3 0.501812
7 4 0.500667
7 5 0.501622
7 6 0.503207
7 7 0.500023
7 8 0.503319
7 9 0.500183
7 10 0.502176
7 11 0.501142
7 12 0.501316
7 13 0.501367
7 14 0.502571
7 15 0.501080
7 16 0.501212
7 17 0.501716
7 18 0.502013
7 19 0.502783
8 4 0.755773
8 6 0.994120
8 7 0.503319
8 8 0.998872
8 9 0.609166
8 10 0.985288
8 11 0.735923
8 18 0.991119
9 1 0.581570
9 2 0.546745
9 3 0.567091
9 4 0.505691
9 5 0.544298
9 6 0.681701
9 7 0.500183
9 8 0.609166
9 9 0.539420
9 10 0.590948
9 11 0.502188
9 12 0.543453
9 13 0.536222
9 14 0.585153
9 15 0.531995
9 16 0.542759
9 17 0.541527
9 18 0.557227
9 19 0.601215
10 1 0.924430
10 2 0.939824
10 3 0.892536
10 4 0.642537
10 5 0.850926
10 6 0.954682
10 7 0.502176
10 8 0.985288
10 9 0.590948
10 10 0.949764
10 11 0.658100
10 12 0.778777
10 13 0.850598
10 14 0.929210
10 15 0.798260
10 16 0.809714
10 17 0.855880
10 18 0.918234
11 1 0.642783
11 2 0.646696
11 3 0.628128
11 4 0.550332
11 5 0.612141
11 6 0.626428
11 7 0.501142
11 8 0.735923
11 9 0.502188
11 10 0.658100
11 11 0.604571
11 12 0.576459
11 13 0.602580
11 14 0.681202
11 15 0.582451
11 16 0.580721
11 17 0.619816
11 18 0.629656
11 19 0.691889
12 2 0.762974
12 3 0.732348
12 4 0.571399
12 5 0.689273
12 6 0.812019
12 7 0.501316
12 9 0.543453
12 10 0.778777
12 11 0.576459
12 12 0.659153
12 13 0.675968
12 14 0.758563
12 15 0.644623
12 16 0.658743
12 17 0.698091
12 18 0.746695
12 19 0.821247
13 1 0.822489
13 2 0.877331
13 3 0.789028
13 4 0.625001
13 5 0.773177
13 6 0.897677
13 7 0.501367
13 9 0.536222
13 10 0.850598
13 11 0.602580
13 12 0.675968
13 13 0.788398
13 14 0.844850
13 15 0.729149
13 16 0.742646
13 17 0.777839
13 18 0.914173
13 19 0.893002
14 1 0.907293
14 2 0.923343
14 3 0.877779
14 4 0.658484
14 5 0.859261
14 6 0.976650
14 7 0.502571
14 9 0.585153
14 10 0.929210
14 11 0.681202
14 12 0.758563
14 13 0.844850
14 14 0.950392
14 15 0.794100
14 16 0.815143
14 17 0.855464
14 18 0.908504
14 19 0.958289
15 1 0.773219
15 2 0.819709
15 3 0.740709
15 4 0.595302
15 5 0.722458
15 6 0.844226
15 7 0.501080
15 9 0.531995
15 10 0.798260
15 11 0.582451
15 12 0.644623
15 13 0.729149
15 14 0.794100
15 15 0.682315
15 16 0.694251
15 17 0.725985
15 18 0.832450
15 19 0.842115
16 2 0.833994
16 3 0.755670
16 4 0.612981
16 5 0.743044
16 6 0.875042
16 7 0.501212
16 9 0.542759
16 10 0.809714
16 11 0.580721
16 12 0.658743
16 13 0.742646
16 14 0.815143
16 15 0.694251
16 16 0.722663
16 17 0.749168
16 18 0.861626
16 19 0.857295
17 2 0.876550
17 3 0.801770
17 5 0.779950
17 6 0.890293
17 7 0.501716
17 9 0.541527
17 10 0.855880
17 11 0.619816
17 12 0.698091
17 13 0.777839
17 14 0.855464
17 15 0.725985
17 16 0.749168
17 17 0.793824
17 18 0.891739
18 1 0.911347
18 2 0.950428
18 3 0.887546
18 4 0.741631
18 5 0.871001
18 6 0.982893
18 7 0.502013
18 8 0.991119
18 9 0.557227
18 10 0.918234
18 11 0.629656
18 12 0.746695
18 13 0.914173
18 14 0.908504
18 15 0.832450
18 16 0.861626
18 17 0.891739
18 18 0.999618
19 3 0.927223
19 4 0.682992
19 5 0.895338
19 6 0.976713
19 7 0.502783
19 9 0.601215
19 11 0.691889
19 12 0.821247
19 13 0.893002
19 14 0.958289
19 15 0.842115
19 16 0.857295
19 19 0.983616
