1 2 0.835934
1 3 0.850827
1 5 0.823095
1 8 0.917858
1 12 0.787602
1 16 0.801184
1 17 0.829675
1 19 0.921470
2 1 0.835934
2 8 0.921667
2 19 0.925115
3 1 0.850827
3 8 0.923666
4 17 0.686643
5 1 0.823095
5 8 0.896362
8 1 0.917858
8 2 0.921667
8 3 0.923666
8 5 0.896362
8 12 0.863121
8 13 0.876768
8 14 0.883316
8 15 0.500000
8 16 0.874361
8 17 0.900148
8 19 0.970852
10 19 0.883208
12 1 0.787602
12 8 0.863121
13 8 0.876768
14 8 0.883316
15 8 0.500000
16 1 0.801184
16 8 0.874361
17 1 0.829675
17 4 0.686643
17 8 0.900148
17 19 0.911537
18 19 0.893447
19 1 0.921470
19 2 0.925115
19 8 0.970852
19 10 0.883208
19 17 0.911537
19 18 0.893447
1 1 0.853064
1 4 0.691287
1 6 0.902523
1 7 0.501217
1 9 0.550611
1 10 0.787360
1 11 0.599184
1 13 0.835149
1 14 0.775407
1 15 0.500000
1 18 0.796438
2 2 0.861485
2 3 0.837802
2 4 0.667876
2 5 0.820858
2 6 0.934166
2 7 0.501596
2 9 0.559351
2 10 0.789550
2 11 0.638567
2 12 0.790278
2 13 0.750383
2 14 0.794086
2 15 0.500000
2 16 0.800058
2 17 0.828730
2 18 0.796894
3 2 0.837802
3 3 0.992731
3 4 0.664289
3 5 0.842339
3 6 0.985233
3 7 0.503544
3 9 0.577971
3 10 0.792129
3 11 0.638487
3 12 0.802885
3 13 0.949462
3 14 0.828948
3 15 0.500000
3 16 0.819609
3 17 0.831552
3 18 0.843166
3 19 0.935673
4 1 0.691287
4 2 0.667876
4 3 0.664289
4 4 0.620994
4 5 0.660998
4 6 0.660840
4 7 0.500338
4 8 0.738592
4 9 0.514769
4 10 0.657645
4 11 0.528942
4 12 0.640195
4 13 0.701241
4 14 0.614899
4 15 0.500000
4 16 0.650795
4 18 0.648019
4 19 0.758763
5 2 0.820858
5 3 0.842339
5 4 0.660998
5 5 0.808433
5 6 0.910540
5 7 0.501444
5 9 0.551485
5 10 0.759957
5 11 0.608303
5 12 0.771951
5 13 0.810442
5 14 0.762460
5 15 0.500000
5 16 0.784472
5 17 0.808373
5 18 0.768328
5 19 0.899844
6 1 0.902523
6 2 0.934166
6 3 0.985233
6 4 0.660840
6 5 0.910540
6 6 0.999672
6 7 0.504319
6 8 0.969143
6 9 0.598838
6 10 0.841701
6 11 0.786211
6 12 0.884953
6 13 0.805186
6 14 0.892144
6 15 0.500000
6 16 0.894547
6 17 0.902498
6 18 0.922222
6 19 0.973793
7 1 0.501217
7 2 0.501596
7 3 0.503544
7 4 0.500338
7 5 0.501444
7 6 0.504319
7 7 0.500019
7 8 0.501841
7 9 0.500268
7 10 0.500994
7 11 0.500829
7 12 0.501286
7 13 0.501881
7 14 0.501135
7 15 0.500000
7 16 0.501340
7 17 0.501315
7 18 0.501245
7 19 0.502124
8 4 0.738592
8 6 0.969143
8 7 0.501841
8 8 0.973326
8 9 0.583351
8 10 0.862592
8 11 0.651944
8 18 0.873282
9 1 0.550611
9 2 0.559351
9 3 0.577971
9 4 0.514769
9 5 0.551485
9 6 0.598838
9 7 0.500268
9 8 0.583351
9 9 0.512881
9 10 0.538692
9 11 0.518864
9 12 0.542783
9 13 0.540259
9 14 0.555314
9 15 0.500000
9 16 0.544085
9 17 0.545494
9 18 0.540830
9 19 0.577088
10 1 0.787360
10 2 0.789550
10 3 0.792129
10 4 0.657645
10 5 0.759957
10 6 0.841701
10 7 0.500994
10 8 0.862592
10 9 0.538692
10 10 0.753347
10 11 0.583468
10 12 0.731094
10 13 0.748365
10 14 0.710707
10 15 0.500000
10 16 0.742449
10 17 0.778281
10 18 0.755105
11 1 0.599184
11 2 0.638567
11 3 0.638487
11 4 0.528942
11 5 0.608303
11 6 0.786211
11 7 0.500829
11 8 0.651944
11 9 0.518864
11 10 0.583468
11 11 0.600200
11 12 0.602440
11 13 0.496301
11 14 0.582655
11 15 0.500000
11 16 0.604388
11 17 0.607282
11 18 0.596528
11 19 0.668048
12 2 0.790278
12 3 0.802885
12 4 0.640195
12 5 0.771951
12 6 0.884953
12 7 0.501286
12 9 0.542783
12 10 0.731094
12 11 0.602440
12 12 0.741164
12 13 0.755452
12 14 0.725765
12 15 0.500000
12 16 0.752409
12 17 0.776196
12 18 0.740090
12 19 0.870975
13 1 0.835149
13 2 0.750383
13 3 0.949462
13 4 0.701241
13 5 0.810442
13 6 0.805186
13 7 0.501881
13 9 0.540259
13 10 0.748365
13 11 0.496301
13 12 0.755452
13 13 0.969515
13 14 0.746459
13 15 0.500000
13 16 0.778114
13 17 0.804076
13 18 0.742717
13 19 0.879565
14 1 0.775407
14 2 0.794086
14 3 0.828948
14 4 0.614899
14 5 0.762460
14 6 0.892144
14 7 0.501135
14 9 0.555314
14 10 0.710707
14 11 0.582655
14 12 0.725765
14 13 0.746459
14 14 0.790750
14 15 0.500000
14 16 0.735317
14 17 0.754939
14 18 0.727100
14 19 0.856726
15 1 0.500000
15 2 0.500000
15 3 0.500000
15 4 0.500000
15 5 0.500000
15 6 0.500000
15 7 0.500000
15 9 0.500000
15 10 0.500000
15 11 0.500000
15 12 0.500000
15 13 0.500000
15 14 0.500000
15 15 0.500000
15 16 0.500000
15 17 0.500000
15 18 0.500000
15 19 0.500000
16 2 0.800058
16 3 0.819609
16 4 0.650795
16 5 0.784472
16 6 0.894547
16 7 0.501340
16 9 0.544085
16 10 0.742449
16 11 0.604388
16 12 0.752409
16 13 0.778114
16 14 0.735317
16 15 0.500000
16 16 0.764514
16 17 0.789385
16 18 0.752140
16 19 0.882565
17 2 0.828730
17 3 0.831552
17 5 0.808373
17 6 0.902498
17 7 0.501315
17 9 0.545494
17 10 0.778281
17 11 0.607282
17 12 0.776196
17 13 0.804076
17 14 0.754939
17 15 0.500000
17 16 0.789385
17 17 0.823729
17 18 0.781901
18 1 0.796438
18 2 0.796894
18 3 0.843166
18 4 0.648019
18 5 0.768328
18 6 0.922222
18 7 0.501245
18 8 0.873282
18 9 0.540830
18 10 0.755105
18 11 0.596528
18 12 0.740090
18 13 0.742717
18 14 0.727100
18 15 0.500000
18 16 0.752140
18 17 0.781901
18 18 0.789170
19 3 0.935673
19 4 0.758763
19 5 0.899844
19 6 0.973793
19 7 0.502124
19 9 0.577088
19 11 0.668048
19 12 0.870975
19 13 0.879565
19 14 0.856726
19 15 0.500000
19 16 0.882565
19 19 0.977323
