1 2 0.970153
1 3 0.972581
1 5 0.959812
1 8 0.995780
1 12 0.926998
1 16 0.950607
1 17 0.976850
1 19 0.994456
2 1 0.970153
2 8 0.982912
2 19 0.951662
3 1 0.972581
3 8 0.960328
4 17 0.500000
5 1 0.959812
5 8 0.966876
8 1 0.995780
8 2 0.982912
8 3 0.960328
8 5 0.966876
8 12 0.923897
8 13 0.814385
8 14 0.979608
8 15 0.900421
8 16 0.945880
8 17 0.978441
8 19 0.994748
10 19 0.945387
12 1 0.926998
12 8 0.923897
13 8 0.814385
14 8 0.979608
15 8 0.900421
16 1 0.950607
16 8 0.945880
17 1 0.976850
17 4 0.500000
17 8 0.978441
17 19 0.978151
18 19 0.970175
19 1 0.994456
19 2 0.951662
19 8 0.994748
19 10 0.945387
19 17 0.978151
19 18 0.970175
1 1 0.996043
1 4 0.500000
1 6 0.999450
1 7 0.501642
1 9 0.622679
1 10 0.931985
1 11 0.744588
1 13 0.816032
1 14 0.974194
1 15 0.878522
1 18 0.960869
2 2 0.962950
2 3 0.883332
2 4 0.500000
2 5 0.902739
2 6 0.988570
2 7 0.500509
2 9 0.644733
2 10 0.804592
2 11 0.681476
2 12 0.826655
2 13 0.699055
2 14 0.918135
2 15 0.807229
2 16 0.868642
2 17 0.904698
2 18 0.848632
3 2 0.883332
3 3 0.934422
3 4 0.500000
3 5 0.867399
3 6 0.993687
3 7 0.501270
3 9 0.557247
3 10 0.832706
3 11 0.674648
3 12 0.833426
3 13 0.743787
3 14 0.894889
3 15 0.756535
3 16 0.868459
3 17 0.906603
3 18 0.879466
3 19 0.960817
4 1 0.500000
4 2 0.500000
4 3 0.500000
4 4 0.500000
4 5 0.500000
4 6 0.500000
4 7 0.500000
4 8 0.500000
4 9 0.500000
4 10 0.500000
4 11 0.500000
4 12 0.500000
4 13 0.500000
4 14 0.500000
4 15 0.500000
4 16 0.500000
4 18 0.500000
4 19 0.500000
5 2 0.902739
5 3 0.867399
5 4 0.500000
5 5 0.883338
5 6 0.988531
5 7 0.500650
5 9 0.581722
5 10 0.814401
5 11 0.657262
5 12 0.811756
5 13 0.723534
5 14 0.902012
5 15 0.776030
5 16 0.844837
5 17 0.900051
5 18 0.847036
5 19 0.951129
6 1 0.999450
6 2 0.988570
6 3 0.993687
6 4 0.500000
6 5 0.988531
6 6 0.999999
6 7 0.503037
6 8 0.999391
6 9 0.610755
6 10 0.978445
6 11 0.891507
6 12 0.965280
6 13 0.783143
6 14 0.992912
6 15 0.940777
6 16 0.977561
6 17 0.994593
6 18 0.988116
6 19 0.999359
7 1 0.501642
7 2 0.500509
7 3 0.501270
7 4 0.500000
7 5 0.500650
7 6 0.503037
7 7 0.500010
7 8 0.501213
7 9 0.500086
7 10 0.500975
7 11 0.500648
7 12 0.500786
7 13 0.499400
7 14 0.500819
7 15 0.500379
7 16 0.500931
7 17 0.501131
7 18 0.501362
7 19 0.501777
8 4 0.500000
8 6 0.999391
8 7 0.501213
8 8 0.997590
8 9 0.660072
8 10 0.934042
8 11 0.743466
8 18 0.960644
9 1 0.622679
9 2 0.644733
9 3 0.557247
9 4 0.500000
9 5 0.581722
9 6 0.610755
9 7 0.500086
9 8 0.660072
9 9 0.541716
9 10 0.546560
9 11 0.526439
9 12 0.557949
9 13 0.490091
9 14 0.585959
9 15 0.556178
9 16 0.573813
9 17 0.575711
9 18 0.558208
9 19 0.597773
10 1 0.931985
10 2 0.804592
10 3 0.832706
10 4 0.500000
10 5 0.814401
10 6 0.978445
10 7 0.500975
10 8 0.934042
10 9 0.546560
10 10 0.822614
10 11 0.608142
10 12 0.771296
10 13 0.599664
10 14 0.854467
10 15 0.728044
10 16 0.793414
10 17 0.877752
10 18 0.864936
11 1 0.744588
11 2 0.681476
11 3 0.674648
11 4 0.500000
11 5 0.657262
11 6 0.891507
11 7 0.500648
11 8 0.743466
11 9 0.526439
11 10 0.608142
11 11 0.616726
11 12 0.616364
11 13 0.563816
11 14 0.666009
11 15 0.594098
11 16 0.637895
11 17 0.665061
11 18 0.618314
11 19 0.710975
12 2 0.826655
12 3 0.833426
12 4 0.500000
12 5 0.811756
12 6 0.965280
12 7 0.500786
12 9 0.557949
12 10 0.771296
12 11 0.616364
12 12 0.765707
12 13 0.667655
12 14 0.842204
12 15 0.711261
12 16 0.798557
12 17 0.850373
12 18 0.814487
12 19 0.917112
13 1 0.816032
13 2 0.699055
13 3 0.743787
13 4 0.500000
13 5 0.723534
13 6 0.783143
13 7 0.499400
13 9 0.490091
13 10 0.599664
13 11 0.563816
13 12 0.667655
13 13 0.990267
13 14 0.794587
13 15 0.638347
13 16 0.655509
13 17 0.713098
13 18 0.584160
13 19 0.733110
14 1 0.974194
14 2 0.918135
14 3 0.894889
14 4 0.500000
14 5 0.902012
14 6 0.992912
14 7 0.500819
14 9 0.585959
14 10 0.854467
14 11 0.666009
14 12 0.842204
14 13 0.794587
14 14 0.935711
14 15 0.807168
14 16 0.864811
14 17 0.927474
14 18 0.892928
14 19 0.970688
15 1 0.878522
15 2 0.807229
15 3 0.756535
15 4 0.500000
15 5 0.776030
15 6 0.940777
15 7 0.500379
15 9 0.556178
15 10 0.728044
15 11 0.594098
15 12 0.711261
15 13 0.638347
15 14 0.807168
15 15 0.694014
15 16 0.734352
15 17 0.803121
15 18 0.762913
15 19 0.873554
16 2 0.868642
16 3 0.868459
16 4 0.500000
16 5 0.844837
16 6 0.977561
16 7 0.500931
16 9 0.573813
16 10 0.793414
16 11 0.637895
16 12 0.798557
16 13 0.655509
16 14 0.864811
16 15 0.734352
16 16 0.842330
16 17 0.878338
16 18 0.841157
16 19 0.937803
17 2 0.904698
17 3 0.906603
17 5 0.900051
17 6 0.994593
17 7 0.501131
17 9 0.575711
17 10 0.877752
17 11 0.665061
17 12 0.850373
17 13 0.713098
17 14 0.927474
17 15 0.803121
17 16 0.878338
17 17 0.938067
17 18 0.914582
18 1 0.960869
18 2 0.848632
18 3 0.879466
18 4 0.500000
18 5 0.847036
18 6 0.988116
18 7 0.501362
18 8 0.960644
18 9 0.558208
18 10 0.864936
18 11 0.618314
18 12 0.814487
18 13 0.584160
18 14 0.892928
18 15 0.762913
18 16 0.841157
18 17 0.914582
18 18 0.917022
19 3 0.960817
19 4 0.500000
19 5 0.951129
19 6 0.999359
19 7 0.501777
19 9 0.597773
19 11 0.710975
19 12 0.917112
19 13 0.733110
19 14 0.970688
19 15 0.873554
19 16 0.937803
19 19 0.995591
