1 2 0.828346
1 3 0.815606
1 5 0.760526
1 8 0.926521
1 12 0.691944
1 16 0.789835
1 17 0.801204
1 19 0.925306
2 1 0.828346
2 8 0.934819
2 19 0.942027
3 1 0.815606
3 8 0.932021
4 17 0.694422
5 1 0.760526
5 8 0.872407
8 1 0.926521
8 2 0.934819
8 3 0.932021
8 5 0.872407
8 12 0.835456
8 13 0.880673
8 14 0.898407
8 15 0.500000
8 16 0.919199
8 17 0.920186
8 19 0.987495
10 19 0.936345
12 1 0.691944
12 8 0.835456
13 8 0.880673
14 8 0.898407
15 8 0.500000
16 1 0.789835
16 8 0.919199
17 1 0.801204
17 4 0.694422
17 8 0.920186
17 19 0.923721
18 19 0.960743
19 1 0.925306
19 2 0.942027
19 8 0.987495
19 10 0.936345
19 17 0.923721
19 18 0.960743
1 1 0.819039
1 4 0.690273
1 6 0.848182
1 7 0.501783
1 9 0.566071
1 10 0.796921
1 11 0.506932
1 13 0.748196
1 14 0.756233
1 15 0.500000
1 18 0.823111
2 2 0.844033
2 3 0.826795
2 4 0.696722
2 5 0.762936
2 6 0.860108
2 7 0.502102
2 9 0.564445
2 10 0.820702
2 11 0.509632
2 12 0.693612
2 13 0.763849
2 14 0.760946
2 15 0.500000
2 16 0.799594
2 17 0.814649
2 18 0.851073
3 2 0.826795
3 3 0.834321
3 4 0.699914
3 5 0.753757
3 6 0.792584
3 7 0.501972
3 9 0.572601
3 10 0.796630
3 11 0.504579
3 12 0.700267
3 13 0.757282
3 14 0.780037
3 15 0.500000
3 16 0.800749
3 17 0.807298
3 18 0.809797
3 19 0.925783
4 1 0.690273
4 2 0.696722
4 3 0.699914
4 4 0.627497
4 5 0.646539
4 6 0.729593
4 7 0.500994
4 8 0.807644
4 9 0.538366
4 10 0.675505
4 11 0.514469
4 12 0.619665
4 13 0.647585
4 14 0.673658
4 15 0.500000
4 16 0.684555
4 18 0.694321
4 19 0.800549
5 2 0.762936
5 3 0.753757
5 4 0.646539
5 5 0.717117
5 6 0.790563
5 7 0.501150
5 9 0.556106
5 10 0.726013
5 11 0.502980
5 12 0.655052
5 13 0.694495
5 14 0.703432
5 15 0.500000
5 16 0.726448
5 17 0.738930
5 18 0.750379
5 19 0.856934
6 1 0.848182
6 2 0.860108
6 3 0.792584
6 4 0.729593
6 5 0.790563
6 6 0.999965
6 7 0.502060
6 8 0.935991
6 9 0.583491
6 10 0.826537
6 11 0.628290
6 12 0.616440
6 13 0.794301
6 14 0.724659
6 15 0.500000
6 16 0.734015
6 17 0.838835
6 18 0.924017
6 19 0.955498
7 1 0.501783
7 2 0.502102
7 3 0.501972
7 4 0.500994
7 5 0.501150
7 6 0.502060
7 7 0.500016
7 8 0.503112
7 9 0.500269
7 10 0.502062
7 11 0.500137
7 12 0.500691
7 13 0.501411
7 14 0.501283
7 15 0.500000
7 16 0.501591
7 17 0.501823
7 18 0.502418
7 19 0.503789
8 4 0.807644
8 6 0.935991
8 7 0.503112
8 8 0.989317
8 9 0.617742
8 10 0.914057
8 11 0.507039
8 18 0.931539
9 1 0.566071
9 2 0.564445
9 3 0.572601
9 4 0.538366
9 5 0.556106
9 6 0.583491
9 7 0.500269
9 8 0.617742
9 9 0.531261
9 10 0.546214
9 11 0.499025
9 12 0.544012
9 13 0.546654
9 14 0.558675
9 15 0.500000
9 16 0.560707
9 17 0.559638
9 18 0.541292
9 19 0.582448
10 1 0.796921
10 2 0.820702
10 3 0.796630
10 4 0.675505
10 5 0.726013
10 6 0.826537
10 7 0.502062
10 8 0.914057
10 9 0.546214
10 10 0.814037
10 11 0.514939
10 12 0.673878
10 13 0.746919
10 14 0.732816
10 15 0.500000
10 16 0.774073
10 17 0.792530
10 18 0.852047
11 1 0.506932
11 2 0.509632
11 3 0.504579
11 4 0.514469
11 5 0.502980
11 6 0.628290
11 7 0.500137
11 8 0.507039
11 9 0.499025
11 10 0.514939
11 11 0.522924
11 12 0.493630
11 13 0.503268
11 14 0.500683
11 15 0.500000
11 16 0.499133
11 17 0.517787
11 18 0.539947
11 19 0.535636
12 2 0.693612
12 3 0.700267
12 4 0.619665
12 5 0.655052
12 6 0.616440
12 7 0.500691
12 9 0.544012
12 10 0.673878
12 11 0.493630
12 12 0.709170
12 13 0.663626
12 14 0.710253
12 15 0.500000
12 16 0.721276
12 17 0.688807
12 18 0.681898
12 19 0.793801
13 1 0.748196
13 2 0.763849
13 3 0.757282
13 4 0.647585
13 5 0.694495
13 6 0.794301
13 7 0.501411
13 9 0.546654
13 10 0.746919
13 11 0.503268
13 12 0.663626
13 13 0.731756
13 14 0.723886
13 15 0.500000
13 16 0.743755
13 17 0.747263
13 18 0.775936
13 19 0.880600
14 1 0.756233
14 2 0.760946
14 3 0.780037
14 4 0.673658
14 5 0.703432
14 6 0.724659
14 7 0.501283
14 9 0.558675
14 10 0.732816
14 11 0.500683
14 12 0.710253
14 13 0.723886
14 14 0.774417
14 15 0.500000
14 16 0.776620
14 17 0.760477
14 18 0.734397
14 19 0.870983
15 1 0.500000
15 2 0.500000
15 3 0.500000
15 4 0.500000
15 5 0.500000
15 6 0.500000
15 7 0.500000
15 9 0.500000
15 10 0.500000
15 11 0.500000
15 12 0.500000
15 13 0.500000
15 14 0.500000
15 15 0.500000
15 16 0.500000
15 17 0.500000
15 18 0.500000
15 19 0.500000
16 2 0.799594
16 3 0.800749
16 4 0.684555
16 5 0.726448
16 6 0.734015
16 7 0.501591
16 9 0.560707
16 10 0.774073
16 11 0.499133
16 12 0.721276
16 13 0.743755
16 14 0.776620
16 15 0.500000
16 16 0.806432
16 17 0.785232
16 18 0.781653
16 19 0.908878
17 2 0.814649
17 3 0.807298
17 5 0.738930
17 6 0.838835
17 7 0.501823
17 9 0.559638
17 10 0.792530
17 11 0.517787
17 12 0.688807
17 13 0.747263
17 14 0.760477
17 15 0.500000
17 16 0.785232
17 17 0.799329
17 18 0.822695
18 1 0.823111
18 2 0.851073
18 3 0.809797
18 4 0.694321
18 5 0.750379
18 6 0.924017
18 7 0.502418
18 8 0.931539
18 9 0.541292
18 10 0.852047
18 11 0.539947
18 12 0.681898
18 13 0.775936
18 14 0.734397
18 15 0.500000
18 16 0.781653
18 17 0.822695
18 18 0.907013
19 3 0.925783
19 4 0.800549
19 5 0.856934
19 6 0.955498
19 7 0.503789
19 9 0.582448
19 11 0.535636
19 12 0.793801
19 13 0.880600
19 14 0.870983
19 15 0.500000
19 16 0.908878
19 19 0.992882
