1 2 0.994698
1 3 0.986443
1 5 0.990339
1 8 0.999034
1 12 0.980355
1 16 0.955938
1 17 0.949451
1 19 0.999342
2 1 0.994698
2 8 0.998241
2 19 0.999208
3 1 0.986443
3 8 0.993063
4 17 0.733332
5 1 0.990339
5 8 0.994910
8 1 0.999034
8 2 0.998241
8 3 0.993063
8 5 0.994910
8 12 0.989674
8 13 0.967221
8 14 0.998858
8 15 0.947907
8 16 0.975435
8 17 0.964973
8 19 0.999852
10 19 0.500000
12 1 0.980355
12 8 0.989674
13 8 0.967221
14 8 0.998858
15 8 0.947907
16 1 0.955938
16 8 0.975435
17 1 0.949451
17 4 0.733332
17 8 0.964973
17 19 0.970832
18 19 0.999385
19 1 0.999342
19 2 0.999208
19 8 0.999852
19 10 0.500000
19 17 0.970832
19 18 0.999385
1 1 0.997594
1 4 0.834544
1 6 0.995797
1 7 0.503357
1 9 0.584343
1 10 0.500000
1 11 0.736765
1 13 0.947025
1 14 0.997264
1 15 0.916516
1 18 0.994999
2 2 0.994190
2 3 0.976914
2 4 0.778084
2 5 0.982043
2 6 0.991573
2 7 0.503061
2 9 0.609952
2 10 0.500000
2 11 0.641853
2 12 0.970479
2 13 0.920643
2 14 0.993504
2 15 0.902878
2 16 0.940002
2 17 0.922296
2 18 0.994848
3 2 0.976914
3 3 0.957650
3 4 0.743826
3 5 0.964113
3 6 0.978687
3 7 0.502452
3 9 0.559078
3 10 0.500000
3 11 0.657541
3 12 0.942655
3 13 0.874018
3 14 0.983179
3 15 0.848878
3 16 0.900554
3 17 0.883986
3 18 0.977573
3 19 0.994741
4 1 0.834544
4 2 0.778084
4 3 0.743826
4 4 0.671432
4 5 0.780823
4 6 0.785546
4 7 0.500963
4 8 0.855163
4 9 0.516067
4 10 0.500000
4 11 0.605113
4 12 0.733921
4 13 0.749669
4 14 0.796178
4 15 0.645934
4 16 0.703709
4 18 0.778267
4 19 0.856509
5 2 0.982043
5 3 0.964113
5 4 0.780823
5 5 0.974196
5 6 0.985626
5 7 0.502369
5 9 0.564491
5 10 0.500000
5 11 0.698574
5 12 0.952941
5 13 0.897254
5 14 0.989991
5 15 0.858024
5 16 0.913347
5 17 0.908868
5 18 0.983222
5 19 0.996473
6 1 0.995797
6 2 0.991573
6 3 0.978687
6 4 0.785546
6 5 0.985626
6 6 0.999737
6 7 0.501228
6 8 0.998363
6 9 0.605701
6 10 0.500000
6 11 0.838149
6 12 0.972356
6 13 0.841415
6 14 0.999157
6 15 0.898812
6 16 0.949172
6 17 0.924471
6 18 0.994216
6 19 0.998923
7 1 0.503357
7 2 0.503061
7 3 0.502452
7 4 0.500963
7 5 0.502369
7 6 0.501228
7 7 0.500018
7 8 0.504048
7 9 0.500223
7 10 0.500000
7 11 0.500190
7 12 0.502147
7 13 0.502186
7 14 0.501990
7 15 0.501501
7 16 0.501713
7 17 0.501637
7 18 0.502787
7 19 0.504036
8 4 0.855163
8 6 0.998363
8 7 0.504048
8 8 0.999739
8 9 0.620950
8 10 0.500000
8 11 0.749861
8 18 0.998361
9 1 0.584343
9 2 0.609952
9 3 0.559078
9 4 0.516067
9 5 0.564491
9 6 0.605701
9 7 0.500223
9 8 0.620950
9 9 0.527378
9 10 0.500000
9 11 0.509458
9 12 0.561527
9 13 0.537268
9 14 0.633025
9 15 0.545476
9 16 0.558733
9 17 0.537722
9 18 0.621047
9 19 0.651609
10 1 0.500000
10 2 0.500000
10 3 0.500000
10 4 0.500000
10 5 0.500000
10 6 0.500000
10 7 0.500000
10 8 0.500000
10 9 0.500000
10 10 0.500000
10 11 0.500000
10 12 0.500000
10 13 0.500000
10 14 0.500000
10 15 0.500000
10 16 0.500000
10 17 0.500000
10 18 0.500000
11 1 0.736765
11 2 0.641853
11 3 0.657541
11 4 0.605113
11 5 0.698574
11 6 0.838149
11 7 0.500190
11 8 0.749861
11 9 0.509458
11 10 0.500000
11 11 0.694737
11 12 0.652566
11 13 0.627960
11 14 0.823977
11 15 0.593740
11 16 0.646899
11 17 0.644026
11 18 0.643244
11 19 0.704773
12 2 0.970479
12 3 0.942655
12 4 0.733921
12 5 0.952941
12 6 0.972356
12 7 0.502147
12 9 0.561527
12 10 0.500000
12 11 0.652566
12 12 0.928638
12 13 0.863048
12 14 0.978399
12 15 0.830289
12 16 0.883600
12 17 0.868779
12 18 0.971949
12 19 0.992529
13 1 0.947025
13 2 0.920643
13 3 0.874018
13 4 0.749669
13 5 0.897254
13 6 0.841415
13 7 0.502186
13 9 0.537268
13 10 0.500000
13 11 0.627960
13 12 0.863048
13 13 0.955761
13 14 0.908717
13 15 0.771805
13 16 0.830659
13 17 0.836739
13 18 0.919977
13 19 0.967885
14 1 0.997264
14 2 0.993504
14 3 0.983179
14 4 0.796178
14 5 0.989991
14 6 0.999157
14 7 0.501990
14 9 0.633025
14 10 0.500000
14 11 0.823977
14 12 0.978399
14 13 0.908717
14 14 0.999967
14 15 0.911262
14 16 0.952716
14 17 0.931582
14 18 0.995164
14 19 0.999196
15 1 0.916516
15 2 0.902878
15 3 0.848878
15 4 0.645934
15 5 0.858024
15 6 0.898812
15 7 0.501501
15 9 0.545476
15 10 0.500000
15 11 0.593740
15 12 0.830289
15 13 0.771805
15 14 0.911262
15 15 0.739633
15 16 0.786463
15 17 0.756475
15 18 0.904169
15 19 0.956266
16 2 0.940002
16 3 0.900554
16 4 0.703709
16 5 0.913347
16 6 0.949172
16 7 0.501713
16 9 0.558733
16 10 0.500000
16 11 0.646899
16 12 0.883600
16 13 0.830659
16 14 0.952716
16 15 0.786463
16 16 0.851479
16 17 0.822871
16 18 0.940773
16 19 0.979010
17 2 0.922296
17 3 0.883986
17 5 0.908868
17 6 0.924471
17 7 0.501637
17 9 0.537722
17 10 0.500000
17 11 0.644026
17 12 0.868779
17 13 0.836739
17 14 0.931582
17 15 0.756475
17 16 0.822871
17 17 0.835676
17 18 0.924730
18 1 0.994999
18 2 0.994848
18 3 0.977573
18 4 0.778267
18 5 0.983222
18 6 0.994216
18 7 0.502787
18 8 0.998361
18 9 0.621047
18 10 0.500000
18 11 0.643244
18 12 0.971949
18 13 0.919977
18 14 0.995164
18 15 0.904169
18 16 0.940773
18 17 0.924730
18 18 0.996085
19 3 0.994741
19 4 0.856509
19 5 0.996473
19 6 0.998923
19 7 0.504036
19 9 0.651609
19 11 0.704773
19 12 0.992529
19 13 0.967885
19 14 0.999196
19 15 0.956266
19 16 0.979010
19 19 0.999954
