1 2 0.787385
1 3 0.795277
1 5 0.789087
1 8 0.836264
1 12 0.665525
1 16 0.783069
1 17 0.804032
1 19 0.798325
2 1 0.787385
2 8 0.942803
2 19 0.955118
3 1 0.795277
3 8 0.821665
4 17 0.661081
5 1 0.789087
5 8 0.823182
8 1 0.836264
8 2 0.942803
8 3 0.821665
8 5 0.823182
8 12 0.765667
8 13 0.758282
8 14 0.834113
8 15 0.745766
8 16 0.825236
8 17 0.894938
8 19 0.943362
10 19 0.500000
12 1 0.665525
12 8 0.765667
13 8 0.758282
14 8 0.834113
15 8 0.745766
16 1 0.783069
16 8 0.825236
17 1 0.804032
17 4 0.661081
17 8 0.894938
17 19 0.896209
18 19 0.907146
19 1 0.798325
19 2 0.955118
19 8 0.943362
19 10 0.500000
19 17 0.896209
19 18 0.907146
1 1 0.815816
1 4 0.632619
1 6 0.814297
1 7 0.502441
1 9 0.558488
1 10 0.500000
1 11 0.643056
1 13 0.641939
1 14 0.653209
1 15 0.643412
1 18 0.896001
2 2 0.956652
2 3 0.788097
2 4 0.679279
2 5 0.788878
2 6 0.958262
2 7 0.500256
2 9 0.579470
2 10 0.500000
2 11 0.688517
2 12 0.760524
2 13 0.752523
2 14 0.896363
2 15 0.740675
2 16 0.802730
2 17 0.894940
2 18 0.902043
3 2 0.788097
3 3 0.802328
3 4 0.612950
3 5 0.782337
3 6 0.771304
3 7 0.502347
3 9 0.552200
3 10 0.500000
3 11 0.653257
3 12 0.668948
3 13 0.645340
3 14 0.626539
3 15 0.643933
3 16 0.773593
3 17 0.796246
3 18 0.879179
3 19 0.789120
4 1 0.632619
4 2 0.679279
4 3 0.612950
4 4 0.574604
4 5 0.615764
4 6 0.758313
4 7 0.500655
4 8 0.685846
4 9 0.527753
4 10 0.500000
4 11 0.545875
4 12 0.574396
4 13 0.568596
4 14 0.625165
4 15 0.565199
4 16 0.620962
4 18 0.657421
4 19 0.687606
5 2 0.788878
5 3 0.782337
5 4 0.615764
5 5 0.791104
5 6 0.769676
5 7 0.502102
5 9 0.546535
5 10 0.500000
5 11 0.660870
5 12 0.673828
5 13 0.651297
5 14 0.685366
5 15 0.650010
5 16 0.775018
5 17 0.799795
5 18 0.843519
5 19 0.791074
6 1 0.814297
6 2 0.958262
6 3 0.771304
6 4 0.758313
6 5 0.769676
6 6 0.999940
6 7 0.502629
6 8 0.939834
6 9 0.597192
6 10 0.500000
6 11 0.635848
6 12 0.726678
6 13 0.725620
6 14 0.977548
6 15 0.702535
6 16 0.845358
6 17 0.919389
6 18 0.673450
6 19 0.960160
7 1 0.502441
7 2 0.500256
7 3 0.502347
7 4 0.500655
7 5 0.502102
7 6 0.502629
7 7 0.500037
7 8 0.501167
7 9 0.500242
7 10 0.500000
7 11 0.500884
7 12 0.500585
7 13 0.500366
7 14 0.499418
7 15 0.500385
7 16 0.501961
7 17 0.501572
7 18 0.502663
7 19 0.500373
8 4 0.685846
8 6 0.939834
8 7 0.501167
8 8 0.946223
8 9 0.579636
8 10 0.500000
8 11 0.696227
8 18 0.927153
9 1 0.558488
9 2 0.579470
9 3 0.552200
9 4 0.527753
9 5 0.546535
9 6 0.597192
9 7 0.500242
9 8 0.579636
9 9 0.519061
9 10 0.500000
9 11 0.525440
9 12 0.527907
9 13 0.524127
9 14 0.542087
9 15 0.526035
9 16 0.550127
9 17 0.566589
9 18 0.590640
9 19 0.583770
10 1 0.500000
10 2 0.500000
10 3 0.500000
10 4 0.500000
10 5 0.500000
10 6 0.500000
10 7 0.500000
10 8 0.500000
10 9 0.500000
10 10 0.500000
10 11 0.500000
10 12 0.500000
10 13 0.500000
10 14 0.500000
10 15 0.500000
10 16 0.500000
10 17 0.500000
10 18 0.500000
11 1 0.643056
11 2 0.688517
11 3 0.653257
11 4 0.545875
11 5 0.660870
11 6 0.635848
11 7 0.500884
11 8 0.696227
11 9 0.525440
11 10 0.500000
11 11 0.623508
11 12 0.605761
11 13 0.586539
11 14 0.654950
11 15 0.590875
11 16 0.647471
11 17 0.670261
11 18 0.699854
11 19 0.682068
12 2 0.760524
12 3 0.668948
12 4 0.574396
12 5 0.673828
12 6 0.726678
12 7 0.500585
12 9 0.527907
12 10 0.500000
12 11 0.605761
12 12 0.635747
12 13 0.620357
12 14 0.654141
12 15 0.618012
12 16 0.665777
12 17 0.714549
12 18 0.759569
12 19 0.756278
13 1 0.641939
13 2 0.752523
13 3 0.645340
13 4 0.568596
13 5 0.651297
13 6 0.725620
13 7 0.500366
13 9 0.524127
13 10 0.500000
13 11 0.586539
13 12 0.620357
13 13 0.634200
13 14 0.645238
13 15 0.614694
13 16 0.645463
13 17 0.698522
13 18 0.619812
13 19 0.747846
14 1 0.653209
14 2 0.896363
14 3 0.626539
14 4 0.625165
14 5 0.685366
14 6 0.977548
14 7 0.499418
14 9 0.542087
14 10 0.500000
14 11 0.654950
14 12 0.654141
14 13 0.645238
14 14 0.992353
14 15 0.637350
14 16 0.721206
14 17 0.811088
14 18 0.593982
14 19 0.894010
15 1 0.643412
15 2 0.740675
15 3 0.643933
15 4 0.565199
15 5 0.650010
15 6 0.702535
15 7 0.500385
15 9 0.526035
15 10 0.500000
15 11 0.590875
15 12 0.618012
15 13 0.614694
15 14 0.637350
15 15 0.607811
15 16 0.644586
15 17 0.691402
15 18 0.701787
15 19 0.737007
16 2 0.802730
16 3 0.773593
16 4 0.620962
16 5 0.775018
16 6 0.845358
16 7 0.501961
16 9 0.550127
16 10 0.500000
16 11 0.647471
16 12 0.665777
16 13 0.645463
16 14 0.721206
16 15 0.644586
16 16 0.773016
16 17 0.801048
16 18 0.852645
16 19 0.805760
17 2 0.894940
17 3 0.796246
17 5 0.799795
17 6 0.919389
17 7 0.501572
17 9 0.566589
17 10 0.500000
17 11 0.670261
17 12 0.714549
17 13 0.698522
17 14 0.811088
17 15 0.691402
17 16 0.801048
17 17 0.860294
17 18 0.870309
18 1 0.896001
18 2 0.902043
18 3 0.879179
18 4 0.657421
18 5 0.843519
18 6 0.673450
18 7 0.502663
18 8 0.927153
18 9 0.590640
18 10 0.500000
18 11 0.699854
18 12 0.759569
18 13 0.619812
18 14 0.593982
18 15 0.701787
18 16 0.852645
18 17 0.870309
18 18 0.999650
19 3 0.789120
19 4 0.687606
19 5 0.791074
19 6 0.960160
19 7 0.500373
19 9 0.583770
19 11 0.682068
19 12 0.756278
19 13 0.747846
19 14 0.894010
19 15 0.737007
19 16 0.805760
19 19 0.954897
