1 2 0.986504
1 3 0.941968
1 5 0.944702
1 8 0.991504
1 12 0.848836
1 16 0.908004
1 17 0.975315
1 19 0.992639
2 1 0.986504
2 8 0.990391
2 19 0.992090
3 1 0.941968
3 8 0.951509
4 17 0.859871
5 1 0.944702
5 8 0.955925
8 1 0.991504
8 2 0.990391
8 3 0.951509
8 5 0.955925
8 12 0.881713
8 13 0.923875
8 14 0.924912
8 15 0.854675
8 16 0.934846
8 17 0.979798
8 19 0.994476
10 19 0.983234
12 1 0.848836
12 8 0.881713
13 8 0.923875
14 8 0.924912
15 8 0.854675
16 1 0.908004
16 8 0.934846
17 1 0.975315
17 4 0.859871
17 8 0.979798
17 19 0.983929
18 19 0.870323
19 1 0.992639
19 2 0.992090
19 8 0.994476
19 10 0.983234
19 17 0.983929
19 18 0.870323
1 1 0.988887
1 4 0.895902
1 6 0.998505
1 7 0.503997
1 9 0.618820
1 10 0.968316
1 11 0.546266
1 13 0.894485
1 14 0.893343
1 15 0.821930
1 18 0.889725
2 2 0.985313
2 3 0.932462
2 4 0.885309
2 5 0.937449
2 6 0.997703
2 7 0.503732
2 9 0.608647
2 10 0.967399
2 11 0.545624
2 12 0.844290
2 13 0.892136
2 14 0.887033
2 15 0.818605
2 16 0.905655
2 17 0.971805
2 18 0.858360
3 2 0.932462
3 3 0.865506
3 4 0.782737
3 5 0.857901
3 6 0.988119
3 7 0.502669
3 9 0.575725
3 10 0.880690
3 11 0.545348
3 12 0.753784
3 13 0.791539
3 14 0.798175
3 15 0.723830
3 16 0.812354
3 17 0.902221
3 18 0.792987
3 19 0.946922
4 1 0.895902
4 2 0.885309
4 3 0.782737
4 4 0.750692
4 5 0.790817
4 6 0.950146
4 7 0.501915
4 8 0.904021
4 9 0.566325
4 10 0.842763
4 11 0.509147
4 12 0.684974
4 13 0.730995
4 14 0.733960
4 15 0.670146
4 16 0.736898
4 18 0.730784
4 19 0.917360
5 2 0.937449
5 3 0.857901
5 4 0.790817
5 5 0.867621
5 6 0.984664
5 7 0.502800
5 9 0.578461
5 10 0.889328
5 11 0.539707
5 12 0.760125
5 13 0.800921
5 14 0.803352
5 15 0.732206
5 16 0.815701
5 17 0.908875
5 18 0.801912
5 19 0.952457
6 1 0.998505
6 2 0.997703
6 3 0.988119
6 4 0.950146
6 5 0.984664
6 6 1.000000
6 7 0.506048
6 8 0.999495
6 9 0.692728
6 10 0.987011
6 11 0.612745
6 12 0.942946
6 13 0.971904
6 14 0.966683
6 15 0.916820
6 16 0.971190
6 17 0.994027
6 18 0.975095
6 19 0.998320
7 1 0.503997
7 2 0.503732
7 3 0.502669
7 4 0.501915
7 5 0.502800
7 6 0.506048
7 7 0.500027
7 8 0.504836
7 9 0.500615
7 10 0.502873
7 11 0.500521
7 12 0.501914
7 13 0.502207
7 14 0.502211
7 15 0.501595
7 16 0.502480
7 17 0.503227
7 18 0.502187
7 19 0.504040
8 4 0.904021
8 6 0.999495
8 7 0.504836
8 8 0.995785
8 9 0.629260
8 10 0.974078
8 11 0.578261
8 18 0.906135
9 1 0.618820
9 2 0.608647
9 3 0.575725
9 4 0.566325
9 5 0.578461
9 6 0.692728
9 7 0.500615
9 8 0.629260
9 9 0.534515
9 10 0.586653
9 11 0.503120
9 12 0.543727
9 13 0.556843
9 14 0.563455
9 15 0.542767
9 16 0.559962
9 17 0.602940
9 18 0.544465
9 19 0.622142
10 1 0.968316
10 2 0.967399
10 3 0.880690
10 4 0.842763
10 5 0.889328
10 6 0.987011
10 7 0.502873
10 8 0.974078
10 9 0.586653
10 10 0.948089
10 11 0.527372
10 12 0.785331
10 13 0.840129
10 14 0.821522
10 15 0.764125
10 16 0.855815
10 17 0.946820
10 18 0.775484
11 1 0.546266
11 2 0.545624
11 3 0.545348
11 4 0.509147
11 5 0.539707
11 6 0.612745
11 7 0.500521
11 8 0.578261
11 9 0.503120
11 10 0.527372
11 11 0.526401
11 12 0.540308
11 13 0.537714
11 14 0.535294
11 15 0.528915
11 16 0.550049
11 17 0.526966
11 18 0.529933
11 19 0.535154
12 2 0.844290
12 3 0.753784
12 4 0.684974
12 5 0.760125
12 6 0.942946
12 7 0.501914
12 9 0.543727
12 10 0.785331
12 11 0.540308
12 12 0.685931
12 13 0.716765
12 14 0.714860
12 15 0.660683
12 16 0.732229
12 17 0.799513
12 18 0.691996
12 19 0.863712
13 1 0.894485
13 2 0.892136
13 3 0.791539
13 4 0.730995
13 5 0.800921
13 6 0.971904
13 7 0.502207
13 9 0.556843
13 10 0.840129
13 11 0.537714
13 12 0.716765
13 13 0.764113
13 14 0.757318
13 15 0.693792
13 16 0.770693
13 17 0.851927
13 18 0.736741
13 19 0.913913
14 1 0.893343
14 2 0.887033
14 3 0.798175
14 4 0.733960
14 5 0.803352
14 6 0.966683
14 7 0.502211
14 9 0.563455
14 10 0.821522
14 11 0.535294
14 12 0.714860
14 13 0.757318
14 14 0.789342
14 15 0.692627
14 16 0.762718
14 17 0.849630
14 18 0.737124
14 19 0.902711
15 1 0.821930
15 2 0.818605
15 3 0.723830
15 4 0.670146
15 5 0.732206
15 6 0.916820
15 7 0.501595
15 9 0.542767
15 10 0.764125
15 11 0.528915
15 12 0.660683
15 13 0.693792
15 14 0.692627
15 15 0.642205
15 16 0.705625
15 17 0.776593
15 18 0.663742
15 19 0.842053
16 2 0.905655
16 3 0.812354
16 4 0.736898
16 5 0.815701
16 6 0.971190
16 7 0.502480
16 9 0.559962
16 10 0.855815
16 11 0.550049
16 12 0.732229
16 13 0.770693
16 14 0.762718
16 15 0.705625
16 16 0.802722
16 17 0.862977
16 18 0.722726
16 19 0.925568
17 2 0.971805
17 3 0.902221
17 5 0.908875
17 6 0.994027
17 7 0.503227
17 9 0.602940
17 10 0.946820
17 11 0.526966
17 12 0.799513
17 13 0.851927
17 14 0.849630
17 15 0.776593
17 16 0.862977
17 17 0.955343
17 18 0.836100
18 1 0.889725
18 2 0.858360
18 3 0.792987
18 4 0.730784
18 5 0.801912
18 6 0.975095
18 7 0.502187
18 8 0.906135
18 9 0.544465
18 10 0.775484
18 11 0.529933
18 12 0.691996
18 13 0.736741
18 14 0.737124
18 15 0.663742
18 16 0.722726
18 17 0.836100
18 18 0.913974
19 3 0.946922
19 4 0.917360
19 5 0.952457
19 6 0.998320
19 7 0.504040
19 9 0.622142
19 11 0.535154
19 12 0.863712
19 13 0.913913
19 14 0.902711
19 15 0.842053
19 16 0.925568
19 19 0.996833
