1 2 0.930730
1 3 0.724545
1 5 0.791120
1 8 0.883363
1 12 0.675346
1 16 0.862852
1 17 0.832098
1 19 0.964991
2 1 0.930730
2 8 0.863555
2 19 0.966346
3 1 0.724545
3 8 0.777940
4 17 0.606643
5 1 0.791120
5 8 0.770863
8 1 0.883363
8 2 0.863555
8 3 0.777940
8 5 0.770863
8 12 0.687703
8 13 0.809923
8 14 0.724183
8 15 0.647361
8 16 0.900417
8 17 0.795747
8 19 0.921671
10 19 0.921919
12 1 0.675346
12 8 0.687703
13 8 0.809923
14 8 0.724183
15 8 0.647361
16 1 0.862852
16 8 0.900417
17 1 0.832098
17 4 0.606643
17 8 0.795747
17 19 0.888014
18 19 0.938020
19 1 0.964991
19 2 0.966346
19 8 0.921671
19 10 0.921919
19 17 0.888014
19 18 0.938020
1 1 0.929192
1 4 0.646612
1 6 0.988990
1 7 0.500142
1 9 0.511011
1 10 0.850895
1 11 0.612338
1 13 0.904553
1 14 0.634296
1 15 0.619824
1 18 0.858115
2 2 0.939114
2 3 0.682117
2 4 0.637683
2 5 0.778647
2 6 0.986378
2 7 0.499674
2 9 0.517486
2 10 0.852553
2 11 0.599227
2 12 0.658333
2 13 0.914588
2 14 0.601379
2 15 0.597965
2 16 0.834974
2 17 0.827182
2 18 0.851016
3 2 0.682117
3 3 0.711511
3 4 0.581209
3 5 0.660670
3 6 0.920226
3 7 0.501177
3 9 0.492186
3 10 0.649284
3 11 0.554910
3 12 0.616418
3 13 0.625146
3 14 0.643115
3 15 0.598704
3 16 0.802738
3 17 0.670911
3 18 0.662533
3 19 0.758808
4 1 0.646612
4 2 0.637683
4 3 0.581209
4 4 0.559547
4 5 0.578573
4 6 0.759845
4 7 0.500606
4 8 0.637450
4 9 0.508582
4 10 0.613165
4 11 0.534014
4 12 0.549636
4 13 0.675388
4 14 0.549024
4 15 0.534812
4 16 0.669805
4 18 0.624216
4 19 0.699400
5 2 0.778647
5 3 0.660670
5 4 0.578573
5 5 0.684991
5 6 0.922367
5 7 0.500317
5 9 0.496880
5 10 0.701027
5 11 0.561143
5 12 0.610674
5 13 0.700267
5 14 0.602299
5 15 0.583827
5 16 0.743278
5 17 0.702059
5 18 0.713978
5 19 0.837032
6 1 0.988990
6 2 0.986378
6 3 0.920226
6 4 0.759845
6 5 0.922367
6 6 0.999999
6 7 0.501634
6 8 0.991278
6 9 0.507399
6 10 0.950775
6 11 0.749661
6 12 0.846183
6 13 0.992304
6 14 0.921034
6 15 0.772394
6 16 0.995520
6 17 0.947870
6 18 0.955244
6 19 0.996290
7 1 0.500142
7 2 0.499674
7 3 0.501177
7 4 0.500606
7 5 0.500317
7 6 0.501634
7 7 0.500021
7 8 0.501169
7 9 0.500055
7 10 0.500207
7 11 0.500187
7 12 0.500432
7 13 0.500874
7 14 0.500976
7 15 0.500454
7 16 0.502944
7 17 0.500484
7 18 0.500324
7 19 0.500246
8 4 0.637450
8 6 0.991278
8 7 0.501169
8 8 0.896244
8 9 0.497872
8 10 0.784182
8 11 0.604276
8 18 0.799213
9 1 0.511011
9 2 0.517486
9 3 0.492186
9 4 0.508582
9 5 0.496880
9 6 0.507399
9 7 0.500055
9 8 0.497872
9 9 0.507817
9 10 0.513247
9 11 0.507414
9 12 0.497665
9 13 0.564753
9 14 0.500522
9 15 0.495253
9 16 0.527807
9 17 0.507286
9 18 0.510276
9 19 0.522330
10 1 0.850895
10 2 0.852553
10 3 0.649284
10 4 0.613165
10 5 0.701027
10 6 0.950775
10 7 0.500207
10 8 0.784182
10 9 0.513247
10 10 0.790982
10 11 0.599609
10 12 0.612302
10 13 0.881251
10 14 0.560098
10 15 0.570265
10 16 0.761416
10 17 0.749111
10 18 0.813216
11 1 0.612338
11 2 0.599227
11 3 0.554910
11 4 0.534014
11 5 0.561143
11 6 0.749661
11 7 0.500187
11 8 0.604276
11 9 0.507414
11 10 0.599609
11 11 0.629144
11 12 0.538401
11 13 0.750077
11 14 0.546812
11 15 0.525674
11 16 0.536147
11 17 0.575117
11 18 0.645963
11 19 0.676520
12 2 0.658333
12 3 0.616418
12 4 0.549636
12 5 0.610674
12 6 0.846183
12 7 0.500432
12 9 0.497665
12 10 0.612302
12 11 0.538401
12 12 0.574892
12 13 0.619283
12 14 0.585593
12 15 0.558181
12 16 0.682360
12 17 0.621003
12 18 0.620753
12 19 0.705546
13 1 0.904553
13 2 0.914588
13 3 0.625146
13 4 0.675388
13 5 0.700267
13 6 0.992304
13 7 0.500874
13 9 0.564753
13 10 0.881251
13 11 0.750077
13 12 0.619283
13 13 0.997285
13 14 0.596442
13 15 0.555463
13 16 0.894628
13 17 0.800038
13 18 0.895581
13 19 0.972365
14 1 0.634296
14 2 0.601379
14 3 0.643115
14 4 0.549024
14 5 0.602299
14 6 0.921034
14 7 0.500976
14 9 0.500522
14 10 0.560098
14 11 0.546812
14 12 0.585593
14 13 0.596442
14 14 0.693076
14 15 0.576692
14 16 0.820181
14 17 0.603969
14 18 0.559753
14 19 0.619886
15 1 0.619824
15 2 0.597965
15 3 0.598704
15 4 0.534812
15 5 0.583827
15 6 0.772394
15 7 0.500454
15 9 0.495253
15 10 0.570265
15 11 0.525674
15 12 0.558181
15 13 0.555463
15 14 0.576692
15 15 0.550417
15 16 0.668004
15 17 0.584968
15 18 0.576256
15 19 0.632589
16 2 0.834974
16 3 0.802738
16 4 0.669805
16 5 0.743278
16 6 0.995520
16 7 0.502944
16 9 0.527807
16 10 0.761416
16 11 0.536147
16 12 0.682360
16 13 0.894628
16 14 0.820181
16 15 0.668004
16 16 0.995806
16 17 0.788515
16 18 0.713119
16 19 0.891580
17 2 0.827182
17 3 0.670911
17 5 0.702059
17 6 0.947870
17 7 0.500484
17 9 0.507286
17 10 0.749111
17 11 0.575117
17 12 0.621003
17 13 0.800038
17 14 0.603969
17 15 0.584968
17 16 0.788515
17 17 0.738932
17 18 0.761389
18 1 0.858115
18 2 0.851016
18 3 0.662533
18 4 0.624216
18 5 0.713978
18 6 0.955244
18 7 0.500324
18 8 0.799213
18 9 0.510276
18 10 0.813216
18 11 0.645963
18 12 0.620753
18 13 0.895581
18 14 0.559753
18 15 0.576256
18 16 0.713119
18 17 0.761389
18 18 0.862898
19 3 0.758808
19 4 0.699400
19 5 0.837032
19 6 0.996290
19 7 0.500246
19 9 0.522330
19 11 0.676520
19 12 0.705546
19 13 0.972365
19 14 0.619886
19 15 0.632589
19 16 0.891580
19 19 0.990234
