1 2 0.993433
1 3 0.976488
1 5 0.963242
1 8 0.994133
1 12 0.893273
1 16 0.963788
1 17 0.967360
1 19 0.999017
2 1 0.993433
2 8 0.985468
2 19 0.996934
3 1 0.976488
3 8 0.954804
4 17 0.717060
5 1 0.963242
5 8 0.934531
8 1 0.994133
8 2 0.985468
8 3 0.954804
8 5 0.934531
8 12 0.849987
8 13 0.992071
8 14 0.984774
8 15 0.887102
8 16 0.937989
8 17 0.944375
8 19 0.996749
10 19 0.990725
12 1 0.893273
12 8 0.849987
13 8 0.992071
14 8 0.984774
15 8 0.887102
16 1 0.963788
16 8 0.937989
17 1 0.967360
17 4 0.717060
17 8 0.944375
17 19 0.980559
18 19 0.994979
19 1 0.999017
19 2 0.996934
19 8 0.996749
19 10 0.990725
19 17 0.980559
19 18 0.994979
1 1 0.998066
1 4 0.835695
1 6 0.998042
1 7 0.505065
1 9 0.613498
1 10 0.981134
1 11 0.737151
1 13 0.998174
1 14 0.993699
1 15 0.917266
1 18 0.988097
2 2 0.985268
2 3 0.952820
2 4 0.791459
2 5 0.928167
2 6 0.992703
2 7 0.503556
2 9 0.586678
2 10 0.964662
2 11 0.711171
2 12 0.846315
2 13 0.989531
2 14 0.985584
2 15 0.875615
2 16 0.933118
2 17 0.944123
2 18 0.977293
3 2 0.952820
3 3 0.914701
3 4 0.724817
3 5 0.873095
3 6 0.982577
3 7 0.503171
3 9 0.558571
3 10 0.914741
3 11 0.664690
3 12 0.781024
3 13 0.970054
3 14 0.935000
3 15 0.802306
3 16 0.875084
3 17 0.886890
3 18 0.940735
3 19 0.984708
4 1 0.835695
4 2 0.791459
4 3 0.724817
4 4 0.618286
4 5 0.692778
4 6 0.825494
4 7 0.501092
4 8 0.792280
4 9 0.532993
4 10 0.745838
4 11 0.565122
4 12 0.626365
4 13 0.823228
4 14 0.729773
4 15 0.649243
4 16 0.703113
4 18 0.772838
4 19 0.869869
5 2 0.928167
5 3 0.873095
5 4 0.692778
5 5 0.859953
5 6 0.953721
5 7 0.502759
5 9 0.556831
5 10 0.877025
5 11 0.636547
5 12 0.756752
5 13 0.967243
5 14 0.948438
5 15 0.781004
5 16 0.847733
5 17 0.848920
5 18 0.900356
5 19 0.969559
6 1 0.998042
6 2 0.992703
6 3 0.982577
6 4 0.825494
6 5 0.953721
6 6 0.999989
6 7 0.506989
6 8 0.994654
6 9 0.601650
6 10 0.977811
6 11 0.770448
6 12 0.892156
6 13 0.998997
6 14 0.965137
6 15 0.923101
6 16 0.966496
6 17 0.965280
6 18 0.986000
6 19 0.998699
7 1 0.505065
7 2 0.503556
7 3 0.503171
7 4 0.501092
7 5 0.502759
7 6 0.506989
7 7 0.500036
7 8 0.504040
7 9 0.500548
7 10 0.502720
7 11 0.500729
7 12 0.501784
7 13 0.507173
7 14 0.503616
7 15 0.502005
7 16 0.502648
7 17 0.502369
7 18 0.502917
7 19 0.504762
8 4 0.792280
8 6 0.994654
8 7 0.504040
8 8 0.987066
8 9 0.592921
8 10 0.963120
8 11 0.717217
8 18 0.975498
9 1 0.613498
9 2 0.586678
9 3 0.558571
9 4 0.532993
9 5 0.556831
9 6 0.601650
9 7 0.500548
9 8 0.592921
9 9 0.521641
9 10 0.572086
9 11 0.506288
9 12 0.535119
9 13 0.663529
9 14 0.575524
9 15 0.547062
9 16 0.560216
9 17 0.558121
9 18 0.567989
9 19 0.623391
10 1 0.981134
10 2 0.964662
10 3 0.914741
10 4 0.745838
10 5 0.877025
10 6 0.977811
10 7 0.502720
10 8 0.963120
10 9 0.572086
10 10 0.936404
10 11 0.657530
10 12 0.790334
10 13 0.976993
10 14 0.965554
10 15 0.813832
10 16 0.885297
10 17 0.903026
10 18 0.953425
11 1 0.737151
11 2 0.711171
11 3 0.664690
11 4 0.565122
11 5 0.636547
11 6 0.770448
11 7 0.500729
11 8 0.717217
11 9 0.506288
11 10 0.657530
11 11 0.606674
11 12 0.588191
11 13 0.632805
11 14 0.701345
11 15 0.610982
11 16 0.629829
11 17 0.650180
11 18 0.700133
11 19 0.761122
12 2 0.846315
12 3 0.781024
12 4 0.626365
12 5 0.756752
12 6 0.892156
12 7 0.501784
12 9 0.535119
12 10 0.790334
12 11 0.588191
12 12 0.682869
12 13 0.897627
12 14 0.884288
12 15 0.690939
12 16 0.752415
12 17 0.756825
12 18 0.815027
12 19 0.910279
13 1 0.998174
13 2 0.989531
13 3 0.970054
13 4 0.823228
13 5 0.967243
13 6 0.998997
13 7 0.507173
13 9 0.663529
13 10 0.976993
13 11 0.632805
13 12 0.897627
13 13 0.999918
13 14 0.996354
13 15 0.910260
13 16 0.962898
13 17 0.952773
13 18 0.974125
13 19 0.998442
14 1 0.993699
14 2 0.985584
14 3 0.935000
14 4 0.729773
14 5 0.948438
14 6 0.965137
14 7 0.503616
14 9 0.575524
14 10 0.965554
14 11 0.701345
14 12 0.884288
14 13 0.996354
14 14 0.999974
14 15 0.877804
14 16 0.921200
14 17 0.929451
14 18 0.967383
14 19 0.996256
15 1 0.917266
15 2 0.875615
15 3 0.802306
15 4 0.649243
15 5 0.781004
15 6 0.923101
15 7 0.502005
15 9 0.547062
15 10 0.813832
15 11 0.610982
15 12 0.690939
15 13 0.910260
15 14 0.877804
15 15 0.734360
15 16 0.783001
15 17 0.786373
15 18 0.838149
15 19 0.930640
16 2 0.933118
16 3 0.875084
16 4 0.703113
16 5 0.847733
16 6 0.966496
16 7 0.502648
16 9 0.560216
16 10 0.885297
16 11 0.629829
16 12 0.752415
16 13 0.962898
16 14 0.921200
16 15 0.783001
16 16 0.852095
16 17 0.856235
16 18 0.908567
16 19 0.973503
17 2 0.944123
17 3 0.886890
17 5 0.848920
17 6 0.965280
17 7 0.502369
17 9 0.558121
17 10 0.903026
17 11 0.650180
17 12 0.756825
17 13 0.952773
17 14 0.929451
17 15 0.786373
17 16 0.856235
17 17 0.873330
17 18 0.929318
18 1 0.988097
18 2 0.977293
18 3 0.940735
18 4 0.772838
18 5 0.900356
18 6 0.986000
18 7 0.502917
18 8 0.975498
18 9 0.567989
18 10 0.953425
18 11 0.700133
18 12 0.815027
18 13 0.974125
18 14 0.967383
18 15 0.838149
18 16 0.908567
18 17 0.929318
18 18 0.972411
19 3 0.984708
19 4 0.869869
19 5 0.969559
19 6 0.998699
19 7 0.504762
19 9 0.623391
19 11 0.761122
19 12 0.910279
19 13 0.998442
19 14 0.996256
19 15 0.930640
19 16 0.973503
19 19 0.999711
