1 2 0.999310
1 3 0.996276
1 5 0.995584
1 8 0.999745
1 12 0.977778
1 16 0.983222
1 17 0.999140
1 19 0.999992
2 1 0.999310
2 8 0.999415
2 19 0.999978
3 1 0.996276
3 8 0.996685
4 17 0.500000
5 1 0.995584
5 8 0.996138
8 1 0.999745
8 2 0.999415
8 3 0.996685
8 5 0.996138
8 12 0.979017
8 13 0.998021
8 14 0.985987
8 15 0.964842
8 16 0.984686
8 17 0.999282
8 19 0.999994
10 19 0.999940
12 1 0.977778
12 8 0.979017
13 8 0.998021
14 8 0.985987
15 8 0.964842
16 1 0.983222
16 8 0.984686
17 1 0.999140
17 4 0.500000
17 8 0.999282
17 19 0.999994
18 19 0.999992
19 1 0.999992
19 2 0.999978
19 8 0.999994
19 10 0.999940
19 17 0.999994
19 18 0.999992
1 1 0.999698
1 4 0.500000
1 6 0.999998
1 7 0.505415
1 9 0.684995
1 10 0.996934
1 11 0.818050
1 13 0.997890
1 14 0.983941
1 15 0.961554
1 18 0.999300
2 2 0.998683
2 3 0.993257
2 4 0.500000
2 5 0.992108
2 6 0.999995
2 7 0.504685
2 9 0.665813
2 10 0.995172
2 11 0.792398
2 12 0.967884
2 13 0.996158
2 14 0.975180
2 15 0.947387
2 16 0.975322
2 17 0.998479
2 18 0.998729
3 2 0.993257
3 3 0.980739
3 4 0.500000
3 5 0.978345
3 6 0.999832
3 7 0.503701
3 9 0.630188
3 10 0.978165
3 11 0.749091
3 12 0.932732
3 13 0.982642
3 14 0.940558
3 15 0.902813
3 16 0.943638
3 17 0.990431
3 18 0.992050
3 19 0.999562
4 1 0.500000
4 2 0.500000
4 3 0.500000
4 4 0.500000
4 5 0.500000
4 6 0.500000
4 7 0.500000
4 8 0.500000
4 9 0.500000
4 10 0.500000
4 11 0.500000
4 12 0.500000
4 13 0.500000
4 14 0.500000
4 15 0.500000
4 16 0.500000
4 18 0.500000
4 19 0.500000
5 2 0.992108
5 3 0.978345
5 4 0.500000
5 5 0.976895
5 6 0.999770
5 7 0.503650
5 9 0.623384
5 10 0.973830
5 11 0.748574
5 12 0.926510
5 13 0.977626
5 14 0.935223
5 15 0.898587
5 16 0.939215
5 17 0.988016
5 18 0.990263
5 19 0.999367
6 1 0.999998
6 2 0.999995
6 3 0.999832
6 4 0.500000
6 5 0.999770
6 6 1.000000
6 7 0.508682
6 8 0.999999
6 9 0.875468
6 10 0.999987
6 11 0.974217
6 12 0.996754
6 13 0.999962
6 14 0.999458
6 15 0.994817
6 16 0.999085
6 17 1.000000
6 18 0.999998
6 19 1.000000
7 1 0.505415
7 2 0.504685
7 3 0.503701
7 4 0.500000
7 5 0.503650
7 6 0.508682
7 7 0.500023
7 8 0.505507
7 9 0.500546
7 10 0.503885
7 11 0.500957
7 12 0.502477
7 13 0.504859
7 14 0.502953
7 15 0.502212
7 16 0.502625
7 17 0.504589
7 18 0.504740
7 19 0.507828
8 4 0.500000
8 6 0.999999
8 7 0.505507
8 8 0.999795
8 9 0.687567
8 10 0.997305
8 11 0.828580
8 18 0.999417
9 1 0.684995
9 2 0.665813
9 3 0.630188
9 4 0.500000
9 5 0.623384
9 6 0.875468
9 7 0.500546
9 8 0.687567
9 9 0.534480
9 10 0.650994
9 11 0.556764
9 12 0.586773
9 13 0.656537
9 14 0.602169
9 15 0.574755
9 16 0.603279
9 17 0.698339
9 18 0.664236
9 19 0.775079
10 1 0.996934
10 2 0.995172
10 3 0.978165
10 4 0.500000
10 5 0.973830
10 6 0.999987
10 7 0.503885
10 8 0.997305
10 9 0.650994
10 10 0.992401
10 11 0.732513
10 12 0.933868
10 13 0.994349
10 14 0.961659
10 15 0.906240
10 16 0.948512
10 17 0.997627
10 18 0.997095
11 1 0.818050
11 2 0.792398
11 3 0.749091
11 4 0.500000
11 5 0.748574
11 6 0.974217
11 7 0.500957
11 8 0.828580
11 9 0.556764
11 10 0.732513
11 11 0.638020
11 12 0.665911
11 13 0.678561
11 14 0.683339
11 15 0.650941
11 16 0.697046
11 17 0.796271
11 18 0.763362
11 19 0.883586
12 2 0.967884
12 3 0.932732
12 4 0.500000
12 5 0.926510
12 6 0.996754
12 7 0.502477
12 9 0.586773
12 10 0.933868
12 11 0.665911
12 12 0.857812
12 13 0.942945
12 14 0.865354
12 15 0.816794
12 16 0.870077
12 17 0.960191
12 18 0.966067
12 19 0.995297
13 1 0.997890
13 2 0.996158
13 3 0.982642
13 4 0.500000
13 5 0.977626
13 6 0.999962
13 7 0.504859
13 9 0.656537
13 10 0.994349
13 11 0.678561
13 12 0.942945
13 13 0.998754
13 14 0.968743
13 15 0.916659
13 16 0.952133
13 17 0.998250
13 18 0.997869
13 19 0.999968
14 1 0.983941
14 2 0.975180
14 3 0.940558
14 4 0.500000
14 5 0.935223
14 6 0.999458
14 7 0.502953
14 9 0.602169
14 10 0.961659
14 11 0.683339
14 12 0.865354
14 13 0.968743
14 14 0.918941
14 15 0.839145
14 16 0.885767
14 17 0.981988
14 18 0.981181
14 19 0.998570
15 1 0.961554
15 2 0.947387
15 3 0.902813
15 4 0.500000
15 5 0.898587
15 6 0.994817
15 7 0.502212
15 9 0.574755
15 10 0.906240
15 11 0.650941
15 12 0.816794
15 13 0.916659
15 14 0.839145
15 15 0.786920
15 16 0.834879
15 17 0.940713
15 18 0.946068
15 19 0.990055
16 2 0.975322
16 3 0.943638
16 4 0.500000
16 5 0.939215
16 6 0.999085
16 7 0.502625
16 9 0.603279
16 10 0.948512
16 11 0.697046
16 12 0.870077
16 13 0.952133
16 14 0.885767
16 15 0.834879
16 16 0.890100
16 17 0.973289
16 18 0.973882
16 19 0.997207
17 2 0.998479
17 3 0.990431
17 5 0.988016
17 6 1.000000
17 7 0.504589
17 9 0.698339
17 10 0.997627
17 11 0.796271
17 12 0.960191
17 13 0.998250
17 14 0.981988
17 15 0.940713
17 16 0.973289
17 17 0.999538
17 18 0.999202
18 1 0.999300
18 2 0.998729
18 3 0.992050
18 4 0.500000
18 5 0.990263
18 6 0.999998
18 7 0.504740
18 8 0.999417
18 9 0.664236
18 10 0.997095
18 11 0.763362
18 12 0.966067
18 13 0.997869
18 14 0.981181
18 15 0.946068
18 16 0.973882
18 17 0.999202
18 18 0.999290
19 3 0.999562
19 4 0.500000
19 5 0.999367
19 6 1.000000
19 7 0.507828
19 9 0.775079
19 11 0.883586
19 12 0.995297
19 13 0.999968
19 14 0.998570
19 15 0.990055
19 16 0.997207
19 19 1.000000
