1 2 0.962558
1 3 0.869430
1 5 0.708968
1 8 0.920849
1 12 0.851394
1 16 0.662108
1 17 0.883430
1 19 0.986280
2 1 0.962558
2 8 0.908227
2 19 0.985301
3 1 0.869430
3 8 0.790662
4 17 0.712019
5 1 0.708968
5 8 0.714648
8 1 0.920849
8 2 0.908227
8 3 0.790662
8 5 0.714648
8 12 0.783254
8 13 0.656209
8 14 0.885431
8 15 0.665414
8 16 0.658986
8 17 0.816658
8 19 0.958245
10 19 0.953651
12 1 0.851394
12 8 0.783254
13 8 0.656209
14 8 0.885431
15 8 0.665414
16 1 0.662108
16 8 0.658986
17 1 0.883430
17 4 0.712019
17 8 0.816658
17 19 0.940550
18 19 0.978621
19 1 0.986280
19 2 0.985301
19 8 0.958245
19 10 0.953651
19 17 0.940550
19 18 0.978621
1 1 0.967928
1 4 0.788412
1 6 0.583351
1 7 0.501052
1 9 0.573396
1 10 0.894849
1 11 0.511819
1 13 0.748189
1 14 0.891590
1 15 0.690135
1 18 0.940441
2 2 0.959460
2 3 0.860235
2 4 0.780377
2 5 0.694342
2 6 0.541906
2 7 0.500946
2 9 0.565427
2 10 0.891934
2 11 0.516734
2 12 0.839855
2 13 0.768687
2 14 0.885296
2 15 0.684933
2 16 0.654814
2 17 0.877909
2 18 0.938813
3 2 0.860235
3 3 0.749380
3 4 0.670495
3 5 0.628597
3 6 0.514638
3 7 0.500538
3 9 0.537131
3 10 0.761134
3 11 0.518067
3 12 0.729175
3 13 0.676744
3 14 0.760150
3 15 0.607742
3 16 0.587715
3 17 0.753102
3 18 0.819165
3 19 0.914041
4 1 0.788412
4 2 0.780377
4 3 0.670495
4 4 0.655430
4 5 0.566513
4 6 0.426301
4 7 0.500439
4 8 0.723256
4 9 0.524456
4 10 0.722751
4 11 0.469067
4 12 0.660577
4 13 0.555348
4 14 0.702560
4 15 0.577175
4 16 0.562458
4 18 0.769326
4 19 0.860088
5 2 0.694342
5 3 0.628597
5 4 0.566513
5 5 0.673292
5 6 0.664868
5 7 0.500340
5 9 0.523489
5 10 0.637845
5 11 0.531340
5 12 0.627713
5 13 0.624612
5 14 0.759036
5 15 0.576272
5 16 0.571144
5 17 0.623184
5 18 0.657129
5 19 0.752770
6 1 0.583351
6 2 0.541906
6 3 0.514638
6 4 0.426301
6 5 0.664868
6 6 0.994701
6 7 0.501231
6 8 0.700944
6 9 0.565139
6 10 0.529588
6 11 0.655153
6 12 0.530239
6 13 0.696771
6 14 0.648807
6 15 0.572945
6 16 0.615072
6 17 0.463969
6 18 0.500070
6 19 0.526195
7 1 0.501052
7 2 0.500946
7 3 0.500538
7 4 0.500439
7 5 0.500340
7 6 0.501231
7 7 0.500009
7 8 0.500976
7 9 0.500302
7 10 0.500799
7 11 0.500221
7 12 0.500486
7 13 0.501539
7 14 0.500199
7 15 0.500308
7 16 0.500397
7 17 0.500644
7 18 0.500861
7 19 0.501413
8 4 0.723256
8 6 0.700944
8 7 0.500976
8 8 0.888020
8 9 0.570782
8 10 0.835818
8 11 0.507708
8 18 0.880529
9 1 0.573396
9 2 0.565427
9 3 0.537131
9 4 0.524456
9 5 0.523489
9 6 0.565139
9 7 0.500302
9 8 0.570782
9 9 0.524636
9 10 0.546360
9 11 0.512681
9 12 0.537272
9 13 0.544176
9 14 0.572114
9 15 0.525481
9 16 0.535371
9 17 0.540159
9 18 0.553884
9 19 0.586706
10 1 0.894849
10 2 0.891934
10 3 0.761134
10 4 0.722751
10 5 0.637845
10 6 0.529588
10 7 0.500799
10 8 0.835818
10 9 0.546360
10 10 0.832733
10 11 0.487797
10 12 0.745280
10 13 0.666467
10 14 0.834519
10 15 0.635688
10 16 0.617330
10 17 0.807362
10 18 0.879288
11 1 0.511819
11 2 0.516734
11 3 0.518067
11 4 0.469067
11 5 0.531340
11 6 0.655153
11 7 0.500221
11 8 0.507708
11 9 0.512681
11 10 0.487797
11 11 0.610949
11 12 0.506916
11 13 0.694838
11 14 0.539680
11 15 0.508159
11 16 0.511365
11 17 0.478258
11 18 0.488280
11 19 0.497502
12 2 0.839855
12 3 0.729175
12 4 0.660577
12 5 0.627713
12 6 0.530239
12 7 0.500486
12 9 0.537272
12 10 0.745280
12 11 0.506916
12 12 0.715002
12 13 0.633487
12 14 0.761330
12 15 0.604417
12 16 0.589547
12 17 0.738379
12 18 0.800006
12 19 0.897388
13 1 0.748189
13 2 0.768687
13 3 0.676744
13 4 0.555348
13 5 0.624612
13 6 0.696771
13 7 0.501539
13 9 0.544176
13 10 0.666467
13 11 0.694838
13 12 0.633487
13 13 0.978234
13 14 0.699721
13 15 0.562297
13 16 0.560649
13 17 0.638122
13 18 0.723647
13 19 0.821885
14 1 0.891590
14 2 0.885296
14 3 0.760150
14 4 0.702560
14 5 0.759036
14 6 0.648807
14 7 0.500199
14 9 0.572114
14 10 0.834519
14 11 0.539680
14 12 0.761330
14 13 0.699721
14 14 0.981842
14 15 0.682858
14 16 0.669735
14 17 0.806269
14 18 0.878160
14 19 0.953170
15 1 0.690135
15 2 0.684933
15 3 0.607742
15 4 0.577175
15 5 0.576272
15 6 0.572945
15 7 0.500308
15 9 0.525481
15 10 0.635688
15 11 0.508159
15 12 0.604417
15 13 0.562297
15 14 0.682858
15 15 0.562853
15 16 0.561402
15 17 0.623479
15 18 0.666383
15 19 0.745242
16 2 0.654814
16 3 0.587715
16 4 0.562458
16 5 0.571144
16 6 0.615072
16 7 0.500397
16 9 0.535371
16 10 0.617330
16 11 0.511365
16 12 0.589547
16 13 0.560649
16 14 0.669735
16 15 0.561402
16 16 0.576670
16 17 0.603820
16 18 0.636794
16 19 0.710226
17 2 0.877909
17 3 0.753102
17 5 0.623184
17 6 0.463969
17 7 0.500644
17 9 0.540159
17 10 0.807362
17 11 0.478258
17 12 0.738379
17 13 0.638122
17 14 0.806269
17 15 0.623479
17 16 0.603820
17 17 0.792572
17 18 0.860037
18 1 0.940441
18 2 0.938813
18 3 0.819165
18 4 0.769326
18 5 0.657129
18 6 0.500070
18 7 0.500861
18 8 0.880529
18 9 0.553884
18 10 0.879288
18 11 0.488280
18 12 0.800006
18 13 0.723647
18 14 0.878160
18 15 0.666383
18 16 0.636794
18 17 0.860037
18 18 0.926882
19 3 0.914041
19 4 0.860088
19 5 0.752770
19 6 0.526195
19 7 0.501413
19 9 0.586706
19 11 0.497502
19 12 0.897388
19 13 0.821885
19 14 0.953170
19 15 0.745242
19 16 0.710226
19 19 0.997110
