1 2 0.955558
1 3 0.897629
1 5 0.920239
1 8 0.974922
1 12 0.887565
1 16 0.882918
1 17 0.790310
1 19 0.992200
2 1 0.955558
2 8 0.981831
2 19 0.997052
3 1 0.897629
3 8 0.913878
4 17 0.637578
5 1 0.920239
5 8 0.897164
8 1 0.974922
8 2 0.981831
8 3 0.913878
8 5 0.897164
8 12 0.907567
8 13 0.827220
8 14 0.954334
8 15 0.782769
8 16 0.910499
8 17 0.839842
8 19 0.997211
10 19 0.500000
12 1 0.887565
12 8 0.907567
13 8 0.827220
14 8 0.954334
15 8 0.782769
16 1 0.882918
16 8 0.910499
17 1 0.790310
17 4 0.637578
17 8 0.839842
17 19 0.906141
18 19 0.999147
19 1 0.992200
19 2 0.997052
19 8 0.997211
19 10 0.500000
19 17 0.906141
19 18 0.999147
1 1 0.970317
1 4 0.711950
1 6 0.982280
1 7 0.501920
1 9 0.581078
1 10 0.500000
1 11 0.582414
1 13 0.771539
1 14 0.957382
1 15 0.743705
1 18 0.983853
2 2 0.984169
2 3 0.883627
2 4 0.732477
2 5 0.839030
2 6 0.971902
2 7 0.501774
2 9 0.526945
2 10 0.500000
2 11 0.532927
2 12 0.879716
2 13 0.818939
2 14 0.942947
2 15 0.766141
2 16 0.890617
2 17 0.829155
2 18 0.991527
3 2 0.883627
3 3 0.807593
3 4 0.634902
3 5 0.810067
3 6 0.944624
3 7 0.501456
3 9 0.540685
3 10 0.500000
3 11 0.544854
3 12 0.791416
3 13 0.692848
3 14 0.860151
3 15 0.668861
3 16 0.789667
3 17 0.701432
3 18 0.931913
3 19 0.959040
4 1 0.711950
4 2 0.732477
4 3 0.634902
4 4 0.607135
4 5 0.637320
4 6 0.682153
4 7 0.500543
4 8 0.750884
4 9 0.520015
4 10 0.500000
4 11 0.519475
4 12 0.642688
4 13 0.616149
4 14 0.713109
4 15 0.580522
4 16 0.643701
4 18 0.768222
4 19 0.812111
5 2 0.839030
5 3 0.810067
5 4 0.637320
5 5 0.915832
5 6 0.890933
5 7 0.501304
5 9 0.591952
5 10 0.500000
5 11 0.583528
5 12 0.796956
5 13 0.683554
5 14 0.934201
5 15 0.646678
5 16 0.789634
5 17 0.686490
5 18 0.922751
5 19 0.951345
6 1 0.982280
6 2 0.971902
6 3 0.944624
6 4 0.682153
6 5 0.890933
6 6 0.999943
6 7 0.503609
6 8 0.985970
6 9 0.541698
6 10 0.500000
6 11 0.582968
6 12 0.922479
6 13 0.754176
6 14 0.972293
6 15 0.787650
6 16 0.916394
6 17 0.795414
6 18 0.994152
6 19 0.996901
7 1 0.501920
7 2 0.501774
7 3 0.501456
7 4 0.500543
7 5 0.501304
7 6 0.503609
7 7 0.500012
7 8 0.502125
7 9 0.500127
7 10 0.500000
7 11 0.500094
7 12 0.501249
7 13 0.500821
7 14 0.501780
7 15 0.500641
7 16 0.501251
7 17 0.500840
7 18 0.502403
7 19 0.502929
8 4 0.750884
8 6 0.985970
8 7 0.502125
8 8 0.987058
8 9 0.557577
8 10 0.500000
8 11 0.563275
8 18 0.992475
9 1 0.581078
9 2 0.526945
9 3 0.540685
9 4 0.520015
9 5 0.591952
9 6 0.541698
9 7 0.500127
9 8 0.557577
9 9 0.521701
9 10 0.500000
9 11 0.515052
9 12 0.539744
9 13 0.518159
9 14 0.594688
9 15 0.514060
9 16 0.535693
9 17 0.521008
9 18 0.562051
9 19 0.567635
10 1 0.500000
10 2 0.500000
10 3 0.500000
10 4 0.500000
10 5 0.500000
10 6 0.500000
10 7 0.500000
10 8 0.500000
10 9 0.500000
10 10 0.500000
10 11 0.500000
10 12 0.500000
10 13 0.500000
10 14 0.500000
10 15 0.500000
10 16 0.500000
10 17 0.500000
10 18 0.500000
11 1 0.582414
11 2 0.532927
11 3 0.544854
11 4 0.519475
11 5 0.583528
11 6 0.582968
11 7 0.500094
11 8 0.563275
11 9 0.515052
11 10 0.500000
11 11 0.523997
11 12 0.544352
11 13 0.517635
11 14 0.605185
11 15 0.516001
11 16 0.539103
11 17 0.521807
11 18 0.569211
11 19 0.576328
12 2 0.879716
12 3 0.791416
12 4 0.642688
12 5 0.796956
12 6 0.922479
12 7 0.501249
12 9 0.539744
12 10 0.500000
12 11 0.544352
12 12 0.781572
12 13 0.691817
12 14 0.861240
12 15 0.663133
12 16 0.780044
12 17 0.705303
12 18 0.925664
12 19 0.954574
13 1 0.771539
13 2 0.818939
13 3 0.692848
13 4 0.616149
13 5 0.683554
13 6 0.754176
13 7 0.500821
13 9 0.518159
13 10 0.500000
13 11 0.517635
13 12 0.691817
13 13 0.680753
13 14 0.717483
13 15 0.615996
13 16 0.705067
13 17 0.668712
13 18 0.847627
13 19 0.897110
14 1 0.957382
14 2 0.942947
14 3 0.860151
14 4 0.713109
14 5 0.934201
14 6 0.972293
14 7 0.501780
14 9 0.594688
14 10 0.500000
14 11 0.605185
14 12 0.861240
14 13 0.717483
14 14 0.993894
14 15 0.701468
14 16 0.849958
14 17 0.778830
14 18 0.978875
14 19 0.989457
15 1 0.743705
15 2 0.766141
15 3 0.668861
15 4 0.580522
15 5 0.646678
15 6 0.787650
15 7 0.500641
15 9 0.514060
15 10 0.500000
15 11 0.516001
15 12 0.663133
15 13 0.615996
15 14 0.701468
15 15 0.595286
15 16 0.666373
15 17 0.621742
15 18 0.805175
15 19 0.849226
16 2 0.890617
16 3 0.789667
16 4 0.643701
16 5 0.789634
16 6 0.916394
16 7 0.501251
16 9 0.535693
16 10 0.500000
16 11 0.539103
16 12 0.780044
16 13 0.705067
16 14 0.849958
16 15 0.666373
16 16 0.784137
16 17 0.710121
16 18 0.929563
16 19 0.959078
17 2 0.829155
17 3 0.701432
17 5 0.686490
17 6 0.795414
17 7 0.500840
17 9 0.521008
17 10 0.500000
17 11 0.521807
17 12 0.705303
17 13 0.668712
17 14 0.778830
17 15 0.621742
17 16 0.710121
17 17 0.687038
17 18 0.862847
18 1 0.983853
18 2 0.991527
18 3 0.931913
18 4 0.768222
18 5 0.922751
18 6 0.994152
18 7 0.502403
18 8 0.992475
18 9 0.562051
18 10 0.500000
18 11 0.569211
18 12 0.925664
18 13 0.847627
18 14 0.978875
18 15 0.805175
18 16 0.929563
18 17 0.862847
18 18 0.997521
19 3 0.959040
19 4 0.812111
19 5 0.951345
19 6 0.996901
19 7 0.502929
19 9 0.567635
19 11 0.576328
19 12 0.954574
19 13 0.897110
19 14 0.989457
19 15 0.849226
19 16 0.959078
19 19 0.999803
