1 2 0.651099
1 3 0.649632
1 5 0.624361
1 8 0.700993
1 12 0.618941
1 16 0.621999
1 17 0.675958
1 19 0.764891
2 1 0.651099
2 8 0.578415
2 19 0.708123
3 1 0.649632
3 8 0.634387
4 17 0.669281
5 1 0.624361
5 8 0.629945
8 1 0.700993
8 2 0.578415
8 3 0.634387
8 5 0.629945
8 12 0.616112
8 13 0.635229
8 14 0.693365
8 15 0.601406
8 16 0.590694
8 17 0.665750
8 19 0.723708
10 19 0.850374
12 1 0.618941
12 8 0.616112
13 8 0.635229
14 8 0.693365
15 8 0.601406
16 1 0.621999
16 8 0.590694
17 1 0.675958
17 4 0.669281
17 8 0.665750
17 19 0.787832
18 19 0.494315
19 1 0.764891
19 2 0.708123
19 8 0.723708
19 10 0.850374
19 17 0.787832
19 18 0.494315
1 1 0.717937
1 4 0.626483
1 6 0.711708
1 7 0.500645
1 9 0.536480
1 10 0.717391
1 11 0.534750
1 13 0.604176
1 14 0.636845
1 15 0.571804
1 18 0.443443
2 2 0.697451
2 3 0.624995
2 4 0.552415
2 5 0.565598
2 6 0.719489
2 7 0.500740
2 9 0.508776
2 10 0.661503
2 11 0.541660
2 12 0.580042
2 13 0.530370
2 14 0.565802
2 15 0.512027
2 16 0.584664
2 17 0.586792
2 18 0.464588
3 2 0.624995
3 3 0.616578
3 4 0.558754
3 5 0.578832
3 6 0.671020
3 7 0.500527
3 9 0.517104
3 10 0.632640
3 11 0.531180
3 12 0.581944
3 13 0.563978
3 14 0.604105
3 15 0.543558
3 16 0.574172
3 17 0.589593
3 18 0.409572
3 19 0.668366
4 1 0.626483
4 2 0.552415
4 3 0.558754
4 4 0.631012
4 5 0.576724
4 6 0.541659
4 7 0.500387
4 8 0.619717
4 9 0.529203
4 10 0.681493
4 11 0.517009
4 12 0.563340
4 13 0.564924
4 14 0.558474
4 15 0.544653
4 16 0.577493
4 18 0.527631
4 19 0.716170
5 2 0.565598
5 3 0.578832
5 4 0.576724
5 5 0.579307
5 6 0.621970
5 7 0.500312
5 9 0.526101
5 10 0.622564
5 11 0.514179
5 12 0.569354
5 13 0.560811
5 14 0.599650
5 15 0.550101
5 16 0.563832
5 17 0.606518
5 18 0.482227
5 19 0.652671
6 1 0.711708
6 2 0.719489
6 3 0.671020
6 4 0.541659
6 5 0.621970
6 6 0.996513
6 7 0.501441
6 8 0.674769
6 9 0.574881
6 10 0.510281
6 11 0.606772
6 12 0.627273
6 13 0.585391
6 14 0.643418
6 15 0.566198
6 16 0.629706
6 17 0.542569
6 18 0.759799
6 19 0.563557
7 1 0.500645
7 2 0.500740
7 3 0.500527
7 4 0.500387
7 5 0.500312
7 6 0.501441
7 7 0.500011
7 8 0.500456
7 9 0.500209
7 10 0.500818
7 11 0.500487
7 12 0.500395
7 13 0.500217
7 14 0.500288
7 15 0.500121
7 16 0.500316
7 17 0.500537
7 18 0.500571
7 19 0.501041
8 4 0.619717
8 6 0.674769
8 7 0.500456
8 8 0.748691
8 9 0.542405
8 10 0.686289
8 11 0.519641
8 18 0.431271
9 1 0.536480
9 2 0.508776
9 3 0.517104
9 4 0.529203
9 5 0.526101
9 6 0.574881
9 7 0.500209
9 8 0.542405
9 9 0.519040
9 10 0.533900
9 11 0.509016
9 12 0.521480
9 13 0.522070
9 14 0.527898
9 15 0.519373
9 16 0.523832
9 17 0.537915
9 18 0.541567
9 19 0.543475
10 1 0.717391
10 2 0.661503
10 3 0.632640
10 4 0.681493
10 5 0.622564
10 6 0.510281
10 7 0.500818
10 8 0.686289
10 9 0.533900
10 10 0.804692
10 11 0.527378
10 12 0.618411
10 13 0.599366
10 14 0.614293
10 15 0.561813
10 16 0.629888
10 17 0.745743
10 18 0.486976
11 1 0.534750
11 2 0.541660
11 3 0.531180
11 4 0.517009
11 5 0.514179
11 6 0.606772
11 7 0.500487
11 8 0.519641
11 9 0.509016
11 10 0.527378
11 11 0.546627
11 12 0.517844
11 13 0.504032
11 14 0.516688
11 15 0.506014
11 16 0.514735
11 17 0.519688
11 18 0.502516
11 19 0.535556
12 2 0.580042
12 3 0.581944
12 4 0.563340
12 5 0.569354
12 6 0.627273
12 7 0.500395
12 9 0.521480
12 10 0.618411
12 11 0.517844
12 12 0.567166
12 13 0.555829
12 14 0.588507
12 15 0.542008
12 16 0.563014
12 17 0.591538
12 18 0.466429
12 19 0.648792
13 1 0.604176
13 2 0.530370
13 3 0.563978
13 4 0.564924
13 5 0.560811
13 6 0.585391
13 7 0.500217
13 9 0.522070
13 10 0.599366
13 11 0.504032
13 12 0.555829
13 13 0.584181
13 14 0.576281
13 15 0.550782
13 16 0.551512
13 17 0.589576
13 18 0.500261
13 19 0.620979
14 1 0.636845
14 2 0.565802
14 3 0.604105
14 4 0.558474
14 5 0.599650
14 6 0.643418
14 7 0.500288
14 9 0.527898
14 10 0.614293
14 11 0.516688
14 12 0.588507
14 13 0.576281
14 14 0.716277
14 15 0.578639
14 16 0.537393
14 17 0.591456
14 18 0.347608
14 19 0.638430
15 1 0.571804
15 2 0.512027
15 3 0.543558
15 4 0.544653
15 5 0.550101
15 6 0.566198
15 7 0.500121
15 9 0.519373
15 10 0.561813
15 11 0.506014
15 12 0.542008
15 13 0.550782
15 14 0.578639
15 15 0.542397
15 16 0.531056
15 17 0.561384
15 18 0.483544
15 19 0.575312
16 2 0.584664
16 3 0.574172
16 4 0.577493
16 5 0.563832
16 6 0.629706
16 7 0.500316
16 9 0.523832
16 10 0.629888
16 11 0.514735
16 12 0.563014
16 13 0.551512
16 14 0.537393
16 15 0.531056
16 16 0.587651
16 17 0.606413
16 18 0.486008
16 19 0.665419
17 2 0.586792
17 3 0.589593
17 5 0.606518
17 6 0.542569
17 7 0.500537
17 9 0.537915
17 10 0.745743
17 11 0.519688
17 12 0.591538
17 13 0.589576
17 14 0.591456
17 15 0.561384
17 16 0.606413
17 17 0.720517
17 18 0.522433
18 1 0.443443
18 2 0.464588
18 3 0.409572
18 4 0.527631
18 5 0.482227
18 6 0.759799
18 7 0.500571
18 8 0.431271
18 9 0.541567
18 10 0.486976
18 11 0.502516
18 12 0.466429
18 13 0.500261
18 14 0.347608
18 15 0.483544
18 16 0.486008
18 17 0.522433
18 18 0.989648
19 3 0.668366
19 4 0.716170
19 5 0.652671
19 6 0.563557
19 7 0.501041
19 9 0.543475
19 11 0.535556
19 12 0.648792
19 13 0.620979
19 14 0.638430
19 15 0.575312
19 16 0.665419
19 19 0.895399
