1 2 0.698871
1 3 0.743139
1 5 0.585556
1 8 0.798150
1 12 0.684387
1 16 0.706693
1 17 0.491746
1 19 0.751167
2 1 0.698871
2 8 0.778076
2 19 0.718961
3 1 0.743139
3 8 0.797988
4 17 0.604667
5 1 0.585556
5 8 0.650703
8 1 0.798150
8 2 0.778076
8 3 0.797988
8 5 0.650703
8 12 0.732520
8 13 0.737242
8 14 0.808491
8 15 0.659890
8 16 0.753998
8 17 0.506722
8 19 0.836135
10 19 0.799615
12 1 0.684387
12 8 0.732520
13 8 0.737242
14 8 0.808491
15 8 0.659890
16 1 0.706693
16 8 0.753998
17 1 0.491746
17 4 0.604667
17 8 0.506722
17 19 0.597992
18 19 0.845856
19 1 0.751167
19 2 0.718961
19 8 0.836135
19 10 0.799615
19 17 0.597992
19 18 0.845856
1 1 0.748249
1 4 0.491746
1 6 0.480994
1 7 0.500189
1 9 0.575001
1 10 0.662601
1 11 0.536299
1 13 0.679709
1 14 0.687813
1 15 0.609064
1 18 0.683240
2 2 0.713389
2 3 0.700072
2 4 0.470280
2 5 0.583309
2 6 0.526612
2 7 0.499876
2 9 0.582862
2 10 0.636528
2 11 0.515453
2 12 0.655795
2 13 0.662464
2 14 0.715353
2 15 0.604548
2 16 0.667129
2 17 0.470280
2 18 0.646387
3 2 0.700072
3 3 0.743185
3 4 0.495529
3 5 0.578816
3 6 0.436081
3 7 0.500269
3 9 0.569060
3 10 0.669809
3 11 0.536331
3 12 0.682579
3 13 0.681955
3 14 0.707711
3 15 0.611468
3 16 0.703419
3 17 0.495529
3 18 0.693796
3 19 0.761590
4 1 0.491746
4 2 0.470280
4 3 0.495529
4 4 0.604667
4 5 0.486240
4 6 0.476080
4 7 0.500649
4 8 0.506722
4 9 0.477616
4 10 0.574175
4 11 0.520270
4 12 0.482562
4 13 0.498550
4 14 0.521754
4 15 0.498369
4 16 0.498371
4 18 0.600673
4 19 0.597992
5 2 0.583309
5 3 0.578816
5 4 0.486240
5 5 0.588715
5 6 0.784831
5 7 0.499964
5 9 0.526319
5 10 0.537793
5 11 0.520330
5 12 0.564801
5 13 0.559033
5 14 0.599273
5 15 0.547560
5 16 0.568034
5 17 0.486240
5 18 0.543504
5 19 0.568136
6 1 0.480994
6 2 0.526612
6 3 0.436081
6 4 0.476080
6 5 0.784831
6 6 0.999971
6 7 0.499255
6 8 0.697297
6 9 0.503708
6 10 0.436698
6 11 0.579907
6 12 0.491358
6 13 0.456305
6 14 0.593625
6 15 0.548648
6 16 0.470353
6 17 0.476080
6 18 0.371425
6 19 0.366811
7 1 0.500189
7 2 0.499876
7 3 0.500269
7 4 0.500649
7 5 0.499964
7 6 0.499255
7 7 0.500010
7 8 0.500238
7 9 0.499719
7 10 0.500823
7 11 0.500105
7 12 0.500098
7 13 0.500178
7 14 0.500547
7 15 0.500164
7 16 0.500244
7 17 0.500649
7 18 0.501047
7 19 0.501192
8 4 0.506722
8 6 0.697297
8 7 0.500238
8 8 0.886531
8 9 0.598673
8 10 0.730191
8 11 0.552482
8 18 0.762376
9 1 0.575001
9 2 0.582862
9 3 0.569060
9 4 0.477616
9 5 0.526319
9 6 0.503708
9 7 0.499719
9 8 0.598673
9 9 0.547092
9 10 0.528151
9 11 0.501434
9 12 0.556189
9 13 0.556344
9 14 0.551305
9 15 0.532000
9 16 0.560444
9 17 0.477616
9 18 0.522031
9 19 0.550394
10 1 0.662601
10 2 0.636528
10 3 0.669809
10 4 0.574175
10 5 0.537793
10 6 0.436698
10 7 0.500823
10 8 0.730191
10 9 0.528151
10 10 0.713638
10 11 0.523298
10 12 0.617358
10 13 0.633146
10 14 0.704796
10 15 0.589134
10 16 0.643326
10 17 0.574175
10 18 0.749465
11 1 0.536299
11 2 0.515453
11 3 0.536331
11 4 0.520270
11 5 0.520330
11 6 0.579907
11 7 0.500105
11 8 0.552482
11 9 0.501434
11 10 0.523298
11 11 0.547440
11 12 0.524619
11 13 0.524910
11 14 0.537471
11 15 0.518755
11 16 0.529962
11 17 0.520270
11 18 0.523246
11 19 0.534924
12 2 0.655795
12 3 0.682579
12 4 0.482562
12 5 0.564801
12 6 0.491358
12 7 0.500098
12 9 0.556189
12 10 0.617358
12 11 0.524619
12 12 0.638515
12 13 0.635893
12 14 0.657605
12 15 0.583587
12 16 0.652718
12 17 0.482562
12 18 0.629384
12 19 0.688514
13 1 0.679709
13 2 0.662464
13 3 0.681955
13 4 0.498550
13 5 0.559033
13 6 0.456305
13 7 0.500178
13 9 0.556344
13 10 0.633146
13 11 0.524910
13 12 0.635893
13 13 0.641095
13 14 0.678516
13 15 0.587067
13 16 0.651227
13 17 0.498550
13 18 0.648815
13 19 0.709554
14 1 0.687813
14 2 0.715353
14 3 0.707711
14 4 0.521754
14 5 0.599273
14 6 0.593625
14 7 0.500547
14 9 0.551305
14 10 0.704796
14 11 0.537471
14 12 0.657605
14 13 0.678516
14 14 0.821417
14 15 0.630445
14 16 0.667103
14 17 0.521754
14 18 0.735610
14 19 0.805673
15 1 0.609064
15 2 0.604548
15 3 0.611468
15 4 0.498369
15 5 0.547560
15 6 0.548648
15 7 0.500164
15 9 0.532000
15 10 0.589134
15 11 0.518755
15 12 0.583587
15 13 0.587067
15 14 0.630445
15 15 0.559687
15 16 0.592094
15 17 0.498369
15 18 0.598090
15 19 0.641498
16 2 0.667129
16 3 0.703419
16 4 0.498371
16 5 0.568034
16 6 0.470353
16 7 0.500244
16 9 0.560444
16 10 0.643326
16 11 0.529962
16 12 0.652718
16 13 0.651227
16 14 0.667103
16 15 0.592094
16 16 0.672892
16 17 0.498371
16 18 0.660905
16 19 0.723019
17 2 0.470280
17 3 0.495529
17 5 0.486240
17 6 0.476080
17 7 0.500649
17 9 0.477616
17 10 0.574175
17 11 0.520270
17 12 0.482562
17 13 0.498550
17 14 0.521754
17 15 0.498369
17 16 0.498371
17 17 0.604667
17 18 0.600673
18 1 0.683240
18 2 0.646387
18 3 0.693796
18 4 0.600673
18 5 0.543504
18 6 0.371425
18 7 0.501047
18 8 0.762376
18 9 0.522031
18 10 0.749465
18 11 0.523246
18 12 0.629384
18 13 0.648815
18 14 0.735610
18 15 0.598090
18 16 0.660905
18 17 0.600673
18 18 0.808617
19 3 0.761590
19 4 0.597992
19 5 0.568136
19 6 0.366811
19 7 0.501192
19 9 0.550394
19 11 0.534924
19 12 0.688514
19 13 0.709554
19 14 0.805673
19 15 0.641498
19 16 0.723019
19 19 0.895222
