1 2 0.997299
1 3 0.996706
1 5 0.988197
1 8 0.996563
1 12 0.983380
1 16 0.985090
1 17 0.973932
1 19 0.999167
2 1 0.997299
2 8 0.990938
2 19 0.997264
3 1 0.996706
3 8 0.985419
4 17 0.718776
5 1 0.988197
5 8 0.969357
8 1 0.996563
8 2 0.990938
8 3 0.985419
8 5 0.969357
8 12 0.961330
8 13 0.985723
8 14 0.992421
8 15 0.867198
8 16 0.960308
8 17 0.949986
8 19 0.996705
10 19 0.983633
12 1 0.983380
12 8 0.961330
13 8 0.985723
14 8 0.992421
15 8 0.867198
16 1 0.985090
16 8 0.960308
17 1 0.973932
17 4 0.718776
17 8 0.949986
17 19 0.976811
18 19 0.991160
19 1 0.999167
19 2 0.997264
19 8 0.996705
19 10 0.983633
19 17 0.976811
19 18 0.991160
1 1 0.999398
1 4 0.836991
1 6 0.999515
1 7 0.502464
1 9 0.717452
1 10 0.980561
1 11 0.805821
1 13 0.994417
1 14 0.998229
1 15 0.906389
1 18 0.989764
2 2 0.993028
2 3 0.988631
2 4 0.793548
2 5 0.973821
2 6 0.997094
2 7 0.502226
2 9 0.667042
2 10 0.963310
2 11 0.757405
2 12 0.967018
2 13 0.988803
2 14 0.993607
2 15 0.872532
2 16 0.967190
2 17 0.953947
2 18 0.976931
3 2 0.988631
3 3 0.989740
3 4 0.772371
3 5 0.968372
3 6 0.997627
3 7 0.501840
3 9 0.679613
3 10 0.949310
3 11 0.757616
3 12 0.956783
3 13 0.976156
3 14 0.993265
3 15 0.844034
3 16 0.962227
3 17 0.937580
3 18 0.966699
3 19 0.994902
4 1 0.836991
4 2 0.793548
4 3 0.772371
4 4 0.624129
4 5 0.728344
4 6 0.858254
4 7 0.500652
4 8 0.794695
4 9 0.553438
4 10 0.732416
4 11 0.585868
4 12 0.710031
4 13 0.751403
4 14 0.766739
4 15 0.637782
4 16 0.711192
4 18 0.752715
4 19 0.854683
5 2 0.973821
5 3 0.968372
5 4 0.728344
5 5 0.942483
5 6 0.990762
5 7 0.501556
5 9 0.628507
5 10 0.913108
5 11 0.708087
5 12 0.925845
5 13 0.960995
5 14 0.983176
5 15 0.809324
5 16 0.925208
5 17 0.901746
5 18 0.934790
5 19 0.985978
6 1 0.999515
6 2 0.997094
6 3 0.997627
6 4 0.858254
6 5 0.990762
6 6 0.999967
6 7 0.502592
6 8 0.996879
6 9 0.716494
6 10 0.982086
6 11 0.825042
6 12 0.983982
6 13 0.991771
6 14 0.999199
6 15 0.915330
6 16 0.985567
6 17 0.976609
6 18 0.990168
6 19 0.999241
7 1 0.502464
7 2 0.502226
7 3 0.501840
7 4 0.500652
7 5 0.501556
7 6 0.502592
7 7 0.500010
7 8 0.502012
7 9 0.500221
7 10 0.501538
7 11 0.500597
7 12 0.501494
7 13 0.501726
7 14 0.501259
7 15 0.500891
7 16 0.501622
7 17 0.501394
7 18 0.501867
7 19 0.502749
8 4 0.794695
8 6 0.996879
8 7 0.502012
8 8 0.989773
8 9 0.661811
8 10 0.959354
8 11 0.747846
8 18 0.974738
9 1 0.717452
9 2 0.667042
9 3 0.679613
9 4 0.553438
9 5 0.628507
9 6 0.716494
9 7 0.500221
9 8 0.661811
9 9 0.539769
9 10 0.618912
9 11 0.549265
9 12 0.615911
9 13 0.631397
9 14 0.675531
9 15 0.563037
9 16 0.623847
9 17 0.607135
9 18 0.635372
9 19 0.703459
10 1 0.980561
10 2 0.963310
10 3 0.949310
10 4 0.732416
10 5 0.913108
10 6 0.982086
10 7 0.501538
10 8 0.959354
10 9 0.618912
10 10 0.908602
10 11 0.683011
10 12 0.898527
10 13 0.940120
10 14 0.950164
10 15 0.782383
10 16 0.901666
10 17 0.890093
10 18 0.931911
11 1 0.805821
11 2 0.757405
11 3 0.757616
11 4 0.585868
11 5 0.708087
11 6 0.825042
11 7 0.500597
11 8 0.747846
11 9 0.549265
11 10 0.683011
11 11 0.591160
11 12 0.685035
11 13 0.722380
11 14 0.794164
11 15 0.615485
11 16 0.691604
11 17 0.673022
11 18 0.702394
11 19 0.797247
12 2 0.967018
12 3 0.956783
12 4 0.710031
12 5 0.925845
12 6 0.983982
12 7 0.501494
12 9 0.615911
12 10 0.898527
12 11 0.685035
12 12 0.912809
12 13 0.957640
12 14 0.975611
12 15 0.790733
12 16 0.911736
12 17 0.886048
12 18 0.925101
12 19 0.981263
13 1 0.994417
13 2 0.988803
13 3 0.976156
13 4 0.751403
13 5 0.960995
13 6 0.991771
13 7 0.501726
13 9 0.631397
13 10 0.940120
13 11 0.722380
13 12 0.957640
13 13 0.995821
13 14 0.995403
13 15 0.854175
13 16 0.951636
13 17 0.934486
13 18 0.959934
13 19 0.993731
14 1 0.998229
14 2 0.993607
14 3 0.993265
14 4 0.766739
14 5 0.983176
14 6 0.999199
14 7 0.501259
14 9 0.675531
14 10 0.950164
14 11 0.794164
14 12 0.975611
14 13 0.995403
14 14 0.999819
14 15 0.896249
14 16 0.970407
14 17 0.951778
14 18 0.963760
14 19 0.995563
15 1 0.906389
15 2 0.872532
15 3 0.844034
15 4 0.637782
15 5 0.809324
15 6 0.915330
15 7 0.500891
15 9 0.563037
15 10 0.782383
15 11 0.615485
15 12 0.790733
15 13 0.854175
15 14 0.896249
15 15 0.692452
15 16 0.783171
15 17 0.772883
15 18 0.808715
15 19 0.909424
16 2 0.967190
16 3 0.962227
16 4 0.711192
16 5 0.925208
16 6 0.985567
16 7 0.501622
16 9 0.623847
16 10 0.901666
16 11 0.691604
16 12 0.911736
16 13 0.951636
16 14 0.970407
16 15 0.783171
16 16 0.918776
16 17 0.885182
16 18 0.930443
16 19 0.982145
17 2 0.953947
17 3 0.937580
17 5 0.901746
17 6 0.976609
17 7 0.501394
17 9 0.607135
17 10 0.890093
17 11 0.673022
17 12 0.886048
17 13 0.934486
17 14 0.951778
17 15 0.772883
17 16 0.885182
17 17 0.875664
17 18 0.913919
18 1 0.989764
18 2 0.976931
18 3 0.966699
18 4 0.752715
18 5 0.934790
18 6 0.990168
18 7 0.501867
18 8 0.974738
18 9 0.635372
18 10 0.931911
18 11 0.702394
18 12 0.925101
18 13 0.959934
18 14 0.963760
18 15 0.808715
18 16 0.930443
18 17 0.913919
18 18 0.957954
19 3 0.994902
19 4 0.854683
19 5 0.985978
19 6 0.999241
19 7 0.502749
19 9 0.703459
19 11 0.797247
19 12 0.981263
19 13 0.993731
19 14 0.995563
19 15 0.909424
19 16 0.982145
19 19 0.999355
