1 2 0.988903
1 3 0.972042
1 5 0.887739
1 8 0.990500
1 12 0.800671
1 16 0.819202
1 17 0.979312
1 19 0.991458
2 1 0.988903
2 8 0.979807
2 19 0.983101
3 1 0.972042
3 8 0.951073
4 17 0.773415
5 1 0.887739
5 8 0.900146
8 1 0.990500
8 2 0.979807
8 3 0.951073
8 5 0.900146
8 12 0.785799
8 13 0.868916
8 14 0.900985
8 15 0.785771
8 16 0.821978
8 17 0.969983
8 19 0.985445
10 19 0.500000
12 1 0.800671
12 8 0.785799
13 8 0.868916
14 8 0.900985
15 8 0.785771
16 1 0.819202
16 8 0.821978
17 1 0.979312
17 4 0.773415
17 8 0.969983
17 19 0.970724
18 19 0.899163
19 1 0.991458
19 2 0.983101
19 8 0.985445
19 10 0.500000
19 17 0.970724
19 18 0.899163
1 1 0.995089
1 4 0.823913
1 6 0.970833
1 7 0.501666
1 9 0.632038
1 10 0.500000
1 11 0.711127
1 13 0.888233
1 14 0.779365
1 15 0.791392
1 18 0.918058
2 2 0.979327
2 3 0.949817
2 4 0.780066
2 5 0.844969
2 6 0.946020
2 7 0.501205
2 9 0.602613
2 10 0.500000
2 11 0.664830
2 12 0.759495
2 13 0.851288
2 14 0.639465
2 15 0.751890
2 16 0.773365
2 17 0.963238
2 18 0.891603
3 2 0.949817
3 3 0.929218
3 4 0.718405
3 5 0.781051
3 6 0.913752
3 7 0.501039
3 9 0.585064
3 10 0.500000
3 11 0.644576
3 12 0.720108
3 13 0.802157
3 14 0.678482
3 15 0.703305
3 16 0.727438
3 17 0.924043
3 18 0.834416
3 19 0.955342
4 1 0.823913
4 2 0.780066
4 3 0.718405
4 4 0.655626
4 5 0.667493
4 6 0.706765
4 7 0.500673
4 8 0.823228
4 9 0.558562
4 10 0.500000
4 11 0.605289
4 12 0.604074
4 13 0.648188
4 14 0.741273
4 15 0.609800
4 16 0.635147
4 18 0.662138
4 19 0.806594
5 2 0.844969
5 3 0.781051
5 4 0.667493
5 5 0.799553
5 6 0.939295
5 7 0.501393
5 9 0.588700
5 10 0.500000
5 11 0.612951
5 12 0.654709
5 13 0.710976
5 14 0.862172
5 15 0.657752
5 16 0.684914
5 17 0.822868
5 18 0.665073
5 19 0.867110
6 1 0.970833
6 2 0.946020
6 3 0.913752
6 4 0.706765
6 5 0.939295
6 6 0.999927
6 7 0.502668
6 8 0.978113
6 9 0.667116
6 10 0.500000
6 11 0.560062
6 12 0.779485
6 13 0.855797
6 14 0.939603
6 15 0.767622
6 16 0.801214
6 17 0.919118
6 18 0.739555
6 19 0.954370
7 1 0.501666
7 2 0.501205
7 3 0.501039
7 4 0.500673
7 5 0.501393
7 6 0.502668
7 7 0.500013
7 8 0.501889
7 9 0.500506
7 10 0.500000
7 11 0.500691
7 12 0.500531
7 13 0.500695
7 14 0.503489
7 15 0.500513
7 16 0.500767
7 17 0.501202
7 18 0.500069
7 19 0.501439
8 4 0.823228
8 6 0.978113
8 7 0.501889
8 8 0.988333
8 9 0.649936
8 10 0.500000
8 11 0.722049
8 18 0.877804
9 1 0.632038
9 2 0.602613
9 3 0.585064
9 4 0.558562
9 5 0.588700
9 6 0.667116
9 7 0.500506
9 8 0.649936
9 9 0.539781
9 10 0.500000
9 11 0.559117
9 12 0.546079
9 13 0.567811
9 14 0.660594
9 15 0.547338
9 16 0.568840
9 17 0.605940
9 18 0.538616
9 19 0.618824
10 1 0.500000
10 2 0.500000
10 3 0.500000
10 4 0.500000
10 5 0.500000
10 6 0.500000
10 7 0.500000
10 8 0.500000
10 9 0.500000
10 10 0.500000
10 11 0.500000
10 12 0.500000
10 13 0.500000
10 14 0.500000
10 15 0.500000
10 16 0.500000
10 17 0.500000
10 18 0.500000
11 1 0.711127
11 2 0.664830
11 3 0.644576
11 4 0.605289
11 5 0.612951
11 6 0.560062
11 7 0.500691
11 8 0.722049
11 9 0.559117
11 10 0.500000
11 11 0.653371
11 12 0.568456
11 13 0.599643
11 14 0.774296
11 15 0.574832
11 16 0.603966
11 17 0.676903
11 18 0.567542
11 19 0.691525
12 2 0.759495
12 3 0.720108
12 4 0.604074
12 5 0.654709
12 6 0.779485
12 7 0.500531
12 9 0.546079
12 10 0.500000
12 11 0.568456
12 12 0.600783
12 13 0.644418
12 14 0.657428
12 15 0.597590
12 16 0.609991
12 17 0.734134
12 18 0.642340
12 19 0.773942
13 1 0.888233
13 2 0.851288
13 3 0.802157
13 4 0.648188
13 5 0.710976
13 6 0.855797
13 7 0.500695
13 9 0.567811
13 10 0.500000
13 11 0.599643
13 12 0.644418
13 13 0.735648
13 14 0.623818
13 15 0.636696
13 16 0.640109
13 17 0.821702
13 18 0.717203
13 19 0.864496
14 1 0.779365
14 2 0.639465
14 3 0.678482
14 4 0.741273
14 5 0.862172
14 6 0.939603
14 7 0.503489
14 9 0.660594
14 10 0.500000
14 11 0.774296
14 12 0.657428
14 13 0.623818
14 14 0.999941
14 15 0.680913
14 16 0.698634
14 17 0.744729
14 18 0.341379
14 19 0.738064
15 1 0.791392
15 2 0.751890
15 3 0.703305
15 4 0.609800
15 5 0.657752
15 6 0.767622
15 7 0.500513
15 9 0.547338
15 10 0.500000
15 11 0.574832
15 12 0.597590
15 13 0.636696
15 14 0.680913
15 15 0.598973
15 16 0.613032
15 17 0.731841
15 18 0.637255
15 19 0.769399
16 2 0.773365
16 3 0.727438
16 4 0.635147
16 5 0.684914
16 6 0.801214
16 7 0.500767
16 9 0.568840
16 10 0.500000
16 11 0.603966
16 12 0.609991
16 13 0.640109
16 14 0.698634
16 15 0.613032
16 16 0.662599
16 17 0.760573
16 18 0.646884
16 19 0.795116
17 2 0.963238
17 3 0.924043
17 5 0.822868
17 6 0.919118
17 7 0.501202
17 9 0.605940
17 10 0.500000
17 11 0.676903
17 12 0.734134
17 13 0.821702
17 14 0.744729
17 15 0.731841
17 16 0.760573
17 17 0.946715
17 18 0.855074
18 1 0.918058
18 2 0.891603
18 3 0.834416
18 4 0.662138
18 5 0.665073
18 6 0.739555
18 7 0.500069
18 8 0.877804
18 9 0.538616
18 10 0.500000
18 11 0.567542
18 12 0.642340
18 13 0.717203
18 14 0.341379
18 15 0.637255
18 16 0.646884
18 17 0.855074
18 18 0.804954
19 3 0.955342
19 4 0.806594
19 5 0.867110
19 6 0.954370
19 7 0.501439
19 9 0.618824
19 11 0.691525
19 12 0.773942
19 13 0.864496
19 14 0.738064
19 15 0.769399
19 16 0.795116
19 19 0.986931
