1 2 0.998818
1 3 0.979658
1 5 0.966159
1 8 0.993522
1 12 0.952539
1 16 0.876421
1 17 0.979078
1 19 0.999552
2 1 0.998818
2 8 0.998390
2 19 0.999967
3 1 0.979658
3 8 0.974281
4 17 0.773810
5 1 0.966159
5 8 0.958186
8 1 0.993522
8 2 0.998390
8 3 0.974281
8 5 0.958186
8 12 0.940285
8 13 0.923174
8 14 0.963902
8 15 0.816267
8 16 0.875645
8 17 0.974764
8 19 0.999319
10 19 0.500000
12 1 0.952539
12 8 0.940285
13 8 0.923174
14 8 0.963902
15 8 0.816267
16 1 0.876421
16 8 0.875645
17 1 0.979078
17 4 0.773810
17 8 0.974764
17 19 0.996767
18 19 0.999383
19 1 0.999552
19 2 0.999967
19 8 0.999319
19 10 0.500000
19 17 0.996767
19 18 0.999383
1 1 0.995437
1 4 0.839681
1 6 0.997845
1 7 0.505047
1 9 0.604823
1 10 0.500000
1 11 0.895078
1 13 0.924503
1 14 0.967772
1 15 0.817062
1 18 0.991617
2 2 0.999907
2 3 0.991853
2 4 0.896209
2 5 0.982559
2 6 0.999720
2 7 0.506569
2 9 0.631631
2 10 0.500000
2 11 0.945906
2 12 0.974654
2 13 0.960181
2 14 0.989911
2 15 0.871055
2 16 0.929701
2 17 0.993889
2 18 0.998419
3 2 0.991853
3 3 0.947750
3 4 0.759633
3 5 0.921194
3 6 0.978046
3 7 0.503670
3 9 0.567267
3 10 0.500000
3 11 0.831231
3 12 0.892140
3 13 0.862891
3 14 0.917806
3 15 0.751682
3 16 0.811820
3 17 0.938841
3 18 0.963229
3 19 0.995688
4 1 0.839681
4 2 0.896209
4 3 0.759633
4 4 0.638919
4 5 0.730716
4 6 0.922200
4 7 0.501467
4 8 0.831104
4 9 0.533008
4 10 0.500000
4 11 0.665801
4 12 0.714012
4 13 0.679055
4 14 0.743545
4 15 0.617251
4 16 0.639095
4 18 0.823170
4 19 0.921192
5 2 0.982559
5 3 0.921194
5 4 0.730716
5 5 0.896582
5 6 0.970446
5 7 0.503065
5 9 0.557237
5 10 0.500000
5 11 0.789195
5 12 0.866794
5 13 0.835692
5 14 0.884164
5 15 0.721270
5 16 0.777124
5 17 0.911705
5 18 0.942704
5 19 0.990380
6 1 0.997845
6 2 0.999720
6 3 0.978046
6 4 0.922200
6 5 0.970446
6 6 1.000000
6 7 0.505193
6 8 0.997560
6 9 0.634629
6 10 0.500000
6 11 0.942737
6 12 0.971390
6 13 0.889216
6 14 0.977366
6 15 0.844113
6 16 0.849350
6 17 0.990494
6 18 0.998608
6 19 0.999944
7 1 0.505047
7 2 0.506569
7 3 0.503670
7 4 0.501467
7 5 0.503065
7 6 0.505193
7 7 0.500026
7 8 0.504902
7 9 0.500361
7 10 0.500000
7 11 0.502023
7 12 0.502780
7 13 0.502498
7 14 0.503515
7 15 0.501461
7 16 0.502163
7 17 0.503654
7 18 0.504647
7 19 0.507398
8 4 0.831104
8 6 0.997560
8 7 0.504902
8 8 0.992635
8 9 0.593098
8 10 0.500000
8 11 0.885577
8 18 0.988691
9 1 0.604823
9 2 0.631631
9 3 0.567267
9 4 0.533008
9 5 0.557237
9 6 0.634629
9 7 0.500361
9 8 0.593098
9 9 0.522234
9 10 0.500000
9 11 0.529906
9 12 0.561906
9 13 0.537335
9 14 0.575420
9 15 0.521917
9 16 0.529333
9 17 0.576147
9 18 0.614171
9 19 0.656771
10 1 0.500000
10 2 0.500000
10 3 0.500000
10 4 0.500000
10 5 0.500000
10 6 0.500000
10 7 0.500000
10 8 0.500000
10 9 0.500000
10 10 0.500000
10 11 0.500000
10 12 0.500000
10 13 0.500000
10 14 0.500000
10 15 0.500000
10 16 0.500000
10 17 0.500000
10 18 0.500000
11 1 0.895078
11 2 0.945906
11 3 0.831231
11 4 0.665801
11 5 0.789195
11 6 0.942737
11 7 0.502023
11 8 0.885577
11 9 0.529906
11 10 0.500000
11 11 0.772658
11 12 0.761150
11 13 0.703528
11 14 0.785518
11 15 0.650363
11 16 0.688160
11 17 0.822360
11 18 0.866645
11 19 0.960338
12 2 0.974654
12 3 0.892140
12 4 0.714012
12 5 0.866794
12 6 0.971390
12 7 0.502780
12 9 0.561906
12 10 0.500000
12 11 0.761150
12 12 0.847949
12 13 0.796992
12 14 0.864579
12 15 0.690662
12 16 0.741177
12 17 0.891631
12 18 0.934691
12 19 0.985784
13 1 0.924503
13 2 0.960181
13 3 0.862891
13 4 0.679055
13 5 0.835692
13 6 0.889216
13 7 0.502498
13 9 0.537335
13 10 0.500000
13 11 0.703528
13 12 0.796992
13 13 0.826791
13 14 0.838574
13 15 0.686817
13 16 0.754050
13 17 0.863013
13 18 0.889244
13 19 0.971248
14 1 0.967772
14 2 0.989911
14 3 0.917806
14 4 0.743545
14 5 0.884164
14 6 0.977366
14 7 0.503515
14 9 0.575420
14 10 0.500000
14 11 0.785518
14 12 0.864579
14 13 0.838574
14 14 0.925114
14 15 0.726755
14 16 0.787112
14 17 0.929006
14 18 0.964617
14 19 0.994317
15 1 0.817062
15 2 0.871055
15 3 0.751682
15 4 0.617251
15 5 0.721270
15 6 0.844113
15 7 0.501461
15 9 0.521917
15 10 0.500000
15 11 0.650363
15 12 0.690662
15 13 0.686817
15 14 0.726755
15 15 0.615936
15 16 0.647395
15 17 0.748757
15 18 0.780977
15 19 0.894797
16 2 0.929701
16 3 0.811820
16 4 0.639095
16 5 0.777124
16 6 0.849350
16 7 0.502163
16 9 0.529333
16 10 0.500000
16 11 0.688160
16 12 0.741177
16 13 0.754050
16 14 0.787112
16 15 0.647395
16 16 0.712781
16 17 0.807398
16 18 0.842258
16 19 0.944242
17 2 0.993889
17 3 0.938841
17 5 0.911705
17 6 0.990494
17 7 0.503654
17 9 0.576147
17 10 0.500000
17 11 0.822360
17 12 0.891631
17 13 0.863013
17 14 0.929006
17 15 0.748757
17 16 0.807398
17 17 0.946017
17 18 0.972998
18 1 0.991617
18 2 0.998419
18 3 0.963229
18 4 0.823170
18 5 0.942704
18 6 0.998608
18 7 0.504647
18 8 0.988691
18 9 0.614171
18 10 0.500000
18 11 0.866645
18 12 0.934691
18 13 0.889244
18 14 0.964617
18 15 0.780977
18 16 0.842258
18 17 0.972998
18 18 0.992216
19 3 0.995688
19 4 0.921192
19 5 0.990380
19 6 0.999944
19 7 0.507398
19 9 0.656771
19 11 0.960338
19 12 0.985784
19 13 0.971248
19 14 0.994317
19 15 0.894797
19 16 0.944242
19 19 0.999992
