1 2 0.920204
1 3 0.985373
1 5 0.967097
1 8 0.997475
1 12 0.944757
1 16 0.968426
1 17 0.994982
1 19 0.998644
2 1 0.920204
2 8 0.917975
2 19 0.927070
3 1 0.985373
3 8 0.982681
4 17 0.500000
5 1 0.967097
5 8 0.962909
8 1 0.997475
8 2 0.917975
8 3 0.982681
8 5 0.962909
8 12 0.936869
8 13 0.953376
8 14 0.947414
8 15 0.850522
8 16 0.960871
8 17 0.993350
8 19 0.997929
10 19 0.997558
12 1 0.944757
12 8 0.936869
13 8 0.953376
14 8 0.947414
15 8 0.850522
16 1 0.968426
16 8 0.960871
17 1 0.994982
17 4 0.500000
17 8 0.993350
17 19 0.996582
18 19 0.902075
19 1 0.998644
19 2 0.927070
19 8 0.997929
19 10 0.997558
19 17 0.996582
19 18 0.902075
1 1 0.998199
1 4 0.500000
1 6 0.998944
1 7 0.504689
1 9 0.610350
1 10 0.995015
1 11 0.755800
1 13 0.955211
1 14 0.949202
1 15 0.854377
1 18 0.933464
2 2 0.804537
2 3 0.850651
2 4 0.500000
2 5 0.807473
2 6 0.952587
2 7 0.502351
2 9 0.552568
2 10 0.882468
2 11 0.581197
2 12 0.748924
2 13 0.790340
2 14 0.726015
2 15 0.676589
2 16 0.799773
2 17 0.892125
2 18 0.622349
3 2 0.850651
3 3 0.954219
3 4 0.500000
3 5 0.916410
3 6 0.988733
3 7 0.503130
3 9 0.549416
3 10 0.964309
3 11 0.648578
3 12 0.871054
3 13 0.896877
3 14 0.871535
3 15 0.773678
3 16 0.908201
3 17 0.970861
3 18 0.831020
3 19 0.985449
4 1 0.500000
4 2 0.500000
4 3 0.500000
4 4 0.500000
4 5 0.500000
4 6 0.500000
4 7 0.500000
4 8 0.500000
4 9 0.500000
4 10 0.500000
4 11 0.500000
4 12 0.500000
4 13 0.500000
4 14 0.500000
4 15 0.500000
4 16 0.500000
4 18 0.500000
4 19 0.500000
5 2 0.807473
5 3 0.916410
5 4 0.500000
5 5 0.883549
5 6 0.975534
5 7 0.502628
5 9 0.550374
5 10 0.933378
5 11 0.651353
5 12 0.820796
5 13 0.855667
5 14 0.822314
5 15 0.731753
5 16 0.861459
5 17 0.944962
5 18 0.815115
5 19 0.967443
6 1 0.998944
6 2 0.952587
6 3 0.988733
6 4 0.500000
6 5 0.975534
6 6 1.000000
6 7 0.509833
6 8 0.998748
6 9 0.674132
6 10 0.996134
6 11 0.887785
6 12 0.958327
6 13 0.969346
6 14 0.960630
6 15 0.899096
6 16 0.965587
6 17 0.997116
6 18 0.989417
6 19 0.999113
7 1 0.504689
7 2 0.502351
7 3 0.503130
7 4 0.500000
7 5 0.502628
7 6 0.509833
7 7 0.500026
7 8 0.504589
7 9 0.500534
7 10 0.504263
7 11 0.500811
7 12 0.502061
7 13 0.502327
7 14 0.502048
7 15 0.501422
7 16 0.502373
7 17 0.504255
7 18 0.501369
7 19 0.505279
8 4 0.500000
8 6 0.998748
8 7 0.504589
8 8 0.997066
8 9 0.608522
8 10 0.992742
8 11 0.754770
8 18 0.910180
9 1 0.610350
9 2 0.552568
9 3 0.549416
9 4 0.500000
9 5 0.550374
9 6 0.674132
9 7 0.500534
9 8 0.608522
9 9 0.537095
9 10 0.626048
9 11 0.545996
9 12 0.550150
9 13 0.548423
9 14 0.549821
9 15 0.528436
9 16 0.558312
9 17 0.601133
9 18 0.560912
9 19 0.643325
10 1 0.995015
10 2 0.882468
10 3 0.964309
10 4 0.500000
10 5 0.933378
10 6 0.996134
10 7 0.504263
10 8 0.992742
10 9 0.626048
10 10 0.993184
10 11 0.691986
10 12 0.912059
10 13 0.914295
10 14 0.915843
10 15 0.799448
10 16 0.947318
10 17 0.989848
10 18 0.844348
11 1 0.755800
11 2 0.581197
11 3 0.648578
11 4 0.500000
11 5 0.651353
11 6 0.887785
11 7 0.500811
11 8 0.754770
11 9 0.545996
11 10 0.691986
11 11 0.668353
11 12 0.629885
11 13 0.644827
11 14 0.657805
11 15 0.587540
11 16 0.627236
11 17 0.703962
11 18 0.819332
11 19 0.737677
12 2 0.748924
12 3 0.871054
12 4 0.500000
12 5 0.820796
12 6 0.958327
12 7 0.502061
12 9 0.550150
12 10 0.912059
12 11 0.629885
12 12 0.784614
12 13 0.800624
12 14 0.788890
12 15 0.690795
12 16 0.823457
12 17 0.913140
12 18 0.777484
12 19 0.949102
13 1 0.955211
13 2 0.790340
13 3 0.896877
13 4 0.500000
13 5 0.855667
13 6 0.969346
13 7 0.502327
13 9 0.548423
13 10 0.914295
13 11 0.644827
13 12 0.800624
13 13 0.839074
13 14 0.810914
13 15 0.715443
13 16 0.839236
13 17 0.927262
13 18 0.788752
13 19 0.954219
14 1 0.949202
14 2 0.726015
14 3 0.871535
14 4 0.500000
14 5 0.822314
14 6 0.960630
14 7 0.502048
14 9 0.549821
14 10 0.915843
14 11 0.657805
14 12 0.788890
14 13 0.810914
14 14 0.834608
14 15 0.702690
14 16 0.817636
14 17 0.918458
14 18 0.799504
14 19 0.952474
15 1 0.854377
15 2 0.676589
15 3 0.773678
15 4 0.500000
15 5 0.731753
15 6 0.899096
15 7 0.501422
15 9 0.528436
15 10 0.799448
15 11 0.587540
15 12 0.690795
15 13 0.715443
15 14 0.702690
15 15 0.631032
15 16 0.718704
15 17 0.813222
15 18 0.679318
15 19 0.854050
16 2 0.799773
16 3 0.908201
16 4 0.500000
16 5 0.861459
16 6 0.965587
16 7 0.502373
16 9 0.558312
16 10 0.947318
16 11 0.627236
16 12 0.823457
16 13 0.839236
16 14 0.817636
16 15 0.718704
16 16 0.873964
16 17 0.945567
16 18 0.772154
16 19 0.973139
17 2 0.892125
17 3 0.970861
17 5 0.944962
17 6 0.997116
17 7 0.504255
17 9 0.601133
17 10 0.989848
17 11 0.703962
17 12 0.913140
17 13 0.927262
17 14 0.918458
17 15 0.813222
17 16 0.945567
17 17 0.989184
17 18 0.877195
18 1 0.933464
18 2 0.622349
18 3 0.831020
18 4 0.500000
18 5 0.815115
18 6 0.989417
18 7 0.501369
18 8 0.910180
18 9 0.560912
18 10 0.844348
18 11 0.819332
18 12 0.777484
18 13 0.788752
18 14 0.799504
18 15 0.679318
18 16 0.772154
18 17 0.877195
18 18 0.991146
19 3 0.985449
19 4 0.500000
19 5 0.967443
19 6 0.999113
19 7 0.505279
19 9 0.643325
19 11 0.737677
19 12 0.949102
19 13 0.954219
19 14 0.952474
19 15 0.854050
19 16 0.973139
19 19 0.999346
