1 2 0.919892
1 3 0.665015
1 5 0.858285
1 8 0.925880
1 12 0.835570
1 16 0.850125
1 17 0.838040
1 19 0.919892
2 1 0.919892
2 8 0.912542
2 19 0.916019
3 1 0.665015
3 8 0.652720
4 17 0.628455
5 1 0.858285
5 8 0.847733
8 1 0.925880
8 2 0.912542
8 3 0.652720
8 5 0.847733
8 12 0.825974
8 13 0.681572
8 14 0.917419
8 15 0.701159
8 16 0.840930
8 17 0.829296
8 19 0.912542
10 19 0.500000
12 1 0.835570
12 8 0.825974
13 8 0.681572
14 8 0.917419
15 8 0.701159
16 1 0.850125
16 8 0.840930
17 1 0.838040
17 4 0.628455
17 8 0.829296
17 19 0.819590
18 19 0.531462
19 1 0.919892
19 2 0.916019
19 8 0.912542
19 10 0.500000
19 17 0.819590
19 18 0.531462
1 1 0.932354
1 4 0.667917
1 6 0.987327
1 7 0.503112
1 9 0.537694
1 10 0.500000
1 11 0.606684
1 13 0.676875
1 14 0.921728
1 15 0.705719
1 18 0.558404
2 2 0.916019
2 3 0.609629
2 4 0.644635
2 5 0.840727
2 6 0.974283
2 7 0.503035
2 9 0.534177
2 10 0.500000
2 11 0.582041
2 12 0.818395
2 13 0.714604
2 14 0.910702
2 15 0.694221
2 16 0.832481
2 17 0.819590
2 18 0.531462
3 2 0.609629
3 3 1.000000
3 4 0.338300
3 5 0.820354
3 6 0.799923
3 7 0.501422
3 9 0.586019
3 10 0.500000
3 11 0.811517
3 12 0.615381
3 13 0.838400
3 14 0.891471
3 15 0.549191
3 16 0.529339
3 17 0.467947
3 18 0.950087
3 19 0.609629
4 1 0.667917
4 2 0.644635
4 3 0.338300
4 4 0.584986
4 5 0.595709
4 6 0.848135
4 7 0.500904
4 8 0.664366
4 9 0.517152
4 10 0.500000
4 11 0.530788
4 12 0.603499
4 13 0.474846
4 14 0.705526
4 15 0.559506
4 16 0.619963
4 18 0.470786
4 19 0.644635
5 2 0.840727
5 3 0.820354
5 4 0.595709
5 5 0.803623
5 6 0.957447
5 7 0.502423
5 9 0.531122
5 10 0.500000
5 11 0.583054
5 12 0.760467
5 13 0.669740
5 14 0.862674
5 15 0.644141
5 16 0.765007
5 17 0.751329
5 18 0.640499
5 19 0.840727
6 1 0.987327
6 2 0.974283
6 3 0.799923
6 4 0.848135
6 5 0.957447
6 6 1.000000
6 7 0.506453
6 8 0.987375
6 9 0.754121
6 10 0.500000
6 11 0.724633
6 12 0.935714
6 13 0.940461
6 14 0.998993
6 15 0.853395
6 16 0.943250
6 17 0.955078
6 18 0.964806
6 19 0.974283
7 1 0.503112
7 2 0.503035
7 3 0.501422
7 4 0.500904
7 5 0.502423
7 6 0.506453
7 7 0.500026
7 8 0.502981
7 9 0.500458
7 10 0.500000
7 11 0.500456
7 12 0.502033
7 13 0.502152
7 14 0.504991
7 15 0.501109
7 16 0.502075
7 17 0.502159
7 18 0.501482
7 19 0.503035
8 4 0.664366
8 6 0.987375
8 7 0.502981
8 8 0.919698
8 9 0.540325
8 10 0.500000
8 11 0.602938
8 18 0.572346
9 1 0.537694
9 2 0.534177
9 3 0.586019
9 4 0.517152
9 5 0.531122
9 6 0.754121
9 7 0.500458
9 8 0.540325
9 9 0.530041
9 10 0.500000
9 11 0.509716
9 12 0.523837
9 13 0.561064
9 14 0.618070
9 15 0.521812
9 16 0.521852
9 17 0.529571
9 18 0.560620
9 19 0.534177
10 1 0.500000
10 2 0.500000
10 3 0.500000
10 4 0.500000
10 5 0.500000
10 6 0.500000
10 7 0.500000
10 8 0.500000
10 9 0.500000
10 10 0.500000
10 11 0.500000
10 12 0.500000
10 13 0.500000
10 14 0.500000
10 15 0.500000
10 16 0.500000
10 17 0.500000
10 18 0.500000
11 1 0.606684
11 2 0.582041
11 3 0.811517
11 4 0.530788
11 5 0.583054
11 6 0.724633
11 7 0.500456
11 8 0.602938
11 9 0.509716
11 10 0.500000
11 11 0.575029
11 12 0.565758
11 13 0.505119
11 14 0.651300
11 15 0.533317
11 16 0.568488
11 17 0.564313
11 18 0.548210
11 19 0.582041
12 2 0.818395
12 3 0.615381
12 4 0.603499
12 5 0.760467
12 6 0.935714
12 7 0.502033
12 9 0.523837
12 10 0.500000
12 11 0.565758
12 12 0.736998
12 13 0.608101
12 14 0.822962
12 15 0.631182
12 16 0.747204
12 17 0.736066
12 18 0.545874
12 19 0.818395
13 1 0.676875
13 2 0.714604
13 3 0.838400
13 4 0.474846
13 5 0.669740
13 6 0.940461
13 7 0.502152
13 9 0.561064
13 10 0.500000
13 11 0.505119
13 12 0.608101
13 13 0.985280
13 14 0.829384
13 15 0.595952
13 16 0.592557
13 17 0.576694
13 18 0.857867
13 19 0.714604
14 1 0.921728
14 2 0.910702
14 3 0.891471
14 4 0.705526
14 5 0.862674
14 6 0.998993
14 7 0.504991
14 9 0.618070
14 10 0.500000
14 11 0.651300
14 12 0.822962
14 13 0.829384
14 14 0.992516
14 15 0.715769
14 16 0.827182
14 17 0.850912
14 18 0.845425
14 19 0.910702
15 1 0.705719
15 2 0.694221
15 3 0.549191
15 4 0.559506
15 5 0.644141
15 6 0.853395
15 7 0.501109
15 9 0.521812
15 10 0.500000
15 11 0.533317
15 12 0.631182
15 13 0.595952
15 14 0.715769
15 15 0.577568
15 16 0.639127
15 17 0.633985
15 18 0.558608
15 19 0.694221
16 2 0.832481
16 3 0.529339
16 4 0.619963
16 5 0.765007
16 6 0.943250
16 7 0.502075
16 9 0.521852
16 10 0.500000
16 11 0.568488
16 12 0.747204
16 13 0.592557
16 14 0.827182
16 15 0.639127
16 16 0.764131
16 17 0.752685
16 18 0.499006
16 19 0.832481
17 2 0.819590
17 3 0.467947
17 5 0.751329
17 6 0.955078
17 7 0.502159
17 9 0.529571
17 10 0.500000
17 11 0.564313
17 12 0.736066
17 13 0.576694
17 14 0.850912
17 15 0.633985
17 16 0.752685
17 17 0.749977
17 18 0.511877
18 1 0.558404
18 2 0.531462
18 3 0.950087
18 4 0.470786
18 5 0.640499
18 6 0.964806
18 7 0.501482
18 8 0.572346
18 9 0.560620
18 10 0.500000
18 11 0.548210
18 12 0.545874
18 13 0.857867
18 14 0.845425
18 15 0.558608
18 16 0.499006
18 17 0.511877
18 18 0.988179
19 3 0.609629
19 4 0.644635
19 5 0.840727
19 6 0.974283
19 7 0.503035
19 9 0.534177
19 11 0.582041
19 12 0.818395
19 13 0.714604
19 14 0.910702
19 15 0.694221
19 16 0.832481
19 19 0.916019
