1 2 0.824737
1 3 0.804017
1 5 0.860750
1 8 0.902256
1 12 0.800394
1 16 0.703811
1 17 0.824041
1 19 0.982303
2 1 0.824737
2 8 0.824552
2 19 0.943509
3 1 0.804017
3 8 0.812946
4 17 0.687444
5 1 0.860750
5 8 0.835932
8 1 0.902256
8 2 0.824552
8 3 0.812946
8 5 0.835932
8 12 0.800532
8 13 0.711228
8 14 0.959579
8 15 0.710217
8 16 0.716961
8 17 0.828898
8 19 0.984496
10 19 0.999241
12 1 0.800394
12 8 0.800532
13 8 0.711228
14 8 0.959579
15 8 0.710217
16 1 0.703811
16 8 0.716961
17 1 0.824041
17 4 0.687444
17 8 0.828898
17 19 0.953306
18 19 0.999752
19 1 0.982303
19 2 0.943509
19 8 0.984496
19 10 0.999241
19 17 0.953306
19 18 0.999752
1 1 0.911455
1 4 0.710223
1 6 0.976193
1 7 0.501268
1 9 0.550961
1 10 0.945816
1 11 0.685371
1 13 0.683798
1 14 0.966939
1 15 0.701309
1 18 0.965852
2 2 0.771787
2 3 0.734604
2 4 0.637898
2 5 0.747517
2 6 0.928013
2 7 0.500528
2 9 0.528755
2 10 0.874764
2 11 0.597386
2 12 0.728961
2 13 0.651166
2 14 0.885762
2 15 0.650160
2 16 0.614152
2 17 0.748341
2 18 0.909923
3 2 0.734604
3 3 0.739705
3 4 0.637192
3 5 0.727252
3 6 0.909075
3 7 0.500746
3 9 0.535983
3 10 0.854061
3 11 0.599683
3 12 0.714580
3 13 0.669914
3 14 0.875656
3 15 0.646389
3 16 0.707658
3 17 0.739150
3 18 0.885625
3 19 0.927675
4 1 0.710223
4 2 0.637898
4 3 0.637192
4 4 0.647653
4 5 0.649257
4 6 0.833864
4 7 0.500075
4 8 0.711792
4 9 0.518184
4 10 0.776497
4 11 0.570667
4 12 0.632649
4 13 0.569401
4 14 0.796091
4 15 0.591932
4 16 0.655244
4 18 0.799748
4 19 0.846047
5 2 0.747517
5 3 0.727252
5 4 0.649257
5 5 0.837363
5 6 0.934135
5 7 0.501277
5 9 0.544501
5 10 0.909720
5 11 0.683069
5 12 0.739218
5 13 0.624117
5 14 0.950770
5 15 0.646293
5 16 0.636252
5 17 0.748731
5 18 0.936246
5 19 0.960133
6 1 0.976193
6 2 0.928013
6 3 0.909075
6 4 0.833864
6 5 0.934135
6 6 0.999956
6 7 0.500606
6 8 0.976964
6 9 0.546782
6 10 0.993969
6 11 0.760959
6 12 0.905157
6 13 0.738943
6 14 0.946307
6 15 0.828933
6 16 0.246938
6 17 0.932371
6 18 0.997502
6 19 0.999159
7 1 0.501268
7 2 0.500528
7 3 0.500746
7 4 0.500075
7 5 0.501277
7 6 0.500606
7 7 0.500014
7 8 0.501204
7 9 0.500178
7 10 0.501830
7 11 0.500918
7 12 0.500677
7 13 0.500557
7 14 0.502989
7 15 0.500374
7 16 0.501171
7 17 0.500430
7 18 0.502193
7 19 0.502501
8 4 0.711792
8 6 0.976964
8 7 0.501204
8 8 0.904080
8 9 0.548443
8 10 0.949086
8 11 0.676443
8 18 0.968605
9 1 0.550961
9 2 0.528755
9 3 0.535983
9 4 0.518184
9 5 0.544501
9 6 0.546782
9 7 0.500178
9 8 0.548443
9 9 0.512366
9 10 0.555022
9 11 0.524037
9 12 0.533537
9 13 0.529419
9 14 0.598012
9 15 0.517184
9 16 0.541304
9 17 0.534616
9 18 0.560889
9 19 0.578484
10 1 0.945816
10 2 0.874764
10 3 0.854061
10 4 0.776497
10 5 0.909720
10 6 0.993969
10 7 0.501830
10 8 0.949086
10 9 0.555022
10 10 0.994470
10 11 0.810513
10 12 0.865121
10 13 0.762558
10 14 0.993410
10 15 0.775138
10 16 0.756603
10 17 0.894624
10 18 0.997446
11 1 0.685371
11 2 0.597386
11 3 0.599683
11 4 0.570667
11 5 0.683069
11 6 0.760959
11 7 0.500918
11 8 0.676443
11 9 0.524037
11 10 0.810513
11 11 0.659552
11 12 0.617091
11 13 0.567915
11 14 0.844396
11 15 0.571128
11 16 0.611718
11 17 0.619554
11 18 0.841423
11 19 0.877002
12 2 0.728961
12 3 0.714580
12 4 0.632649
12 5 0.739218
12 6 0.905157
12 7 0.500677
12 9 0.533537
12 10 0.865121
12 11 0.617091
12 12 0.708625
12 13 0.643690
12 14 0.887355
12 15 0.635912
12 16 0.642441
12 17 0.729146
12 18 0.897518
12 19 0.933831
13 1 0.683798
13 2 0.651166
13 3 0.669914
13 4 0.569401
13 5 0.624117
13 6 0.738943
13 7 0.500557
13 9 0.529419
13 10 0.762558
13 11 0.567915
13 12 0.643690
13 13 0.654538
13 14 0.790786
13 15 0.597616
13 16 0.685454
13 17 0.655673
13 18 0.794317
13 19 0.850664
14 1 0.966939
14 2 0.885762
14 3 0.875656
14 4 0.796091
14 5 0.950770
14 6 0.946307
14 7 0.502989
14 9 0.598012
14 10 0.993410
14 11 0.844396
14 12 0.887355
14 13 0.790786
14 14 0.999648
14 15 0.766829
14 16 0.962412
14 17 0.909167
14 18 0.996786
14 19 0.999053
15 1 0.701309
15 2 0.650160
15 3 0.646389
15 4 0.591932
15 5 0.646293
15 6 0.828933
15 7 0.500374
15 9 0.517184
15 10 0.775138
15 11 0.571128
15 12 0.635912
15 13 0.597616
15 14 0.766829
15 15 0.594162
15 16 0.598975
15 17 0.657785
15 18 0.806932
15 19 0.852739
16 2 0.614152
16 3 0.707658
16 4 0.655244
16 5 0.636252
16 6 0.246938
16 7 0.501171
16 9 0.541304
16 10 0.756603
16 11 0.611718
16 12 0.642441
16 13 0.685454
16 14 0.962412
16 15 0.598975
16 16 0.989704
16 17 0.711724
16 18 0.728862
16 19 0.832135
17 2 0.748341
17 3 0.739150
17 5 0.748731
17 6 0.932371
17 7 0.500430
17 9 0.534616
17 10 0.894624
17 11 0.619554
17 12 0.729146
17 13 0.655673
17 14 0.909167
17 15 0.657785
17 16 0.711724
17 17 0.775387
17 18 0.920073
18 1 0.965852
18 2 0.909923
18 3 0.885625
18 4 0.799748
18 5 0.936246
18 6 0.997502
18 7 0.502193
18 8 0.968605
18 9 0.560889
18 10 0.997446
18 11 0.841423
18 12 0.897518
18 13 0.794317
18 14 0.996786
18 15 0.806932
18 16 0.728862
18 17 0.920073
18 18 0.999056
19 3 0.927675
19 4 0.846047
19 5 0.960133
19 6 0.999159
19 7 0.502501
19 9 0.578484
19 11 0.877002
19 12 0.933831
19 13 0.850664
19 14 0.999053
19 15 0.852739
19 16 0.832135
19 19 0.999955
