1 2 0.942096
1 3 0.800185
1 5 0.818656
1 8 0.902214
1 12 0.796617
1 16 0.729666
1 17 0.842274
1 19 0.977874
2 1 0.942096
2 8 0.946285
2 19 0.995902
3 1 0.800185
3 8 0.792539
4 17 0.704283
5 1 0.818656
5 8 0.839683
8 1 0.902214
8 2 0.946285
8 3 0.792539
8 5 0.839683
8 12 0.818119
8 13 0.947646
8 14 0.792973
8 15 0.500000
8 16 0.773102
8 17 0.862165
8 19 0.982363
10 19 0.973641
12 1 0.796617
12 8 0.818119
13 8 0.947646
14 8 0.792973
15 8 0.500000
16 1 0.729666
16 8 0.773102
17 1 0.842274
17 4 0.704283
17 8 0.862165
17 19 0.960406
18 19 0.984346
19 1 0.977874
19 2 0.995902
19 8 0.982363
19 10 0.973641
19 17 0.960406
19 18 0.984346
1 1 0.892546
1 4 0.721797
1 6 0.972512
1 7 0.501327
1 9 0.578149
1 10 0.858214
1 11 0.617879
1 13 0.942524
1 14 0.742068
1 15 0.500000
1 18 0.890416
2 2 0.988970
2 3 0.866119
2 4 0.767780
2 5 0.875262
2 6 0.995792
2 7 0.501500
2 9 0.636025
2 10 0.932546
2 11 0.673918
2 12 0.848870
2 13 0.991685
2 14 0.809362
2 15 0.500000
2 16 0.761092
2 17 0.903361
2 18 0.948400
3 2 0.866119
3 3 0.732590
3 4 0.641715
3 5 0.718174
3 6 0.920709
3 7 0.500913
3 9 0.555709
3 10 0.764520
3 11 0.584647
3 12 0.701500
3 13 0.859814
3 14 0.652732
3 15 0.500000
3 16 0.634729
3 17 0.738660
3 18 0.789078
3 19 0.920630
4 1 0.721797
4 2 0.767780
4 3 0.641715
4 4 0.633225
4 5 0.669074
4 6 0.841158
4 7 0.500792
4 8 0.740740
4 9 0.525334
4 10 0.704967
4 11 0.538884
4 12 0.655275
4 13 0.764737
4 14 0.613261
4 15 0.500000
4 16 0.620283
4 18 0.744242
4 19 0.860510
5 2 0.875262
5 3 0.718174
5 4 0.669074
5 5 0.759705
5 6 0.931507
5 7 0.500840
5 9 0.556034
5 10 0.786996
5 11 0.587570
5 12 0.733957
5 13 0.882503
5 14 0.702902
5 15 0.500000
5 16 0.675752
5 17 0.773354
5 18 0.818612
5 19 0.940799
6 1 0.972512
6 2 0.995792
6 3 0.920709
6 4 0.841158
6 5 0.931507
6 6 0.999913
6 7 0.503190
6 8 0.974398
6 9 0.679740
6 10 0.970295
6 11 0.737953
6 12 0.904330
6 13 0.995743
6 14 0.883167
6 15 0.500000
6 16 0.796972
6 17 0.949279
6 18 0.977540
6 19 0.999266
7 1 0.501327
7 2 0.501500
7 3 0.500913
7 4 0.500792
7 5 0.500840
7 6 0.503190
7 7 0.500013
7 8 0.501176
7 9 0.500182
7 10 0.501108
7 11 0.500001
7 12 0.500778
7 13 0.501472
7 14 0.500160
7 15 0.500000
7 16 0.500494
7 17 0.501136
7 18 0.501518
7 19 0.502329
8 4 0.740740
8 6 0.974398
8 7 0.501176
8 8 0.927781
8 9 0.575022
8 10 0.869615
8 11 0.631530
8 18 0.902209
9 1 0.578149
9 2 0.636025
9 3 0.555709
9 4 0.525334
9 5 0.556034
9 6 0.679740
9 7 0.500182
9 8 0.575022
9 9 0.527572
9 10 0.575646
9 11 0.536831
9 12 0.547070
9 13 0.641187
9 14 0.551264
9 15 0.500000
9 16 0.521574
9 17 0.555131
9 18 0.574130
9 19 0.653314
10 1 0.858214
10 2 0.932546
10 3 0.764520
10 4 0.704967
10 5 0.786996
10 6 0.970295
10 7 0.501108
10 8 0.869615
10 9 0.575646
10 10 0.853137
10 11 0.607678
10 12 0.762608
10 13 0.932823
10 14 0.727206
10 15 0.500000
10 16 0.679795
10 17 0.821465
10 18 0.881865
11 1 0.617879
11 2 0.673918
11 3 0.584647
11 4 0.538884
11 5 0.587570
11 6 0.737953
11 7 0.500001
11 8 0.631530
11 9 0.536831
11 10 0.607678
11 11 0.594304
11 12 0.579802
11 13 0.653899
11 14 0.621043
11 15 0.500000
11 16 0.551756
11 17 0.581467
11 18 0.588693
11 19 0.707750
12 2 0.848870
12 3 0.701500
12 4 0.655275
12 5 0.733957
12 6 0.904330
12 7 0.500778
12 9 0.547070
12 10 0.762608
12 11 0.579802
12 12 0.714111
12 13 0.850695
12 14 0.683674
12 15 0.500000
12 16 0.665951
12 17 0.752255
12 18 0.796090
12 19 0.921438
13 1 0.942524
13 2 0.991685
13 3 0.859814
13 4 0.764737
13 5 0.882503
13 6 0.995743
13 7 0.501472
13 9 0.641187
13 10 0.932823
13 11 0.653899
13 12 0.850695
13 13 0.997543
13 14 0.814640
13 15 0.500000
13 16 0.762078
13 17 0.901918
13 18 0.945581
13 19 0.996462
14 1 0.742068
14 2 0.809362
14 3 0.652732
14 4 0.613261
14 5 0.702902
14 6 0.883167
14 7 0.500160
14 9 0.551264
14 10 0.727206
14 11 0.621043
14 12 0.683674
14 13 0.814640
14 14 0.746244
14 15 0.500000
14 16 0.642595
14 17 0.701816
14 18 0.725879
14 19 0.885519
15 1 0.500000
15 2 0.500000
15 3 0.500000
15 4 0.500000
15 5 0.500000
15 6 0.500000
15 7 0.500000
15 9 0.500000
15 10 0.500000
15 11 0.500000
15 12 0.500000
15 13 0.500000
15 14 0.500000
15 15 0.500000
15 16 0.500000
15 17 0.500000
15 18 0.500000
15 19 0.500000
16 2 0.761092
16 3 0.634729
16 4 0.620283
16 5 0.675752
16 6 0.796972
16 7 0.500494
16 9 0.521574
16 10 0.679795
16 11 0.551756
16 12 0.665951
16 13 0.762078
16 14 0.642595
16 15 0.500000
16 16 0.670924
16 17 0.697455
16 18 0.719888
16 19 0.839237
17 2 0.903361
17 3 0.738660
17 5 0.773354
17 6 0.949279
17 7 0.501136
17 9 0.555131
17 10 0.821465
17 11 0.581467
17 12 0.752255
17 13 0.901918
17 14 0.701816
17 15 0.500000
17 16 0.697455
17 17 0.811103
17 18 0.861295
18 1 0.890416
18 2 0.948400
18 3 0.789078
18 4 0.744242
18 5 0.818612
18 6 0.977540
18 7 0.501518
18 8 0.902209
18 9 0.574130
18 10 0.881865
18 11 0.588693
18 12 0.796090
18 13 0.945581
18 14 0.725879
18 15 0.500000
18 16 0.719888
18 17 0.861295
18 18 0.920259
19 3 0.920630
19 4 0.860510
19 5 0.940799
19 6 0.999266
19 7 0.502329
19 9 0.653314
19 11 0.707750
19 12 0.921438
19 13 0.996462
19 14 0.885519
19 15 0.500000
19 16 0.839237
19 19 0.999440
