1 26 0.812121
3 17 0.901590
3 26 0.945412
4 22 0.566162
4 26 0.798794
5 26 0.586541
9 26 0.722169
11 26 0.891815
13 26 0.728602
14 26 0.973922
17 3 0.901590
18 26 0.986389
22 4 0.566162
24 26 0.811415
25 26 0.834598
26 1 0.812121
26 3 0.945412
26 4 0.798794
26 5 0.586541
26 9 0.722169
26 11 0.891815
26 13 0.728602
26 14 0.973922
26 18 0.986389
26 24 0.811415
26 25 0.834598
1 1 0.643808
1 2 0.958680
1 3 0.759509
1 4 0.635334
1 5 0.529054
1 6 0.987036
1 7 0.529052
1 8 0.644044
1 9 0.594214
1 10 0.528661
1 11 0.698323
1 12 0.562815
1 13 0.591720
1 14 0.812080
1 15 0.720979
1 16 0.700680
1 17 0.724078
1 18 0.838002
1 19 0.500004
1 20 0.742096
1 21 0.878798
1 22 0.558797
1 23 0.820566
1 24 0.643003
1 25 0.657629
2 1 0.958680
2 2 1.000000
2 3 0.997904
2 4 0.942701
2 5 0.753697
2 6 1.000000
2 7 0.703240
2 8 0.975638
2 9 0.911143
2 10 0.672726
2 11 0.988939
2 12 0.831298
2 13 0.896699
2 14 0.999603
2 15 0.995002
2 16 0.994961
2 17 0.994765
2 18 0.999996
2 19 0.500033
2 20 0.995689
2 21 0.999991
2 22 0.755076
2 23 0.999751
2 24 0.952754
2 25 0.970588
2 26 0.999620
3 1 0.759509
3 2 0.997904
3 3 0.926813
3 4 0.749508
3 5 0.575094
3 6 0.999847
3 7 0.557895
3 8 0.808885
3 9 0.673373
3 10 0.534925
3 11 0.830413
3 12 0.664695
3 13 0.686366
3 14 0.946957
3 15 0.854813
3 16 0.889003
3 18 0.970221
3 19 0.500009
3 20 0.919725
3 21 0.979616
3 22 0.610171
3 23 0.966258
3 24 0.768292
3 25 0.776461
4 1 0.635334
4 2 0.942701
4 3 0.749508
4 4 0.636670
4 5 0.523816
4 6 0.984208
4 7 0.526081
4 8 0.651171
4 9 0.585496
4 10 0.527938
4 11 0.689949
4 12 0.565967
4 13 0.598081
4 14 0.792959
4 15 0.703433
4 16 0.690736
4 17 0.715350
4 18 0.813825
4 19 0.500004
4 20 0.757606
4 21 0.864789
4 23 0.801971
4 24 0.639918
4 25 0.649041
5 1 0.529054
5 2 0.753697
5 3 0.575094
5 4 0.523816
5 5 0.561133
5 6 0.761824
5 7 0.534380
5 8 0.553177
5 9 0.554386
5 10 0.519759
5 11 0.545172
5 12 0.537530
5 13 0.540418
5 14 0.567502
5 15 0.508685
5 16 0.584354
5 17 0.573758
5 18 0.682911
5 19 0.500002
5 20 0.553816
5 21 0.673897
5 22 0.510816
5 23 0.646010
5 24 0.532576
5 25 0.535768
6 1 0.987036
6 2 1.000000
6 3 0.999847
6 4 0.984208
6 5 0.761824
6 6 1.000000
6 7 0.655689
6 8 0.991692
6 9 0.959207
6 10 0.696420
6 11 0.997816
6 12 0.907865
6 13 0.938975
6 14 0.999968
6 15 0.999718
6 16 0.999729
6 17 0.999529
6 18 1.000000
6 19 0.500045
6 20 0.999779
6 21 1.000000
6 22 0.876745
6 23 0.999995
6 24 0.987309
6 25 0.990609
6 26 0.999983
7 1 0.529052
7 2 0.703240
7 3 0.557895
7 4 0.526081
7 5 0.534380
7 6 0.655689
7 7 0.536795
7 8 0.524019
7 9 0.530760
7 10 0.518693
7 11 0.549001
7 12 0.512745
7 13 0.531575
7 14 0.574008
7 15 0.503508
7 16 0.524585
7 17 0.548387
7 18 0.566144
7 19 0.500001
7 20 0.520325
7 21 0.552484
7 22 0.509283
7 23 0.575861
7 24 0.528892
7 25 0.538149
7 26 0.576470
8 1 0.644044
8 2 0.975638
8 3 0.808885
8 4 0.651171
8 5 0.553177
8 6 0.991692
8 7 0.524019
8 8 0.760764
8 9 0.596011
8 10 0.516304
8 11 0.696041
8 12 0.645960
8 13 0.644159
8 14 0.802638
8 15 0.718079
8 16 0.791379
8 17 0.785757
8 18 0.922271
8 19 0.500006
8 20 0.863064
8 21 0.897288
8 22 0.573703
8 23 0.876506
8 24 0.662805
8 25 0.653747
8 26 0.815785
9 1 0.594214
9 2 0.911143
9 3 0.673373
9 4 0.585496
9 5 0.554386
9 6 0.959207
9 7 0.530760
9 8 0.596011
9 9 0.620417
9 10 0.532210
9 11 0.617919
9 12 0.547309
9 13 0.551865
9 14 0.709384
9 15 0.611481
9 16 0.657489
9 17 0.651390
9 18 0.799964
9 19 0.500004
9 20 0.659768
9 21 0.810532
9 22 0.540430
9 23 0.744176
9 24 0.596805
9 25 0.606117
10 1 0.528661
10 2 0.672726
10 3 0.534925
10 4 0.527938
10 5 0.519759
10 6 0.696420
10 7 0.518693
10 8 0.516304
10 9 0.532210
10 10 0.529068
10 11 0.545446
10 12 0.507670
10 13 0.541514
10 14 0.550850
10 15 0.558385
10 16 0.514575
10 17 0.527655
10 18 0.599938
10 19 0.500001
10 20 0.541791
10 21 0.604520
10 22 0.519082
10 23 0.561738
10 24 0.528327
10 25 0.537324
10 26 0.576911
11 1 0.698323
11 2 0.988939
11 3 0.830413
11 4 0.689949
11 5 0.545172
11 6 0.997816
11 7 0.549001
11 8 0.696041
11 9 0.617919
11 10 0.545446
11 11 0.790304
11 12 0.590266
11 13 0.646005
11 14 0.878078
11 15 0.804794
11 16 0.745126
11 17 0.790561
11 18 0.894329
11 19 0.500006
11 20 0.798919
11 21 0.965670
11 22 0.589617
11 23 0.912178
11 24 0.690878
11 25 0.718113
12 1 0.562815
12 2 0.831298
12 3 0.664695
12 4 0.565967
12 5 0.537530
12 6 0.907865
12 7 0.512745
12 8 0.645960
12 9 0.547309
12 10 0.507670
12 11 0.590266
12 12 0.604234
12 13 0.571360
12 14 0.622056
12 15 0.611802
12 16 0.668850
12 17 0.656574
12 18 0.756607
12 19 0.500003
12 20 0.710805
12 21 0.768197
12 22 0.533713
12 23 0.748426
12 24 0.575425
12 25 0.565396
12 26 0.654029
13 1 0.591720
13 2 0.896699
13 3 0.686366
13 4 0.598081
13 5 0.540418
13 6 0.938975
13 7 0.531575
13 8 0.644159
13 9 0.551865
13 10 0.541514
13 11 0.646005
13 12 0.571360
13 13 0.638952
13 14 0.684638
13 15 0.684467
13 16 0.642043
13 17 0.667715
13 18 0.803653
13 19 0.500003
13 20 0.743903
13 21 0.803807
13 22 0.556130
13 23 0.773593
13 24 0.601605
13 25 0.606968
14 1 0.812080
14 2 0.999603
14 3 0.946957
14 4 0.792959
14 5 0.567502
14 6 0.999968
14 7 0.574008
14 8 0.802638
14 9 0.709384
14 10 0.550850
14 11 0.878078
14 12 0.622056
14 13 0.684638
14 14 0.982809
14 15 0.883550
14 16 0.897150
14 17 0.914603
14 18 0.984499
14 19 0.500011
14 20 0.925338
14 21 0.981030
14 22 0.619150
14 23 0.965155
14 24 0.813380
14 25 0.832749
15 1 0.720979
15 2 0.995002
15 3 0.854813
15 4 0.703433
15 5 0.508685
15 6 0.999718
15 7 0.503508
15 8 0.718079
15 9 0.611481
15 10 0.558385
15 11 0.804794
15 12 0.611802
15 13 0.684467
15 14 0.883550
15 15 0.943145
15 16 0.834988
15 17 0.823319
15 18 0.966782
15 19 0.500011
15 20 0.867640
15 21 0.987262
15 22 0.604803
15 23 0.943613
15 24 0.708821
15 25 0.735793
15 26 0.915384
16 1 0.700680
16 2 0.994961
16 3 0.889003
16 4 0.690736
16 5 0.584354
16 6 0.999729
16 7 0.524585
16 8 0.791379
16 9 0.657489
16 10 0.514575
16 11 0.745126
16 12 0.668850
16 13 0.642043
16 14 0.897150
16 15 0.834988
16 16 0.911033
16 17 0.870789
16 18 0.980639
16 19 0.500011
16 20 0.899390
16 21 0.978083
16 22 0.585140
16 23 0.946643
16 24 0.716089
16 25 0.707007
16 26 0.898286
17 1 0.724078
17 2 0.994765
17 4 0.715350
17 5 0.573758
17 6 0.999529
17 7 0.548387
17 8 0.785757
17 9 0.651390
17 10 0.527655
17 11 0.790561
17 12 0.656574
17 13 0.667715
17 14 0.914603
17 15 0.823319
17 16 0.870789
17 17 0.877450
17 18 0.957738
17 19 0.500008
17 20 0.896980
17 21 0.971022
17 22 0.594905
17 23 0.954047
17 24 0.734508
17 25 0.738411
17 26 0.917351
18 1 0.838002
18 2 0.999996
18 3 0.970221
18 4 0.813825
18 5 0.682911
18 6 1.000000
18 7 0.566144
18 8 0.922271
18 9 0.799964
18 10 0.599938
18 11 0.894329
18 12 0.756607
18 13 0.803653
18 14 0.984499
18 15 0.966782
18 16 0.980639
18 17 0.957738
18 18 0.999919
18 19 0.500027
18 20 0.981442
18 21 0.999340
18 22 0.659390
18 23 0.992440
18 24 0.843748
18 25 0.854137
19 1 0.500004
19 2 0.500033
19 3 0.500009
19 4 0.500004
19 5 0.500002
19 6 0.500045
19 7 0.500001
19 8 0.500006
19 9 0.500004
19 10 0.500001
19 11 0.500006
19 12 0.500003
19 13 0.500003
19 14 0.500011
19 15 0.500011
19 16 0.500011
19 17 0.500008
19 18 0.500027
19 19 0.500000
19 20 0.500010
19 21 0.500022
19 22 0.500002
19 23 0.500013
19 24 0.500004
19 25 0.500005
19 26 0.500011
20 1 0.742096
20 2 0.995689
20 3 0.919725
20 4 0.757606
20 5 0.553816
20 6 0.999779
20 7 0.520325
20 8 0.863064
20 9 0.659768
20 10 0.541791
20 11 0.798919
20 12 0.710805
20 13 0.743903
20 14 0.925338
20 15 0.867640
20 16 0.899390
20 17 0.896980
20 18 0.981442
20 19 0.500010
20 20 0.968060
20 21 0.962286
20 22 0.639488
20 23 0.957476
20 24 0.775884
20 25 0.757092
20 26 0.933174
21 1 0.878798
21 2 0.999991
21 3 0.979616
21 4 0.864789
21 5 0.673897
21 6 1.000000
21 7 0.552484
21 8 0.897288
21 9 0.810532
21 10 0.604520
21 11 0.965670
21 12 0.768197
21 13 0.803807
21 14 0.981030
21 15 0.987262
21 16 0.978083
21 17 0.971022
21 18 0.999340
21 19 0.500022
21 20 0.962286
21 21 0.999999
21 22 0.739193
21 23 0.999530
21 24 0.856899
21 25 0.891553
21 26 0.994806
22 1 0.558797
22 2 0.755076
22 3 0.610171
22 5 0.510816
22 6 0.876745
22 7 0.509283
22 8 0.573703
22 9 0.540430
22 10 0.519082
22 11 0.589617
22 12 0.533713
22 13 0.556130
22 14 0.619150
22 15 0.604803
22 16 0.585140
22 17 0.594905
22 18 0.659390
22 19 0.500002
22 20 0.639488
22 21 0.739193
22 22 0.540311
22 23 0.654179
22 24 0.563101
22 25 0.566044
22 26 0.646296
23 1 0.820566
23 2 0.999751
23 3 0.966258
23 4 0.801971
23 5 0.646010
23 6 0.999995
23 7 0.575861
23 8 0.876506
23 9 0.744176
23 10 0.561738
23 11 0.912178
23 12 0.748426
23 13 0.773593
23 14 0.965155
23 15 0.943613
23 16 0.946643
23 17 0.954047
23 18 0.992440
23 19 0.500013
23 20 0.957476
23 21 0.999530
23 22 0.654179
23 23 0.997251
23 24 0.819157
23 25 0.837665
23 26 0.979878
24 1 0.643003
24 2 0.952754
24 3 0.768292
24 4 0.639918
24 5 0.532576
24 6 0.987309
24 7 0.528892
24 8 0.662805
24 9 0.596805
24 10 0.528327
24 11 0.690878
24 12 0.575425
24 13 0.601605
24 14 0.813380
24 15 0.708821
24 16 0.716089
24 17 0.734508
24 18 0.843748
24 19 0.500004
24 20 0.775884
24 21 0.856899
24 22 0.563101
24 23 0.819157
24 24 0.650308
24 25 0.656654
25 1 0.657629
25 2 0.970588
25 3 0.776461
25 4 0.649041
25 5 0.535768
25 6 0.990609
25 7 0.538149
25 8 0.653747
25 9 0.606117
25 10 0.537324
25 11 0.718113
25 12 0.565396
25 13 0.606968
25 14 0.832749
25 15 0.735793
25 16 0.707007
25 17 0.738411
25 18 0.854137
25 19 0.500005
25 20 0.757092
25 21 0.891553
25 22 0.566044
25 23 0.837665
25 24 0.656654
25 25 0.674724
26 2 0.999620
26 6 0.999983
26 7 0.576470
26 8 0.815785
26 10 0.576911
26 12 0.654029
26 15 0.915384
26 16 0.898286
26 17 0.917351
26 19 0.500011
26 20 0.933174
26 21 0.994806
26 22 0.646296
26 23 0.979878
26 26 0.975242
