1 26 0.537802
3 17 0.616227
3 26 0.555289
4 22 0.517106
4 26 0.533879
5 26 0.543910
9 26 0.512903
11 26 0.551814
13 26 0.575971
14 26 0.641808
17 3 0.616227
18 26 0.688353
22 4 0.517106
24 26 0.536300
25 26 0.537654
26 1 0.537802
26 3 0.555289
26 4 0.533879
26 5 0.543910
26 9 0.512903
26 11 0.551814
26 13 0.575971
26 14 0.641808
26 18 0.688353
26 24 0.536300
26 25 0.537654
1 1 0.515802
1 2 0.663423
1 3 0.523035
1 4 0.511887
1 5 0.516745
1 6 0.607341
1 7 0.505711
1 8 0.518570
1 9 0.501332
1 10 0.505885
1 11 0.520316
1 12 0.514142
1 13 0.529352
1 14 0.571384
1 15 0.550201
1 16 0.569849
1 17 0.523035
1 18 0.587194
1 19 0.500000
1 20 0.551313
1 21 0.582654
1 22 0.510258
1 23 0.508913
1 24 0.513893
1 25 0.515507
2 1 0.663423
2 2 0.999994
2 3 0.720425
2 4 0.600094
2 5 0.639331
2 6 0.953153
2 7 0.618847
2 8 0.740117
2 9 0.555364
2 10 0.630634
2 11 0.694173
2 12 0.463433
2 13 0.794049
2 14 0.994337
2 15 0.929981
2 16 0.986669
2 17 0.720425
2 18 0.997570
2 19 0.500011
2 20 0.986768
2 21 0.973975
2 22 0.579034
2 23 0.333796
2 24 0.645946
2 25 0.682898
2 26 0.822307
3 1 0.523035
3 2 0.720425
3 3 0.616227
3 4 0.515904
3 5 0.527669
3 6 0.523214
3 7 0.530145
3 8 0.535171
3 9 0.541418
3 10 0.513299
3 11 0.527678
3 12 0.501673
3 13 0.542851
3 14 0.529917
3 15 0.633686
3 16 0.684084
3 18 0.639395
3 19 0.499998
3 20 0.473731
3 21 0.535617
3 22 0.510794
3 23 0.497989
3 24 0.521273
3 25 0.534103
4 1 0.511887
4 2 0.600094
4 3 0.515904
4 4 0.517018
4 5 0.514617
4 6 0.688183
4 7 0.499897
4 8 0.510415
4 9 0.518355
4 10 0.499864
4 11 0.520802
4 12 0.534892
4 13 0.532575
4 14 0.559350
4 15 0.541175
4 16 0.518569
4 17 0.515904
4 18 0.541473
4 19 0.500000
4 20 0.506046
4 21 0.584902
4 23 0.513279
4 24 0.511830
4 25 0.510209
5 1 0.516745
5 2 0.639331
5 3 0.527669
5 4 0.514617
5 5 0.524237
5 6 0.632858
5 7 0.508939
5 8 0.519652
5 9 0.507516
5 10 0.503947
5 11 0.519903
5 12 0.538284
5 13 0.531784
5 14 0.564235
5 15 0.548818
5 16 0.568874
5 17 0.527669
5 18 0.601200
5 19 0.500000
5 20 0.539656
5 21 0.581038
5 22 0.513015
5 23 0.490565
5 24 0.518563
5 25 0.515780
6 1 0.607341
6 2 0.953153
6 3 0.523214
6 4 0.688183
6 5 0.632858
6 6 1.000000
6 7 0.488341
6 8 0.667913
6 9 0.687243
6 10 0.448902
6 11 0.669616
6 12 0.911305
6 13 0.734680
6 14 0.996120
6 15 0.802294
6 16 0.367434
6 17 0.523214
6 18 0.544489
6 19 0.499998
6 20 0.629086
6 21 0.989994
6 22 0.704234
6 23 0.895217
6 24 0.643747
6 25 0.532788
6 26 0.789112
7 1 0.505711
7 2 0.618847
7 3 0.530145
7 4 0.499897
7 5 0.508939
7 6 0.488341
7 7 0.519555
7 8 0.518326
7 9 0.511017
7 10 0.508649
7 11 0.497190
7 12 0.505556
7 13 0.503869
7 14 0.575963
7 15 0.537761
7 16 0.584650
7 17 0.530145
7 18 0.589116
7 19 0.500001
7 20 0.548510
7 21 0.505453
7 22 0.498744
7 23 0.481073
7 24 0.509365
7 25 0.508347
7 26 0.512124
8 1 0.518570
8 2 0.740117
8 3 0.535171
8 4 0.510415
8 5 0.519652
8 6 0.667913
8 7 0.518326
8 8 0.560647
8 9 0.503761
8 10 0.508864
8 11 0.516206
8 12 0.506760
8 13 0.528486
8 14 0.690546
8 15 0.569289
8 16 0.620066
8 17 0.535171
8 18 0.624711
8 19 0.500001
8 20 0.619898
8 21 0.607717
8 22 0.508602
8 23 0.539931
8 24 0.523725
8 25 0.517970
8 26 0.544190
9 1 0.501332
9 2 0.555364
9 3 0.541418
9 4 0.518355
9 5 0.507516
9 6 0.687243
9 7 0.511017
9 8 0.503761
9 9 0.597535
9 10 0.501401
9 11 0.510182
9 12 0.555809
9 13 0.544090
9 14 0.675353
9 15 0.538340
9 16 0.493256
9 17 0.541418
9 18 0.508302
9 19 0.500000
9 20 0.446586
9 21 0.508260
9 22 0.518890
9 23 0.533737
9 24 0.506940
9 25 0.506628
10 1 0.505885
10 2 0.630634
10 3 0.513299
10 4 0.499864
10 5 0.503947
10 6 0.448902
10 7 0.508649
10 8 0.508864
10 9 0.501401
10 10 0.510993
10 11 0.503667
10 12 0.487627
10 13 0.509365
10 14 0.568401
10 15 0.530946
10 16 0.566537
10 17 0.513299
10 18 0.569975
10 19 0.500001
10 20 0.555623
10 21 0.516730
10 22 0.498306
10 23 0.482784
10 24 0.505069
10 25 0.510603
10 26 0.511343
11 1 0.520316
11 2 0.694173
11 3 0.527678
11 4 0.520802
11 5 0.519903
11 6 0.669616
11 7 0.497190
11 8 0.516206
11 9 0.510182
11 10 0.503667
11 11 0.539114
11 12 0.511894
11 13 0.548847
11 14 0.528781
11 15 0.564414
11 16 0.547828
11 17 0.527678
11 18 0.572630
11 19 0.499999
11 20 0.527472
11 21 0.597615
11 22 0.517831
11 23 0.498095
11 24 0.515454
11 25 0.522342
12 1 0.514142
12 2 0.463433
12 3 0.501673
12 4 0.534892
12 5 0.538284
12 6 0.911305
12 7 0.505556
12 8 0.506760
12 9 0.555809
12 10 0.487627
12 11 0.511894
12 12 0.682230
12 13 0.553450
12 14 0.730083
12 15 0.526544
12 16 0.469137
12 17 0.501673
12 18 0.557239
12 19 0.499999
12 20 0.478108
12 21 0.676492
12 22 0.540763
12 23 0.557888
12 24 0.528825
12 25 0.497004
12 26 0.554025
13 1 0.529352
13 2 0.794049
13 3 0.542851
13 4 0.532575
13 5 0.531784
13 6 0.734680
13 7 0.503869
13 8 0.528486
13 9 0.544090
13 10 0.509365
13 11 0.548847
13 12 0.553450
13 13 0.617058
13 14 0.687014
13 15 0.604233
13 16 0.600532
13 17 0.542851
13 18 0.614602
13 19 0.500001
13 20 0.573500
13 21 0.670583
13 22 0.531628
13 23 0.546317
13 24 0.522009
13 25 0.529186
14 1 0.571384
14 2 0.994337
14 3 0.529917
14 4 0.559350
14 5 0.564235
14 6 0.996120
14 7 0.575963
14 8 0.690546
14 9 0.675353
14 10 0.568401
14 11 0.528781
14 12 0.730083
14 13 0.687014
14 14 0.999996
14 15 0.666608
14 16 0.866802
14 17 0.529917
14 18 0.935939
14 19 0.500011
14 20 0.969977
14 21 0.946601
14 22 0.562327
14 23 0.931909
14 24 0.599573
14 25 0.533037
15 1 0.550201
15 2 0.929981
15 3 0.633686
15 4 0.541175
15 5 0.548818
15 6 0.802294
15 7 0.537761
15 8 0.569289
15 9 0.538340
15 10 0.530946
15 11 0.564414
15 12 0.526544
15 13 0.604233
15 14 0.666608
15 15 0.752161
15 16 0.784318
15 17 0.633686
15 18 0.737646
15 19 0.499999
15 20 0.583555
15 21 0.727088
15 22 0.536701
15 23 0.483175
15 24 0.546049
15 25 0.564709
15 26 0.624278
16 1 0.569849
16 2 0.986669
16 3 0.684084
16 4 0.518569
16 5 0.568874
16 6 0.367434
16 7 0.584650
16 8 0.620066
16 9 0.493256
16 10 0.566537
16 11 0.547828
16 12 0.469137
16 13 0.600532
16 14 0.866802
16 15 0.784318
16 16 0.935593
16 17 0.684084
16 18 0.943845
16 19 0.500001
16 20 0.800215
16 21 0.769776
16 22 0.508227
16 23 0.465603
16 24 0.564295
16 25 0.585392
16 26 0.645445
17 1 0.523035
17 2 0.720425
17 4 0.515904
17 5 0.527669
17 6 0.523214
17 7 0.530145
17 8 0.535171
17 9 0.541418
17 10 0.513299
17 11 0.527678
17 12 0.501673
17 13 0.542851
17 14 0.529917
17 15 0.633686
17 16 0.684084
17 17 0.616227
17 18 0.639395
17 19 0.499998
17 20 0.473731
17 21 0.535617
17 22 0.510794
17 23 0.497989
17 24 0.521273
17 25 0.534103
17 26 0.555289
18 1 0.587194
18 2 0.997570
18 3 0.639395
18 4 0.541473
18 5 0.601200
18 6 0.544489
18 7 0.589116
18 8 0.624711
18 9 0.508302
18 10 0.569975
18 11 0.572630
18 12 0.557239
18 13 0.614602
18 14 0.935939
18 15 0.737646
18 16 0.943845
18 17 0.639395
18 18 0.996284
18 19 0.500006
18 20 0.919324
18 21 0.901598
18 22 0.529892
18 23 0.291483
18 24 0.594962
18 25 0.581292
19 1 0.500000
19 2 0.500011
19 3 0.499998
19 4 0.500000
19 5 0.500000
19 6 0.499998
19 7 0.500001
19 8 0.500001
19 9 0.500000
19 10 0.500001
19 11 0.499999
19 12 0.499999
19 13 0.500001
19 14 0.500011
19 15 0.499999
19 16 0.500001
19 17 0.499998
19 18 0.500006
19 19 0.500000
19 20 0.500011
19 21 0.500001
19 22 0.500000
19 23 0.499999
19 24 0.500000
19 25 0.500000
19 26 0.500000
20 1 0.551313
20 2 0.986768
20 3 0.473731
20 4 0.506046
20 5 0.539656
20 6 0.629086
20 7 0.548510
20 8 0.619898
20 9 0.446586
20 10 0.555623
20 11 0.527472
20 12 0.478108
20 13 0.573500
20 14 0.969977
20 15 0.583555
20 16 0.800215
20 17 0.473731
20 18 0.919324
20 19 0.500011
20 20 0.961862
20 21 0.770401
20 22 0.498610
20 23 0.465160
20 24 0.553526
20 25 0.545931
20 26 0.594573
21 1 0.582654
21 2 0.973975
21 3 0.535617
21 4 0.584902
21 5 0.581038
21 6 0.989994
21 7 0.505453
21 8 0.607717
21 9 0.508260
21 10 0.516730
21 11 0.597615
21 12 0.676492
21 13 0.670583
21 14 0.946601
21 15 0.727088
21 16 0.769776
21 17 0.535617
21 18 0.901598
21 19 0.500001
21 20 0.770401
21 21 0.962587
21 22 0.591943
21 23 0.729943
21 24 0.577338
21 25 0.547777
21 26 0.698462
22 1 0.510258
22 2 0.579034
22 3 0.510794
22 5 0.513015
22 6 0.704234
22 7 0.498744
22 8 0.508602
22 9 0.518890
22 10 0.498306
22 11 0.517831
22 12 0.540763
22 13 0.531628
22 14 0.562327
22 15 0.536701
22 16 0.508227
22 17 0.510794
22 18 0.529892
22 19 0.500000
22 20 0.498610
22 21 0.591943
22 22 0.518304
22 23 0.521897
22 24 0.510541
22 25 0.506877
22 26 0.530721
23 1 0.508913
23 2 0.333796
23 3 0.497989
23 4 0.513279
23 5 0.490565
23 6 0.895217
23 7 0.481073
23 8 0.539931
23 9 0.533737
23 10 0.482784
23 11 0.498095
23 12 0.557888
23 13 0.546317
23 14 0.931909
23 15 0.483175
23 16 0.465603
23 17 0.497989
23 18 0.291483
23 19 0.499999
23 20 0.465160
23 21 0.729943
23 22 0.521897
23 23 0.915180
23 24 0.496282
23 25 0.475401
23 26 0.503257
24 1 0.513893
24 2 0.645946
24 3 0.521273
24 4 0.511830
24 5 0.518563
24 6 0.643747
24 7 0.509365
24 8 0.523725
24 9 0.506940
24 10 0.505069
24 11 0.515454
24 12 0.528825
24 13 0.522009
24 14 0.599573
24 15 0.546049
24 16 0.564295
24 17 0.521273
24 18 0.594962
24 19 0.500000
24 20 0.553526
24 21 0.577338
24 22 0.510541
24 23 0.496282
24 24 0.517416
24 25 0.513385
25 1 0.515507
25 2 0.682898
25 3 0.534103
25 4 0.510209
25 5 0.515780
25 6 0.532788
25 7 0.508347
25 8 0.517970
25 9 0.506628
25 10 0.510603
25 11 0.522342
25 12 0.497004
25 13 0.529186
25 14 0.533037
25 15 0.564709
25 16 0.585392
25 17 0.534103
25 18 0.581292
25 19 0.500000
25 20 0.545931
25 21 0.547777
25 22 0.506877
25 23 0.475401
25 24 0.513385
25 25 0.522785
26 2 0.822307
26 6 0.789112
26 7 0.512124
26 8 0.544190
26 10 0.511343
26 12 0.554025
26 15 0.624278
26 16 0.645445
26 17 0.555289
26 19 0.500000
26 20 0.594573
26 21 0.698462
26 22 0.530721
26 23 0.503257
26 26 0.595735
