1 26 0.525151
3 17 0.954337
3 26 0.940442
4 22 0.540333
4 26 0.783231
5 26 0.564025
9 26 0.789618
11 26 0.807465
13 26 0.805397
14 26 0.968955
17 3 0.954337
18 26 0.902702
22 4 0.540333
24 26 0.801974
25 26 0.761560
26 1 0.525151
26 3 0.940442
26 4 0.783231
26 5 0.564025
26 9 0.789618
26 11 0.807465
26 13 0.805397
26 14 0.968955
26 18 0.902702
26 24 0.801974
26 25 0.761560
1 1 0.503314
1 2 0.557091
1 3 0.529474
1 4 0.509640
1 5 0.509088
1 6 0.561110
1 7 0.504178
1 8 0.511476
1 9 0.511004
1 10 0.505560
1 11 0.515699
1 12 0.514917
1 13 0.511003
1 14 0.521053
1 15 0.546267
1 16 0.539515
1 17 0.529474
1 18 0.517097
1 19 0.500000
1 20 0.527973
1 21 0.575265
1 22 0.513489
1 23 0.541359
1 24 0.509766
1 25 0.509489
2 1 0.557091
2 2 0.999991
2 3 0.991658
2 4 0.892143
2 5 0.630007
2 6 0.999997
2 7 0.665869
2 8 0.783150
2 9 0.896259
2 10 0.636076
2 11 0.911956
2 12 0.891127
2 13 0.916039
2 14 0.988871
2 15 0.982834
2 16 0.969079
2 17 0.991658
2 18 0.983284
2 19 0.500006
2 20 0.987602
2 21 0.999982
2 22 0.811595
2 23 0.997034
2 24 0.906390
2 25 0.871852
2 26 0.995320
3 1 0.529474
3 2 0.991658
3 3 0.954337
3 4 0.743336
3 5 0.585660
3 6 0.999030
3 7 0.582463
3 8 0.660529
3 9 0.758150
3 10 0.582130
3 11 0.807417
3 12 0.776914
3 13 0.767641
3 14 0.932569
3 15 0.933685
3 16 0.908304
3 18 0.862503
3 19 0.500005
3 20 0.942918
3 21 0.997914
3 22 0.595837
3 23 0.984202
3 24 0.758183
3 25 0.714881
4 1 0.509640
4 2 0.892143
4 3 0.743336
4 4 0.625042
4 5 0.524269
4 6 0.967893
4 7 0.532702
4 8 0.569208
4 9 0.626227
4 10 0.532169
4 11 0.641523
4 12 0.603417
4 13 0.637550
4 14 0.793297
4 15 0.722431
4 16 0.676489
4 17 0.743336
4 18 0.704756
4 19 0.500001
4 20 0.728495
4 21 0.882014
4 23 0.799470
4 24 0.634918
4 25 0.611549
5 1 0.509088
5 2 0.630007
5 3 0.585660
5 4 0.524269
5 5 0.539828
5 6 0.717990
5 7 0.516157
5 8 0.536607
5 9 0.527603
5 10 0.518355
5 11 0.550677
5 12 0.550297
5 13 0.529543
5 14 0.551345
5 15 0.657207
5 16 0.640292
5 17 0.585660
5 18 0.543790
5 19 0.500001
5 20 0.585397
5 21 0.731237
5 22 0.543251
5 23 0.629740
5 24 0.524122
5 25 0.523539
6 1 0.561110
6 2 0.999997
6 3 0.999030
6 4 0.967893
6 5 0.717990
6 6 1.000000
6 7 0.723838
6 8 0.893695
6 9 0.963756
6 10 0.751768
6 11 0.990194
6 12 0.934189
6 13 0.978210
6 14 0.999926
6 15 0.999749
6 16 0.998506
6 17 0.999030
6 18 0.995746
6 19 0.500009
6 20 0.998315
6 21 0.999999
6 22 0.811529
6 23 0.999753
6 24 0.973406
6 25 0.944248
6 26 0.999779
7 1 0.504178
7 2 0.665869
7 3 0.582463
7 4 0.532702
7 5 0.516157
7 6 0.723838
7 7 0.515526
7 8 0.519276
7 9 0.533512
7 10 0.512111
7 11 0.543433
7 12 0.535275
7 13 0.537787
7 14 0.564596
7 15 0.586508
7 16 0.570568
7 17 0.582463
7 18 0.562227
7 19 0.500000
7 20 0.573075
7 21 0.695952
7 22 0.529421
7 23 0.612089
7 24 0.535817
7 25 0.528605
7 26 0.580890
8 1 0.511476
8 2 0.783150
8 3 0.660529
8 4 0.569208
8 5 0.536607
8 6 0.893695
8 7 0.519276
8 8 0.583806
8 9 0.571255
8 10 0.524106
8 11 0.606957
8 12 0.577881
8 13 0.577682
8 14 0.680049
8 15 0.731748
8 16 0.708944
8 17 0.660529
8 18 0.614299
8 19 0.500002
8 20 0.663605
8 21 0.821590
8 22 0.556281
8 23 0.680268
8 24 0.567164
8 25 0.568345
8 26 0.672097
9 1 0.511004
9 2 0.896259
9 3 0.758150
9 4 0.626227
9 5 0.527603
9 6 0.963756
9 7 0.533512
9 8 0.571255
9 9 0.632106
9 10 0.531472
9 11 0.639775
9 12 0.617161
9 13 0.638223
9 14 0.799218
9 15 0.731887
9 16 0.676957
9 17 0.758150
9 18 0.709076
9 19 0.500002
9 20 0.746310
9 21 0.902106
9 22 0.537616
9 23 0.828380
9 24 0.637558
9 25 0.615921
10 1 0.505560
10 2 0.636076
10 3 0.582130
10 4 0.532169
10 5 0.518355
10 6 0.751768
10 7 0.512111
10 8 0.524106
10 9 0.531472
10 10 0.519413
10 11 0.544450
10 12 0.538392
10 13 0.537576
10 14 0.580579
10 15 0.608696
10 16 0.594945
10 17 0.582130
10 18 0.552319
10 19 0.500000
10 20 0.575761
10 21 0.658815
10 22 0.524024
10 23 0.617852
10 24 0.534899
10 25 0.524654
10 26 0.579456
11 1 0.515699
11 2 0.911956
11 3 0.807417
11 4 0.641523
11 5 0.550677
11 6 0.990194
11 7 0.543433
11 8 0.606957
11 9 0.639775
11 10 0.544450
11 11 0.746544
11 12 0.614807
11 13 0.656126
11 14 0.824223
11 15 0.837022
11 16 0.813295
11 17 0.807417
11 18 0.709979
11 19 0.500003
11 20 0.786753
11 21 0.954253
11 22 0.574782
11 23 0.850454
11 24 0.639562
11 25 0.619191
12 1 0.514917
12 2 0.891127
12 3 0.776914
12 4 0.603417
12 5 0.550297
12 6 0.934189
12 7 0.535275
12 8 0.577881
12 9 0.617161
12 10 0.538392
12 11 0.614807
12 12 0.667268
12 13 0.618136
12 14 0.743037
12 15 0.755950
12 16 0.720851
12 17 0.776914
12 18 0.693436
12 19 0.500002
12 20 0.778341
12 21 0.941443
12 22 0.549394
12 23 0.877800
12 24 0.615164
12 25 0.596596
12 26 0.761371
13 1 0.511003
13 2 0.916039
13 3 0.767641
13 4 0.637550
13 5 0.529543
13 6 0.978210
13 7 0.537787
13 8 0.577682
13 9 0.638223
13 10 0.537576
13 11 0.656126
13 12 0.618136
13 13 0.652182
13 14 0.810285
13 15 0.746081
13 16 0.703866
13 17 0.767641
13 18 0.726081
13 19 0.500002
13 20 0.753337
13 21 0.908659
13 22 0.548870
13 23 0.827668
13 24 0.648250
13 25 0.622150
14 1 0.521053
14 2 0.988871
14 3 0.932569
14 4 0.793297
14 5 0.551345
14 6 0.999926
14 7 0.564596
14 8 0.680049
14 9 0.799218
14 10 0.580579
14 11 0.824223
14 12 0.743037
14 13 0.810285
14 14 0.985752
14 15 0.933817
14 16 0.848766
14 17 0.932569
14 18 0.891102
14 19 0.500005
14 20 0.925776
14 21 0.987761
14 22 0.538265
14 23 0.972281
14 24 0.812144
14 25 0.769339
15 1 0.546267
15 2 0.982834
15 3 0.933685
15 4 0.722431
15 5 0.657207
15 6 0.999749
15 7 0.586508
15 8 0.731748
15 9 0.731887
15 10 0.608696
15 11 0.837022
15 12 0.755950
15 13 0.746081
15 14 0.933817
15 15 0.989275
15 16 0.969339
15 17 0.933685
15 18 0.807019
15 19 0.500006
15 20 0.912535
15 21 0.998290
15 22 0.721301
15 23 0.941171
15 24 0.722523
15 25 0.693090
15 26 0.919918
16 1 0.539515
16 2 0.969079
16 3 0.908304
16 4 0.676489
16 5 0.640292
16 6 0.998506
16 7 0.570568
16 8 0.708944
16 9 0.676957
16 10 0.594945
16 11 0.813295
16 12 0.720851
16 13 0.703866
16 14 0.848766
16 15 0.969339
16 16 0.970508
16 17 0.908304
16 18 0.769075
16 19 0.500006
16 20 0.914041
16 21 0.995181
16 22 0.668496
16 23 0.934123
16 24 0.664596
16 25 0.653614
16 26 0.867064
17 1 0.529474
17 2 0.991658
17 4 0.743336
17 5 0.585660
17 6 0.999030
17 7 0.582463
17 8 0.660529
17 9 0.758150
17 10 0.582130
17 11 0.807417
17 12 0.776914
17 13 0.767641
17 14 0.932569
17 15 0.933685
17 16 0.908304
17 17 0.954337
17 18 0.862503
17 19 0.500005
17 20 0.942918
17 21 0.997914
17 22 0.595837
17 23 0.984202
17 24 0.758183
17 25 0.714881
17 26 0.940442
18 1 0.517097
18 2 0.983284
18 3 0.862503
18 4 0.704756
18 5 0.543790
18 6 0.995746
18 7 0.562227
18 8 0.614299
18 9 0.709076
18 10 0.552319
18 11 0.709979
18 12 0.693436
18 13 0.726081
18 14 0.891102
18 15 0.807019
18 16 0.769075
18 17 0.862503
18 18 0.837811
18 19 0.500003
18 20 0.862032
18 21 0.978072
18 22 0.581879
18 23 0.930662
18 24 0.721890
18 25 0.691269
19 1 0.500000
19 2 0.500006
19 3 0.500005
19 4 0.500001
19 5 0.500001
19 6 0.500009
19 7 0.500000
19 8 0.500002
19 9 0.500002
19 10 0.500000
19 11 0.500003
19 12 0.500002
19 13 0.500002
19 14 0.500005
19 15 0.500006
19 16 0.500006
19 17 0.500005
19 18 0.500003
19 19 0.500000
19 20 0.500007
19 21 0.500012
19 22 0.500000
19 23 0.500010
19 24 0.500001
19 25 0.500002
19 26 0.500005
20 1 0.527973
20 2 0.987602
20 3 0.942918
20 4 0.728495
20 5 0.585397
20 6 0.998315
20 7 0.573075
20 8 0.663605
20 9 0.746310
20 10 0.575761
20 11 0.786753
20 12 0.778341
20 13 0.753337
20 14 0.925776
20 15 0.912535
20 16 0.914041
20 17 0.942918
20 18 0.862032
20 19 0.500007
20 20 0.955982
20 21 0.996821
20 22 0.553016
20 23 0.987254
20 24 0.741850
20 25 0.717141
20 26 0.933909
21 1 0.575265
21 2 0.999982
21 3 0.997914
21 4 0.882014
21 5 0.731237
21 6 0.999999
21 7 0.695952
21 8 0.821590
21 9 0.902106
21 10 0.658815
21 11 0.954253
21 12 0.941443
21 13 0.908659
21 14 0.987761
21 15 0.998290
21 16 0.995181
21 17 0.997914
21 18 0.978072
21 19 0.500012
21 20 0.996821
21 21 1.000000
21 22 0.839481
21 23 0.999658
21 24 0.892437
21 25 0.859022
21 26 0.995128
22 1 0.513489
22 2 0.811595
22 3 0.595837
22 5 0.543251
22 6 0.811529
22 7 0.529421
22 8 0.556281
22 9 0.537616
22 10 0.524024
22 11 0.574782
22 12 0.549394
22 13 0.548870
22 14 0.538265
22 15 0.721301
22 16 0.668496
22 17 0.595837
22 18 0.581879
22 19 0.500000
22 20 0.553016
22 21 0.839481
22 22 0.629679
22 23 0.511065
22 24 0.537298
22 25 0.533952
22 26 0.592673
23 1 0.541359
23 2 0.997034
23 3 0.984202
23 4 0.799470
23 5 0.629740
23 6 0.999753
23 7 0.612089
23 8 0.680268
23 9 0.828380
23 10 0.617852
23 11 0.850454
23 12 0.877800
23 13 0.827668
23 14 0.972281
23 15 0.941171
23 16 0.934123
23 17 0.984202
23 18 0.930662
23 19 0.500010
23 20 0.987254
23 21 0.999658
23 22 0.511065
23 23 0.999670
23 24 0.828514
23 25 0.786984
23 26 0.977005
24 1 0.509766
24 2 0.906390
24 3 0.758183
24 4 0.634918
24 5 0.524122
24 6 0.973406
24 7 0.535817
24 8 0.567164
24 9 0.637558
24 10 0.534899
24 11 0.639562
24 12 0.615164
24 13 0.648250
24 14 0.812144
24 15 0.722523
24 16 0.664596
24 17 0.758183
24 18 0.721890
24 19 0.500001
24 20 0.741850
24 21 0.892437
24 22 0.537298
24 23 0.828514
24 24 0.648609
24 25 0.620810
25 1 0.509489
25 2 0.871852
25 3 0.714881
25 4 0.611549
25 5 0.523539
25 6 0.944248
25 7 0.528605
25 8 0.568345
25 9 0.615921
25 10 0.524654
25 11 0.619191
25 12 0.596596
25 13 0.622150
25 14 0.769339
25 15 0.693090
25 16 0.653614
25 17 0.714881
25 18 0.691269
25 19 0.500002
25 20 0.717141
25 21 0.859022
25 22 0.533952
25 23 0.786984
25 24 0.620810
25 25 0.608102
26 2 0.995320
26 6 0.999779
26 7 0.580890
26 8 0.672097
26 10 0.579456
26 12 0.761371
26 15 0.919918
26 16 0.867064
26 17 0.940442
26 19 0.500005
26 20 0.933909
26 21 0.995128
26 22 0.592673
26 23 0.977005
26 26 0.963967
