1 26 0.759521
3 17 0.996064
3 26 0.975450
4 22 0.548730
4 26 0.647907
5 26 0.747080
9 26 0.779203
11 26 0.874246
13 26 0.788520
14 26 0.927448
17 3 0.996064
18 26 0.894130
22 4 0.548730
24 26 0.803930
25 26 0.577855
26 1 0.759521
26 3 0.975450
26 4 0.647907
26 5 0.747080
26 9 0.779203
26 11 0.874246
26 13 0.788520
26 14 0.927448
26 18 0.894130
26 24 0.803930
26 25 0.577855
1 1 0.604167
1 2 0.795620
1 3 0.797158
1 4 0.559232
1 5 0.597892
1 6 0.992976
1 7 0.513423
1 8 0.553875
1 9 0.613197
1 10 0.508984
1 11 0.670917
1 12 0.589249
1 13 0.618533
1 14 0.716010
1 15 0.468565
1 16 0.575024
1 17 0.797158
1 18 0.683297
1 19 0.500002
1 20 0.597267
1 21 0.901790
1 22 0.563909
1 23 0.842330
1 24 0.625493
1 25 0.529500
2 1 0.795620
2 2 1.000000
2 3 0.977845
2 4 0.715387
2 5 0.783661
2 6 0.999961
2 7 0.648072
2 8 0.731148
2 9 0.802785
2 10 0.621610
2 11 0.862476
2 12 0.775297
2 13 0.793514
2 14 0.932916
2 15 0.855900
2 16 0.979524
2 17 0.977845
2 18 0.948162
2 19 0.500008
2 20 0.976722
2 21 0.996719
2 22 0.606533
2 23 0.996062
2 24 0.817884
2 25 0.724466
2 26 0.974593
3 1 0.797158
3 2 0.977845
3 3 0.996064
3 4 0.715504
3 5 0.793800
3 6 1.000000
3 7 0.552747
3 8 0.723579
3 9 0.824376
3 10 0.540174
3 11 0.923400
3 12 0.753216
3 13 0.832795
3 14 0.940909
3 15 0.373730
3 16 0.758689
3 18 0.909212
3 19 0.500005
3 20 0.801033
3 21 0.999358
3 22 0.761590
3 23 0.998782
3 24 0.842027
3 25 0.582282
4 1 0.559232
4 2 0.715387
4 3 0.715504
4 4 0.550770
4 5 0.555450
4 6 0.956631
4 7 0.513504
4 8 0.528420
4 9 0.565545
4 10 0.515725
4 11 0.599959
4 12 0.555609
4 13 0.567680
4 14 0.624291
4 15 0.500270
4 16 0.557507
4 17 0.715504
4 18 0.593751
4 19 0.500001
4 20 0.561690
4 21 0.784333
4 23 0.755845
4 24 0.569605
4 25 0.517505
5 1 0.597892
5 2 0.783661
5 3 0.793800
5 4 0.555450
5 5 0.596177
5 6 0.990867
5 7 0.518140
5 8 0.554173
5 9 0.608032
5 10 0.509346
5 11 0.664144
5 12 0.578560
5 13 0.611619
5 14 0.706377
5 15 0.480189
5 16 0.596894
5 17 0.793800
5 18 0.668966
5 19 0.500002
5 20 0.598533
5 21 0.884687
5 22 0.565053
5 23 0.834565
5 24 0.617917
5 25 0.528193
6 1 0.992976
6 2 0.999961
6 3 1.000000
6 4 0.956631
6 5 0.990867
6 6 1.000000
6 7 0.654755
6 8 0.839171
6 9 0.995306
6 10 0.608786
6 11 0.999869
6 12 0.980259
6 13 0.996615
6 14 0.999974
6 15 0.071056
6 16 0.914717
6 17 1.000000
6 18 0.999710
6 19 0.500015
6 20 0.827152
6 21 1.000000
6 22 0.981051
6 23 1.000000
6 24 0.997484
6 25 0.743121
6 26 0.999998
7 1 0.513423
7 2 0.648072
7 3 0.552747
7 4 0.513504
7 5 0.518140
7 6 0.654755
7 7 0.521244
7 8 0.506139
7 9 0.518127
7 10 0.514241
7 11 0.519956
7 12 0.499653
7 13 0.513619
7 14 0.545870
7 15 0.564050
7 16 0.604030
7 17 0.552747
7 18 0.508976
7 19 0.500000
7 20 0.553056
7 21 0.507542
7 22 0.510813
7 23 0.537887
7 24 0.512130
7 25 0.511367
7 26 0.534499
8 1 0.553875
8 2 0.731148
8 3 0.723579
8 4 0.528420
8 5 0.554173
8 6 0.839171
8 7 0.506139
8 8 0.621659
8 9 0.566402
8 10 0.505814
8 11 0.594391
8 12 0.558527
8 13 0.569617
8 14 0.593763
8 15 0.526967
8 16 0.615239
8 17 0.723579
8 18 0.608572
8 19 0.500002
8 20 0.672130
8 21 0.773364
8 22 0.537385
8 23 0.867320
8 24 0.568251
8 25 0.522953
8 26 0.650527
9 1 0.613197
9 2 0.802785
9 3 0.824376
9 4 0.565545
9 5 0.608032
9 6 0.995306
9 7 0.518127
9 8 0.566402
9 9 0.627624
9 10 0.510338
9 11 0.686009
9 12 0.591883
9 13 0.630778
9 14 0.741396
9 15 0.480094
9 16 0.592329
9 17 0.824376
9 18 0.693517
9 19 0.500002
9 20 0.626115
9 21 0.902639
9 22 0.569506
9 23 0.877762
9 24 0.637439
9 25 0.531449
10 1 0.508984
10 2 0.621610
10 3 0.540174
10 4 0.515725
10 5 0.509346
10 6 0.608786
10 7 0.514241
10 8 0.505814
10 9 0.510338
10 10 0.521448
10 11 0.509859
10 12 0.497715
10 13 0.509253
10 14 0.529328
10 15 0.560471
10 16 0.594393
10 17 0.540174
10 18 0.496721
10 19 0.500000
10 20 0.552441
10 21 0.505408
10 22 0.510187
10 23 0.533457
10 24 0.505227
10 25 0.509123
10 26 0.515552
11 1 0.670917
11 2 0.862476
11 3 0.923400
11 4 0.599959
11 5 0.664144
11 6 0.999869
11 7 0.519956
11 8 0.594391
11 9 0.686009
11 10 0.509859
11 11 0.779424
11 12 0.643890
11 13 0.695313
11 14 0.817935
11 15 0.419741
11 16 0.604710
11 17 0.923400
11 18 0.778036
11 19 0.500003
11 20 0.620353
11 21 0.979286
11 22 0.622355
11 23 0.945251
11 24 0.704638
11 25 0.544567
12 1 0.589249
12 2 0.775297
12 3 0.753216
12 4 0.555609
12 5 0.578560
12 6 0.980259
12 7 0.499653
12 8 0.558527
12 9 0.591883
12 10 0.497715
12 11 0.643890
12 12 0.623437
12 13 0.601952
12 14 0.657055
12 15 0.436816
12 16 0.495608
12 17 0.753216
12 18 0.681530
12 19 0.500002
12 20 0.555676
12 21 0.934872
12 22 0.550603
12 23 0.856362
12 24 0.608213
12 25 0.526957
12 26 0.722700
13 1 0.618533
13 2 0.793514
13 3 0.832795
13 4 0.567680
13 5 0.611619
13 6 0.996615
13 7 0.513619
13 8 0.569617
13 9 0.630778
13 10 0.509253
13 11 0.695313
13 12 0.601952
13 13 0.637414
13 14 0.745185
13 15 0.463925
13 16 0.581433
13 17 0.832795
13 18 0.703133
13 19 0.500002
13 20 0.612221
13 21 0.926578
13 22 0.575732
13 23 0.883074
13 24 0.643540
13 25 0.531945
14 1 0.716010
14 2 0.932916
14 3 0.940909
14 4 0.624291
14 5 0.706377
14 6 0.999974
14 7 0.545870
14 8 0.593763
14 9 0.741396
14 10 0.529328
14 11 0.817935
14 12 0.657055
14 13 0.745185
14 14 0.924575
14 15 0.510463
14 16 0.710368
14 17 0.940909
14 18 0.827364
14 19 0.500004
14 20 0.742001
14 21 0.978261
14 22 0.620643
14 23 0.962965
14 24 0.757288
14 25 0.559246
15 1 0.468565
15 2 0.855900
15 3 0.373730
15 4 0.500270
15 5 0.480189
15 6 0.071056
15 7 0.564050
15 8 0.526967
15 9 0.480094
15 10 0.560471
15 11 0.419741
15 12 0.436816
15 13 0.463925
15 14 0.510463
15 15 0.827867
15 16 0.835986
15 17 0.373730
15 18 0.384380
15 19 0.499999
15 20 0.714448
15 21 0.148757
15 22 0.465922
15 23 0.370974
15 24 0.443207
15 25 0.536968
15 26 0.410549
16 1 0.575024
16 2 0.979524
16 3 0.758689
16 4 0.557507
16 5 0.596894
16 6 0.914717
16 7 0.604030
16 8 0.615239
16 9 0.592329
16 10 0.594393
16 11 0.604710
16 12 0.495608
16 13 0.581433
16 14 0.710368
16 15 0.835986
16 16 0.948945
16 17 0.758689
16 18 0.556929
16 19 0.500001
16 20 0.833099
16 21 0.633322
16 22 0.553467
16 23 0.764746
16 24 0.562319
16 25 0.577258
16 26 0.682376
17 1 0.797158
17 2 0.977845
17 4 0.715504
17 5 0.793800
17 6 1.000000
17 7 0.552747
17 8 0.723579
17 9 0.824376
17 10 0.540174
17 11 0.923400
17 12 0.753216
17 13 0.832795
17 14 0.940909
17 15 0.373730
17 16 0.758689
17 17 0.996064
17 18 0.909212
17 19 0.500005
17 20 0.801033
17 21 0.999358
17 22 0.761590
17 23 0.998782
17 24 0.842027
17 25 0.582282
17 26 0.975450
18 1 0.683297
18 2 0.948162
18 3 0.909212
18 4 0.593751
18 5 0.668966
18 6 0.999710
18 7 0.508976
18 8 0.608572
18 9 0.693517
18 10 0.496721
18 11 0.778036
18 12 0.681530
18 13 0.703133
18 14 0.827364
18 15 0.384380
18 16 0.556929
18 17 0.909212
18 18 0.832462
18 19 0.500004
18 20 0.685126
18 21 0.986564
18 22 0.594293
18 23 0.962554
18 24 0.721972
18 25 0.554396
19 1 0.500002
19 2 0.500008
19 3 0.500005
19 4 0.500001
19 5 0.500002
19 6 0.500015
19 7 0.500000
19 8 0.500002
19 9 0.500002
19 10 0.500000
19 11 0.500003
19 12 0.500002
19 13 0.500002
19 14 0.500004
19 15 0.499999
19 16 0.500001
19 17 0.500005
19 18 0.500004
19 19 0.500000
19 20 0.500004
19 21 0.500012
19 22 0.500001
19 23 0.500011
19 24 0.500002
19 25 0.500000
19 26 0.500005
20 1 0.597267
20 2 0.976722
20 3 0.801033
20 4 0.561690
20 5 0.598533
20 6 0.827152
20 7 0.553056
20 8 0.672130
20 9 0.626115
20 10 0.552441
20 11 0.620353
20 12 0.555676
20 13 0.612221
20 14 0.742001
20 15 0.714448
20 16 0.833099
20 17 0.801033
20 18 0.685126
20 19 0.500004
20 20 0.906423
20 21 0.668386
20 22 0.538389
20 23 0.960635
20 24 0.616422
20 25 0.556920
20 26 0.758279
21 1 0.901790
21 2 0.996719
21 3 0.999358
21 4 0.784333
21 5 0.884687
21 6 1.000000
21 7 0.507542
21 8 0.773364
21 9 0.902639
21 10 0.505408
21 11 0.979286
21 12 0.934872
21 13 0.926578
21 14 0.978261
21 15 0.148757
21 16 0.633322
21 17 0.999358
21 18 0.986564
21 19 0.500012
21 20 0.668386
21 21 1.000000
21 22 0.833515
21 23 0.999928
21 24 0.933530
21 25 0.643622
21 26 0.997130
22 1 0.563909
22 2 0.606533
22 3 0.761590
22 5 0.565053
22 6 0.981051
22 7 0.510813
22 8 0.537385
22 9 0.569506
22 10 0.510187
22 11 0.622355
22 12 0.550603
22 13 0.575732
22 14 0.620643
22 15 0.465922
22 16 0.553467
22 17 0.761590
22 18 0.594293
22 19 0.500001
22 20 0.538389
22 21 0.833515
22 22 0.583686
22 23 0.754580
22 24 0.577063
22 25 0.511028
22 26 0.666078
23 1 0.842330
23 2 0.996062
23 3 0.998782
23 4 0.755845
23 5 0.834565
23 6 1.000000
23 7 0.537887
23 8 0.867320
23 9 0.877762
23 10 0.533457
23 11 0.945251
23 12 0.856362
23 13 0.883074
23 14 0.962965
23 15 0.370974
23 16 0.764746
23 17 0.998782
23 18 0.962554
23 19 0.500011
23 20 0.960635
23 21 0.999928
23 22 0.754580
23 23 0.999994
23 24 0.891317
23 25 0.612423
23 26 0.989276
24 1 0.625493
24 2 0.817884
24 3 0.842027
24 4 0.569605
24 5 0.617917
24 6 0.997484
24 7 0.512130
24 8 0.568251
24 9 0.637439
24 10 0.505227
24 11 0.704638
24 12 0.608213
24 13 0.643540
24 14 0.757288
24 15 0.443207
24 16 0.562319
24 17 0.842027
24 18 0.721972
24 19 0.500002
24 20 0.616422
24 21 0.933530
24 22 0.577063
24 23 0.891317
24 24 0.653660
24 25 0.532059
25 1 0.529500
25 2 0.724466
25 3 0.582282
25 4 0.517505
25 5 0.528193
25 6 0.743121
25 7 0.511367
25 8 0.522953
25 9 0.531449
25 10 0.509123
25 11 0.544567
25 12 0.526957
25 13 0.531945
25 14 0.559246
25 15 0.536968
25 16 0.577258
25 17 0.582282
25 18 0.554396
25 19 0.500000
25 20 0.556920
25 21 0.643622
25 22 0.511028
25 23 0.612423
25 24 0.532059
25 25 0.518753
26 2 0.974593
26 6 0.999998
26 7 0.534499
26 8 0.650527
26 10 0.515552
26 12 0.722700
26 15 0.410549
26 16 0.682376
26 17 0.975450
26 19 0.500005
26 20 0.758279
26 21 0.997130
26 22 0.666078
26 23 0.989276
26 26 0.960093
