1 26 0.790660
3 17 0.759076
3 26 0.892508
4 22 0.553281
4 26 0.776756
5 26 0.817814
9 26 0.826559
11 26 0.928487
13 26 0.826285
14 26 0.952551
17 3 0.759076
18 26 0.937166
22 4 0.553281
24 26 0.764003
25 26 0.828625
26 1 0.790660
26 3 0.892508
26 4 0.776756
26 5 0.817814
26 9 0.826559
26 11 0.928487
26 13 0.826285
26 14 0.952551
26 18 0.937166
26 24 0.764003
26 25 0.828625
1 1 0.614964
1 2 0.957712
1 3 0.666101
1 4 0.606395
1 5 0.628069
1 6 0.874709
1 7 0.537212
1 8 0.604731
1 9 0.631253
1 10 0.524731
1 11 0.699123
1 12 0.560662
1 13 0.633593
1 14 0.720691
1 15 0.688319
1 16 0.720023
1 17 0.629128
1 18 0.717470
1 19 0.500002
1 20 0.693093
1 21 0.828865
1 22 0.552029
1 23 0.813722
1 24 0.585249
1 25 0.634867
2 1 0.957712
2 2 1.000000
2 3 0.991935
2 4 0.945293
2 5 0.968727
2 6 0.999999
2 7 0.760868
2 8 0.961031
2 9 0.976884
2 10 0.681058
2 11 0.995200
2 12 0.852386
2 13 0.973362
2 14 0.997787
2 15 0.994982
2 16 0.999719
2 17 0.979461
2 18 0.998222
2 19 0.500014
2 20 0.996081
2 21 0.999991
2 22 0.853895
2 23 0.999964
2 24 0.934520
2 25 0.973331
2 26 0.999890
3 1 0.666101
3 2 0.991935
3 3 0.795498
3 4 0.667495
3 5 0.694112
3 6 0.972440
3 7 0.548265
3 8 0.662480
3 9 0.705803
3 10 0.548345
3 11 0.831863
3 12 0.628452
3 13 0.700422
3 14 0.841389
3 15 0.818962
3 16 0.832328
3 18 0.803278
3 19 0.500005
3 20 0.838211
3 21 0.932758
3 22 0.610086
3 23 0.894561
3 24 0.670201
3 25 0.697262
4 1 0.606395
4 2 0.945293
4 3 0.667495
4 4 0.601710
4 5 0.620864
4 6 0.870865
4 7 0.532543
4 8 0.599612
4 9 0.624632
4 10 0.524648
4 11 0.700174
4 12 0.564260
4 13 0.626337
4 14 0.714044
4 15 0.686588
4 16 0.712170
4 17 0.634236
4 18 0.702540
4 19 0.500002
4 20 0.700289
4 21 0.816499
4 23 0.790269
4 24 0.585299
4 25 0.626404
5 1 0.628069
5 2 0.968727
5 3 0.694112
5 4 0.620864
5 5 0.647385
5 6 0.898240
5 7 0.543737
5 8 0.612652
5 9 0.646717
5 10 0.527524
5 11 0.727138
5 12 0.575118
5 13 0.651162
5 14 0.748022
5 15 0.721229
5 16 0.730228
5 17 0.653395
5 18 0.746614
5 19 0.500002
5 20 0.721525
5 21 0.870544
5 22 0.551863
5 23 0.838769
5 24 0.597048
5 25 0.652012
6 1 0.874709
6 2 0.999999
6 3 0.972440
6 4 0.870865
6 5 0.898240
6 6 0.999999
6 7 0.629563
6 8 0.903259
6 9 0.910902
6 10 0.638895
6 11 0.991365
6 12 0.783717
6 13 0.917395
6 14 0.996610
6 15 0.943096
6 16 0.980579
6 17 0.948105
6 18 0.975248
6 19 0.500024
6 20 0.995871
6 21 0.997632
6 22 0.891224
6 23 0.994515
6 24 0.902135
6 25 0.914833
6 26 0.997684
7 1 0.537212
7 2 0.760868
7 3 0.548265
7 4 0.532543
7 5 0.543737
7 6 0.629563
7 7 0.522022
7 8 0.533801
7 9 0.541329
7 10 0.506172
7 11 0.543528
7 12 0.518541
7 13 0.543094
7 14 0.556048
7 15 0.554631
7 16 0.581920
7 17 0.534734
7 18 0.583669
7 19 0.500000
7 20 0.546565
7 21 0.658953
7 22 0.509786
7 23 0.623633
7 24 0.520285
7 25 0.543681
7 26 0.600710
8 1 0.604731
8 2 0.961031
8 3 0.662480
8 4 0.599612
8 5 0.612652
8 6 0.903259
8 7 0.533801
8 8 0.655443
8 9 0.623567
8 10 0.527293
8 11 0.702027
8 12 0.560522
8 13 0.621639
8 14 0.709414
8 15 0.668819
8 16 0.760504
8 17 0.633520
8 18 0.690122
8 19 0.500005
8 20 0.727809
8 21 0.805453
8 22 0.592420
8 23 0.818465
8 24 0.598531
8 25 0.619799
8 26 0.775648
9 1 0.631253
9 2 0.976884
9 3 0.705803
9 4 0.624632
9 5 0.646717
9 6 0.910902
9 7 0.541329
9 8 0.623567
9 9 0.660797
9 10 0.533784
9 11 0.734331
9 12 0.583917
9 13 0.651610
9 14 0.745983
9 15 0.750524
9 16 0.786179
9 17 0.669490
9 18 0.746909
9 19 0.500003
9 20 0.720022
9 21 0.874914
9 22 0.578573
9 23 0.852797
9 24 0.612374
9 25 0.651355
10 1 0.524731
10 2 0.681058
10 3 0.548345
10 4 0.524648
10 5 0.527524
10 6 0.638895
10 7 0.506172
10 8 0.527293
10 9 0.533784
10 10 0.511298
10 11 0.561506
10 12 0.520823
10 13 0.529446
10 14 0.563546
10 15 0.552275
10 16 0.576156
10 17 0.542087
10 18 0.540926
10 19 0.500001
10 20 0.560827
10 21 0.569110
10 22 0.528805
10 23 0.581613
10 24 0.533501
10 25 0.528792
10 26 0.576250
11 1 0.699123
11 2 0.995200
11 3 0.831863
11 4 0.700174
11 5 0.727138
11 6 0.991365
11 7 0.543528
11 8 0.702027
11 9 0.734331
11 10 0.561506
11 11 0.908729
11 12 0.650945
11 13 0.741550
11 14 0.904204
11 15 0.825558
11 16 0.836546
11 17 0.790200
11 18 0.823542
11 19 0.500007
11 20 0.898616
11 21 0.929725
11 22 0.662174
11 23 0.932993
11 24 0.716117
11 25 0.739242
12 1 0.560662
12 2 0.852386
12 3 0.628452
12 4 0.564260
12 5 0.575118
12 6 0.783717
12 7 0.518541
12 8 0.560522
12 9 0.583917
12 10 0.520823
12 11 0.650945
12 12 0.571625
12 13 0.575403
12 14 0.620868
12 15 0.668841
12 16 0.689936
12 17 0.612786
12 18 0.632761
12 19 0.500002
12 20 0.646977
12 21 0.780128
12 22 0.547425
12 23 0.703136
12 24 0.565581
12 25 0.571979
12 26 0.679769
13 1 0.633593
13 2 0.973362
13 3 0.700422
13 4 0.626337
13 5 0.651162
13 6 0.917395
13 7 0.543094
13 8 0.621639
13 9 0.651610
13 10 0.529446
13 11 0.741550
13 12 0.575403
13 13 0.659627
13 14 0.761759
13 15 0.699996
13 16 0.743046
13 17 0.658203
13 18 0.745137
13 19 0.500002
13 20 0.747311
13 21 0.853484
13 22 0.558738
13 23 0.828676
13 24 0.602142
13 25 0.659942
14 1 0.720691
14 2 0.997787
14 3 0.841389
14 4 0.714044
14 5 0.748022
14 6 0.996610
14 7 0.556048
14 8 0.709414
14 9 0.745983
14 10 0.563546
14 11 0.904204
14 12 0.620868
14 13 0.761759
14 14 0.960292
14 15 0.826638
14 16 0.719836
14 17 0.787237
14 18 0.848518
14 19 0.500010
14 20 0.912982
14 21 0.921491
14 22 0.697445
14 23 0.917771
14 24 0.747212
14 25 0.766059
15 1 0.688319
15 2 0.994982
15 3 0.818962
15 4 0.686588
15 5 0.721229
15 6 0.943096
15 7 0.554631
15 8 0.668819
15 9 0.750524
15 10 0.552275
15 11 0.825558
15 12 0.668841
15 13 0.699996
15 14 0.826638
15 15 0.962583
15 16 0.886293
15 17 0.784514
15 18 0.873640
15 19 0.500010
15 20 0.728145
15 21 0.989400
15 22 0.618404
15 23 0.976503
15 24 0.677464
15 25 0.700998
15 26 0.920833
16 1 0.720023
16 2 0.999719
16 3 0.832328
16 4 0.712170
16 5 0.730228
16 6 0.980579
16 7 0.581920
16 8 0.760504
16 9 0.786179
16 10 0.576156
16 11 0.836546
16 12 0.689936
16 13 0.743046
16 14 0.719836
16 15 0.886293
16 16 0.988977
16 17 0.807165
16 18 0.873805
16 19 0.500007
16 20 0.839776
16 21 0.989472
16 22 0.660036
16 23 0.976334
16 24 0.694544
16 25 0.733935
16 26 0.937749
17 1 0.629128
17 2 0.979461
17 4 0.634236
17 5 0.653395
17 6 0.948105
17 7 0.534734
17 8 0.633520
17 9 0.669490
17 10 0.542087
17 11 0.790200
17 12 0.612786
17 13 0.658203
17 14 0.787237
17 15 0.784514
17 16 0.807165
17 17 0.732279
17 18 0.747601
17 19 0.500005
17 20 0.796951
17 21 0.897769
17 22 0.599930
17 23 0.846940
17 24 0.649868
17 25 0.653828
17 26 0.842126
18 1 0.717470
18 2 0.998222
18 3 0.803278
18 4 0.702540
18 5 0.746614
18 6 0.975248
18 7 0.583669
18 8 0.690122
18 9 0.746909
18 10 0.540926
18 11 0.823542
18 12 0.632761
18 13 0.745137
18 14 0.848518
18 15 0.873640
18 16 0.873805
18 17 0.747601
18 18 0.896495
18 19 0.500004
18 20 0.802799
18 21 0.986779
18 22 0.579655
18 23 0.964958
18 24 0.659906
18 25 0.747199
19 1 0.500002
19 2 0.500014
19 3 0.500005
19 4 0.500002
19 5 0.500002
19 6 0.500024
19 7 0.500000
19 8 0.500005
19 9 0.500003
19 10 0.500001
19 11 0.500007
19 12 0.500002
19 13 0.500002
19 14 0.500010
19 15 0.500010
19 16 0.500007
19 17 0.500005
19 18 0.500004
19 19 0.500000
19 20 0.500008
19 21 0.500012
19 22 0.500009
19 23 0.500012
19 24 0.500006
19 25 0.500002
19 26 0.500009
20 1 0.693093
20 2 0.996081
20 3 0.838211
20 4 0.700289
20 5 0.721525
20 6 0.995871
20 7 0.546565
20 8 0.727809
20 9 0.720022
20 10 0.560827
20 11 0.898616
20 12 0.646977
20 13 0.747311
20 14 0.912982
20 15 0.728145
20 16 0.839776
20 17 0.796951
20 18 0.802799
20 19 0.500008
20 20 0.959624
20 21 0.832611
20 22 0.660679
20 23 0.849128
20 24 0.711071
20 25 0.743135
20 26 0.922215
21 1 0.828865
21 2 0.999991
21 3 0.932758
21 4 0.816499
21 5 0.870544
21 6 0.997632
21 7 0.658953
21 8 0.805453
21 9 0.874914
21 10 0.569110
21 11 0.929725
21 12 0.780128
21 13 0.853484
21 14 0.921491
21 15 0.989400
21 16 0.989472
21 17 0.897769
21 18 0.986779
21 19 0.500012
21 20 0.832611
21 21 0.999991
21 22 0.630741
21 23 0.999206
21 24 0.770043
21 25 0.851718
21 26 0.992344
22 1 0.552029
22 2 0.853895
22 3 0.610086
22 5 0.551863
22 6 0.891224
22 7 0.509786
22 8 0.592420
22 9 0.578573
22 10 0.528805
22 11 0.662174
22 12 0.547425
22 13 0.558738
22 14 0.697445
22 15 0.618404
22 16 0.660036
22 17 0.599930
22 18 0.579655
22 19 0.500009
22 20 0.660679
22 21 0.630741
22 22 0.667281
22 23 0.694340
22 24 0.619914
22 25 0.560682
22 26 0.685620
23 1 0.813722
23 2 0.999964
23 3 0.894561
23 4 0.790269
23 5 0.838769
23 6 0.994515
23 7 0.623633
23 8 0.818465
23 9 0.852797
23 10 0.581613
23 11 0.932993
23 12 0.703136
23 13 0.828676
23 14 0.917771
23 15 0.976503
23 16 0.976334
23 17 0.846940
23 18 0.964958
23 19 0.500012
23 20 0.849128
23 21 0.999206
23 22 0.694340
23 23 0.999149
23 24 0.770743
23 25 0.834171
23 26 0.986372
24 1 0.585249
24 2 0.934520
24 3 0.670201
24 4 0.585299
24 5 0.597048
24 6 0.902135
24 7 0.520285
24 8 0.598531
24 9 0.612374
24 10 0.533501
24 11 0.716117
24 12 0.565581
24 13 0.602142
24 14 0.747212
24 15 0.677464
24 16 0.694544
24 17 0.649868
24 18 0.659906
24 19 0.500006
24 20 0.711071
24 21 0.770043
24 22 0.619914
24 23 0.770743
24 24 0.639562
24 25 0.602791
25 1 0.634867
25 2 0.973331
25 3 0.697262
25 4 0.626404
25 5 0.652012
25 6 0.914833
25 7 0.543681
25 8 0.619799
25 9 0.651355
25 10 0.528792
25 11 0.739242
25 12 0.571979
25 13 0.659942
25 14 0.766059
25 15 0.700998
25 16 0.733935
25 17 0.653828
25 18 0.747199
25 19 0.500002
25 20 0.743135
25 21 0.851718
25 22 0.560682
25 23 0.834171
25 24 0.602791
25 25 0.661560
26 2 0.999890
26 6 0.997684
26 7 0.600710
26 8 0.775648
26 10 0.576250
26 12 0.679769
26 15 0.920833
26 16 0.937749
26 17 0.842126
26 19 0.500009
26 20 0.922215
26 21 0.992344
26 22 0.685620
26 23 0.986372
26 26 0.980984
