1 26 0.709791
3 17 0.681813
3 26 0.778508
4 22 0.513769
4 26 0.468966
5 26 0.562721
9 26 0.729277
11 26 0.772738
13 26 0.730316
14 26 0.901953
17 3 0.681813
18 26 0.803531
22 4 0.513769
24 26 0.710833
25 26 0.559577
26 1 0.709791
26 3 0.778508
26 4 0.468966
26 5 0.562721
26 9 0.729277
26 11 0.772738
26 13 0.730316
26 14 0.901953
26 18 0.803531
26 24 0.710833
26 25 0.559577
1 1 0.594461
1 2 0.629372
1 3 0.626690
1 4 0.487661
1 5 0.529519
1 6 0.799596
1 7 0.518574
1 8 0.543207
1 9 0.605162
1 10 0.512102
1 11 0.609633
1 12 0.551545
1 13 0.603550
1 14 0.716543
1 15 0.580290
1 16 0.571463
1 17 0.584313
1 18 0.636302
1 19 0.500001
1 20 0.640654
1 21 0.572913
1 22 0.548654
1 23 0.560377
1 24 0.594628
1 25 0.518790
2 1 0.629372
2 2 0.993630
2 3 0.593037
2 4 0.482309
2 5 0.566298
2 6 0.643182
2 7 0.448885
2 8 0.620747
2 9 0.570640
2 10 0.475437
2 11 0.728377
2 12 0.608621
2 13 0.631097
2 14 0.699744
2 15 0.765538
2 16 0.433174
2 17 0.557147
2 18 0.692298
2 19 0.500010
2 20 0.727563
2 21 0.985222
2 22 0.691348
2 23 0.782118
2 24 0.598433
2 25 0.603738
2 26 0.775606
3 1 0.626690
3 2 0.593037
3 3 0.722923
3 4 0.461126
3 5 0.574315
3 6 0.940359
3 7 0.527294
3 8 0.618081
3 9 0.644361
3 10 0.522459
3 11 0.632362
3 12 0.593613
3 13 0.634219
3 14 0.776777
3 15 0.633294
3 16 0.692919
3 18 0.685226
3 19 0.500001
3 20 0.678315
3 21 0.640156
3 22 0.526030
3 23 0.670532
3 24 0.637761
3 25 0.510157
4 1 0.487661
4 2 0.482309
4 3 0.461126
4 4 0.539607
4 5 0.488625
4 6 0.449010
4 7 0.503077
4 8 0.474674
4 9 0.494410
4 10 0.495601
4 11 0.536360
4 12 0.466794
4 13 0.489524
4 14 0.481790
4 15 0.487161
4 16 0.450535
4 17 0.457700
4 18 0.493679
4 19 0.500001
4 20 0.508048
4 21 0.371022
4 23 0.477015
4 24 0.484180
4 25 0.513658
5 1 0.529519
5 2 0.566298
5 3 0.574315
5 4 0.488625
5 5 0.562090
5 6 0.746282
5 7 0.504394
5 8 0.558126
5 9 0.536182
5 10 0.509720
5 11 0.497101
5 12 0.518174
5 13 0.523738
5 14 0.569956
5 15 0.595195
5 16 0.603226
5 17 0.566566
5 18 0.527914
5 19 0.500001
5 20 0.536555
5 21 0.562348
5 22 0.502917
5 23 0.629702
5 24 0.534880
5 25 0.482774
6 1 0.799596
6 2 0.643182
6 3 0.940359
6 4 0.449010
6 5 0.746282
6 6 0.999994
6 7 0.580276
6 8 0.831010
6 9 0.837518
6 10 0.586655
6 11 0.782346
6 12 0.726322
6 13 0.816293
6 14 0.970455
6 15 0.915247
6 16 0.953495
6 17 0.898847
6 18 0.906204
6 19 0.500003
6 20 0.889557
6 21 0.757970
6 22 0.647168
6 23 0.959954
6 24 0.835338
6 25 0.521510
6 26 0.968064
7 1 0.518574
7 2 0.448885
7 3 0.527294
7 4 0.503077
7 5 0.504394
7 6 0.580276
7 7 0.514520
7 8 0.496130
7 9 0.528716
7 10 0.506214
7 11 0.525582
7 12 0.499988
7 13 0.521360
7 14 0.559377
7 15 0.498412
7 16 0.524679
7 17 0.515758
7 18 0.523576
7 19 0.500000
7 20 0.524936
7 21 0.411386
7 22 0.503397
7 23 0.479936
7 24 0.519272
7 25 0.500330
7 26 0.543586
8 1 0.543207
8 2 0.620747
8 3 0.618081
8 4 0.474674
8 5 0.558126
8 6 0.831010
8 7 0.496130
8 8 0.620030
8 9 0.541472
8 10 0.504429
8 11 0.553517
8 12 0.561533
8 13 0.540315
8 14 0.574730
8 15 0.617095
8 16 0.626755
8 17 0.614621
8 18 0.580493
8 19 0.500002
8 20 0.571890
8 21 0.748844
8 22 0.491335
8 23 0.702608
8 24 0.551001
8 25 0.508316
8 26 0.612825
9 1 0.605162
9 2 0.570640
9 3 0.644361
9 4 0.494410
9 5 0.536182
9 6 0.837518
9 7 0.528716
9 8 0.541472
9 9 0.626607
9 10 0.517861
9 11 0.620771
9 12 0.546270
9 13 0.615083
9 14 0.748739
9 15 0.577542
9 16 0.591014
9 17 0.594496
9 18 0.646075
9 19 0.500001
9 20 0.652031
9 21 0.478641
9 22 0.547927
9 23 0.555697
9 24 0.607117
9 25 0.511285
10 1 0.512102
10 2 0.475437
10 3 0.522459
10 4 0.495601
10 5 0.509720
10 6 0.586655
10 7 0.506214
10 8 0.504429
10 9 0.517861
10 10 0.506917
10 11 0.498895
10 12 0.504385
10 13 0.512733
10 14 0.540714
10 15 0.509138
10 16 0.529226
10 17 0.516367
10 18 0.511110
10 19 0.500000
10 20 0.507483
10 21 0.472263
10 22 0.504743
10 23 0.506287
10 24 0.514207
10 25 0.492416
10 26 0.529437
11 1 0.609633
11 2 0.728377
11 3 0.632362
11 4 0.536360
11 5 0.497101
11 6 0.782346
11 7 0.525582
11 8 0.553517
11 9 0.620771
11 10 0.498895
11 11 0.802264
11 12 0.563234
11 13 0.631012
11 14 0.746055
11 15 0.523276
11 16 0.494282
11 17 0.583518
11 18 0.723514
11 19 0.500004
11 20 0.718858
11 21 0.582479
11 22 0.580972
11 23 0.498392
11 24 0.601059
11 25 0.604219
12 1 0.551545
12 2 0.608621
12 3 0.593613
12 4 0.466794
12 5 0.518174
12 6 0.726322
12 7 0.499988
12 8 0.561533
12 9 0.546270
12 10 0.504385
12 11 0.563234
12 12 0.572893
12 13 0.557315
12 14 0.605502
12 15 0.561936
12 16 0.571883
12 17 0.581635
12 18 0.586656
12 19 0.500000
12 20 0.559560
12 21 0.706354
12 22 0.514289
12 23 0.550690
12 24 0.554125
12 25 0.511570
12 26 0.634321
13 1 0.603550
13 2 0.631097
13 3 0.634219
13 4 0.489524
13 5 0.523738
13 6 0.816293
13 7 0.521360
13 8 0.540315
13 9 0.615083
13 10 0.512733
13 11 0.631012
13 12 0.557315
13 13 0.615509
13 14 0.736667
13 15 0.577819
13 16 0.567614
13 17 0.586739
13 18 0.654284
13 19 0.500001
13 20 0.655888
13 21 0.565397
13 22 0.556998
13 23 0.544695
13 24 0.603237
13 25 0.526327
14 1 0.716543
14 2 0.699744
14 3 0.776777
14 4 0.481790
14 5 0.569956
14 6 0.970455
14 7 0.559377
14 8 0.574730
14 9 0.748739
14 10 0.540714
14 11 0.746055
14 12 0.605502
14 13 0.736667
14 14 0.924103
14 15 0.686578
14 16 0.670028
14 17 0.687301
14 18 0.788142
14 19 0.500003
14 20 0.792749
14 21 0.475484
14 22 0.625036
14 23 0.564057
14 24 0.716200
14 25 0.532723
15 1 0.580290
15 2 0.765538
15 3 0.633294
15 4 0.487161
15 5 0.595195
15 6 0.915247
15 7 0.498412
15 8 0.617095
15 9 0.577542
15 10 0.509138
15 11 0.523276
15 12 0.561936
15 13 0.577819
15 14 0.686578
15 15 0.794261
15 16 0.630881
15 17 0.604049
15 18 0.599582
15 19 0.500004
15 20 0.644431
15 21 0.783334
15 22 0.542321
15 23 0.779875
15 24 0.577265
15 25 0.504472
15 26 0.669986
16 1 0.571463
16 2 0.433174
16 3 0.692919
16 4 0.450535
16 5 0.603226
16 6 0.953495
16 7 0.524679
16 8 0.626755
16 9 0.591014
16 10 0.529226
16 11 0.494282
16 12 0.571883
16 13 0.567614
16 14 0.670028
16 15 0.630881
16 16 0.776166
16 17 0.678231
16 18 0.580715
16 19 0.499998
16 20 0.541377
16 21 0.576857
16 22 0.488105
16 23 0.682199
16 24 0.597483
16 25 0.452985
16 26 0.667271
17 1 0.584313
17 2 0.557147
17 4 0.457700
17 5 0.566566
17 6 0.898847
17 7 0.515758
17 8 0.614621
17 9 0.594496
17 10 0.516367
17 11 0.583518
17 12 0.581635
17 13 0.586739
17 14 0.687301
17 15 0.604049
17 16 0.678231
17 17 0.660652
17 18 0.628138
17 19 0.500000
17 20 0.613014
17 21 0.669146
17 22 0.497963
17 23 0.663538
17 24 0.596716
17 25 0.501373
17 26 0.702497
18 1 0.636302
18 2 0.692298
18 3 0.685226
18 4 0.493679
18 5 0.527914
18 6 0.906204
18 7 0.523576
18 8 0.580493
18 9 0.646075
18 10 0.511110
18 11 0.723514
18 12 0.586656
18 13 0.654284
18 14 0.788142
18 15 0.599582
18 16 0.580715
18 17 0.628138
18 18 0.738757
18 19 0.500003
18 20 0.736983
18 21 0.644414
18 22 0.576016
18 23 0.587452
18 24 0.637062
18 25 0.569131
19 1 0.500001
19 2 0.500010
19 3 0.500001
19 4 0.500001
19 5 0.500001
19 6 0.500003
19 7 0.500000
19 8 0.500002
19 9 0.500001
19 10 0.500000
19 11 0.500004
19 12 0.500000
19 13 0.500001
19 14 0.500003
19 15 0.500004
19 16 0.499998
19 17 0.500000
19 18 0.500003
19 19 0.500000
19 20 0.500005
19 21 0.500012
19 22 0.500001
19 23 0.500008
19 24 0.500001
19 25 0.500003
19 26 0.500003
20 1 0.640654
20 2 0.727563
20 3 0.678315
20 4 0.508048
20 5 0.536555
20 6 0.889557
20 7 0.524936
20 8 0.571890
20 9 0.652031
20 10 0.507483
20 11 0.718858
20 12 0.559560
20 13 0.655888
20 14 0.792749
20 15 0.644431
20 16 0.541377
20 17 0.613014
20 18 0.736983
20 19 0.500005
20 20 0.781760
20 21 0.653125
20 22 0.570154
20 23 0.682214
20 24 0.635434
20 25 0.583893
20 26 0.796597
21 1 0.572913
21 2 0.985222
21 3 0.640156
21 4 0.371022
21 5 0.562348
21 6 0.757970
21 7 0.411386
21 8 0.748844
21 9 0.478641
21 10 0.472263
21 11 0.582479
21 12 0.706354
21 13 0.565397
21 14 0.475484
21 15 0.783334
21 16 0.576857
21 17 0.669146
21 18 0.644414
21 19 0.500012
21 20 0.653125
21 21 0.999245
21 22 0.541292
21 23 0.927287
21 24 0.563691
21 25 0.597576
21 26 0.695846
22 1 0.548654
22 2 0.691348
22 3 0.526030
22 5 0.502917
22 6 0.647168
22 7 0.503397
22 8 0.491335
22 9 0.547927
22 10 0.504743
22 11 0.580972
22 12 0.514289
22 13 0.556998
22 14 0.625036
22 15 0.542321
22 16 0.488105
22 17 0.497963
22 18 0.576016
22 19 0.500001
22 20 0.570154
22 21 0.541292
22 22 0.582308
22 23 0.479548
22 24 0.544049
22 25 0.521475
22 26 0.616663
23 1 0.560377
23 2 0.782118
23 3 0.670532
23 4 0.477015
23 5 0.629702
23 6 0.959954
23 7 0.479936
23 8 0.702608
23 9 0.555697
23 10 0.506287
23 11 0.498392
23 12 0.550690
23 13 0.544695
23 14 0.564057
23 15 0.779875
23 16 0.682199
23 17 0.663538
23 18 0.587452
23 19 0.500008
23 20 0.682214
23 21 0.927287
23 22 0.479548
23 23 0.950610
23 24 0.571876
23 25 0.520839
23 26 0.609452
24 1 0.594628
24 2 0.598433
24 3 0.637761
24 4 0.484180
24 5 0.534880
24 6 0.835338
24 7 0.519272
24 8 0.551001
24 9 0.607117
24 10 0.514207
24 11 0.601059
24 12 0.554125
24 13 0.603237
24 14 0.716200
24 15 0.577265
24 16 0.597483
24 17 0.596716
24 18 0.637062
24 19 0.500001
24 20 0.635434
24 21 0.563691
24 22 0.544049
24 23 0.571876
24 24 0.599253
24 25 0.512346
25 1 0.518790
25 2 0.603738
25 3 0.510157
25 4 0.513658
25 5 0.482774
25 6 0.521510
25 7 0.500330
25 8 0.508316
25 9 0.511285
25 10 0.492416
25 11 0.604219
25 12 0.511570
25 13 0.526327
25 14 0.532723
25 15 0.504472
25 16 0.452985
25 17 0.501373
25 18 0.569131
25 19 0.500003
25 20 0.583893
25 21 0.597576
25 22 0.521475
25 23 0.520839
25 24 0.512346
25 25 0.557570
26 2 0.775606
26 6 0.968064
26 7 0.543586
26 8 0.612825
26 10 0.529437
26 12 0.634321
26 15 0.669986
26 16 0.667271
26 17 0.702497
26 19 0.500003
26 20 0.796597
26 21 0.695846
26 22 0.616663
26 23 0.609452
26 26 0.900366
