1 26 0.651270
3 17 0.862300
3 26 0.873548
4 22 0.539813
4 26 0.657272
5 26 0.548315
9 26 0.650008
11 26 0.697349
13 26 0.625247
14 26 0.864533
17 3 0.862300
18 26 0.722633
22 4 0.539813
24 26 0.608872
25 26 0.646145
26 1 0.651270
26 3 0.873548
26 4 0.657272
26 5 0.548315
26 9 0.650008
26 11 0.697349
26 13 0.625247
26 14 0.864533
26 18 0.722633
26 24 0.608872
26 25 0.646145
1 1 0.563562
1 2 0.576381
1 3 0.678256
1 4 0.567113
1 5 0.512922
1 6 0.886332
1 7 0.518702
1 8 0.553350
1 9 0.563996
1 10 0.512244
1 11 0.584036
1 12 0.524536
1 13 0.552148
1 14 0.681619
1 15 0.526257
1 16 0.589996
1 17 0.612109
1 18 0.590051
1 19 0.500002
1 20 0.617050
1 21 0.708535
1 22 0.533672
1 23 0.700337
1 24 0.549452
1 25 0.560709
2 1 0.576381
2 2 0.999997
2 3 0.989408
2 4 0.523038
2 5 0.535088
2 6 0.439250
2 7 0.472176
2 8 0.636399
2 9 0.501223
2 10 0.630416
2 11 0.647746
2 12 0.568695
2 13 0.572500
2 14 0.447345
2 15 0.943375
2 16 0.844894
2 17 0.747057
2 18 0.805267
2 19 0.500008
2 20 0.905809
2 21 0.945520
2 22 0.521562
2 23 0.822872
2 24 0.543351
2 25 0.573534
2 26 0.778202
3 1 0.678256
3 2 0.989408
3 3 0.996452
3 4 0.674039
3 5 0.512244
3 6 0.996230
3 7 0.527093
3 8 0.764330
3 9 0.685059
3 10 0.579722
3 11 0.778795
3 12 0.676342
3 13 0.657083
3 14 0.887227
3 15 0.717767
3 16 0.788474
3 18 0.816401
3 19 0.500008
3 20 0.909180
3 21 0.948413
3 22 0.566534
3 23 0.970064
3 24 0.674160
3 25 0.674141
4 1 0.567113
4 2 0.523038
4 3 0.674039
4 4 0.575221
4 5 0.516919
4 6 0.899564
4 7 0.521939
4 8 0.554974
4 9 0.567914
4 10 0.510958
4 11 0.588425
4 12 0.522064
4 13 0.554720
4 14 0.694533
4 15 0.517394
4 16 0.598871
4 17 0.617569
4 18 0.593073
4 19 0.500002
4 20 0.620976
4 21 0.716047
4 23 0.711952
4 24 0.552019
4 25 0.563282
5 1 0.512922
5 2 0.535088
5 3 0.512244
5 4 0.516919
5 5 0.542110
5 6 0.579642
5 7 0.509964
5 8 0.514163
5 9 0.513574
5 10 0.508906
5 11 0.508599
5 12 0.515401
5 13 0.509953
5 14 0.539027
5 15 0.528668
5 16 0.561673
5 17 0.496255
5 18 0.512581
5 19 0.500001
5 20 0.558650
5 21 0.590442
5 22 0.518126
5 23 0.542228
5 24 0.507405
5 25 0.512461
6 1 0.886332
6 2 0.439250
6 3 0.996230
6 4 0.899564
6 5 0.579642
6 6 1.000000
6 7 0.676419
6 8 0.860688
6 9 0.888805
6 10 0.546550
6 11 0.938082
6 12 0.698173
6 13 0.840606
6 14 0.997862
6 15 0.415878
6 16 0.922307
6 17 0.971661
6 18 0.911856
6 19 0.500018
6 20 0.974958
6 21 0.996221
6 22 0.749872
6 23 0.999074
6 24 0.867850
6 25 0.871291
6 26 0.990934
7 1 0.518702
7 2 0.472176
7 3 0.527093
7 4 0.521939
7 5 0.509964
7 6 0.676419
7 7 0.514501
7 8 0.514924
7 9 0.518076
7 10 0.499232
7 11 0.522515
7 12 0.509254
7 13 0.516178
7 14 0.565652
7 15 0.498756
7 16 0.534833
7 17 0.524724
7 18 0.513958
7 19 0.500000
7 20 0.523726
7 21 0.545250
7 22 0.513121
7 23 0.541095
7 24 0.513099
7 25 0.516587
7 26 0.545125
8 1 0.553350
8 2 0.636399
8 3 0.764330
8 4 0.554974
8 5 0.514163
8 6 0.860688
8 7 0.514924
8 8 0.593495
8 9 0.554991
8 10 0.529458
8 11 0.576520
8 12 0.554937
8 13 0.542833
8 14 0.652847
8 15 0.574398
8 16 0.604472
8 17 0.646512
8 18 0.597622
8 19 0.500004
8 20 0.685727
8 21 0.724344
8 22 0.524316
8 23 0.755560
8 24 0.538132
8 25 0.550735
8 26 0.632510
9 1 0.563996
9 2 0.501223
9 3 0.685059
9 4 0.567914
9 5 0.513574
9 6 0.888805
9 7 0.518076
9 8 0.554991
9 9 0.576303
9 10 0.505559
9 11 0.580257
9 12 0.533927
9 13 0.554673
9 14 0.695504
9 15 0.525125
9 16 0.580123
9 17 0.604674
9 18 0.574674
9 19 0.500002
9 20 0.602347
9 21 0.725662
9 22 0.532106
9 23 0.714864
9 24 0.553652
9 25 0.562893
10 1 0.512244
10 2 0.630416
10 3 0.579722
10 4 0.510958
10 5 0.508906
10 6 0.546550
10 7 0.499232
10 8 0.529458
10 9 0.505559
10 10 0.530841
10 11 0.514415
10 12 0.520693
10 13 0.507865
10 14 0.528943
10 15 0.554033
10 16 0.533623
10 17 0.543367
10 18 0.544082
10 19 0.500003
10 20 0.600273
10 21 0.559466
10 22 0.506349
10 23 0.574531
10 24 0.498690
10 25 0.512417
10 26 0.540670
11 1 0.584036
11 2 0.647746
11 3 0.778795
11 4 0.588425
11 5 0.508599
11 6 0.938082
11 7 0.522515
11 8 0.576520
11 9 0.580257
11 10 0.514415
11 11 0.627076
11 12 0.530583
11 13 0.569240
11 14 0.732889
11 15 0.525407
11 16 0.629524
11 17 0.667189
11 18 0.634769
11 19 0.500002
11 20 0.666444
11 21 0.756998
11 22 0.540360
11 23 0.760411
11 24 0.568829
11 25 0.580092
12 1 0.524536
12 2 0.568695
12 3 0.676342
12 4 0.522064
12 5 0.515401
12 6 0.698173
12 7 0.509254
12 8 0.554937
12 9 0.533927
12 10 0.520693
12 11 0.530583
12 12 0.562485
12 13 0.523189
12 14 0.589202
12 15 0.531976
12 16 0.545646
12 17 0.536742
12 18 0.530650
12 19 0.500002
12 20 0.610888
12 21 0.588734
12 22 0.507633
12 23 0.619473
12 24 0.523910
12 25 0.526195
12 26 0.568236
13 1 0.552148
13 2 0.572500
13 3 0.657083
13 4 0.554720
13 5 0.509953
13 6 0.840606
13 7 0.516178
13 8 0.542833
13 9 0.554673
13 10 0.507865
13 11 0.569240
13 12 0.523189
13 13 0.544526
13 14 0.654623
13 15 0.527002
13 16 0.576839
13 17 0.586357
13 18 0.569175
13 19 0.500002
13 20 0.586325
13 21 0.673344
13 22 0.526722
13 23 0.655860
13 24 0.542702
13 25 0.550099
14 1 0.681619
14 2 0.447345
14 3 0.887227
14 4 0.694533
14 5 0.539027
14 6 0.997862
14 7 0.565652
14 8 0.652847
14 9 0.695504
14 10 0.528943
14 11 0.732889
14 12 0.589202
14 13 0.654623
14 14 0.930192
14 15 0.566254
14 16 0.734319
14 17 0.804303
14 18 0.722932
14 19 0.500006
14 20 0.798085
14 21 0.928807
14 22 0.593332
14 23 0.923805
14 24 0.636318
14 25 0.677175
15 1 0.526257
15 2 0.943375
15 3 0.717767
15 4 0.517394
15 5 0.528668
15 6 0.415878
15 7 0.498756
15 8 0.574398
15 9 0.525125
15 10 0.554033
15 11 0.525407
15 12 0.531976
15 13 0.527002
15 14 0.566254
15 15 0.847679
15 16 0.690645
15 17 0.697709
15 18 0.599785
15 19 0.500006
15 20 0.712296
15 21 0.875564
15 22 0.509089
15 23 0.722263
15 24 0.463546
15 25 0.527578
15 26 0.605912
16 1 0.589996
16 2 0.844894
16 3 0.788474
16 4 0.598871
16 5 0.561673
16 6 0.922307
16 7 0.534833
16 8 0.604472
16 9 0.580123
16 10 0.533623
16 11 0.629524
16 12 0.545646
16 13 0.576839
16 14 0.734319
16 15 0.690645
16 16 0.776032
16 17 0.698115
16 18 0.655039
16 19 0.500005
16 20 0.764380
16 21 0.890806
16 22 0.560614
16 23 0.797488
16 24 0.558037
16 25 0.583829
16 26 0.734413
17 1 0.612109
17 2 0.747057
17 4 0.617569
17 5 0.496255
17 6 0.971661
17 7 0.524724
17 8 0.646512
17 9 0.604674
17 10 0.543367
17 11 0.667189
17 12 0.536742
17 13 0.586357
17 14 0.804303
17 15 0.697709
17 16 0.698115
17 17 0.844762
17 18 0.718161
17 19 0.500006
17 20 0.819587
17 21 0.913559
17 22 0.546302
17 23 0.920114
17 24 0.546349
17 25 0.606444
17 26 0.754463
18 1 0.590051
18 2 0.805267
18 3 0.816401
18 4 0.593073
18 5 0.512581
18 6 0.911856
18 7 0.513958
18 8 0.597622
18 9 0.574674
18 10 0.544082
18 11 0.634769
18 12 0.530650
18 13 0.569175
18 14 0.722932
18 15 0.599785
18 16 0.655039
18 17 0.718161
18 18 0.698698
18 19 0.500004
18 20 0.739675
18 21 0.820370
18 22 0.544223
18 23 0.812004
18 24 0.547615
18 25 0.585856
19 1 0.500002
19 2 0.500008
19 3 0.500008
19 4 0.500002
19 5 0.500001
19 6 0.500018
19 7 0.500000
19 8 0.500004
19 9 0.500002
19 10 0.500003
19 11 0.500002
19 12 0.500002
19 13 0.500002
19 14 0.500006
19 15 0.500006
19 16 0.500005
19 17 0.500006
19 18 0.500004
19 19 0.500000
19 20 0.500011
19 21 0.500011
19 22 0.500001
19 23 0.500011
19 24 0.500001
19 25 0.500002
19 26 0.500006
20 1 0.617050
20 2 0.905809
20 3 0.909180
20 4 0.620976
20 5 0.558650
20 6 0.974958
20 7 0.523726
20 8 0.685727
20 9 0.602347
20 10 0.600273
20 11 0.666444
20 12 0.610888
20 13 0.586325
20 14 0.798085
20 15 0.712296
20 16 0.764380
20 17 0.819587
20 18 0.739675
20 19 0.500011
20 20 0.931620
20 21 0.922834
20 22 0.562074
20 23 0.947972
20 24 0.560658
20 25 0.614943
20 26 0.790134
21 1 0.708535
21 2 0.945520
21 3 0.948413
21 4 0.716047
21 5 0.590442
21 6 0.996221
21 7 0.545250
21 8 0.724344
21 9 0.725662
21 10 0.559466
21 11 0.756998
21 12 0.588734
21 13 0.673344
21 14 0.928807
21 15 0.875564
21 16 0.890806
21 17 0.913559
21 18 0.820370
21 19 0.500011
21 20 0.922834
21 21 0.996989
21 22 0.617360
21 23 0.985918
21 24 0.619859
21 25 0.704671
21 26 0.912950
22 1 0.533672
22 2 0.521562
22 3 0.566534
22 5 0.518126
22 6 0.749872
22 7 0.513121
22 8 0.524316
22 9 0.532106
22 10 0.506349
22 11 0.540360
22 12 0.507633
22 13 0.526722
22 14 0.593332
22 15 0.509089
22 16 0.560614
22 17 0.546302
22 18 0.544223
22 19 0.500001
22 20 0.562074
22 21 0.617360
22 22 0.525713
22 23 0.604136
22 24 0.525727
22 25 0.530769
22 26 0.582719
23 1 0.700337
23 2 0.822872
23 3 0.970064
23 4 0.711952
23 5 0.542228
23 6 0.999074
23 7 0.541095
23 8 0.755560
23 9 0.714864
23 10 0.574531
23 11 0.760411
23 12 0.619473
23 13 0.655860
23 14 0.923805
23 15 0.722263
23 16 0.797488
23 17 0.920114
23 18 0.812004
23 19 0.500011
23 20 0.947972
23 21 0.985918
23 22 0.604136
23 23 0.992158
23 24 0.633737
23 25 0.694596
23 26 0.890293
24 1 0.549452
24 2 0.543351
24 3 0.674160
24 4 0.552019
24 5 0.507405
24 6 0.867850
24 7 0.513099
24 8 0.538132
24 9 0.553652
24 10 0.498690
24 11 0.568829
24 12 0.523910
24 13 0.542702
24 14 0.636318
24 15 0.463546
24 16 0.558037
24 17 0.546349
24 18 0.547615
24 19 0.500001
24 20 0.560658
24 21 0.619859
24 22 0.525727
24 23 0.633737
24 24 0.569545
24 25 0.546957
25 1 0.560709
25 2 0.573534
25 3 0.674141
25 4 0.563282
25 5 0.512461
25 6 0.871291
25 7 0.516587
25 8 0.550735
25 9 0.562893
25 10 0.512417
25 11 0.580092
25 12 0.526195
25 13 0.550099
25 14 0.677175
25 15 0.527578
25 16 0.583829
25 17 0.606444
25 18 0.585856
25 19 0.500002
25 20 0.614943
25 21 0.704671
25 22 0.530769
25 23 0.694596
25 24 0.546957
25 25 0.558831
26 2 0.778202
26 6 0.990934
26 7 0.545125
26 8 0.632510
26 10 0.540670
26 12 0.568236
26 15 0.605912
26 16 0.734413
26 17 0.754463
26 19 0.500006
26 20 0.790134
26 21 0.912950
26 22 0.582719
26 23 0.890293
26 26 0.832006
