1 26 0.880983
3 17 0.960600
3 26 0.982797
4 22 0.557814
4 26 0.693854
5 26 0.785911
9 26 0.910412
11 26 0.942670
13 26 0.895351
14 26 0.929160
17 3 0.960600
18 26 0.968834
22 4 0.557814
24 26 0.912252
25 26 0.865423
26 1 0.880983
26 3 0.982797
26 4 0.693854
26 5 0.785911
26 9 0.910412
26 11 0.942670
26 13 0.895351
26 14 0.929160
26 18 0.968834
26 24 0.912252
26 25 0.865423
1 1 0.686968
1 2 0.965915
1 3 0.830626
1 4 0.579612
1 5 0.625384
1 6 0.977837
1 7 0.578987
1 8 0.697353
1 9 0.712973
1 10 0.533972
1 11 0.748485
1 12 0.679141
1 13 0.699032
1 14 0.730167
1 15 0.684231
1 16 0.823109
1 17 0.808214
1 18 0.793247
1 19 0.500006
1 20 0.885739
1 21 0.990963
1 22 0.633409
1 23 0.906799
1 24 0.715055
1 25 0.674313
2 1 0.965915
2 2 1.000000
2 3 0.997814
2 4 0.794484
2 5 0.901730
2 6 1.000000
2 7 0.870420
2 8 0.966910
2 9 0.979931
2 10 0.650698
2 11 0.986457
2 12 0.973380
2 13 0.975444
2 14 0.958368
2 15 0.995129
2 16 0.999179
2 17 0.996028
2 18 0.993264
2 19 0.500019
2 20 0.999933
2 21 1.000000
2 22 0.923901
2 23 0.998649
2 24 0.977784
2 25 0.955187
2 26 0.999783
3 1 0.830626
3 2 0.997814
3 3 0.969984
3 4 0.657992
3 5 0.779449
3 6 0.999618
3 7 0.671202
3 8 0.868140
3 9 0.868411
3 10 0.575959
3 11 0.905140
3 12 0.828075
3 13 0.839255
3 14 0.904757
3 15 0.808042
3 16 0.952656
3 18 0.940023
3 19 0.500012
3 20 0.982987
3 21 0.999916
3 22 0.759937
3 23 0.997334
3 24 0.867327
3 25 0.813613
4 1 0.579612
4 2 0.794484
4 3 0.657992
4 4 0.538274
4 5 0.552520
4 6 0.836555
4 7 0.532235
4 8 0.582099
4 9 0.591152
4 10 0.514883
4 11 0.611255
4 12 0.570913
4 13 0.584150
4 14 0.589651
4 15 0.562363
4 16 0.642594
4 17 0.643337
4 18 0.638083
4 19 0.500002
4 20 0.695093
4 21 0.861529
4 23 0.721338
4 24 0.594039
4 25 0.573977
5 1 0.625384
5 2 0.901730
5 3 0.779449
5 4 0.552520
5 5 0.664572
5 6 0.893767
5 7 0.586537
5 8 0.667171
5 9 0.655313
5 10 0.542423
5 11 0.690320
5 12 0.655503
5 13 0.623392
5 14 0.691444
5 15 0.619104
5 16 0.697592
5 17 0.766891
5 18 0.694630
5 19 0.500005
5 20 0.785198
5 21 0.949763
5 22 0.612088
5 23 0.932792
5 24 0.642477
5 25 0.620848
6 1 0.977837
6 2 1.000000
6 3 0.999618
6 4 0.836555
6 5 0.893767
6 6 1.000000
6 7 0.832563
6 8 0.989328
6 9 0.988355
6 10 0.617994
6 11 0.991268
6 12 0.974953
6 13 0.980856
6 14 0.997104
6 15 0.993187
6 16 0.999782
6 17 0.999263
6 18 0.998841
6 19 0.500021
6 20 0.999989
6 21 1.000000
6 22 0.948191
6 23 0.999996
6 24 0.990590
6 25 0.965271
6 26 0.999935
7 1 0.578987
7 2 0.870420
7 3 0.671202
7 4 0.532235
7 5 0.586537
7 6 0.832563
7 7 0.561785
7 8 0.596503
7 9 0.596968
7 10 0.521213
7 11 0.607709
7 12 0.595768
7 13 0.578381
7 14 0.651928
7 15 0.595104
7 16 0.663655
7 17 0.661456
7 18 0.617554
7 19 0.500002
7 20 0.701270
7 21 0.854489
7 22 0.570898
7 23 0.773384
7 24 0.592023
7 25 0.572291
7 26 0.689376
8 1 0.697353
8 2 0.966910
8 3 0.868140
8 4 0.582099
8 5 0.667171
8 6 0.989328
8 7 0.596503
8 8 0.760010
8 9 0.729324
8 10 0.540228
8 11 0.756599
8 12 0.701354
8 13 0.704992
8 14 0.713439
8 15 0.715552
8 16 0.854106
8 17 0.852196
8 18 0.808840
8 19 0.500006
8 20 0.885705
8 21 0.993238
8 22 0.645354
8 23 0.972610
8 24 0.727161
8 25 0.678394
8 26 0.891186
9 1 0.712973
9 2 0.979931
9 3 0.868411
9 4 0.591152
9 5 0.655313
9 6 0.988355
9 7 0.596968
9 8 0.729324
9 9 0.745236
9 10 0.539922
9 11 0.779439
9 12 0.709437
9 13 0.722854
9 14 0.789417
9 15 0.716026
9 16 0.850790
9 17 0.848072
9 18 0.823964
9 19 0.500006
9 20 0.919595
9 21 0.995716
9 22 0.657575
9 23 0.945107
9 24 0.744669
9 25 0.699269
10 1 0.533972
10 2 0.650698
10 3 0.575959
10 4 0.514883
10 5 0.542423
10 6 0.617994
10 7 0.521213
10 8 0.540228
10 9 0.539922
10 10 0.517007
10 11 0.554693
10 12 0.544563
10 13 0.534967
10 14 0.518573
10 15 0.546489
10 16 0.558078
10 17 0.570765
10 18 0.554113
10 19 0.500002
10 20 0.595609
10 21 0.713091
10 22 0.528978
10 23 0.638307
10 24 0.537464
10 25 0.532225
10 26 0.586468
11 1 0.748485
11 2 0.986457
11 3 0.905140
11 4 0.611255
11 5 0.690320
11 6 0.991268
11 7 0.607709
11 8 0.756599
11 9 0.779439
11 10 0.554693
11 11 0.837616
11 12 0.739861
11 13 0.763462
11 14 0.786238
11 15 0.720702
11 16 0.863874
11 17 0.884573
11 18 0.867300
11 19 0.500008
11 20 0.934851
11 21 0.998121
11 22 0.678492
11 23 0.966249
11 24 0.778295
11 25 0.740772
12 1 0.679141
12 2 0.973380
12 3 0.828075
12 4 0.570913
12 5 0.655503
12 6 0.974953
12 7 0.595768
12 8 0.701354
12 9 0.709437
12 10 0.544563
12 11 0.739861
12 12 0.720752
12 13 0.687597
12 14 0.797106
12 15 0.761943
12 16 0.839024
12 17 0.809874
12 18 0.774741
12 19 0.500007
12 20 0.899909
12 21 0.994429
12 22 0.652689
12 23 0.916047
12 24 0.701943
12 25 0.664827
12 26 0.872187
13 1 0.699032
13 2 0.975444
13 3 0.839255
13 4 0.584150
13 5 0.623392
13 6 0.980856
13 7 0.578381
13 8 0.704992
13 9 0.722854
13 10 0.534967
13 11 0.763462
13 12 0.687597
13 13 0.716157
13 14 0.706367
13 15 0.696198
13 16 0.839688
13 17 0.814833
13 18 0.809178
13 19 0.500006
13 20 0.894881
13 21 0.993148
13 22 0.637329
13 23 0.900446
13 24 0.726313
13 25 0.686401
14 1 0.730167
14 2 0.958368
14 3 0.904757
14 4 0.589651
14 5 0.691444
14 6 0.997104
14 7 0.651928
14 8 0.713439
14 9 0.789417
14 10 0.518573
14 11 0.786238
14 12 0.797106
14 13 0.706367
14 14 0.998996
14 15 0.790428
14 16 0.900802
14 17 0.890357
14 18 0.851529
14 19 0.500004
14 20 0.972640
14 21 0.999289
14 22 0.740596
14 23 0.936975
14 24 0.784710
14 25 0.716208
15 1 0.684231
15 2 0.995129
15 3 0.808042
15 4 0.562363
15 5 0.619104
15 6 0.993187
15 7 0.595104
15 8 0.715552
15 9 0.716026
15 10 0.546489
15 11 0.720702
15 12 0.761943
15 13 0.696198
15 14 0.790428
15 15 0.939213
15 16 0.913603
15 17 0.793023
15 18 0.754663
15 19 0.500005
15 20 0.938797
15 21 0.998917
15 22 0.655589
15 23 0.822215
15 24 0.698207
15 25 0.658588
15 26 0.880596
16 1 0.823109
16 2 0.999179
16 3 0.952656
16 4 0.642594
16 5 0.697592
16 6 0.999782
16 7 0.663655
16 8 0.854106
16 9 0.850790
16 10 0.558078
16 11 0.863874
16 12 0.839024
16 13 0.839688
16 14 0.900802
16 15 0.913603
16 16 0.990635
16 17 0.939534
16 18 0.927038
16 19 0.500010
16 20 0.980550
16 21 0.999986
16 22 0.755789
16 23 0.977059
16 24 0.856928
16 25 0.784244
16 26 0.978827
17 1 0.808214
17 2 0.996028
17 4 0.643337
17 5 0.766891
17 6 0.999263
17 7 0.661456
17 8 0.852196
17 9 0.848072
17 10 0.570765
17 11 0.884573
17 12 0.809874
17 13 0.814833
17 14 0.890357
17 15 0.793023
17 16 0.939534
17 17 0.950188
17 18 0.922792
17 19 0.500011
17 20 0.975520
17 21 0.999810
17 22 0.742177
17 23 0.996411
17 24 0.845601
17 25 0.790410
17 26 0.974840
18 1 0.793247
18 2 0.993264
18 3 0.940023
18 4 0.638083
18 5 0.694630
18 6 0.998841
18 7 0.617554
18 8 0.808840
18 9 0.823964
18 10 0.554113
18 11 0.867300
18 12 0.774741
18 13 0.809178
18 14 0.851529
18 15 0.754663
18 16 0.927038
18 17 0.922792
18 18 0.918051
18 19 0.500010
18 20 0.970760
18 21 0.999663
18 22 0.717365
18 23 0.983084
18 24 0.831203
18 25 0.776078
19 1 0.500006
19 2 0.500019
19 3 0.500012
19 4 0.500002
19 5 0.500005
19 6 0.500021
19 7 0.500002
19 8 0.500006
19 9 0.500006
19 10 0.500002
19 11 0.500008
19 12 0.500007
19 13 0.500006
19 14 0.500004
19 15 0.500005
19 16 0.500010
19 17 0.500011
19 18 0.500010
19 19 0.500000
19 20 0.500017
19 21 0.500036
19 22 0.500004
19 23 0.500021
19 24 0.500006
19 25 0.500005
19 26 0.500014
20 1 0.885739
20 2 0.999933
20 3 0.982987
20 4 0.695093
20 5 0.785198
20 6 0.999989
20 7 0.701270
20 8 0.885705
20 9 0.919595
20 10 0.595609
20 11 0.934851
20 12 0.899909
20 13 0.894881
20 14 0.972640
20 15 0.938797
20 16 0.980550
20 17 0.975520
20 18 0.970760
20 19 0.500017
20 20 0.999164
20 21 0.999998
20 22 0.836333
20 23 0.996245
20 24 0.922446
20 25 0.866019
20 26 0.994911
21 1 0.990963
21 2 1.000000
21 3 0.999916
21 4 0.861529
21 5 0.949763
21 6 1.000000
21 7 0.854489
21 8 0.993238
21 9 0.995716
21 10 0.713091
21 11 0.998121
21 12 0.994429
21 13 0.993148
21 14 0.999289
21 15 0.998917
21 16 0.999986
21 17 0.999810
21 18 0.999663
21 19 0.500036
21 20 0.999998
21 21 1.000000
21 22 0.970872
21 23 0.999998
21 24 0.995639
21 25 0.984436
21 26 0.999994
22 1 0.633409
22 2 0.923901
22 3 0.759937
22 5 0.612088
22 6 0.948191
22 7 0.570898
22 8 0.645354
22 9 0.657575
22 10 0.528978
22 11 0.678492
22 12 0.652689
22 13 0.637329
22 14 0.740596
22 15 0.655589
22 16 0.755789
22 17 0.742177
22 18 0.717365
22 19 0.500004
22 20 0.836333
22 21 0.970872
22 22 0.619999
22 23 0.851985
22 24 0.656654
22 25 0.622414
22 26 0.801395
23 1 0.906799
23 2 0.998649
23 3 0.997334
23 4 0.721338
23 5 0.932792
23 6 0.999996
23 7 0.773384
23 8 0.972610
23 9 0.945107
23 10 0.638307
23 11 0.966249
23 12 0.916047
23 13 0.900446
23 14 0.936975
23 15 0.822215
23 16 0.977059
23 17 0.996411
23 18 0.983084
23 19 0.500021
23 20 0.996245
23 21 0.999998
23 22 0.851985
23 23 0.999999
23 24 0.939276
23 25 0.889278
23 26 0.996897
24 1 0.715055
24 2 0.977784
24 3 0.867327
24 4 0.594039
24 5 0.642477
24 6 0.990590
24 7 0.592023
24 8 0.727161
24 9 0.744669
24 10 0.537464
24 11 0.778295
24 12 0.701943
24 13 0.726313
24 14 0.784710
24 15 0.698207
24 16 0.856928
24 17 0.845601
24 18 0.831203
24 19 0.500006
24 20 0.922446
24 21 0.995639
24 22 0.656654
24 23 0.939276
24 24 0.749455
24 25 0.700105
25 1 0.674313
25 2 0.955187
25 3 0.813613
25 4 0.573977
25 5 0.620848
25 6 0.965271
25 7 0.572291
25 8 0.678394
25 9 0.699269
25 10 0.532225
25 11 0.740772
25 12 0.664827
25 13 0.686401
25 14 0.716208
25 15 0.658588
25 16 0.784244
25 17 0.790410
25 18 0.776078
25 19 0.500005
25 20 0.866019
25 21 0.984436
25 22 0.622414
25 23 0.889278
25 24 0.700105
25 25 0.666649
26 2 0.999783
26 6 0.999935
26 7 0.689376
26 8 0.891186
26 10 0.586468
26 12 0.872187
26 15 0.880596
26 16 0.978827
26 17 0.974840
26 19 0.500014
26 20 0.994911
26 21 0.999994
26 22 0.801395
26 23 0.996897
26 26 0.994018
