1 26 0.510095
3 17 0.588489
3 26 0.754528
4 22 0.551154
4 26 0.653825
5 26 0.641636
9 26 0.645014
11 26 0.689541
13 26 0.587226
14 26 0.957715
17 3 0.588489
18 26 0.768858
22 4 0.551154
24 26 0.662955
25 26 0.636823
26 1 0.510095
26 3 0.754528
26 4 0.653825
26 5 0.641636
26 9 0.645014
26 11 0.689541
26 13 0.587226
26 14 0.957715
26 18 0.768858
26 24 0.662955
26 25 0.636823
1 1 0.507960
1 2 0.596620
1 3 0.504019
1 4 0.504460
1 5 0.502241
1 6 0.576761
1 7 0.501538
1 8 0.503145
1 9 0.507549
1 10 0.505019
1 11 0.505591
1 12 0.505467
1 13 0.505403
1 14 0.541199
1 15 0.542974
1 16 0.498157
1 17 0.523108
1 18 0.502699
1 19 0.500000
1 20 0.504347
1 21 0.522553
1 22 0.503579
1 23 0.469269
1 24 0.503380
1 25 0.505963
2 1 0.596620
2 2 0.999932
2 3 0.802297
2 4 0.711128
2 5 0.676059
2 6 0.999824
2 7 0.588265
2 8 0.772416
2 9 0.707882
2 10 0.562463
2 11 0.788279
2 12 0.900400
2 13 0.685994
2 14 0.967606
2 15 0.961467
2 16 0.898945
2 17 0.937512
2 18 0.785674
2 19 0.500010
2 20 0.613605
2 21 0.999865
2 22 0.638069
2 23 0.596261
2 24 0.699502
2 25 0.708486
2 26 0.891156
3 1 0.504019
3 2 0.802297
3 3 0.696458
3 4 0.613985
3 5 0.605165
3 6 0.929061
3 7 0.544528
3 8 0.591276
3 9 0.604568
3 10 0.518000
3 11 0.639811
3 12 0.695082
3 13 0.564540
3 14 0.902610
3 15 0.612594
3 16 0.649859
3 18 0.708595
3 19 0.500002
3 20 0.693380
3 21 0.957711
3 22 0.566777
3 23 0.841563
3 24 0.621430
3 25 0.599267
4 1 0.504460
4 2 0.711128
4 3 0.613985
4 4 0.578508
4 5 0.559031
4 6 0.861119
4 7 0.523910
4 8 0.543995
4 9 0.559630
4 10 0.508615
4 11 0.591621
4 12 0.635137
4 13 0.540267
4 14 0.729469
4 15 0.589808
4 16 0.581248
4 17 0.579509
4 18 0.625509
4 19 0.500001
4 20 0.600879
4 21 0.877868
4 23 0.704959
4 24 0.570880
4 25 0.559638
5 1 0.502241
5 2 0.676059
5 3 0.605165
5 4 0.559031
5 5 0.557328
5 6 0.799056
5 7 0.526713
5 8 0.547791
5 9 0.555418
5 10 0.509765
5 11 0.571991
5 12 0.601034
5 13 0.537106
5 14 0.794196
5 15 0.556085
5 16 0.579569
5 17 0.551314
5 18 0.606623
5 19 0.500001
5 20 0.611110
5 21 0.831860
5 22 0.534922
5 23 0.698230
5 24 0.563691
5 25 0.552226
6 1 0.576761
6 2 0.999824
6 3 0.929061
6 4 0.861119
6 5 0.799056
6 6 1.000000
6 7 0.707353
6 8 0.782976
6 9 0.794815
6 10 0.572540
6 11 0.890899
6 12 0.971520
6 13 0.791522
6 14 0.999386
6 15 0.953924
6 16 0.934511
6 17 0.955120
6 18 0.922495
6 19 0.500011
6 20 0.917445
6 21 0.999995
6 22 0.775547
6 23 0.916018
6 24 0.834577
6 25 0.807830
6 26 0.971801
7 1 0.501538
7 2 0.588265
7 3 0.544528
7 4 0.523910
7 5 0.526713
7 6 0.707353
7 7 0.535126
7 8 0.525429
7 9 0.521561
7 10 0.505031
7 11 0.525402
7 12 0.556904
7 13 0.525787
7 14 0.730371
7 15 0.526770
7 16 0.561913
7 17 0.539717
7 18 0.524406
7 19 0.500001
7 20 0.565777
7 21 0.681967
7 22 0.516948
7 23 0.521994
7 24 0.527029
7 25 0.518087
7 26 0.556689
8 1 0.503145
8 2 0.772416
8 3 0.591276
8 4 0.543995
8 5 0.547791
8 6 0.782976
8 7 0.525429
8 8 0.580358
8 9 0.542107
8 10 0.506524
8 11 0.568776
8 12 0.615813
8 13 0.536190
8 14 0.677418
8 15 0.573816
8 16 0.640806
8 17 0.571399
8 18 0.594239
8 19 0.500001
8 20 0.548629
8 21 0.858422
8 22 0.521868
8 23 0.638970
8 24 0.548605
8 25 0.543622
8 26 0.620614
9 1 0.507549
9 2 0.707882
9 3 0.604568
9 4 0.559630
9 5 0.555418
9 6 0.794815
9 7 0.521561
9 8 0.542107
9 9 0.561608
9 10 0.513254
9 11 0.571928
9 12 0.593121
9 13 0.533306
9 14 0.806018
9 15 0.583347
9 16 0.561162
9 17 0.554358
9 18 0.608050
9 19 0.500001
9 20 0.617655
9 21 0.824947
9 22 0.535557
9 23 0.701011
9 24 0.564703
9 25 0.554313
10 1 0.505019
10 2 0.562463
10 3 0.518000
10 4 0.508615
10 5 0.509765
10 6 0.572540
10 7 0.505031
10 8 0.506524
10 9 0.513254
10 10 0.508311
10 11 0.508436
10 12 0.500963
10 13 0.507538
10 14 0.597854
10 15 0.521880
10 16 0.507075
10 17 0.511564
10 18 0.520193
10 19 0.500000
10 20 0.541406
10 21 0.493025
10 22 0.504082
10 23 0.537307
10 24 0.512854
10 25 0.510703
10 26 0.526357
11 1 0.505591
11 2 0.788279
11 3 0.639811
11 4 0.591621
11 5 0.571991
11 6 0.890899
11 7 0.525402
11 8 0.568776
11 9 0.571928
11 10 0.508436
11 11 0.620443
11 12 0.682745
11 13 0.545239
11 14 0.711525
11 15 0.636972
11 16 0.639157
11 17 0.606461
11 18 0.659530
11 19 0.500001
11 20 0.580628
11 21 0.947555
11 22 0.556202
11 23 0.719553
11 24 0.584151
11 25 0.574372
12 1 0.505467
12 2 0.900400
12 3 0.695082
12 4 0.635137
12 5 0.601034
12 6 0.971520
12 7 0.556904
12 8 0.615813
12 9 0.593121
12 10 0.500963
12 11 0.682745
12 12 0.821559
12 13 0.575033
12 14 0.732989
12 15 0.728536
12 16 0.785337
12 17 0.692950
12 18 0.704455
12 19 0.500003
12 20 0.557533
12 21 0.996499
12 22 0.588555
12 23 0.688638
12 24 0.614454
12 25 0.604496
12 26 0.755590
13 1 0.505403
13 2 0.685994
13 3 0.564540
13 4 0.540267
13 5 0.537106
13 6 0.791522
13 7 0.525787
13 8 0.536190
13 9 0.533306
13 10 0.507538
13 11 0.545239
13 12 0.575033
13 13 0.536669
13 14 0.735618
13 15 0.547614
13 16 0.561923
13 17 0.562434
13 18 0.554056
13 19 0.500001
13 20 0.573700
13 21 0.746257
13 22 0.527112
13 23 0.577764
13 24 0.539454
13 25 0.533913
14 1 0.541199
14 2 0.967606
14 3 0.902610
14 4 0.729469
14 5 0.794196
14 6 0.999386
14 7 0.730371
14 8 0.677418
14 9 0.806018
14 10 0.597854
14 11 0.711525
14 12 0.732989
14 13 0.735618
14 14 1.000000
14 15 0.708021
14 16 0.753668
14 17 0.704679
14 18 0.806235
14 19 0.499998
14 20 0.992069
14 21 0.997570
14 22 0.652809
14 23 0.980938
14 24 0.806102
14 25 0.747541
15 1 0.542974
15 2 0.961467
15 3 0.612594
15 4 0.589808
15 5 0.556085
15 6 0.953924
15 7 0.526770
15 8 0.573816
15 9 0.583347
15 10 0.521880
15 11 0.636972
15 12 0.728536
15 13 0.547614
15 14 0.708021
15 15 0.850004
15 16 0.721648
15 17 0.746884
15 18 0.625598
15 19 0.500001
15 20 0.499545
15 21 0.984670
15 22 0.559839
15 23 0.373630
15 24 0.571037
15 25 0.582907
15 26 0.681783
16 1 0.498157
16 2 0.898945
16 3 0.649859
16 4 0.581248
16 5 0.579569
16 6 0.934511
16 7 0.561913
16 8 0.640806
16 9 0.561162
16 10 0.507075
16 11 0.639157
16 12 0.785337
16 13 0.561923
16 14 0.753668
16 15 0.721648
16 16 0.906711
16 17 0.742244
16 18 0.656089
16 19 0.500004
16 20 0.612794
16 21 0.995386
16 22 0.540457
16 23 0.595293
16 24 0.593587
16 25 0.582678
16 26 0.699643
17 1 0.523108
17 2 0.937512
17 4 0.579509
17 5 0.551314
17 6 0.955120
17 7 0.539717
17 8 0.571399
17 9 0.554358
17 10 0.511564
17 11 0.606461
17 12 0.692950
17 13 0.562434
17 14 0.704679
17 15 0.746884
17 16 0.742244
17 17 0.778268
17 18 0.570827
17 19 0.500003
17 20 0.559166
17 21 0.971792
17 22 0.557749
17 23 0.450552
17 24 0.569759
17 25 0.563706
17 26 0.636412
18 1 0.502699
18 2 0.785674
18 3 0.708595
18 4 0.625509
18 5 0.606623
18 6 0.922495
18 7 0.524406
18 8 0.594239
18 9 0.608050
18 10 0.520193
18 11 0.659530
18 12 0.704455
18 13 0.554056
18 14 0.806235
18 15 0.625598
18 16 0.656089
18 17 0.570827
18 18 0.753459
18 19 0.500001
18 20 0.679134
18 21 0.956202
18 22 0.569002
18 23 0.881068
18 24 0.628736
18 25 0.608659
19 1 0.500000
19 2 0.500010
19 3 0.500002
19 4 0.500001
19 5 0.500001
19 6 0.500011
19 7 0.500001
19 8 0.500001
19 9 0.500001
19 10 0.500000
19 11 0.500001
19 12 0.500003
19 13 0.500001
19 14 0.499998
19 15 0.500001
19 16 0.500004
19 17 0.500003
19 18 0.500001
19 19 0.500000
19 20 0.500000
19 21 0.500007
19 22 0.500001
19 23 0.500003
19 24 0.500001
19 25 0.500001
19 26 0.500002
20 1 0.504347
20 2 0.613605
20 3 0.693380
20 4 0.600879
20 5 0.611110
20 6 0.917445
20 7 0.565777
20 8 0.548629
20 9 0.617655
20 10 0.541406
20 11 0.580628
20 12 0.557533
20 13 0.573700
20 14 0.992069
20 15 0.499545
20 16 0.612794
20 17 0.559166
20 18 0.679134
20 19 0.500000
20 20 0.894088
20 21 0.761365
20 22 0.559705
20 23 0.912194
20 24 0.642077
20 25 0.597158
20 26 0.749995
21 1 0.522553
21 2 0.999865
21 3 0.957711
21 4 0.877868
21 5 0.831860
21 6 0.999995
21 7 0.681967
21 8 0.858422
21 9 0.824947
21 10 0.493025
21 11 0.947555
21 12 0.996499
21 13 0.746257
21 14 0.997570
21 15 0.984670
21 16 0.995386
21 17 0.971792
21 18 0.956202
21 19 0.500007
21 20 0.761365
21 21 1.000000
21 22 0.776685
21 23 0.947470
21 24 0.862121
21 25 0.840935
21 26 0.988452
22 1 0.503579
22 2 0.638069
22 3 0.566777
22 5 0.534922
22 6 0.775547
22 7 0.516948
22 8 0.521868
22 9 0.535557
22 10 0.504082
22 11 0.556202
22 12 0.588555
22 13 0.527112
22 14 0.652809
22 15 0.559839
22 16 0.540457
22 17 0.557749
22 18 0.569002
22 19 0.500001
22 20 0.559705
22 21 0.776685
22 22 0.536205
22 23 0.612010
22 24 0.541854
22 25 0.535309
22 26 0.591752
23 1 0.469269
23 2 0.596261
23 3 0.841563
23 4 0.704959
23 5 0.698230
23 6 0.916018
23 7 0.521994
23 8 0.638970
23 9 0.701011
23 10 0.537307
23 11 0.719553
23 12 0.688638
23 13 0.577764
23 14 0.980938
23 15 0.373630
23 16 0.595293
23 17 0.450552
23 18 0.881068
23 19 0.500003
23 20 0.912194
23 21 0.947470
23 22 0.612010
23 23 0.998623
23 24 0.734937
23 25 0.677602
23 26 0.898847
24 1 0.503380
24 2 0.699502
24 3 0.621430
24 4 0.570880
24 5 0.563691
24 6 0.834577
24 7 0.527029
24 8 0.548605
24 9 0.564703
24 10 0.512854
24 11 0.584151
24 12 0.614454
24 13 0.539454
24 14 0.806102
24 15 0.571037
24 16 0.593587
24 17 0.569759
24 18 0.628736
24 19 0.500001
24 20 0.642077
24 21 0.862121
24 22 0.541854
24 23 0.734937
24 24 0.578635
24 25 0.561162
25 1 0.505963
25 2 0.708486
25 3 0.599267
25 4 0.559638
25 5 0.552226
25 6 0.807830
25 7 0.518087
25 8 0.543622
25 9 0.554313
25 10 0.510703
25 11 0.574372
25 12 0.604496
25 13 0.533913
25 14 0.747541
25 15 0.582907
25 16 0.582678
25 17 0.563706
25 18 0.608659
25 19 0.500001
25 20 0.597158
25 21 0.840935
25 22 0.535309
25 23 0.677602
25 24 0.561162
25 25 0.553592
26 2 0.891156
26 6 0.971801
26 7 0.556689
26 8 0.620614
26 10 0.526357
26 12 0.755590
26 15 0.681783
26 16 0.699643
26 17 0.636412
26 19 0.500002
26 20 0.749995
26 21 0.988452
26 22 0.591752
26 23 0.898847
26 26 0.824779
