1 26 0.707674
3 17 0.732080
3 26 0.809272
4 22 0.550448
4 26 0.705267
5 26 0.560066
9 26 0.686583
11 26 0.764777
13 26 0.737713
14 26 0.899193
17 3 0.732080
18 26 0.734077
22 4 0.550448
24 26 0.737992
25 26 0.472397
26 1 0.707674
26 3 0.809272
26 4 0.705267
26 5 0.560066
26 9 0.686583
26 11 0.764777
26 13 0.737713
26 14 0.899193
26 18 0.734077
26 24 0.737992
26 25 0.472397
1 1 0.591069
1 2 0.775575
1 3 0.646069
1 4 0.582004
1 5 0.510032
1 6 0.864324
1 7 0.510541
1 8 0.545862
1 9 0.581050
1 10 0.474584
1 11 0.616519
1 12 0.546289
1 13 0.602097
1 14 0.705939
1 15 0.594296
1 16 0.612695
1 17 0.650206
1 18 0.595094
1 19 0.500001
1 20 0.487860
1 21 0.881785
1 22 0.528762
1 23 0.704471
1 24 0.603388
1 25 0.474397
2 1 0.775575
2 2 0.999996
2 3 0.868141
2 4 0.738086
2 5 0.537636
2 6 0.506152
2 7 0.399544
2 8 0.683929
2 9 0.683897
2 10 0.369396
2 11 0.719214
2 12 0.751986
2 13 0.827571
2 14 0.892580
2 15 0.946107
2 16 0.951376
2 17 0.724713
2 18 0.911478
2 19 0.500003
2 20 0.777064
2 21 0.999932
2 22 0.623065
2 23 0.967196
2 24 0.771599
2 25 0.388591
2 26 0.965603
3 1 0.646069
3 2 0.868141
3 3 0.763438
3 4 0.631873
3 5 0.533596
3 6 0.971611
3 7 0.530605
3 8 0.587060
3 9 0.676702
3 10 0.467432
3 11 0.693867
3 12 0.565600
3 13 0.666583
3 14 0.794960
3 15 0.693893
3 16 0.710595
3 18 0.630906
3 19 0.500001
3 20 0.506572
3 21 0.956701
3 22 0.543366
3 23 0.846258
3 24 0.670154
3 25 0.460890
4 1 0.582004
4 2 0.738086
4 3 0.631873
4 4 0.593128
4 5 0.537427
4 6 0.943460
4 7 0.519761
4 8 0.556279
4 9 0.570559
4 10 0.480145
4 11 0.615126
4 12 0.564499
4 13 0.596373
4 14 0.698588
4 15 0.582273
4 16 0.643382
4 17 0.641756
4 18 0.581343
4 19 0.500000
4 20 0.530848
4 21 0.833902
4 23 0.712884
4 24 0.597963
4 25 0.500369
5 1 0.510032
5 2 0.537636
5 3 0.533596
5 4 0.537427
5 5 0.567782
5 6 0.918378
5 7 0.528114
5 8 0.509644
5 9 0.523876
5 10 0.510675
5 11 0.533093
5 12 0.525917
5 13 0.515320
5 14 0.537554
5 15 0.517446
5 16 0.602085
5 17 0.517896
5 18 0.509402
5 19 0.500000
5 20 0.539298
5 21 0.482895
5 22 0.538209
5 23 0.584743
5 24 0.519132
5 25 0.533452
6 1 0.864324
6 2 0.506152
6 3 0.971611
6 4 0.943460
6 5 0.918378
6 6 1.000000
6 7 0.861128
6 8 0.802932
6 9 0.873881
6 10 0.576191
6 11 0.972826
6 12 0.841384
6 13 0.896147
6 14 0.995170
6 15 0.883093
6 16 0.995149
6 17 0.980482
6 18 0.836701
6 19 0.499999
6 20 0.741092
6 21 0.996017
6 22 0.873847
6 23 0.997188
6 24 0.931299
6 25 0.754215
6 26 0.997264
7 1 0.510541
7 2 0.399544
7 3 0.530605
7 4 0.519761
7 5 0.528114
7 6 0.861128
7 7 0.540554
7 8 0.506960
7 9 0.506330
7 10 0.518604
7 11 0.533888
7 12 0.493146
7 13 0.511768
7 14 0.503619
7 15 0.524934
7 16 0.515721
7 17 0.527722
7 18 0.510322
7 19 0.500000
7 20 0.504614
7 21 0.465329
7 22 0.516691
7 23 0.555669
7 24 0.522789
7 25 0.532506
7 26 0.540097
8 1 0.545862
8 2 0.683929
8 3 0.587060
8 4 0.556279
8 5 0.509644
8 6 0.802932
8 7 0.506960
8 8 0.652653
8 9 0.562005
8 10 0.498568
8 11 0.568644
8 12 0.592286
8 13 0.582696
8 14 0.591686
8 15 0.620454
8 16 0.616805
8 17 0.650063
8 18 0.544543
8 19 0.500000
8 20 0.744473
8 21 0.656616
8 22 0.535205
8 23 0.808178
8 24 0.571871
8 25 0.518541
8 26 0.641503
9 1 0.581050
9 2 0.683897
9 3 0.676702
9 4 0.570559
9 5 0.523876
9 6 0.873881
9 7 0.506330
9 8 0.562005
9 9 0.680868
9 10 0.474282
9 11 0.621603
9 12 0.523813
9 13 0.596684
9 14 0.710250
9 15 0.556457
9 16 0.618380
9 17 0.643185
9 18 0.552003
9 19 0.500001
9 20 0.499403
9 21 0.774184
9 22 0.511306
9 23 0.701434
9 24 0.597693
9 25 0.472520
10 1 0.474584
10 2 0.369396
10 3 0.467432
10 4 0.480145
10 5 0.510675
10 6 0.576191
10 7 0.518604
10 8 0.498568
10 9 0.474282
10 10 0.525745
10 11 0.480292
10 12 0.484008
10 13 0.472609
10 14 0.433888
10 15 0.496035
10 16 0.483582
10 17 0.475371
10 18 0.473491
10 19 0.500000
10 20 0.533738
10 21 0.326387
10 22 0.496840
10 23 0.484690
10 24 0.476709
10 25 0.522916
10 26 0.453766
11 1 0.616519
11 2 0.719214
11 3 0.693867
11 4 0.615126
11 5 0.533093
11 6 0.972826
11 7 0.533888
11 8 0.568644
11 9 0.621603
11 10 0.480292
11 11 0.674613
11 12 0.552541
11 13 0.630064
11 14 0.781349
11 15 0.572667
11 16 0.623546
11 17 0.716747
11 18 0.589877
11 19 0.500000
11 20 0.481659
11 21 0.884460
11 22 0.544855
11 23 0.769807
11 24 0.639223
11 25 0.487228
12 1 0.546289
12 2 0.751986
12 3 0.565600
12 4 0.564499
12 5 0.525917
12 6 0.841384
12 7 0.493146
12 8 0.592286
12 9 0.523813
12 10 0.484008
12 11 0.552541
12 12 0.617931
12 13 0.565847
12 14 0.638047
12 15 0.618886
12 16 0.693403
12 17 0.620339
12 18 0.564053
12 19 0.500000
12 20 0.648941
12 21 0.813219
12 22 0.544569
12 23 0.709621
12 24 0.556889
12 25 0.488191
12 26 0.641382
13 1 0.602097
13 2 0.827571
13 3 0.666583
13 4 0.596373
13 5 0.515320
13 6 0.896147
13 7 0.511768
13 8 0.582696
13 9 0.596684
13 10 0.472609
13 11 0.630064
13 12 0.565847
13 13 0.623465
13 14 0.715406
13 15 0.626924
13 16 0.639876
13 17 0.673358
13 18 0.609387
13 19 0.500000
13 20 0.557431
13 21 0.894203
13 22 0.539962
13 23 0.777552
13 24 0.620537
13 25 0.483026
14 1 0.705939
14 2 0.892580
14 3 0.794960
14 4 0.698588
14 5 0.537554
14 6 0.995170
14 7 0.503619
14 8 0.591686
14 9 0.710250
14 10 0.433888
14 11 0.781349
14 12 0.638047
14 13 0.715406
14 14 0.953370
14 15 0.549521
14 16 0.757688
14 17 0.852361
14 18 0.646269
14 19 0.500000
14 20 0.347798
14 21 0.988570
14 22 0.567456
14 23 0.832232
14 24 0.724761
14 25 0.408811
15 1 0.594296
15 2 0.946107
15 3 0.693893
15 4 0.582273
15 5 0.517446
15 6 0.883093
15 7 0.524934
15 8 0.620454
15 9 0.556457
15 10 0.496035
15 11 0.572667
15 12 0.618886
15 13 0.626924
15 14 0.549521
15 15 0.884799
15 16 0.856514
15 17 0.612433
15 18 0.685277
15 19 0.500001
15 20 0.752102
15 21 0.972179
15 22 0.547093
15 23 0.853954
15 24 0.609021
15 25 0.447010
15 26 0.742261
16 1 0.612695
16 2 0.951376
16 3 0.710595
16 4 0.643382
16 5 0.602085
16 6 0.995149
16 7 0.515721
16 8 0.616805
16 9 0.618380
16 10 0.483582
16 11 0.623546
16 12 0.693403
16 13 0.639876
16 14 0.757688
16 15 0.856514
16 16 0.955474
16 17 0.670166
16 18 0.707671
16 19 0.499999
16 20 0.755032
16 21 0.984845
16 22 0.598417
16 23 0.862773
16 24 0.621182
16 25 0.435027
16 26 0.820451
17 1 0.650206
17 2 0.724713
17 4 0.641756
17 5 0.517896
17 6 0.980482
17 7 0.527722
17 8 0.650063
17 9 0.643185
17 10 0.475371
17 11 0.716747
17 12 0.620339
17 13 0.673358
17 14 0.852361
17 15 0.612433
17 16 0.670166
17 17 0.840423
17 18 0.617078
17 19 0.500001
17 20 0.598538
17 21 0.959686
17 22 0.545794
17 23 0.890682
17 24 0.682508
17 25 0.459936
17 26 0.818606
18 1 0.595094
18 2 0.911478
18 3 0.630906
18 4 0.581343
18 5 0.509402
18 6 0.836701
18 7 0.510322
18 8 0.544543
18 9 0.552003
18 10 0.473491
18 11 0.589877
18 12 0.564053
18 13 0.609387
18 14 0.646269
18 15 0.685277
18 16 0.707671
18 17 0.617078
18 18 0.698539
18 19 0.500002
18 20 0.550672
18 21 0.945261
18 22 0.536099
18 23 0.695283
18 24 0.603601
18 25 0.487746
19 1 0.500001
19 2 0.500003
19 3 0.500001
19 4 0.500000
19 5 0.500000
19 6 0.499999
19 7 0.500000
19 8 0.500000
19 9 0.500001
19 10 0.500000
19 11 0.500000
19 12 0.500000
19 13 0.500000
19 14 0.500000
19 15 0.500001
19 16 0.499999
19 17 0.500001
19 18 0.500002
19 19 0.500000
19 20 0.499999
19 21 0.500005
19 22 0.500000
19 23 0.499998
19 24 0.500001
19 25 0.500000
19 26 0.500001
20 1 0.487860
20 2 0.777064
20 3 0.506572
20 4 0.530848
20 5 0.539298
20 6 0.741092
20 7 0.504614
20 8 0.744473
20 9 0.499403
20 10 0.533738
20 11 0.481659
20 12 0.648941
20 13 0.557431
20 14 0.347798
20 15 0.752102
20 16 0.755032
20 17 0.598538
20 18 0.550672
20 19 0.499999
20 20 0.944407
20 21 0.428288
20 22 0.565533
20 23 0.902225
20 24 0.521173
20 25 0.571343
20 26 0.566514
21 1 0.881785
21 2 0.999932
21 3 0.956701
21 4 0.833902
21 5 0.482895
21 6 0.996017
21 7 0.465329
21 8 0.656616
21 9 0.774184
21 10 0.326387
21 11 0.884460
21 12 0.813219
21 13 0.894203
21 14 0.988570
21 15 0.972179
21 16 0.984845
21 17 0.959686
21 18 0.945261
21 19 0.500005
21 20 0.428288
21 21 1.000000
21 22 0.610477
21 23 0.985259
21 24 0.886550
21 25 0.211351
21 26 0.990481
22 1 0.528762
22 2 0.623065
22 3 0.543366
22 5 0.538209
22 6 0.873847
22 7 0.516691
22 8 0.535205
22 9 0.511306
22 10 0.496840
22 11 0.544855
22 12 0.544569
22 13 0.539962
22 14 0.567456
22 15 0.547093
22 16 0.598417
22 17 0.545794
22 18 0.536099
22 19 0.500000
22 20 0.565533
22 21 0.610477
22 22 0.543036
22 23 0.613331
22 24 0.538747
22 25 0.524561
22 26 0.596731
23 1 0.704471
23 2 0.967196
23 3 0.846258
23 4 0.712884
23 5 0.584743
23 6 0.997188
23 7 0.555669
23 8 0.808178
23 9 0.701434
23 10 0.484690
23 11 0.769807
23 12 0.709621
23 13 0.777552
23 14 0.832232
23 15 0.853954
23 16 0.862773
23 17 0.890682
23 18 0.695283
23 19 0.499998
23 20 0.902225
23 21 0.985259
23 22 0.613331
23 23 0.996775
23 24 0.763140
23 25 0.523464
23 26 0.911966
24 1 0.603388
24 2 0.771599
24 3 0.670154
24 4 0.597963
24 5 0.519132
24 6 0.931299
24 7 0.522789
24 8 0.571871
24 9 0.597693
24 10 0.476709
24 11 0.639223
24 12 0.556889
24 13 0.620537
24 14 0.724761
24 15 0.609021
24 16 0.621182
24 17 0.682508
24 18 0.603601
24 19 0.500001
24 20 0.521173
24 21 0.886550
24 22 0.538747
24 23 0.763140
24 24 0.623994
24 25 0.488120
25 1 0.474397
25 2 0.388591
25 3 0.460890
25 4 0.500369
25 5 0.533452
25 6 0.754215
25 7 0.532506
25 8 0.518541
25 9 0.472520
25 10 0.522916
25 11 0.487228
25 12 0.488191
25 13 0.483026
25 14 0.408811
25 15 0.447010
25 16 0.435027
25 17 0.459936
25 18 0.487746
25 19 0.500000
25 20 0.571343
25 21 0.211351
25 22 0.524561
25 23 0.523464
25 24 0.488120
25 25 0.599193
26 2 0.965603
26 6 0.997264
26 7 0.540097
26 8 0.641503
26 10 0.453766
26 12 0.641382
26 15 0.742261
26 16 0.820451
26 17 0.818606
26 19 0.500001
26 20 0.566514
26 21 0.990481
26 22 0.596731
26 23 0.911966
26 26 0.911946
