1 2 0.731766
1 3 0.588792
1 5 0.575402
1 8 0.601840
1 12 0.590670
1 16 0.603371
1 17 0.530807
1 19 0.524436
2 1 0.731766
2 8 0.598946
2 19 0.488548
3 1 0.588792
3 8 0.590994
4 17 0.595131
5 1 0.575402
5 8 0.582750
8 1 0.601840
8 2 0.598946
8 3 0.590994
8 5 0.582750
8 12 0.589497
8 13 0.565735
8 14 0.649291
8 15 0.564526
8 16 0.590784
8 17 0.604169
8 19 0.666134
10 19 0.720991
12 1 0.590670
12 8 0.589497
13 8 0.565735
14 8 0.649291
15 8 0.564526
16 1 0.603371
16 8 0.590784
17 1 0.530807
17 4 0.595131
17 8 0.604169
17 19 0.668310
18 19 0.585005
19 1 0.524436
19 2 0.488548
19 8 0.666134
19 10 0.720991
19 17 0.668310
19 18 0.585005
1 1 0.693475
1 4 0.524427
1 6 0.535415
1 7 0.500868
1 9 0.533551
1 10 0.509169
1 11 0.533642
1 13 0.541446
1 14 0.561594
1 15 0.522717
1 18 0.602024
2 2 0.791788
2 3 0.594251
2 4 0.511897
2 5 0.580618
2 6 0.526382
2 7 0.501116
2 9 0.539448
2 10 0.475441
2 11 0.532470
2 12 0.598341
2 13 0.540914
2 14 0.566320
2 15 0.514318
2 16 0.613643
2 17 0.511037
2 18 0.634065
3 2 0.594251
3 3 0.579552
3 4 0.548793
3 5 0.567735
3 6 0.492089
3 7 0.500704
3 9 0.531930
3 10 0.571721
3 11 0.542561
3 12 0.571357
3 13 0.537751
3 14 0.593042
3 15 0.540207
3 16 0.572386
3 17 0.562690
3 18 0.550912
3 19 0.600729
4 1 0.524427
4 2 0.511897
4 3 0.548793
4 4 0.581339
4 5 0.543797
4 6 0.570278
4 7 0.500766
4 8 0.578289
4 9 0.528713
4 10 0.597393
4 11 0.540881
4 12 0.547742
4 13 0.529702
4 14 0.600566
4 15 0.543417
4 16 0.547730
4 18 0.615402
4 19 0.632550
5 2 0.580618
5 3 0.567735
5 4 0.543797
5 5 0.561563
5 6 0.509232
5 7 0.500642
5 9 0.526176
5 10 0.566073
5 11 0.539018
5 12 0.562296
5 13 0.534888
5 14 0.588811
5 15 0.536292
5 16 0.562452
5 17 0.556335
5 18 0.535620
5 19 0.592425
6 1 0.535415
6 2 0.526382
6 3 0.492089
6 4 0.570278
6 5 0.509232
6 6 0.887527
6 7 0.501388
6 8 0.576815
6 9 0.502399
6 10 0.555966
6 11 0.562555
6 12 0.519425
6 13 0.540282
6 14 0.549732
6 15 0.536787
6 16 0.531921
6 17 0.580695
6 18 0.586777
6 19 0.575137
7 1 0.500868
7 2 0.501116
7 3 0.500704
7 4 0.500766
7 5 0.500642
7 6 0.501388
7 7 0.500025
7 8 0.501329
7 9 0.500350
7 10 0.501385
7 11 0.500491
7 12 0.500752
7 13 0.500552
7 14 0.501804
7 15 0.500580
7 16 0.500754
7 17 0.500984
7 18 0.500506
7 19 0.501819
8 4 0.578289
8 6 0.576815
8 7 0.501329
8 8 0.645698
8 9 0.539496
8 10 0.627192
8 11 0.557168
8 18 0.557416
9 1 0.533551
9 2 0.539448
9 3 0.531930
9 4 0.528713
9 5 0.526176
9 6 0.502399
9 7 0.500350
9 8 0.539496
9 9 0.520575
9 10 0.529733
9 11 0.515951
9 12 0.528176
9 13 0.520058
9 14 0.544476
9 15 0.519575
9 16 0.529555
9 17 0.533728
9 18 0.555212
9 19 0.546243
10 1 0.509169
10 2 0.475441
10 3 0.571721
10 4 0.597393
10 5 0.566073
10 6 0.555966
10 7 0.501385
10 8 0.627192
10 9 0.529733
10 10 0.679158
10 11 0.558733
10 12 0.568315
10 13 0.549702
10 14 0.668308
10 15 0.569385
10 16 0.560780
10 17 0.627393
10 18 0.542811
11 1 0.533642
11 2 0.532470
11 3 0.542561
11 4 0.540881
11 5 0.539018
11 6 0.562555
11 7 0.500491
11 8 0.557168
11 9 0.515951
11 10 0.558733
11 11 0.555584
11 12 0.539977
11 13 0.520693
11 14 0.572158
11 15 0.531277
11 16 0.539121
11 17 0.551321
11 18 0.559125
11 19 0.580752
12 2 0.598341
12 3 0.571357
12 4 0.547742
12 5 0.562296
12 6 0.519425
12 7 0.500752
12 9 0.528176
12 10 0.568315
12 11 0.539977
12 12 0.567795
12 13 0.535945
12 14 0.590037
12 15 0.536914
12 16 0.569824
12 17 0.561004
12 18 0.559615
12 19 0.594858
13 1 0.541446
13 2 0.540914
13 3 0.537751
13 4 0.529702
13 5 0.534888
13 6 0.540282
13 7 0.500552
13 9 0.520058
13 10 0.549702
13 11 0.520693
13 12 0.535945
13 13 0.540363
13 14 0.562056
13 15 0.530319
13 16 0.537497
13 17 0.539661
13 18 0.520744
13 19 0.567926
14 1 0.561594
14 2 0.566320
14 3 0.593042
14 4 0.600566
14 5 0.588811
14 6 0.549732
14 7 0.501804
14 9 0.544476
14 10 0.668308
14 11 0.572158
14 12 0.590037
14 13 0.562056
14 14 0.709062
14 15 0.575831
14 16 0.582754
14 17 0.628216
14 18 0.569609
14 19 0.718851
15 1 0.522717
15 2 0.514318
15 3 0.540207
15 4 0.543417
15 5 0.536292
15 6 0.536787
15 7 0.500580
15 9 0.519575
15 10 0.569385
15 11 0.531277
15 12 0.536914
15 13 0.530319
15 14 0.575831
15 15 0.534346
15 16 0.535377
15 17 0.555998
15 18 0.526843
15 19 0.592514
16 2 0.613643
16 3 0.572386
16 4 0.547730
16 5 0.562452
16 6 0.531921
16 7 0.500754
16 9 0.529555
16 10 0.560780
16 11 0.539121
16 12 0.569824
16 13 0.537497
16 14 0.582754
16 15 0.535377
16 16 0.574378
16 17 0.559869
16 18 0.578171
16 19 0.586307
17 2 0.511037
17 3 0.562690
17 5 0.556335
17 6 0.580695
17 7 0.500984
17 9 0.533728
17 10 0.627393
17 11 0.551321
17 12 0.561004
17 13 0.539661
17 14 0.628216
17 15 0.555998
17 16 0.559869
17 17 0.615737
17 18 0.610048
18 1 0.602024
18 2 0.634065
18 3 0.550912
18 4 0.615402
18 5 0.535620
18 6 0.586777
18 7 0.500506
18 8 0.557416
18 9 0.555212
18 10 0.542811
18 11 0.559125
18 12 0.559615
18 13 0.520744
18 14 0.569609
18 15 0.526843
18 16 0.578171
18 17 0.610048
18 18 0.897788
19 3 0.600729
19 4 0.632550
19 5 0.592425
19 6 0.575137
19 7 0.501819
19 9 0.546243
19 11 0.580752
19 12 0.594858
19 13 0.567926
19 14 0.718851
19 15 0.592514
19 16 0.586307
19 19 0.773990
