1 2 0.799883
1 3 0.861614
1 5 0.850361
1 8 0.950154
1 12 0.808273
1 16 0.766226
1 17 0.759680
1 19 0.944101
2 1 0.799883
2 8 0.884867
2 19 0.860039
3 1 0.861614
3 8 0.942236
4 17 0.635866
5 1 0.850361
5 8 0.928362
8 1 0.950154
8 2 0.884867
8 3 0.942236
8 5 0.928362
8 12 0.896599
8 13 0.968093
8 14 0.961611
8 15 0.842131
8 16 0.818197
8 17 0.865661
8 19 0.986231
10 19 0.976810
12 1 0.808273
12 8 0.896599
13 8 0.968093
14 8 0.961611
15 8 0.842131
16 1 0.766226
16 8 0.818197
17 1 0.759680
17 4 0.635866
17 8 0.865661
17 19 0.850398
18 19 0.983873
19 1 0.944101
19 2 0.860039
19 8 0.986231
19 10 0.976810
19 17 0.850398
19 18 0.983873
1 1 0.890776
1 4 0.643474
1 6 0.966399
1 7 0.502855
1 9 0.567557
1 10 0.870427
1 11 0.539970
1 13 0.917356
1 14 0.894098
1 15 0.745077
1 18 0.882252
2 2 0.738887
2 3 0.779962
2 4 0.610538
2 5 0.771079
2 6 0.949071
2 7 0.502023
2 9 0.544333
2 10 0.764411
2 11 0.514167
2 12 0.738984
2 13 0.853453
2 14 0.818259
2 15 0.691115
2 16 0.660978
2 17 0.704468
2 18 0.777666
3 2 0.779962
3 3 0.889933
3 4 0.651925
3 5 0.835629
3 6 0.956097
3 7 0.502029
3 9 0.570114
3 10 0.881164
3 11 0.561356
3 12 0.801546
3 13 0.876969
3 14 0.870173
3 15 0.746596
3 16 0.723375
3 17 0.769941
3 18 0.888311
3 19 0.950812
4 1 0.643474
4 2 0.610538
4 3 0.651925
4 4 0.592754
4 5 0.645587
4 6 0.781383
4 7 0.500756
4 8 0.731408
4 9 0.518930
4 10 0.629086
4 11 0.514481
4 12 0.619907
4 13 0.684308
4 14 0.675433
4 15 0.602166
4 16 0.552381
4 18 0.643644
4 19 0.700037
5 2 0.771079
5 3 0.835629
5 4 0.645587
5 5 0.822562
5 6 0.961105
5 7 0.502357
5 9 0.556575
5 10 0.825060
5 11 0.528037
5 12 0.780748
5 13 0.885907
5 14 0.864634
5 15 0.727962
5 16 0.706543
5 17 0.750259
5 18 0.837888
5 19 0.913270
6 1 0.966399
6 2 0.949071
6 3 0.956097
6 4 0.781383
6 5 0.961105
6 6 0.999989
6 7 0.506518
6 8 0.995080
6 9 0.622259
6 10 0.948996
6 11 0.453502
6 12 0.946236
6 13 0.986463
6 14 0.983546
6 15 0.915991
6 16 0.770045
6 17 0.923525
6 18 0.963110
6 19 0.991251
7 1 0.502855
7 2 0.502023
7 3 0.502029
7 4 0.500756
7 5 0.502357
7 6 0.506518
7 7 0.500029
7 8 0.504225
7 9 0.500152
7 10 0.502742
7 11 0.500137
7 12 0.502074
7 13 0.503448
7 14 0.503785
7 15 0.501635
7 16 0.501368
7 17 0.501662
7 18 0.503291
7 19 0.504303
8 4 0.731408
8 6 0.995080
8 7 0.504225
8 8 0.987806
8 9 0.590020
8 10 0.944588
8 11 0.562666
8 18 0.954798
9 1 0.567557
9 2 0.544333
9 3 0.570114
9 4 0.518930
9 5 0.556575
9 6 0.622259
9 7 0.500152
9 8 0.590020
9 9 0.522698
9 10 0.572548
9 11 0.505923
9 12 0.545310
9 13 0.547440
9 14 0.551679
9 15 0.532377
9 16 0.543396
9 17 0.536493
9 18 0.569920
9 19 0.601174
10 1 0.870427
10 2 0.764411
10 3 0.881164
10 4 0.629086
10 5 0.825060
10 6 0.948996
10 7 0.502742
10 8 0.944588
10 9 0.572548
10 10 0.930841
10 11 0.584907
10 12 0.795013
10 13 0.848444
10 14 0.881389
10 15 0.737882
10 16 0.757303
10 17 0.751443
10 18 0.944471
11 1 0.539970
11 2 0.514167
11 3 0.561356
11 4 0.514481
11 5 0.528037
11 6 0.453502
11 7 0.500137
11 8 0.562666
11 9 0.505923
11 10 0.584907
11 11 0.533259
11 12 0.523741
11 13 0.523676
11 14 0.537097
11 15 0.517122
11 16 0.530546
11 17 0.525507
11 18 0.590953
11 19 0.614236
12 2 0.738984
12 3 0.801546
12 4 0.619907
12 5 0.780748
12 6 0.946236
12 7 0.502074
12 9 0.545310
12 10 0.795013
12 11 0.523741
12 12 0.749166
12 13 0.849465
12 14 0.831492
12 15 0.701426
12 16 0.670822
12 17 0.718147
12 18 0.810323
12 19 0.887749
13 1 0.917356
13 2 0.853453
13 3 0.876969
13 4 0.684308
13 5 0.885907
13 6 0.986463
13 7 0.503448
13 9 0.547440
13 10 0.848444
13 11 0.523676
13 12 0.849465
13 13 0.974301
13 14 0.927456
13 15 0.789337
13 16 0.774324
13 17 0.807100
13 18 0.863839
13 19 0.937347
14 1 0.894098
14 2 0.818259
14 3 0.870173
14 4 0.675433
14 5 0.864634
14 6 0.983546
14 7 0.503785
14 9 0.551679
14 10 0.881389
14 11 0.537097
14 12 0.831492
14 13 0.927456
14 14 0.936408
14 15 0.777021
14 16 0.741258
14 17 0.803786
14 18 0.904412
14 19 0.957845
15 1 0.745077
15 2 0.691115
15 3 0.746596
15 4 0.602166
15 5 0.727962
15 6 0.915991
15 7 0.501635
15 9 0.532377
15 10 0.737882
15 11 0.517122
15 12 0.701426
15 13 0.789337
15 14 0.777021
15 15 0.665566
15 16 0.618324
15 17 0.682781
15 18 0.754608
15 19 0.831976
16 2 0.660978
16 3 0.723375
16 4 0.552381
16 5 0.706543
16 6 0.770045
16 7 0.501368
16 9 0.543396
16 10 0.757303
16 11 0.530546
16 12 0.670822
16 13 0.774324
16 14 0.741258
16 15 0.618324
16 16 0.698793
16 17 0.617580
16 18 0.763962
16 19 0.833536
17 2 0.704468
17 3 0.769941
17 5 0.750259
17 6 0.923525
17 7 0.501662
17 9 0.536493
17 10 0.751443
17 11 0.525507
17 12 0.718147
17 13 0.807100
17 14 0.803786
17 15 0.682781
17 16 0.617580
17 17 0.718547
17 18 0.771473
18 1 0.882252
18 2 0.777666
18 3 0.888311
18 4 0.643644
18 5 0.837888
18 6 0.963110
18 7 0.503291
18 8 0.954798
18 9 0.569920
18 10 0.944471
18 11 0.590953
18 12 0.810323
18 13 0.863839
18 14 0.904412
18 15 0.754608
18 16 0.763962
18 17 0.771473
18 18 0.959377
19 3 0.950812
19 4 0.700037
19 5 0.913270
19 6 0.991251
19 7 0.504303
19 9 0.601174
19 11 0.614236
19 12 0.887749
19 13 0.937347
19 14 0.957845
19 15 0.831976
19 16 0.833536
19 19 0.995748
