1 2 0.968258
1 3 0.977918
1 5 0.972425
1 8 0.980719
1 12 0.928318
1 16 0.938010
1 17 0.898166
1 19 0.994719
2 1 0.968258
2 8 0.955774
2 19 0.989666
3 1 0.977918
3 8 0.944298
4 17 0.707119
5 1 0.972425
5 8 0.921807
8 1 0.980719
8 2 0.955774
8 3 0.944298
8 5 0.921807
8 12 0.888697
8 13 0.873036
8 14 0.917293
8 15 0.500000
8 16 0.905086
8 17 0.862985
8 19 0.994019
10 19 0.994281
12 1 0.928318
12 8 0.888697
13 8 0.873036
14 8 0.917293
15 8 0.500000
16 1 0.938010
16 8 0.905086
17 1 0.898166
17 4 0.707119
17 8 0.862985
17 19 0.917238
18 19 0.996584
19 1 0.994719
19 2 0.989666
19 8 0.994019
19 10 0.994281
19 17 0.917238
19 18 0.996584
1 1 0.994383
1 4 0.828599
1 6 0.999241
1 7 0.505588
1 9 0.564549
1 10 0.967785
1 11 0.630903
1 13 0.891112
1 14 0.903443
1 15 0.500000
1 18 0.965515
2 2 0.941246
2 3 0.923925
2 4 0.717910
2 5 0.896771
2 6 0.995293
2 7 0.503798
2 9 0.551521
2 10 0.948790
2 11 0.617566
2 12 0.860145
2 13 0.824415
2 14 0.872522
2 15 0.500000
2 16 0.875923
2 17 0.814983
2 18 0.959294
3 2 0.923925
3 3 0.945713
3 4 0.757361
3 5 0.932708
3 6 0.995719
3 7 0.504236
3 9 0.548746
3 10 0.919385
3 11 0.609157
3 12 0.868823
3 13 0.823373
3 14 0.835779
3 15 0.500000
3 16 0.881011
3 17 0.828823
3 18 0.915554
3 19 0.977094
4 1 0.828599
4 2 0.717910
4 3 0.757361
4 4 0.678770
4 5 0.750065
4 6 0.886058
4 7 0.501914
4 8 0.773419
4 9 0.521083
4 10 0.730326
4 11 0.537186
4 12 0.680265
4 13 0.660593
4 14 0.671658
4 15 0.500000
4 16 0.691871
4 18 0.712371
4 19 0.815836
5 2 0.896771
5 3 0.932708
5 4 0.750065
5 5 0.932606
5 6 0.988742
5 7 0.503860
5 9 0.542976
5 10 0.880131
5 11 0.576824
5 12 0.848806
5 13 0.811939
5 14 0.785379
5 15 0.500000
5 16 0.860684
5 17 0.812282
5 18 0.864091
5 19 0.955300
6 1 0.999241
6 2 0.995293
6 3 0.995719
6 4 0.886058
6 5 0.988742
6 6 0.999999
6 7 0.508048
6 8 0.998406
6 9 0.567793
6 10 0.996815
6 11 0.733866
6 12 0.974805
6 13 0.966120
6 14 0.985095
6 15 0.500000
6 16 0.981019
6 17 0.956652
6 18 0.997692
6 19 0.999867
7 1 0.505588
7 2 0.503798
7 3 0.504236
7 4 0.501914
7 5 0.503860
7 6 0.508048
7 7 0.500034
7 8 0.504309
7 9 0.500316
7 10 0.504108
7 11 0.500744
7 12 0.502795
7 13 0.502412
7 14 0.502544
7 15 0.500000
7 16 0.503092
7 17 0.502612
7 18 0.503892
7 19 0.506142
8 4 0.773419
8 6 0.998406
8 7 0.504309
8 8 0.976147
8 9 0.551712
8 10 0.963429
8 11 0.613538
8 18 0.970742
9 1 0.564549
9 2 0.551521
9 3 0.548746
9 4 0.521083
9 5 0.542976
9 6 0.567793
9 7 0.500316
9 8 0.551712
9 9 0.508865
9 10 0.549531
9 11 0.509723
9 12 0.537092
9 13 0.526029
9 14 0.529384
9 15 0.500000
9 16 0.538785
9 17 0.530540
9 18 0.547737
9 19 0.575966
10 1 0.967785
10 2 0.948790
10 3 0.919385
10 4 0.730326
10 5 0.880131
10 6 0.996815
10 7 0.504108
10 8 0.963429
10 9 0.549531
10 10 0.965794
10 11 0.631971
10 12 0.858425
10 13 0.819370
10 14 0.893141
10 15 0.500000
10 16 0.877231
10 17 0.828541
10 18 0.974166
11 1 0.630903
11 2 0.617566
11 3 0.609157
11 4 0.537186
11 5 0.576824
11 6 0.733866
11 7 0.500744
11 8 0.613538
11 9 0.509723
11 10 0.631971
11 11 0.541624
11 12 0.571800
11 13 0.543390
11 14 0.579268
11 15 0.500000
11 16 0.575576
11 17 0.558579
11 18 0.646151
11 19 0.696783
12 2 0.860145
12 3 0.868823
12 4 0.680265
12 5 0.848806
12 6 0.974805
12 7 0.502795
12 9 0.537092
12 10 0.858425
12 11 0.571800
12 12 0.789378
12 13 0.752730
12 14 0.774676
12 15 0.500000
12 16 0.803585
12 17 0.749189
12 18 0.862087
12 19 0.942883
13 1 0.891112
13 2 0.824415
13 3 0.823373
13 4 0.660593
13 5 0.811939
13 6 0.966120
13 7 0.502412
13 9 0.526029
13 10 0.819370
13 11 0.543390
13 12 0.752730
13 13 0.772347
13 14 0.767045
13 15 0.500000
13 16 0.773124
13 17 0.729652
13 18 0.830560
13 19 0.915471
14 1 0.903443
14 2 0.872522
14 3 0.835779
14 4 0.671658
14 5 0.785379
14 6 0.985095
14 7 0.502544
14 9 0.529384
14 10 0.893141
14 11 0.579268
14 12 0.774676
14 13 0.767045
14 14 0.849057
14 15 0.500000
14 16 0.795360
14 17 0.754788
14 18 0.913228
14 19 0.965878
15 1 0.500000
15 2 0.500000
15 3 0.500000
15 4 0.500000
15 5 0.500000
15 6 0.500000
15 7 0.500000
15 9 0.500000
15 10 0.500000
15 11 0.500000
15 12 0.500000
15 13 0.500000
15 14 0.500000
15 15 0.500000
15 16 0.500000
15 17 0.500000
15 18 0.500000
15 19 0.500000
16 2 0.875923
16 3 0.881011
16 4 0.691871
16 5 0.860684
16 6 0.981019
16 7 0.503092
16 9 0.538785
16 10 0.877231
16 11 0.575576
16 12 0.803585
16 13 0.773124
16 14 0.795360
16 15 0.500000
16 16 0.820717
16 17 0.765740
16 18 0.881862
16 19 0.955087
17 2 0.814983
17 3 0.828823
17 5 0.812282
17 6 0.956652
17 7 0.502612
17 9 0.530540
17 10 0.828541
17 11 0.558579
17 12 0.749189
17 13 0.729652
17 14 0.754788
17 15 0.500000
17 16 0.765740
17 17 0.757518
17 18 0.826112
18 1 0.965515
18 2 0.959294
18 3 0.915554
18 4 0.712371
18 5 0.864091
18 6 0.997692
18 7 0.503892
18 8 0.970742
18 9 0.547737
18 10 0.974166
18 11 0.646151
18 12 0.862087
18 13 0.830560
18 14 0.913228
18 15 0.500000
18 16 0.881862
18 17 0.826112
18 18 0.984555
19 3 0.977094
19 4 0.815836
19 5 0.955300
19 6 0.999867
19 7 0.506142
19 9 0.575966
19 11 0.696783
19 12 0.942883
19 13 0.915471
19 14 0.965878
19 15 0.500000
19 16 0.955087
19 19 0.999668
