1 2 0.999536
1 3 0.995454
1 5 0.998290
1 8 0.999616
1 12 0.984332
1 16 0.995150
1 17 0.870509
1 19 0.999886
2 1 0.999536
2 8 0.999307
2 19 0.999835
3 1 0.995454
3 8 0.994315
4 17 0.690502
5 1 0.998290
5 8 0.997724
8 1 0.999616
8 2 0.999307
8 3 0.994315
8 5 0.997724
8 12 0.979377
8 13 0.989772
8 14 0.986368
8 15 0.941320
8 16 0.993683
8 17 0.864990
8 19 0.999836
10 19 0.997546
12 1 0.984332
12 8 0.979377
13 8 0.989772
14 8 0.986368
15 8 0.941320
16 1 0.995150
16 8 0.993683
17 1 0.870509
17 4 0.690502
17 8 0.864990
17 19 0.896076
18 19 0.999014
19 1 0.999886
19 2 0.999835
19 8 0.999836
19 10 0.997546
19 17 0.896076
19 18 0.999014
1 1 0.999772
1 4 0.870509
1 6 0.999603
1 7 0.508803
1 9 0.753833
1 10 0.990971
1 11 0.839394
1 13 0.990843
1 14 0.986962
1 15 0.944047
1 18 0.996026
2 2 0.999336
2 3 0.993539
2 4 0.847361
2 5 0.997361
2 6 0.998010
2 7 0.507652
2 9 0.735370
2 10 0.989591
2 11 0.812909
2 12 0.977249
2 13 0.987786
2 14 0.985047
2 15 0.934875
2 16 0.992433
2 17 0.847361
2 18 0.994686
3 2 0.993539
3 3 0.975007
3 4 0.764201
3 5 0.986031
3 6 0.989582
3 7 0.505774
3 9 0.683425
3 10 0.963018
3 11 0.738921
3 12 0.934981
3 13 0.957989
3 14 0.951553
3 15 0.877657
3 16 0.971392
3 17 0.764201
3 18 0.976897
3 19 0.997921
4 1 0.870509
4 2 0.847361
4 3 0.764201
4 4 0.690502
4 5 0.810418
4 6 0.874344
4 7 0.502055
4 8 0.864990
4 9 0.553993
4 10 0.751148
4 11 0.598213
4 12 0.720858
4 13 0.771962
4 14 0.731100
4 15 0.660009
4 16 0.774934
4 18 0.792434
4 19 0.896076
5 2 0.997361
5 3 0.986031
5 4 0.810418
5 5 0.993436
5 6 0.996037
5 7 0.506961
5 9 0.712564
5 10 0.976464
5 11 0.778864
5 12 0.958700
5 13 0.975097
5 14 0.969942
5 15 0.907302
5 16 0.984307
5 17 0.810418
5 18 0.986665
5 19 0.999194
6 1 0.999603
6 2 0.998010
6 3 0.989582
6 4 0.874344
6 5 0.996037
6 6 0.999999
6 7 0.510285
6 8 0.999297
6 9 0.787240
6 10 0.963696
6 11 0.877882
6 12 0.981511
6 13 0.981540
6 14 0.973296
6 15 0.899491
6 16 0.993319
6 17 0.874344
6 18 0.989806
6 19 0.998990
7 1 0.508803
7 2 0.507652
7 3 0.505774
7 4 0.502055
7 5 0.506961
7 6 0.510285
7 7 0.500049
7 8 0.508349
7 9 0.501542
7 10 0.504277
7 11 0.501990
7 12 0.504400
7 13 0.504751
7 14 0.504472
7 15 0.503004
7 16 0.505828
7 17 0.502055
7 18 0.505266
7 19 0.508527
8 4 0.864990
8 6 0.999297
8 7 0.508349
8 8 0.999488
8 9 0.746575
8 10 0.989568
8 11 0.815845
8 18 0.994974
9 1 0.753833
9 2 0.735370
9 3 0.683425
9 4 0.553993
9 5 0.712564
9 6 0.787240
9 7 0.501542
9 8 0.746575
9 9 0.556820
9 10 0.642716
9 11 0.558958
9 12 0.635311
9 13 0.649736
9 14 0.650972
9 15 0.598033
9 16 0.679369
9 17 0.553993
9 18 0.666340
9 19 0.758745
10 1 0.990971
10 2 0.989591
10 3 0.963018
10 4 0.751148
10 5 0.976464
10 6 0.963696
10 7 0.504277
10 8 0.989568
10 9 0.642716
10 10 0.962635
10 11 0.697538
10 12 0.909187
10 13 0.947434
10 14 0.937956
10 15 0.857931
10 16 0.955063
10 17 0.751148
10 18 0.974976
11 1 0.839394
11 2 0.812909
11 3 0.738921
11 4 0.598213
11 5 0.778864
11 6 0.877882
11 7 0.501990
11 8 0.815845
11 9 0.558958
11 10 0.697538
11 11 0.662784
11 12 0.690608
11 13 0.694629
11 14 0.686996
11 15 0.619176
11 16 0.744912
11 17 0.598213
11 18 0.762303
11 19 0.849783
12 2 0.977249
12 3 0.934981
12 4 0.720858
12 5 0.958700
12 6 0.981511
12 7 0.504400
12 9 0.635311
12 10 0.909187
12 11 0.690608
12 12 0.889215
12 13 0.909062
12 14 0.895300
12 15 0.801886
12 16 0.934432
12 17 0.720858
12 18 0.938026
12 19 0.988617
13 1 0.990843
13 2 0.987786
13 3 0.957989
13 4 0.771962
13 5 0.975097
13 6 0.981540
13 7 0.504751
13 9 0.649736
13 10 0.947434
13 11 0.694629
13 12 0.909062
13 13 0.947088
13 14 0.932498
13 15 0.848459
13 16 0.954435
13 17 0.771962
13 18 0.964889
13 19 0.995830
14 1 0.986962
14 2 0.985047
14 3 0.951553
14 4 0.731100
14 5 0.969942
14 6 0.973296
14 7 0.504472
14 9 0.650972
14 10 0.937956
14 11 0.686996
14 12 0.895300
14 13 0.932498
14 14 0.937062
14 15 0.836910
14 16 0.946258
14 17 0.731100
14 18 0.955892
14 19 0.994232
15 1 0.944047
15 2 0.934875
15 3 0.877657
15 4 0.660009
15 5 0.907302
15 6 0.899491
15 7 0.503004
15 9 0.598033
15 10 0.857931
15 11 0.619176
15 12 0.801886
15 13 0.848459
15 14 0.836910
15 15 0.750675
15 16 0.867096
15 17 0.660009
15 18 0.880985
15 19 0.965951
16 2 0.992433
16 3 0.971392
16 4 0.774934
16 5 0.984307
16 6 0.993319
16 7 0.505828
16 9 0.679369
16 10 0.955063
16 11 0.744912
16 12 0.934432
16 13 0.954435
16 14 0.946258
16 15 0.867096
16 16 0.969919
16 17 0.774934
16 18 0.973068
16 19 0.997216
17 2 0.847361
17 3 0.764201
17 5 0.810418
17 6 0.874344
17 7 0.502055
17 9 0.553993
17 10 0.751148
17 11 0.598213
17 12 0.720858
17 13 0.771962
17 14 0.731100
17 15 0.660009
17 16 0.774934
17 17 0.690502
17 18 0.792434
18 1 0.996026
18 2 0.994686
18 3 0.976897
18 4 0.792434
18 5 0.986665
18 6 0.989806
18 7 0.505266
18 8 0.994974
18 9 0.666340
18 10 0.974976
18 11 0.762303
18 12 0.938026
18 13 0.964889
18 14 0.955892
18 15 0.880985
18 16 0.973068
18 17 0.792434
18 18 0.987458
19 3 0.997921
19 4 0.896076
19 5 0.999194
19 6 0.998990
19 7 0.508527
19 9 0.758745
19 11 0.849783
19 12 0.988617
19 13 0.995830
19 14 0.994232
19 15 0.965951
19 16 0.997216
19 19 0.999987
