1 2 0.934385
1 3 0.882630
1 5 0.777454
1 8 0.896702
1 12 0.826515
1 16 0.797315
1 17 0.906353
1 19 0.981189
2 1 0.934385
2 8 0.841531
2 19 0.977639
3 1 0.882630
3 8 0.841367
4 17 0.713331
5 1 0.777454
5 8 0.701006
8 1 0.896702
8 2 0.841531
8 3 0.841367
8 5 0.701006
8 12 0.780927
8 13 0.596503
8 14 0.930472
8 15 0.715149
8 16 0.799737
8 17 0.843514
8 19 0.930720
10 19 0.958174
12 1 0.826515
12 8 0.780927
13 8 0.596503
14 8 0.930472
15 8 0.715149
16 1 0.797315
16 8 0.799737
17 1 0.906353
17 4 0.713331
17 8 0.843514
17 19 0.953570
18 19 0.970240
19 1 0.981189
19 2 0.977639
19 8 0.930720
19 10 0.958174
19 17 0.953570
19 18 0.970240
1 1 0.953334
1 4 0.756856
1 6 0.995399
1 7 0.503217
1 9 0.513630
1 10 0.895207
1 11 0.721715
1 13 0.698957
1 14 0.959311
1 15 0.721787
1 18 0.918905
2 2 0.932897
2 3 0.842920
2 4 0.722957
2 5 0.723487
2 6 0.984216
2 7 0.502498
2 9 0.497026
2 10 0.887616
2 11 0.703782
2 12 0.791616
2 13 0.717308
2 14 0.939176
2 15 0.672380
2 16 0.737622
2 17 0.884391
2 18 0.909878
3 2 0.842920
3 3 0.815608
3 4 0.682530
3 5 0.693238
3 6 0.974419
3 7 0.502545
3 9 0.511936
3 10 0.788282
3 11 0.649084
3 12 0.756618
3 13 0.605111
3 14 0.902142
3 15 0.681969
3 16 0.754138
3 17 0.824418
3 18 0.821267
3 19 0.923362
4 1 0.756856
4 2 0.722957
4 3 0.682530
4 4 0.628500
4 5 0.611582
4 6 0.898565
4 7 0.501478
4 8 0.706912
4 9 0.505742
4 10 0.695188
4 11 0.565639
4 12 0.645062
4 13 0.568081
4 14 0.777200
4 15 0.593190
4 16 0.635108
4 18 0.715293
4 19 0.818702
5 2 0.723487
5 3 0.693238
5 4 0.611582
5 5 0.673623
5 6 0.929807
5 7 0.501202
5 9 0.516785
5 10 0.691246
5 11 0.598235
5 12 0.649478
5 13 0.563297
5 14 0.773174
5 15 0.593069
5 16 0.630632
5 17 0.705993
5 18 0.705315
5 19 0.812174
6 1 0.995399
6 2 0.984216
6 3 0.974419
6 4 0.898565
6 5 0.929807
6 6 1.000000
6 7 0.503329
6 8 0.980866
6 9 0.600691
6 10 0.976761
6 11 0.730958
6 12 0.923697
6 13 0.265397
6 14 0.988876
6 15 0.841741
6 16 0.922074
6 17 0.978215
6 18 0.966471
6 19 0.998396
7 1 0.503217
7 2 0.502498
7 3 0.502545
7 4 0.501478
7 5 0.501202
7 6 0.503329
7 7 0.500034
7 8 0.503192
7 9 0.500068
7 10 0.502053
7 11 0.500827
7 12 0.502056
7 13 0.501360
7 14 0.503981
7 15 0.501508
7 16 0.502211
7 17 0.502757
7 18 0.502877
7 19 0.504030
8 4 0.706912
8 6 0.980866
8 7 0.503192
8 8 0.882138
8 9 0.517361
8 10 0.794951
8 11 0.654609
8 18 0.834156
9 1 0.513630
9 2 0.497026
9 3 0.511936
9 4 0.505742
9 5 0.516785
9 6 0.600691
9 7 0.500068
9 8 0.517361
9 9 0.507182
9 10 0.504578
9 11 0.499554
9 12 0.506375
9 13 0.483285
9 14 0.510376
9 15 0.508782
9 16 0.513335
9 17 0.505948
9 18 0.497429
9 19 0.503987
10 1 0.895207
10 2 0.887616
10 3 0.788282
10 4 0.695188
10 5 0.691246
10 6 0.976761
10 7 0.502053
10 8 0.794951
10 9 0.504578
10 10 0.853037
10 11 0.663913
10 12 0.737121
10 13 0.671481
10 14 0.888007
10 15 0.638163
10 16 0.695133
10 17 0.835836
10 18 0.868598
11 1 0.721715
11 2 0.703782
11 3 0.649084
11 4 0.565639
11 5 0.598235
11 6 0.730958
11 7 0.500827
11 8 0.654609
11 9 0.499554
11 10 0.663913
11 11 0.644757
11 12 0.616186
11 13 0.648330
11 14 0.775065
11 15 0.569471
11 16 0.597757
11 17 0.657938
11 18 0.706495
11 19 0.785329
12 2 0.791616
12 3 0.756618
12 4 0.645062
12 5 0.649478
12 6 0.923697
12 7 0.502056
12 9 0.506375
12 10 0.737121
12 11 0.616186
12 12 0.709048
12 13 0.590193
12 14 0.863551
12 15 0.640411
12 16 0.702037
12 17 0.771372
12 18 0.774277
12 19 0.877211
13 1 0.698957
13 2 0.717308
13 3 0.605111
13 4 0.568081
13 5 0.563297
13 6 0.265397
13 7 0.501360
13 9 0.483285
13 10 0.671481
13 11 0.648330
13 12 0.590193
13 13 0.834156
13 14 0.676546
13 15 0.546481
13 16 0.531696
13 17 0.655059
13 18 0.738604
13 19 0.794431
14 1 0.959311
14 2 0.939176
14 3 0.902142
14 4 0.777200
14 5 0.773174
14 6 0.988876
14 7 0.503981
14 9 0.510376
14 10 0.888007
14 11 0.775065
14 12 0.863551
14 13 0.676546
14 14 0.996912
14 15 0.749757
14 16 0.858404
14 17 0.924523
14 18 0.938936
14 19 0.983682
15 1 0.721787
15 2 0.672380
15 3 0.681969
15 4 0.593190
15 5 0.593069
15 6 0.841741
15 7 0.501508
15 9 0.508782
15 10 0.638163
15 11 0.569471
15 12 0.640411
15 13 0.546481
15 14 0.749757
15 15 0.606665
15 16 0.654395
15 17 0.677517
15 18 0.666344
15 19 0.750832
16 2 0.737622
16 3 0.754138
16 4 0.635108
16 5 0.630632
16 6 0.922074
16 7 0.502211
16 9 0.513335
16 10 0.695133
16 11 0.597757
16 12 0.702037
16 13 0.531696
16 14 0.858404
16 15 0.654395
16 16 0.731979
16 17 0.747425
16 18 0.727321
16 19 0.832716
17 2 0.884391
17 3 0.824418
17 5 0.705993
17 6 0.978215
17 7 0.502757
17 9 0.505948
17 10 0.835836
17 11 0.657938
17 12 0.771372
17 13 0.655059
17 14 0.924523
17 15 0.677517
17 16 0.747425
17 17 0.855798
17 18 0.866562
18 1 0.918905
18 2 0.909878
18 3 0.821267
18 4 0.715293
18 5 0.705315
18 6 0.966471
18 7 0.502877
18 8 0.834156
18 9 0.497429
18 10 0.868598
18 11 0.706495
18 12 0.774277
18 13 0.738604
18 14 0.938936
18 15 0.666344
18 16 0.727321
18 17 0.866562
18 18 0.906370
19 3 0.923362
19 4 0.818702
19 5 0.812174
19 6 0.998396
19 7 0.504030
19 9 0.503987
19 11 0.785329
19 12 0.877211
19 13 0.794431
19 14 0.983682
19 15 0.750832
19 16 0.832716
19 19 0.996560
