1 2 0.981566
1 3 0.934898
1 5 0.928973
1 8 0.975035
1 12 0.920603
1 16 0.926141
1 17 0.821799
1 19 0.986574
2 1 0.981566
2 8 0.965570
2 19 0.984002
3 1 0.934898
3 8 0.910268
4 17 0.570300
5 1 0.928973
5 8 0.902431
8 1 0.975035
8 2 0.965570
8 3 0.910268
8 5 0.902431
8 12 0.891889
8 13 0.898390
8 14 0.989194
8 15 0.816684
8 16 0.897499
8 17 0.783629
8 19 0.973883
10 19 0.500000
12 1 0.920603
12 8 0.891889
13 8 0.898390
14 8 0.989194
15 8 0.816684
16 1 0.926141
16 8 0.897499
17 1 0.821799
17 4 0.570300
17 8 0.783629
17 19 0.820327
18 19 0.970089
19 1 0.986574
19 2 0.984002
19 8 0.973883
19 10 0.500000
19 17 0.820327
19 18 0.970089
1 1 0.986606
1 4 0.654162
1 6 0.994191
1 7 0.504080
1 9 0.697994
1 10 0.500000
1 11 0.822189
1 13 0.920406
1 14 0.993351
1 15 0.844914
1 18 0.970380
2 2 0.979124
2 3 0.918576
2 4 0.639529
2 5 0.908400
2 6 0.988428
2 7 0.503171
2 9 0.681473
2 10 0.500000
2 11 0.792883
2 12 0.902877
2 13 0.911450
2 14 0.989121
2 15 0.826070
2 16 0.911918
2 17 0.802711
2 18 0.964102
3 2 0.918576
3 3 0.852418
3 4 0.591121
3 5 0.842577
3 6 0.964097
3 7 0.502651
3 9 0.634728
3 10 0.500000
3 11 0.735130
3 12 0.826109
3 13 0.814178
3 14 0.968357
3 15 0.752132
3 16 0.832229
3 17 0.721318
3 18 0.911663
3 19 0.934475
4 1 0.654162
4 2 0.639529
4 3 0.591121
4 4 0.543055
4 5 0.587981
4 6 0.741595
4 7 0.500761
4 8 0.625762
4 9 0.530566
4 10 0.500000
4 11 0.569825
4 12 0.586455
4 13 0.551492
4 14 0.662640
4 15 0.555405
4 16 0.589775
4 18 0.657434
4 19 0.648840
5 2 0.908400
5 3 0.842577
5 4 0.587981
5 5 0.841670
5 6 0.970810
5 7 0.502727
5 9 0.626794
5 10 0.500000
5 11 0.732982
5 12 0.818973
5 13 0.798265
5 14 0.960815
5 15 0.737486
5 16 0.821229
5 17 0.713724
5 18 0.869224
5 19 0.925964
6 1 0.994191
6 2 0.988428
6 3 0.964097
6 4 0.741595
6 5 0.970810
6 6 0.999999
6 7 0.508752
6 8 0.987485
6 9 0.773289
6 10 0.500000
6 11 0.935697
6 12 0.950234
6 13 0.803172
6 14 0.999879
6 15 0.866143
6 16 0.943517
6 17 0.891230
6 18 0.996475
6 19 0.992306
7 1 0.504080
7 2 0.503171
7 3 0.502651
7 4 0.500761
7 5 0.502727
7 6 0.508752
7 7 0.500042
7 8 0.503678
7 9 0.501066
7 10 0.500000
7 11 0.502398
7 12 0.502459
7 13 0.500619
7 14 0.506606
7 15 0.501564
7 16 0.502222
7 17 0.501608
7 18 0.506956
7 19 0.503475
8 4 0.625762
8 6 0.987485
8 7 0.503678
8 8 0.960255
8 9 0.678310
8 10 0.500000
8 11 0.785368
8 18 0.958982
9 1 0.697994
9 2 0.681473
9 3 0.634728
9 4 0.530566
9 5 0.626794
9 6 0.773289
9 7 0.501066
9 8 0.678310
9 9 0.561380
9 10 0.500000
9 11 0.592767
9 12 0.619811
9 13 0.576808
9 14 0.794001
9 15 0.590608
9 16 0.618377
9 17 0.575233
9 18 0.771169
9 19 0.695497
10 1 0.500000
10 2 0.500000
10 3 0.500000
10 4 0.500000
10 5 0.500000
10 6 0.500000
10 7 0.500000
10 8 0.500000
10 9 0.500000
10 10 0.500000
10 11 0.500000
10 12 0.500000
10 13 0.500000
10 14 0.500000
10 15 0.500000
10 16 0.500000
10 17 0.500000
10 18 0.500000
11 1 0.822189
11 2 0.792883
11 3 0.735130
11 4 0.569825
11 5 0.732982
11 6 0.935697
11 7 0.502398
11 8 0.785368
11 9 0.592767
11 10 0.500000
11 11 0.717153
11 12 0.711581
11 13 0.570988
11 14 0.882024
11 15 0.644485
11 16 0.705900
11 17 0.646734
11 18 0.871708
11 19 0.815183
12 2 0.902877
12 3 0.826109
12 4 0.586455
12 5 0.818973
12 6 0.950234
12 7 0.502459
12 9 0.619811
12 10 0.500000
12 11 0.711581
12 12 0.805323
12 13 0.786048
12 14 0.947999
12 15 0.728230
12 16 0.810317
12 17 0.704408
12 18 0.883937
12 19 0.919094
13 1 0.920406
13 2 0.911450
13 3 0.814178
13 4 0.551492
13 5 0.798265
13 6 0.803172
13 7 0.500619
13 9 0.576808
13 10 0.500000
13 11 0.570988
13 12 0.786048
13 13 0.994997
13 14 0.960583
13 15 0.732832
13 16 0.829006
13 17 0.679963
13 18 0.299905
13 19 0.921784
14 1 0.993351
14 2 0.989121
14 3 0.968357
14 4 0.662640
14 5 0.960815
14 6 0.999879
14 7 0.506606
14 9 0.794001
14 10 0.500000
14 11 0.882024
14 12 0.947999
14 13 0.960583
14 14 0.999991
14 15 0.900481
14 16 0.947930
14 17 0.857049
14 18 0.999270
14 19 0.992699
15 1 0.844914
15 2 0.826070
15 3 0.752132
15 4 0.555405
15 5 0.737486
15 6 0.866143
15 7 0.501564
15 9 0.590608
15 10 0.500000
15 11 0.644485
15 12 0.728230
15 13 0.732832
15 14 0.900481
15 15 0.675944
15 16 0.736453
15 17 0.643929
15 18 0.837541
15 19 0.845504
16 2 0.911918
16 3 0.832229
16 4 0.589775
16 5 0.821229
16 6 0.943517
16 7 0.502222
16 9 0.618377
16 10 0.500000
16 11 0.705900
16 12 0.810317
16 13 0.829006
16 14 0.947930
16 15 0.736453
16 16 0.821108
16 17 0.710712
16 18 0.871607
16 19 0.926973
17 2 0.802711
17 3 0.721318
17 5 0.713724
17 6 0.891230
17 7 0.501608
17 9 0.575233
17 10 0.500000
17 11 0.646734
17 12 0.704408
17 13 0.679963
17 14 0.857049
17 15 0.643929
17 16 0.710712
17 17 0.643996
17 18 0.800845
18 1 0.970380
18 2 0.964102
18 3 0.911663
18 4 0.657434
18 5 0.869224
18 6 0.996475
18 7 0.506956
18 8 0.958982
18 9 0.771169
18 10 0.500000
18 11 0.871708
18 12 0.883937
18 13 0.299905
18 14 0.999270
18 15 0.837541
18 16 0.871607
18 17 0.800845
18 18 0.999977
19 3 0.934475
19 4 0.648840
19 5 0.925964
19 6 0.992306
19 7 0.503475
19 9 0.695497
19 11 0.815183
19 12 0.919094
19 13 0.921784
19 14 0.992699
19 15 0.845504
19 16 0.926973
19 19 0.988255
