1 2 0.625864
1 3 0.720905
1 5 0.599042
1 8 0.763508
1 12 0.599728
1 16 0.627243
1 17 0.724797
1 19 0.735605
2 1 0.625864
2 8 0.685735
2 19 0.685685
3 1 0.720905
3 8 0.729959
4 17 0.650765
5 1 0.599042
5 8 0.677248
8 1 0.763508
8 2 0.685735
8 3 0.729959
8 5 0.677248
8 12 0.668849
8 13 0.646143
8 14 0.616472
8 15 0.647870
8 16 0.647623
8 17 0.754165
8 19 0.781724
10 19 0.687914
12 1 0.599728
12 8 0.668849
13 8 0.646143
14 8 0.616472
15 8 0.647870
16 1 0.627243
16 8 0.647623
17 1 0.724797
17 4 0.650765
17 8 0.754165
17 19 0.731799
18 19 0.665288
19 1 0.735605
19 2 0.685685
19 8 0.781724
19 10 0.687914
19 17 0.731799
19 18 0.665288
1 1 0.751380
1 4 0.660315
1 6 0.794180
1 7 0.499694
1 9 0.546923
1 10 0.612269
1 11 0.498934
1 13 0.595820
1 14 0.565847
1 15 0.591174
1 18 0.574734
2 2 0.638686
2 3 0.590286
2 4 0.597247
2 5 0.584337
2 6 0.548113
2 7 0.499617
2 9 0.526470
2 10 0.611141
2 11 0.496717
2 12 0.582837
2 13 0.574828
2 14 0.572861
2 15 0.570146
2 16 0.641767
2 17 0.645480
2 18 0.607928
3 2 0.590286
3 3 0.712467
3 4 0.628341
3 5 0.608306
3 6 0.834571
3 7 0.500070
3 9 0.544464
3 10 0.581771
3 11 0.518606
3 12 0.589141
3 13 0.599617
3 14 0.564568
3 15 0.582908
3 16 0.569727
3 17 0.697276
3 18 0.552184
3 19 0.687309
4 1 0.660315
4 2 0.597247
4 3 0.628341
4 4 0.615327
4 5 0.569359
4 6 0.646260
4 7 0.499700
4 8 0.686957
4 9 0.527603
4 10 0.574268
4 11 0.500921
4 12 0.568721
4 13 0.555249
4 14 0.544172
4 15 0.562438
4 16 0.604631
4 18 0.548111
4 19 0.655221
5 2 0.584337
5 3 0.608306
5 4 0.569359
5 5 0.639961
5 6 0.741578
5 7 0.500515
5 9 0.529520
5 10 0.549558
5 11 0.548824
5 12 0.585399
5 13 0.596659
5 14 0.565489
5 15 0.577632
5 16 0.544000
5 17 0.619501
5 18 0.553587
5 19 0.600081
6 1 0.794180
6 2 0.548113
6 3 0.834571
6 4 0.646260
6 5 0.741578
6 6 0.996666
6 7 0.501032
6 8 0.819511
6 9 0.580701
6 10 0.510001
6 11 0.553894
6 12 0.646271
6 13 0.720312
6 14 0.564470
6 15 0.640673
6 16 0.443223
6 17 0.755578
6 18 0.479321
6 19 0.631651
7 1 0.499694
7 2 0.499617
7 3 0.500070
7 4 0.499700
7 5 0.500515
7 6 0.501032
7 7 0.500012
7 8 0.500111
7 9 0.500028
7 10 0.499804
7 11 0.500731
7 12 0.500132
7 13 0.500237
7 14 0.500240
7 15 0.500124
7 16 0.498991
7 17 0.499755
7 18 0.499827
7 19 0.499630
8 4 0.686957
8 6 0.819511
8 7 0.500111
8 8 0.851085
8 9 0.559796
8 10 0.647341
8 11 0.528523
8 18 0.619470
9 1 0.546923
9 2 0.526470
9 3 0.544464
9 4 0.527603
9 5 0.529520
9 6 0.580701
9 7 0.500028
9 8 0.559796
9 9 0.513920
9 10 0.520605
9 11 0.509734
9 12 0.523997
9 13 0.523673
9 14 0.520931
9 15 0.521616
9 16 0.514828
9 17 0.544971
9 18 0.520218
9 19 0.546041
10 1 0.612269
10 2 0.611141
10 3 0.581771
10 4 0.574268
10 5 0.549558
10 6 0.510001
10 7 0.499804
10 8 0.647341
10 9 0.520605
10 10 0.617306
10 11 0.506053
10 12 0.562364
10 13 0.559879
10 14 0.569959
10 15 0.549982
10 16 0.610109
10 17 0.622674
10 18 0.605660
11 1 0.498934
11 2 0.496717
11 3 0.518606
11 4 0.500921
11 5 0.548824
11 6 0.553894
11 7 0.500731
11 8 0.528523
11 9 0.509734
11 10 0.506053
11 11 0.612209
11 12 0.515829
11 13 0.520210
11 14 0.528066
11 15 0.513153
11 16 0.468363
11 17 0.510314
11 18 0.512382
11 19 0.511097
12 2 0.582837
12 3 0.589141
12 4 0.568721
12 5 0.585399
12 6 0.646271
12 7 0.500132
12 9 0.523997
12 10 0.562364
12 11 0.515829
12 12 0.580157
12 13 0.570167
12 14 0.555608
12 15 0.567809
12 16 0.547430
12 17 0.604838
12 18 0.560596
12 19 0.621060
13 1 0.595820
13 2 0.574828
13 3 0.599617
13 4 0.555249
13 5 0.596659
13 6 0.720312
13 7 0.500237
13 9 0.523673
13 10 0.559879
13 11 0.520210
13 12 0.570167
13 13 0.586405
13 14 0.556327
13 15 0.561301
13 16 0.553355
13 17 0.606142
13 18 0.563040
13 19 0.612268
14 1 0.565847
14 2 0.572861
14 3 0.564568
14 4 0.544172
14 5 0.565489
14 6 0.564470
14 7 0.500240
14 9 0.520931
14 10 0.569959
14 11 0.528066
14 12 0.555608
14 13 0.556327
14 14 0.586118
14 15 0.547560
14 16 0.536206
14 17 0.586709
14 18 0.567734
14 19 0.610040
15 1 0.591174
15 2 0.570146
15 3 0.582908
15 4 0.562438
15 5 0.577632
15 6 0.640673
15 7 0.500124
15 9 0.521616
15 10 0.549982
15 11 0.513153
15 12 0.567809
15 13 0.561301
15 14 0.547560
15 15 0.559237
15 16 0.542595
15 17 0.595032
15 18 0.547785
15 19 0.600946
16 2 0.641767
16 3 0.569727
16 4 0.604631
16 5 0.544000
16 6 0.443223
16 7 0.498991
16 9 0.514828
16 10 0.610109
16 11 0.468363
16 12 0.547430
16 13 0.553355
16 14 0.536206
16 15 0.542595
16 16 0.759153
16 17 0.640315
16 18 0.603448
16 19 0.686985
17 2 0.645480
17 3 0.697276
17 5 0.619501
17 6 0.755578
17 7 0.499755
17 9 0.544971
17 10 0.622674
17 11 0.510314
17 12 0.604838
17 13 0.606142
17 14 0.586709
17 15 0.595032
17 16 0.640315
17 17 0.721201
17 18 0.597062
18 1 0.574734
18 2 0.607928
18 3 0.552184
18 4 0.548111
18 5 0.553587
18 6 0.479321
18 7 0.499827
18 8 0.619470
18 9 0.520218
18 10 0.605660
18 11 0.512382
18 12 0.560596
18 13 0.563040
18 14 0.567734
18 15 0.547785
18 16 0.603448
18 17 0.597062
18 18 0.623619
19 3 0.687309
19 4 0.655221
19 5 0.600081
19 6 0.631651
19 7 0.499630
19 9 0.546041
19 11 0.511097
19 12 0.621060
19 13 0.612268
19 14 0.610040
19 15 0.600946
19 16 0.686985
19 19 0.808179
