1 2 0.997653
1 3 0.989048
1 5 0.945475
1 8 0.997614
1 12 0.960447
1 16 0.972561
1 17 0.991874
1 19 0.999720
2 1 0.997653
2 8 0.992675
2 19 0.999043
3 1 0.989048
3 8 0.976995
4 17 0.817562
5 1 0.945475
5 8 0.918184
8 1 0.997614
8 2 0.992675
8 3 0.976995
8 5 0.918184
8 12 0.932520
8 13 0.927973
8 14 0.959390
8 15 0.865904
8 16 0.952692
8 17 0.981499
8 19 0.998584
10 19 0.997205
12 1 0.960447
12 8 0.932520
13 8 0.927973
14 8 0.959390
15 8 0.865904
16 1 0.972561
16 8 0.952692
17 1 0.991874
17 4 0.817562
17 8 0.981499
17 19 0.995984
18 19 0.998410
19 1 0.999720
19 2 0.999043
19 8 0.998584
19 10 0.997205
19 17 0.995984
19 18 0.998410
1 1 0.999342
1 4 0.892249
1 6 0.985379
1 7 0.503076
1 9 0.579285
1 10 0.991018
1 11 0.623353
1 13 0.955185
1 14 0.974921
1 15 0.895639
1 18 0.994944
2 2 0.994136
2 3 0.976108
2 4 0.853684
2 5 0.914059
2 6 0.964053
2 7 0.502619
2 9 0.559146
2 10 0.982202
2 11 0.606233
2 12 0.932385
2 13 0.920379
2 14 0.947409
2 15 0.850096
2 16 0.947356
2 17 0.982318
2 18 0.989083
3 2 0.976108
3 3 0.948568
3 4 0.765767
3 5 0.852317
3 6 0.924801
3 7 0.501769
3 9 0.556202
3 10 0.937997
3 11 0.573993
3 12 0.881881
3 13 0.836658
3 14 0.903705
3 15 0.793509
3 16 0.900429
3 17 0.948227
3 18 0.957197
3 19 0.991605
4 1 0.892249
4 2 0.853684
4 3 0.765767
4 4 0.689271
4 5 0.705680
4 6 0.797290
4 7 0.501038
4 8 0.852741
4 9 0.515628
4 10 0.825140
4 11 0.527772
4 12 0.699805
4 13 0.774206
4 14 0.745011
4 15 0.650263
4 16 0.733622
4 18 0.842002
4 19 0.932653
5 2 0.914059
5 3 0.852317
5 4 0.705680
5 5 0.793477
5 6 0.855596
5 7 0.501505
5 9 0.534384
5 10 0.867728
5 11 0.538563
5 12 0.772155
5 13 0.848779
5 14 0.790379
5 15 0.699956
5 16 0.791214
5 17 0.870457
5 18 0.891177
5 19 0.962739
6 1 0.985379
6 2 0.964053
6 3 0.924801
6 4 0.797290
6 5 0.855596
6 6 0.983199
6 7 0.501562
6 8 0.977917
6 9 0.544973
6 10 0.924778
6 11 0.565040
6 12 0.859707
6 13 0.917360
6 14 0.925811
6 15 0.797113
6 16 0.895005
6 17 0.944018
6 18 0.944253
6 19 0.988155
7 1 0.503076
7 2 0.502619
7 3 0.501769
7 4 0.501038
7 5 0.501505
7 6 0.501562
7 7 0.500010
7 8 0.502478
7 9 0.500139
7 10 0.502264
7 11 0.500258
7 12 0.501311
7 13 0.502240
7 14 0.501281
7 15 0.500844
7 16 0.501350
7 17 0.502109
7 18 0.502471
7 19 0.503838
8 4 0.852741
8 6 0.977917
8 7 0.502478
8 8 0.994204
8 9 0.572434
8 10 0.976911
8 11 0.598082
8 18 0.986049
9 1 0.579285
9 2 0.559146
9 3 0.556202
9 4 0.515628
9 5 0.534384
9 6 0.544973
9 7 0.500139
9 8 0.572434
9 9 0.515220
9 10 0.542186
9 11 0.517219
9 12 0.537582
9 13 0.521050
9 14 0.538434
9 15 0.525891
9 16 0.534954
9 17 0.544094
9 18 0.548361
9 19 0.576395
10 1 0.991018
10 2 0.982202
10 3 0.937997
10 4 0.825140
10 5 0.867728
10 6 0.924778
10 7 0.502264
10 8 0.976911
10 9 0.542186
10 10 0.969405
10 11 0.578296
10 12 0.874122
10 13 0.905008
10 14 0.897281
10 15 0.785442
10 16 0.898445
10 17 0.960539
10 18 0.977029
11 1 0.623353
11 2 0.606233
11 3 0.573993
11 4 0.527772
11 5 0.538563
11 6 0.565040
11 7 0.500258
11 8 0.598082
11 9 0.517219
11 10 0.578296
11 11 0.550223
11 12 0.562462
11 13 0.519411
11 14 0.558101
11 15 0.534321
11 16 0.551870
11 17 0.573584
11 18 0.594142
11 19 0.642062
12 2 0.932385
12 3 0.881881
12 4 0.699805
12 5 0.772155
12 6 0.859707
12 7 0.501311
12 9 0.537582
12 10 0.874122
12 11 0.562462
12 12 0.807742
12 13 0.775223
12 14 0.832596
12 15 0.718344
12 16 0.826158
12 17 0.886110
12 18 0.901728
12 19 0.968016
13 1 0.955185
13 2 0.920379
13 3 0.836658
13 4 0.774206
13 5 0.848779
13 6 0.917360
13 7 0.502240
13 9 0.521050
13 10 0.905008
13 11 0.519411
13 12 0.775223
13 13 0.981002
13 14 0.804607
13 15 0.697079
13 16 0.799744
13 17 0.897543
13 18 0.909699
13 19 0.977156
14 1 0.974921
14 2 0.947409
14 3 0.903705
14 4 0.745011
14 5 0.790379
14 6 0.925811
14 7 0.501281
14 9 0.538434
14 10 0.897281
14 11 0.558101
14 12 0.832596
14 13 0.804607
14 14 0.895050
14 15 0.763205
14 16 0.872949
14 17 0.916860
14 18 0.922448
14 19 0.978595
15 1 0.895639
15 2 0.850096
15 3 0.793509
15 4 0.650263
15 5 0.699956
15 6 0.797113
15 7 0.500844
15 9 0.525891
15 10 0.785442
15 11 0.534321
15 12 0.718344
15 13 0.697079
15 14 0.763205
15 15 0.666335
15 16 0.750012
15 17 0.804781
15 18 0.817219
15 19 0.907979
16 2 0.947356
16 3 0.900429
16 4 0.733622
16 5 0.791214
16 6 0.895005
16 7 0.501350
16 9 0.534954
16 10 0.898445
16 11 0.551870
16 12 0.826158
16 13 0.799744
16 14 0.872949
16 15 0.750012
16 16 0.862575
16 17 0.911600
16 18 0.922462
16 19 0.978545
17 2 0.982318
17 3 0.948227
17 5 0.870457
17 6 0.944018
17 7 0.502109
17 9 0.544094
17 10 0.960539
17 11 0.573584
17 12 0.886110
17 13 0.897543
17 14 0.916860
17 15 0.804781
17 16 0.911600
17 17 0.962550
17 18 0.972465
18 1 0.994944
18 2 0.989083
18 3 0.957197
18 4 0.842002
18 5 0.891177
18 6 0.944253
18 7 0.502471
18 8 0.986049
18 9 0.548361
18 10 0.977029
18 11 0.594142
18 12 0.901728
18 13 0.909699
18 14 0.922448
18 15 0.817219
18 16 0.922462
18 17 0.972465
18 18 0.984639
19 3 0.991605
19 4 0.932653
19 5 0.962739
19 6 0.988155
19 7 0.503838
19 9 0.576395
19 11 0.642062
19 12 0.968016
19 13 0.977156
19 14 0.978595
19 15 0.907979
19 16 0.978545
19 19 0.999957
