1 26 0.567376
3 17 0.811508
3 26 0.944771
4 22 0.557554
4 26 0.837028
5 26 0.882505
9 26 0.873985
11 26 0.992866
13 26 0.913571
14 26 0.996975
17 3 0.811508
18 26 0.926799
22 4 0.557554
24 26 0.877527
25 26 0.896270
26 1 0.567376
26 3 0.944771
26 4 0.837028
26 5 0.882505
26 9 0.873985
26 11 0.992866
26 13 0.913571
26 14 0.996975
26 18 0.926799
26 24 0.877527
26 25 0.896270
1 1 0.507521
1 2 0.638554
1 3 0.536914
1 4 0.519161
1 5 0.526630
1 6 0.724669
1 7 0.517563
1 8 0.518921
1 9 0.524434
1 10 0.505810
1 11 0.580906
1 12 0.527359
1 13 0.528044
1 14 0.563988
1 15 0.561584
1 16 0.520465
1 17 0.531024
1 18 0.552257
1 19 0.500000
1 20 0.546638
1 21 0.664224
1 22 0.507835
1 23 0.592423
1 24 0.525074
1 25 0.526632
2 1 0.638554
2 2 1.000000
2 3 0.994998
2 4 0.944846
2 5 0.973978
2 6 1.000000
2 7 0.813970
2 8 0.867763
2 9 0.971128
2 10 0.577985
2 11 0.999961
2 12 0.971202
2 13 0.984267
2 14 0.999942
2 15 0.999066
2 16 0.959090
2 17 0.990705
2 18 0.998175
2 19 0.500013
2 20 0.989480
2 21 1.000000
2 22 0.762952
2 23 0.999963
2 24 0.968985
2 25 0.978418
2 26 0.999937
3 1 0.536914
3 2 0.994998
3 3 0.840958
3 4 0.705822
3 5 0.751516
3 6 0.999878
3 7 0.610835
3 8 0.625737
3 9 0.743619
3 10 0.527241
3 11 0.925430
3 12 0.724422
3 13 0.779339
3 14 0.942420
3 15 0.857523
3 16 0.740229
3 18 0.828452
3 19 0.500002
3 20 0.758889
3 21 0.996740
3 22 0.585935
3 23 0.960632
3 24 0.747618
3 25 0.759955
4 1 0.519161
4 2 0.944846
4 3 0.705822
4 4 0.628890
4 5 0.648370
4 6 0.995827
4 7 0.561029
4 8 0.567357
4 9 0.645337
4 10 0.518415
4 11 0.812944
4 12 0.628957
4 13 0.674302
4 14 0.849581
4 15 0.719863
4 16 0.609095
4 17 0.722510
4 18 0.652274
4 19 0.500002
4 20 0.626536
4 21 0.964438
4 23 0.851250
4 24 0.646802
4 25 0.658741
5 1 0.526630
5 2 0.973978
5 3 0.751516
5 4 0.648370
5 5 0.688006
5 6 0.998566
5 7 0.579894
5 8 0.598650
5 9 0.678455
5 10 0.524335
5 11 0.863104
5 12 0.657177
5 13 0.711883
5 14 0.891123
5 15 0.775265
5 16 0.668680
5 17 0.759952
5 18 0.732756
5 19 0.500002
5 20 0.690289
5 21 0.983014
5 22 0.556912
5 23 0.902091
5 24 0.682290
5 25 0.695475
6 1 0.724669
6 2 1.000000
6 3 0.999878
6 4 0.995827
6 5 0.998566
6 6 1.000000
6 7 0.960684
6 8 0.931695
6 9 0.997645
6 10 0.716977
6 11 1.000000
6 12 0.995358
6 13 0.999552
6 14 1.000000
6 15 0.999974
6 16 0.947311
6 17 0.999976
6 18 0.999476
6 19 0.500029
6 20 0.996527
6 21 1.000000
6 22 0.909692
6 23 1.000000
6 24 0.998323
6 25 0.999228
6 26 1.000000
7 1 0.517563
7 2 0.813970
7 3 0.610835
7 4 0.561029
7 5 0.579894
7 6 0.960684
7 7 0.570898
7 8 0.543459
7 9 0.568044
7 10 0.518022
7 11 0.710599
7 12 0.588159
7 13 0.587141
7 14 0.686455
7 15 0.671020
7 16 0.532320
7 17 0.628762
7 18 0.548938
7 19 0.500001
7 20 0.563071
7 21 0.871286
7 22 0.525233
7 23 0.710887
7 24 0.581255
7 25 0.579860
7 26 0.690799
8 1 0.518921
8 2 0.867763
8 3 0.625737
8 4 0.567357
8 5 0.598650
8 6 0.931695
8 7 0.543459
8 8 0.658509
8 9 0.603423
8 10 0.520613
8 11 0.699907
8 12 0.662135
8 13 0.599249
8 14 0.724899
8 15 0.718888
8 16 0.681813
8 17 0.657010
8 18 0.674743
8 19 0.500002
8 20 0.722950
8 21 0.937069
8 22 0.522349
8 23 0.867953
8 24 0.594023
8 25 0.584771
8 26 0.722860
9 1 0.524434
9 2 0.971128
9 3 0.743619
9 4 0.645337
9 5 0.678455
9 6 0.997645
9 7 0.568044
9 8 0.603423
9 9 0.677340
9 10 0.520351
9 11 0.846604
9 12 0.663725
9 13 0.702120
9 14 0.879812
9 15 0.774812
9 16 0.671577
9 17 0.744397
9 18 0.720926
9 19 0.500001
9 20 0.695377
9 21 0.984059
9 22 0.559702
9 23 0.901851
9 24 0.673687
9 25 0.684960
10 1 0.505810
10 2 0.577985
10 3 0.527241
10 4 0.518415
10 5 0.524335
10 6 0.716977
10 7 0.518022
10 8 0.520613
10 9 0.520351
10 10 0.510009
10 11 0.562148
10 12 0.526863
10 13 0.526127
10 14 0.567573
10 15 0.539019
10 16 0.513036
10 17 0.555216
10 18 0.522421
10 19 0.500000
10 20 0.531578
10 21 0.623937
10 22 0.506854
10 23 0.580528
10 24 0.523654
10 25 0.523808
10 26 0.558051
11 1 0.580906
11 2 0.999961
11 3 0.925430
11 4 0.812944
11 5 0.863104
11 6 1.000000
11 7 0.710599
11 8 0.699907
11 9 0.846604
11 10 0.562148
11 11 0.996149
11 12 0.831282
11 13 0.893800
11 14 0.994581
11 15 0.967453
11 16 0.755786
11 17 0.935974
11 18 0.936470
11 19 0.500008
11 20 0.871512
11 21 0.999980
11 22 0.649932
11 23 0.993657
11 24 0.852046
11 25 0.877920
12 1 0.527359
12 2 0.971202
12 3 0.724422
12 4 0.628957
12 5 0.657177
12 6 0.995358
12 7 0.588159
12 8 0.662135
12 9 0.663725
12 10 0.526863
12 11 0.831282
12 12 0.778131
12 13 0.670829
12 14 0.802593
12 15 0.835988
12 16 0.689161
12 17 0.749535
12 18 0.701893
12 19 0.500003
12 20 0.729239
12 21 0.992114
12 22 0.562909
12 23 0.939207
12 24 0.658284
12 25 0.646102
12 26 0.837129
13 1 0.528044
13 2 0.984267
13 3 0.779339
13 4 0.674302
13 5 0.711883
13 6 0.999552
13 7 0.587141
13 8 0.599249
13 9 0.702120
13 10 0.526127
13 11 0.893800
13 12 0.670829
13 13 0.743244
13 14 0.925002
13 15 0.794214
13 16 0.671575
13 17 0.792419
13 18 0.739523
13 19 0.500003
13 20 0.692524
13 21 0.989432
13 22 0.570708
13 23 0.922183
13 24 0.706741
13 25 0.724272
14 1 0.563988
14 2 0.999942
14 3 0.942420
14 4 0.849581
14 5 0.891123
14 6 1.000000
14 7 0.686455
14 8 0.724899
14 9 0.879812
14 10 0.567573
14 11 0.994581
14 12 0.802593
14 13 0.925002
14 14 0.998922
14 15 0.946725
14 16 0.777648
14 17 0.961306
14 18 0.913002
14 19 0.500008
14 20 0.887550
14 21 0.999953
14 22 0.659972
14 23 0.995620
14 24 0.886160
14 25 0.909749
15 1 0.561584
15 2 0.999066
15 3 0.857523
15 4 0.719863
15 5 0.775265
15 6 0.999974
15 7 0.671020
15 8 0.718888
15 9 0.774812
15 10 0.539019
15 11 0.967453
15 12 0.835988
15 13 0.794214
15 14 0.946725
15 15 0.957861
15 16 0.790793
15 17 0.833336
15 18 0.829630
15 19 0.500003
15 20 0.851299
15 21 0.999876
15 22 0.601008
15 23 0.985747
15 24 0.768547
15 25 0.770513
15 26 0.959494
16 1 0.520465
16 2 0.959090
16 3 0.740229
16 4 0.609095
16 5 0.668680
16 6 0.947311
16 7 0.532320
16 8 0.681813
16 9 0.671577
16 10 0.513036
16 11 0.755786
16 12 0.689161
16 13 0.671575
16 14 0.777648
16 15 0.790793
16 16 0.863570
16 17 0.707914
16 18 0.803058
16 19 0.500001
16 20 0.791214
16 21 0.987032
16 22 0.528140
16 23 0.941788
16 24 0.653525
16 25 0.651506
16 26 0.818871
17 1 0.531024
17 2 0.990705
17 4 0.722510
17 5 0.759952
17 6 0.999976
17 7 0.628762
17 8 0.657010
17 9 0.744397
17 10 0.555216
17 11 0.935974
17 12 0.749535
17 13 0.792419
17 14 0.961306
17 15 0.833336
17 16 0.707914
17 17 0.925537
17 18 0.652368
17 19 0.500004
17 20 0.663361
17 21 0.998323
17 22 0.595622
17 23 0.957803
17 24 0.754010
17 25 0.767987
17 26 0.946577
18 1 0.552257
18 2 0.998175
18 3 0.828452
18 4 0.652274
18 5 0.732756
18 6 0.999476
18 7 0.548938
18 8 0.674743
18 9 0.720926
18 10 0.522421
18 11 0.936470
18 12 0.701893
18 13 0.739523
18 14 0.913002
18 15 0.829630
18 16 0.803058
18 17 0.652368
18 18 0.983536
18 19 0.500004
18 20 0.919228
18 21 0.984960
18 22 0.542991
18 23 0.972491
18 24 0.711615
18 25 0.733326
19 1 0.500000
19 2 0.500013
19 3 0.500002
19 4 0.500002
19 5 0.500002
19 6 0.500029
19 7 0.500001
19 8 0.500002
19 9 0.500001
19 10 0.500000
19 11 0.500008
19 12 0.500003
19 13 0.500003
19 14 0.500008
19 15 0.500003
19 16 0.500001
19 17 0.500004
19 18 0.500004
19 19 0.500000
19 20 0.500002
19 21 0.500010
19 22 0.500001
19 23 0.500007
19 24 0.500002
19 25 0.500002
19 26 0.500006
20 1 0.546638
20 2 0.989480
20 3 0.758889
20 4 0.626536
20 5 0.690289
20 6 0.996527
20 7 0.563071
20 8 0.722950
20 9 0.695377
20 10 0.531578
20 11 0.871512
20 12 0.729239
20 13 0.692524
20 14 0.887550
20 15 0.851299
20 16 0.791214
20 17 0.663361
20 18 0.919228
20 19 0.500002
20 20 0.911587
20 21 0.989968
20 22 0.538155
20 23 0.969408
20 24 0.676102
20 25 0.681493
20 26 0.887124
21 1 0.664224
21 2 1.000000
21 3 0.996740
21 4 0.964438
21 5 0.983014
21 6 1.000000
21 7 0.871286
21 8 0.937069
21 9 0.984059
21 10 0.623937
21 11 0.999980
21 12 0.992114
21 13 0.989432
21 14 0.999953
21 15 0.999876
21 16 0.987032
21 17 0.998323
21 18 0.984960
21 19 0.500010
21 20 0.989968
21 21 1.000000
21 22 0.817140
21 23 0.999999
21 24 0.980065
21 25 0.983405
21 26 0.999970
22 1 0.507835
22 2 0.762952
22 3 0.585935
22 5 0.556912
22 6 0.909692
22 7 0.525233
22 8 0.522349
22 9 0.559702
22 10 0.506854
22 11 0.649932
22 12 0.562909
22 13 0.570708
22 14 0.659972
22 15 0.601008
22 16 0.528140
22 17 0.595622
22 18 0.542991
22 19 0.500001
22 20 0.538155
22 21 0.817140
22 22 0.531579
22 23 0.674653
22 24 0.558261
22 25 0.562784
22 26 0.657957
23 1 0.592423
23 2 0.999963
23 3 0.960632
23 4 0.851250
23 5 0.902091
23 6 1.000000
23 7 0.710887
23 8 0.867953
23 9 0.901851
23 10 0.580528
23 11 0.993657
23 12 0.939207
23 13 0.922183
23 14 0.995620
23 15 0.985747
23 16 0.941788
23 17 0.957803
23 18 0.972491
23 19 0.500007
23 20 0.969408
23 21 0.999999
23 22 0.674653
23 23 0.999853
23 24 0.897030
23 25 0.900377
23 26 0.996423
24 1 0.525074
24 2 0.968985
24 3 0.747618
24 4 0.646802
24 5 0.682290
24 6 0.998323
24 7 0.581255
24 8 0.594023
24 9 0.673687
24 10 0.523654
24 11 0.852046
24 12 0.658284
24 13 0.706741
24 14 0.886160
24 15 0.768547
24 16 0.653525
24 17 0.754010
24 18 0.711615
24 19 0.500002
24 20 0.676102
24 21 0.980065
24 22 0.558261
24 23 0.897030
24 24 0.679475
24 25 0.689702
25 1 0.526632
25 2 0.978418
25 3 0.759955
25 4 0.658741
25 5 0.695475
25 6 0.999228
25 7 0.579860
25 8 0.584771
25 9 0.684960
25 10 0.523808
25 11 0.877920
25 12 0.646102
25 13 0.724272
25 14 0.909749
25 15 0.770513
25 16 0.651506
25 17 0.767987
25 18 0.733326
25 19 0.500002
25 20 0.681493
25 21 0.983405
25 22 0.562784
25 23 0.900377
25 24 0.689702
25 25 0.708262
26 2 0.999937
26 6 1.000000
26 7 0.690799
26 8 0.722860
26 10 0.558051
26 12 0.837129
26 15 0.959494
26 16 0.818871
26 17 0.946577
26 19 0.500006
26 20 0.887124
26 21 0.999970
26 22 0.657957
26 23 0.996423
26 26 0.995430
