1 26 0.783482
3 17 0.886653
3 26 0.912533
4 22 0.566329
4 26 0.777933
5 26 0.781257
9 26 0.689338
11 26 0.891514
13 26 0.831220
14 26 0.964026
17 3 0.886653
18 26 0.981525
22 4 0.566329
24 26 0.806543
25 26 0.662451
26 1 0.783482
26 3 0.912533
26 4 0.777933
26 5 0.781257
26 9 0.689338
26 11 0.891514
26 13 0.831220
26 14 0.964026
26 18 0.981525
26 24 0.806543
26 25 0.662451
1 1 0.624770
1 2 0.978076
1 3 0.714898
1 4 0.620954
1 5 0.623456
1 6 0.966554
1 7 0.539926
1 8 0.573548
1 9 0.569341
1 10 0.529806
1 11 0.698121
1 12 0.552951
1 13 0.652653
1 14 0.783132
1 15 0.616076
1 16 0.584199
1 17 0.714898
1 18 0.818935
1 19 0.500004
1 20 0.582953
1 21 0.824524
1 22 0.557449
1 23 0.809243
1 24 0.636872
1 25 0.565269
2 1 0.978076
2 2 1.000000
2 3 0.998834
2 4 0.974815
2 5 0.974879
2 6 1.000000
2 7 0.775476
2 8 0.898770
2 9 0.935824
2 10 0.747711
2 11 0.997273
2 12 0.789431
2 13 0.991495
2 14 0.999939
2 15 0.964271
2 16 0.972829
2 17 0.998834
2 18 1.000000
2 19 0.500030
2 20 0.945578
2 21 1.000000
2 22 0.856419
2 23 0.999973
2 24 0.984118
2 25 0.843309
2 26 0.999937
3 1 0.714898
3 2 0.998834
3 3 0.886653
3 4 0.705754
3 5 0.710414
3 6 0.998482
3 7 0.571398
3 8 0.662003
3 9 0.687463
3 10 0.548226
3 11 0.821827
3 12 0.601571
3 13 0.761829
3 14 0.908082
3 15 0.746011
3 16 0.662284
3 18 0.970237
3 19 0.500007
3 20 0.641014
3 21 0.969727
3 22 0.601132
3 23 0.933443
3 24 0.731456
3 25 0.639695
4 1 0.620954
4 2 0.974815
4 3 0.705754
4 4 0.626528
4 5 0.618846
4 6 0.965731
4 7 0.538878
4 8 0.564094
4 9 0.564744
4 10 0.528791
4 11 0.690240
4 12 0.549320
4 13 0.645889
4 14 0.783488
4 15 0.601286
4 16 0.572187
4 17 0.705754
4 18 0.791472
4 19 0.500003
4 20 0.557276
4 21 0.755278
4 23 0.790864
4 24 0.634706
4 25 0.561505
5 1 0.623456
5 2 0.974879
5 3 0.710414
5 4 0.618846
5 5 0.624517
5 6 0.962216
5 7 0.541632
5 8 0.572084
5 9 0.563419
5 10 0.528076
5 11 0.699346
5 12 0.551801
5 13 0.650966
5 14 0.778515
5 15 0.612788
5 16 0.585471
5 17 0.710414
5 18 0.805945
5 19 0.500004
5 20 0.585445
5 21 0.822485
5 22 0.555208
5 23 0.811693
5 24 0.636090
5 25 0.563148
6 1 0.966554
6 2 1.000000
6 3 0.998482
6 4 0.965731
6 5 0.962216
6 6 1.000000
6 7 0.722620
6 8 0.916117
6 9 0.877604
6 10 0.669874
6 11 0.995417
6 12 0.713075
6 13 0.982309
6 14 0.999884
6 15 0.969266
6 16 0.895745
6 17 0.998482
6 18 0.999845
6 19 0.500020
6 20 0.894035
6 21 0.999632
6 22 0.834878
6 23 0.999702
6 24 0.976073
6 25 0.852542
6 26 0.999817
7 1 0.539926
7 2 0.775476
7 3 0.571398
7 4 0.538878
7 5 0.541632
7 6 0.722620
7 7 0.519029
7 8 0.521980
7 9 0.518732
7 10 0.509832
7 11 0.567779
7 12 0.505870
7 13 0.549857
7 14 0.591509
7 15 0.521828
7 16 0.546888
7 17 0.571398
7 18 0.633182
7 19 0.500002
7 20 0.532209
7 21 0.621316
7 22 0.518976
7 23 0.618318
7 24 0.545746
7 25 0.521777
7 26 0.600793
8 1 0.573548
8 2 0.898770
8 3 0.662003
8 4 0.564094
8 5 0.572084
8 6 0.916117
8 7 0.521980
8 8 0.602654
8 9 0.613998
8 10 0.513620
8 11 0.617574
8 12 0.520516
8 13 0.593991
8 14 0.693377
8 15 0.630979
8 16 0.570231
8 17 0.662003
8 18 0.781513
8 19 0.500003
8 20 0.599604
8 21 0.798442
8 22 0.526675
8 23 0.676788
8 24 0.580259
8 25 0.553445
8 26 0.690110
9 1 0.569341
9 2 0.935824
9 3 0.687463
9 4 0.564744
9 5 0.563419
9 6 0.877604
9 7 0.518732
9 8 0.613998
9 9 0.734411
9 10 0.511978
9 11 0.598081
9 12 0.559876
9 13 0.597767
9 14 0.686241
9 15 0.661402
9 16 0.556332
9 17 0.687463
9 18 0.914103
9 19 0.500004
9 20 0.589260
9 21 0.878169
9 22 0.535114
9 23 0.659053
9 24 0.578277
9 25 0.572591
10 1 0.529806
10 2 0.747711
10 3 0.548226
10 4 0.528791
10 5 0.528076
10 6 0.669874
10 7 0.509832
10 8 0.513620
10 9 0.511978
10 10 0.511951
10 11 0.547518
10 12 0.513203
10 13 0.538040
10 14 0.572983
10 15 0.525371
10 16 0.527567
10 17 0.548226
10 18 0.610500
10 19 0.500001
10 20 0.528601
10 21 0.617179
10 22 0.513705
10 23 0.587759
10 24 0.532165
10 25 0.513652
10 26 0.573657
11 1 0.698121
11 2 0.997273
11 3 0.821827
11 4 0.690240
11 5 0.699346
11 6 0.995417
11 7 0.567779
11 8 0.617574
11 9 0.598081
11 10 0.547518
11 11 0.806346
11 12 0.593744
11 13 0.740256
11 14 0.885635
11 15 0.688470
11 16 0.632253
11 17 0.821827
11 18 0.912029
11 19 0.500006
11 20 0.644000
11 21 0.929428
11 22 0.589576
11 23 0.923241
11 24 0.715966
11 25 0.607297
12 1 0.552951
12 2 0.789431
12 3 0.601571
12 4 0.549320
12 5 0.551801
12 6 0.713075
12 7 0.505870
12 8 0.520516
12 9 0.559876
12 10 0.513203
12 11 0.593744
12 12 0.591883
12 13 0.570915
12 14 0.619025
12 15 0.593790
12 16 0.477800
12 17 0.601571
12 18 0.670500
12 19 0.500001
12 20 0.545078
12 21 0.753482
12 22 0.520360
12 23 0.685364
12 24 0.555738
12 25 0.528935
12 26 0.625434
13 1 0.652653
13 2 0.991495
13 3 0.761829
13 4 0.645889
13 5 0.650966
13 6 0.982309
13 7 0.549857
13 8 0.593991
13 9 0.597767
13 10 0.538040
13 11 0.740256
13 12 0.570915
13 13 0.690354
13 14 0.824321
13 15 0.650328
13 16 0.603292
13 17 0.761829
13 18 0.890851
13 19 0.500005
13 20 0.603105
13 21 0.896078
13 22 0.569008
13 23 0.867115
13 24 0.667048
13 25 0.586810
14 1 0.783132
14 2 0.999939
14 3 0.908082
14 4 0.783488
14 5 0.778515
14 6 0.999884
14 7 0.591509
14 8 0.693377
14 9 0.686241
14 10 0.572983
14 11 0.885635
14 12 0.619025
14 13 0.824321
14 14 0.971166
14 15 0.793355
14 16 0.677973
14 17 0.908082
14 18 0.973464
14 19 0.500007
14 20 0.686852
14 21 0.970163
14 22 0.649741
14 23 0.963956
14 24 0.805280
14 25 0.650358
15 1 0.616076
15 2 0.964271
15 3 0.746011
15 4 0.601286
15 5 0.612788
15 6 0.969266
15 7 0.521828
15 8 0.630979
15 9 0.661402
15 10 0.525371
15 11 0.688470
15 12 0.593790
15 13 0.650328
15 14 0.793355
15 15 0.747608
15 16 0.521254
15 17 0.746011
15 18 0.883217
15 19 0.500004
15 20 0.633564
15 21 0.926083
15 22 0.537642
15 23 0.787723
15 24 0.625333
15 25 0.578736
15 26 0.779621
16 1 0.584199
16 2 0.972829
16 3 0.662284
16 4 0.572187
16 5 0.585471
16 6 0.895745
16 7 0.546888
16 8 0.570231
16 9 0.556332
16 10 0.527567
16 11 0.632253
16 12 0.477800
16 13 0.603292
16 14 0.677973
16 15 0.521254
16 16 0.704725
16 17 0.662284
16 18 0.831365
16 19 0.500005
16 20 0.625292
16 21 0.868769
16 22 0.533614
16 23 0.725457
16 24 0.589564
16 25 0.534397
16 26 0.702559
17 1 0.714898
17 2 0.998834
17 4 0.705754
17 5 0.710414
17 6 0.998482
17 7 0.571398
17 8 0.662003
17 9 0.687463
17 10 0.548226
17 11 0.821827
17 12 0.601571
17 13 0.761829
17 14 0.908082
17 15 0.746011
17 16 0.662284
17 17 0.886653
17 18 0.970237
17 19 0.500007
17 20 0.641014
17 21 0.969727
17 22 0.601132
17 23 0.933443
17 24 0.731456
17 25 0.639695
17 26 0.912533
18 1 0.818935
18 2 1.000000
18 3 0.970237
18 4 0.791472
18 5 0.805945
18 6 0.999845
18 7 0.633182
18 8 0.781513
18 9 0.914103
18 10 0.610500
18 11 0.912029
18 12 0.670500
18 13 0.890851
18 14 0.973464
18 15 0.883217
18 16 0.831365
18 17 0.970237
18 18 0.999970
18 19 0.500021
18 20 0.756573
18 21 0.999945
18 22 0.653399
18 23 0.992287
18 24 0.840236
18 25 0.761054
19 1 0.500004
19 2 0.500030
19 3 0.500007
19 4 0.500003
19 5 0.500004
19 6 0.500020
19 7 0.500002
19 8 0.500003
19 9 0.500004
19 10 0.500001
19 11 0.500006
19 12 0.500001
19 13 0.500005
19 14 0.500007
19 15 0.500004
19 16 0.500005
19 17 0.500007
19 18 0.500021
19 19 0.500000
19 20 0.500003
19 21 0.500018
19 22 0.500002
19 23 0.500014
19 24 0.500004
19 25 0.500003
19 26 0.500010
20 1 0.582953
20 2 0.945578
20 3 0.641014
20 4 0.557276
20 5 0.585445
20 6 0.894035
20 7 0.532209
20 8 0.599604
20 9 0.589260
20 10 0.528601
20 11 0.644000
20 12 0.545078
20 13 0.603105
20 14 0.686852
20 15 0.633564
20 16 0.625292
20 17 0.641014
20 18 0.756573
20 19 0.500003
20 20 0.787502
20 21 0.881246
20 22 0.510858
20 23 0.667172
20 24 0.584775
20 25 0.526210
20 26 0.697988
21 1 0.824524
21 2 1.000000
21 3 0.969727
21 4 0.755278
21 5 0.822485
21 6 0.999632
21 7 0.621316
21 8 0.798442
21 9 0.878169
21 10 0.617179
21 11 0.929428
21 12 0.753482
21 13 0.896078
21 14 0.970163
21 15 0.926083
21 16 0.868769
21 17 0.969727
21 18 0.999945
21 19 0.500018
21 20 0.881246
21 21 0.999999
21 22 0.589265
21 23 0.996942
21 24 0.832405
21 25 0.688418
21 26 0.982327
22 1 0.557449
22 2 0.856419
22 3 0.601132
22 5 0.555208
22 6 0.834878
22 7 0.518976
22 8 0.526675
22 9 0.535114
22 10 0.513705
22 11 0.589576
22 12 0.520360
22 13 0.569008
22 14 0.649741
22 15 0.537642
22 16 0.533614
22 17 0.601132
22 18 0.653399
22 19 0.500002
22 20 0.510858
22 21 0.589265
22 22 0.538981
22 23 0.641859
22 24 0.565744
22 25 0.529148
22 26 0.644375
23 1 0.809243
23 2 0.999973
23 3 0.933443
23 4 0.790864
23 5 0.811693
23 6 0.999702
23 7 0.618318
23 8 0.676788
23 9 0.659053
23 10 0.587759
23 11 0.923241
23 12 0.685364
23 13 0.867115
23 14 0.963956
23 15 0.787723
23 16 0.725457
23 17 0.933443
23 18 0.992287
23 19 0.500014
23 20 0.667172
23 21 0.996942
23 22 0.641859
23 23 0.993555
23 24 0.830307
23 25 0.695421
23 26 0.973537
24 1 0.636872
24 2 0.984118
24 3 0.731456
24 4 0.634706
24 5 0.636090
24 6 0.976073
24 7 0.545746
24 8 0.580259
24 9 0.578277
24 10 0.532165
24 11 0.715966
24 12 0.555738
24 13 0.667048
24 14 0.805280
24 15 0.625333
24 16 0.589564
24 17 0.731456
24 18 0.840236
24 19 0.500004
24 20 0.584775
24 21 0.832405
24 22 0.565744
24 23 0.830307
24 24 0.652201
24 25 0.574120
25 1 0.565269
25 2 0.843309
25 3 0.639695
25 4 0.561505
25 5 0.563148
25 6 0.852542
25 7 0.521777
25 8 0.553445
25 9 0.572591
25 10 0.513652
25 11 0.607297
25 12 0.528935
25 13 0.586810
25 14 0.650358
25 15 0.578736
25 16 0.534397
25 17 0.639695
25 18 0.761054
25 19 0.500003
25 20 0.526210
25 21 0.688418
25 22 0.529148
25 23 0.695421
25 24 0.574120
25 25 0.559890
26 2 0.999937
26 6 0.999817
26 7 0.600793
26 8 0.690110
26 10 0.573657
26 12 0.625434
26 15 0.779621
26 16 0.702559
26 17 0.912533
26 19 0.500010
26 20 0.697988
26 21 0.982327
26 22 0.644375
26 23 0.973537
26 26 0.963724
