1 26 0.664567
3 17 0.989646
3 26 0.903486
4 22 0.522935
4 26 0.651774
5 26 0.669501
9 26 0.697753
11 26 0.713591
13 26 0.706191
14 26 0.826170
17 3 0.989646
18 26 0.825780
22 4 0.522935
24 26 0.708934
25 26 0.590323
26 1 0.664567
26 3 0.903486
26 4 0.651774
26 5 0.669501
26 9 0.697753
26 11 0.713591
26 13 0.706191
26 14 0.826170
26 18 0.825780
26 24 0.708934
26 25 0.590323
1 1 0.563072
1 2 0.738006
1 3 0.679534
1 4 0.555776
1 5 0.565457
1 6 0.853258
1 7 0.510619
1 8 0.590284
1 9 0.562938
1 10 0.512056
1 11 0.579902
1 12 0.597485
1 13 0.579189
1 14 0.637862
1 15 0.641142
1 16 0.661366
1 17 0.679534
1 18 0.635968
1 19 0.499999
1 20 0.663784
1 21 0.737881
1 22 0.520141
1 23 0.703668
1 24 0.578680
1 25 0.532816
2 1 0.738006
2 2 0.999999
2 3 0.996428
2 4 0.742503
2 5 0.739254
2 6 0.999361
2 7 0.622711
2 8 0.971480
2 9 0.861927
2 10 0.555716
2 11 0.843530
2 12 0.791955
2 13 0.804613
2 14 0.748015
2 15 0.826043
2 16 0.996477
2 17 0.996428
2 18 0.950346
2 19 0.500002
2 20 0.986386
2 21 0.999487
2 22 0.752396
2 23 0.999566
2 24 0.834352
2 25 0.665915
2 26 0.971783
3 1 0.679534
3 2 0.996428
3 3 0.989646
3 4 0.682986
3 5 0.689033
3 6 0.997018
3 7 0.560873
3 8 0.865202
3 9 0.740196
3 10 0.543629
3 11 0.782915
3 12 0.789213
3 13 0.747311
3 14 0.708803
3 15 0.830397
3 16 0.971080
3 18 0.890081
3 19 0.500003
3 20 0.909889
3 21 0.996600
3 22 0.592992
3 23 0.993283
3 24 0.743308
3 25 0.601757
4 1 0.555776
4 2 0.742503
4 3 0.682986
4 4 0.552882
4 5 0.557065
4 6 0.833261
4 7 0.512103
4 8 0.594973
4 9 0.566870
4 10 0.513013
4 11 0.574802
4 12 0.594329
4 13 0.574344
4 14 0.619519
4 15 0.651197
4 16 0.672675
4 17 0.682986
4 18 0.627453
4 19 0.500000
4 20 0.655244
4 21 0.740613
4 23 0.719695
4 24 0.571901
4 25 0.529288
5 1 0.565457
5 2 0.739254
5 3 0.689033
5 4 0.557065
5 5 0.570912
5 6 0.855559
5 7 0.511783
5 8 0.589559
5 9 0.561616
5 10 0.507958
5 11 0.586787
5 12 0.598738
5 13 0.585087
5 14 0.635626
5 15 0.634163
5 16 0.644215
5 17 0.689033
5 18 0.635698
5 19 0.499999
5 20 0.646015
5 21 0.726580
5 22 0.515646
5 23 0.703672
5 24 0.580705
5 25 0.534394
6 1 0.853258
6 2 0.999361
6 3 0.997018
6 4 0.833261
6 5 0.855559
6 6 1.000000
6 7 0.613342
6 8 0.934073
6 9 0.891475
6 10 0.633481
6 11 0.894994
6 12 0.961694
6 13 0.902442
6 14 0.985799
6 15 0.986702
6 16 0.994338
6 17 0.997018
6 18 0.983775
6 19 0.499999
6 20 0.991645
6 21 0.999728
6 22 0.684427
6 23 0.998871
6 24 0.909640
6 25 0.727479
6 26 0.993123
7 1 0.510619
7 2 0.622711
7 3 0.560873
7 4 0.512103
7 5 0.511783
7 6 0.613342
7 7 0.521962
7 8 0.530334
7 9 0.532796
7 10 0.504268
7 11 0.516800
7 12 0.522154
7 13 0.507637
7 14 0.520575
7 15 0.541314
7 16 0.527015
7 17 0.560873
7 18 0.523140
7 19 0.500001
7 20 0.496363
7 21 0.534964
7 22 0.507465
7 23 0.606387
7 24 0.520568
7 25 0.506529
7 26 0.545199
8 1 0.590284
8 2 0.971480
8 3 0.865202
8 4 0.594973
8 5 0.589559
8 6 0.934073
8 7 0.530334
8 8 0.776171
8 9 0.642613
8 10 0.533307
8 11 0.645772
8 12 0.626955
8 13 0.649264
8 14 0.629792
8 15 0.692867
8 16 0.900158
8 17 0.865202
8 18 0.725254
8 19 0.500002
8 20 0.860695
8 21 0.946245
8 22 0.571792
8 23 0.931911
8 24 0.632466
8 25 0.551673
8 26 0.759712
9 1 0.562938
9 2 0.861927
9 3 0.740196
9 4 0.566870
9 5 0.561616
9 6 0.891475
9 7 0.532796
9 8 0.642613
9 9 0.628671
9 10 0.531356
9 11 0.590825
9 12 0.636530
9 13 0.593202
9 14 0.645721
9 15 0.749245
9 16 0.758595
9 17 0.740196
9 18 0.653415
9 19 0.500002
9 20 0.700439
9 21 0.798974
9 22 0.537662
9 23 0.804836
9 24 0.588689
9 25 0.543176
10 1 0.512056
10 2 0.555716
10 3 0.543629
10 4 0.513013
10 5 0.507958
10 6 0.633481
10 7 0.504268
10 8 0.533307
10 9 0.531356
10 10 0.524754
10 11 0.516473
10 12 0.550037
10 13 0.523001
10 14 0.545636
10 15 0.585708
10 16 0.589759
10 17 0.543629
10 18 0.531361
10 19 0.500001
10 20 0.589747
10 21 0.613169
10 22 0.517695
10 23 0.586068
10 24 0.515624
10 25 0.504068
10 26 0.545952
11 1 0.579902
11 2 0.843530
11 3 0.782915
11 4 0.574802
11 5 0.586787
11 6 0.894994
11 7 0.516800
11 8 0.645772
11 9 0.590825
11 10 0.516473
11 11 0.624927
11 12 0.631904
11 13 0.613711
11 14 0.637318
11 15 0.687089
11 16 0.734804
11 17 0.782915
11 18 0.674121
11 19 0.500000
11 20 0.708536
11 21 0.827466
11 22 0.528971
11 23 0.818230
11 24 0.601359
11 25 0.538443
12 1 0.597485
12 2 0.791955
12 3 0.789213
12 4 0.594329
12 5 0.598738
12 6 0.961694
12 7 0.522154
12 8 0.626955
12 9 0.636530
12 10 0.550037
12 11 0.631904
12 12 0.751017
12 13 0.641718
12 14 0.742056
12 15 0.857147
12 16 0.765224
12 17 0.789213
12 18 0.706692
12 19 0.500001
12 20 0.722708
12 21 0.853849
12 22 0.551800
12 23 0.819861
12 24 0.618090
12 25 0.546373
12 26 0.764367
13 1 0.579189
13 2 0.804613
13 3 0.747311
13 4 0.574344
13 5 0.585087
13 6 0.902442
13 7 0.507637
13 8 0.649264
13 9 0.593202
13 10 0.523001
13 11 0.613711
13 12 0.641718
13 13 0.648294
13 14 0.657694
13 15 0.713358
13 16 0.740983
13 17 0.747311
13 18 0.662037
13 19 0.500000
13 20 0.726046
13 21 0.819083
13 22 0.521717
13 23 0.761616
13 24 0.595451
13 25 0.538909
14 1 0.637862
14 2 0.748015
14 3 0.708803
14 4 0.619519
14 5 0.635626
14 6 0.985799
14 7 0.520575
14 8 0.629792
14 9 0.645721
14 10 0.545636
14 11 0.637318
14 12 0.742056
14 13 0.657694
14 14 0.862160
14 15 0.867392
14 16 0.775127
14 17 0.708803
14 18 0.761865
14 19 0.499999
14 20 0.825145
14 21 0.830245
14 22 0.542001
14 23 0.762822
14 24 0.663889
14 25 0.578794
15 1 0.641142
15 2 0.826043
15 3 0.830397
15 4 0.651197
15 5 0.634163
15 6 0.986702
15 7 0.541314
15 8 0.692867
15 9 0.749245
15 10 0.585708
15 11 0.687089
15 12 0.857147
15 13 0.713358
15 14 0.867392
15 15 0.981982
15 16 0.895818
15 17 0.830397
15 18 0.777844
15 19 0.500004
15 20 0.832675
15 21 0.883467
15 22 0.559168
15 23 0.890898
15 24 0.671070
15 25 0.560375
15 26 0.859142
16 1 0.661366
16 2 0.996477
16 3 0.971080
16 4 0.672675
16 5 0.644215
16 6 0.994338
16 7 0.527015
16 8 0.900158
16 9 0.758595
16 10 0.589759
16 11 0.734804
16 12 0.765224
16 13 0.740983
16 14 0.775127
16 15 0.895818
16 16 0.994231
16 17 0.971080
16 18 0.878985
16 19 0.500004
16 20 0.986244
16 21 0.998176
16 22 0.620566
16 23 0.987100
16 24 0.730416
16 25 0.620921
16 26 0.886291
17 1 0.679534
17 2 0.996428
17 4 0.682986
17 5 0.689033
17 6 0.997018
17 7 0.560873
17 8 0.865202
17 9 0.740196
17 10 0.543629
17 11 0.782915
17 12 0.789213
17 13 0.747311
17 14 0.708803
17 15 0.830397
17 16 0.971080
17 17 0.989646
17 18 0.890081
17 19 0.500003
17 20 0.909889
17 21 0.996600
17 22 0.592992
17 23 0.993283
17 24 0.743308
17 25 0.601757
17 26 0.903486
18 1 0.635968
18 2 0.950346
18 3 0.890081
18 4 0.627453
18 5 0.635698
18 6 0.983775
18 7 0.523140
18 8 0.725254
18 9 0.653415
18 10 0.531361
18 11 0.674121
18 12 0.706692
18 13 0.662037
18 14 0.761865
18 15 0.777844
18 16 0.878985
18 17 0.890081
18 18 0.805833
18 19 0.500000
18 20 0.857133
18 21 0.956396
18 22 0.568177
18 23 0.920731
18 24 0.675812
18 25 0.584773
19 1 0.499999
19 2 0.500002
19 3 0.500003
19 4 0.500000
19 5 0.499999
19 6 0.499999
19 7 0.500001
19 8 0.500002
19 9 0.500002
19 10 0.500001
19 11 0.500000
19 12 0.500001
19 13 0.500000
19 14 0.499999
19 15 0.500004
19 16 0.500004
19 17 0.500003
19 18 0.500000
19 19 0.500000
19 20 0.500001
19 21 0.500005
19 22 0.500001
19 23 0.500008
19 24 0.500000
19 25 0.500000
19 26 0.500000
20 1 0.663784
20 2 0.986386
20 3 0.909889
20 4 0.655244
20 5 0.646015
20 6 0.991645
20 7 0.496363
20 8 0.860695
20 9 0.700439
20 10 0.589747
20 11 0.708536
20 12 0.722708
20 13 0.726046
20 14 0.825145
20 15 0.832675
20 16 0.986244
20 17 0.909889
20 18 0.857133
20 19 0.500001
20 20 0.988287
20 21 0.995411
20 22 0.616908
20 23 0.962484
20 24 0.716207
20 25 0.623831
20 26 0.871790
21 1 0.737881
21 2 0.999487
21 3 0.996600
21 4 0.740613
21 5 0.726580
21 6 0.999728
21 7 0.534964
21 8 0.946245
21 9 0.798974
21 10 0.613169
21 11 0.827466
21 12 0.853849
21 13 0.819083
21 14 0.830245
21 15 0.883467
21 16 0.998176
21 17 0.996600
21 18 0.956396
21 19 0.500005
21 20 0.995411
21 21 0.999948
21 22 0.693556
21 23 0.998985
21 24 0.813198
21 25 0.686513
21 26 0.950761
22 1 0.520141
22 2 0.752396
22 3 0.592992
22 5 0.515646
22 6 0.684427
22 7 0.507465
22 8 0.571792
22 9 0.537662
22 10 0.517695
22 11 0.528971
22 12 0.551800
22 13 0.521717
22 14 0.542001
22 15 0.559168
22 16 0.620566
22 17 0.592992
22 18 0.568177
22 19 0.500001
22 20 0.616908
22 21 0.693556
22 22 0.552217
22 23 0.701076
22 24 0.531854
22 25 0.512875
22 26 0.575890
23 1 0.703668
23 2 0.999566
23 3 0.993283
23 4 0.719695
23 5 0.703672
23 6 0.998871
23 7 0.606387
23 8 0.931911
23 9 0.804836
23 10 0.586068
23 11 0.818230
23 12 0.819861
23 13 0.761616
23 14 0.762822
23 15 0.890898
23 16 0.987100
23 17 0.993283
23 18 0.920731
23 19 0.500008
23 20 0.962484
23 21 0.998985
23 22 0.701076
23 23 0.999435
23 24 0.785808
23 25 0.604909
23 26 0.943063
24 1 0.578680
24 2 0.834352
24 3 0.743308
24 4 0.571901
24 5 0.580705
24 6 0.909640
24 7 0.520568
24 8 0.632466
24 9 0.588689
24 10 0.515624
24 11 0.601359
24 12 0.618090
24 13 0.595451
24 14 0.663889
24 15 0.671070
24 16 0.730416
24 17 0.743308
24 18 0.675812
24 19 0.500000
24 20 0.716207
24 21 0.813198
24 22 0.531854
24 23 0.785808
24 24 0.603789
24 25 0.544601
25 1 0.532816
25 2 0.665915
25 3 0.601757
25 4 0.529288
25 5 0.534394
25 6 0.727479
25 7 0.506529
25 8 0.551673
25 9 0.543176
25 10 0.504068
25 11 0.538443
25 12 0.546373
25 13 0.538909
25 14 0.578794
25 15 0.560375
25 16 0.620921
25 17 0.601757
25 18 0.584773
25 19 0.500000
25 20 0.623831
25 21 0.686513
25 22 0.512875
25 23 0.604909
25 24 0.544601
25 25 0.544585
26 2 0.971783
26 6 0.993123
26 7 0.545199
26 8 0.759712
26 10 0.545952
26 12 0.764367
26 15 0.859142
26 16 0.886291
26 17 0.903486
26 19 0.500000
26 20 0.871790
26 21 0.950761
26 22 0.575890
26 23 0.943063
26 26 0.881265
