1 26 0.671710
3 17 0.663438
3 26 0.738102
4 22 0.528570
4 26 0.532561
5 26 0.674477
9 26 0.718246
11 26 0.329207
13 26 0.484374
14 26 0.921291
17 3 0.663438
18 26 0.746977
22 4 0.528570
24 26 0.681449
25 26 0.670196
26 1 0.671710
26 3 0.738102
26 4 0.532561
26 5 0.674477
26 9 0.718246
26 11 0.329207
26 13 0.484374
26 14 0.921291
26 18 0.746977
26 24 0.681449
26 25 0.670196
1 1 0.567184
1 2 0.785607
1 3 0.595933
1 4 0.510991
1 5 0.568799
1 6 0.601847
1 7 0.508022
1 8 0.527316
1 9 0.582376
1 10 0.509675
1 11 0.429667
1 12 0.576875
1 13 0.498521
1 14 0.707693
1 15 0.607879
1 16 0.595257
1 17 0.563538
1 18 0.604731
1 19 0.500001
1 20 0.525219
1 21 0.774129
1 22 0.510991
1 23 0.661005
1 24 0.572042
1 25 0.566734
2 1 0.785607
2 2 0.999999
2 3 0.835420
2 4 0.619470
2 5 0.757702
2 6 0.026293
2 7 0.689579
2 8 0.630289
2 9 0.956999
2 10 0.629866
2 11 0.220208
2 12 0.911996
2 13 0.414373
2 14 0.939428
2 15 0.996699
2 16 0.967868
2 17 0.798340
2 18 0.878943
2 19 0.499994
2 20 0.154527
2 21 0.999986
2 22 0.619470
2 23 0.934996
2 24 0.783169
2 25 0.764293
2 26 0.974926
3 1 0.595933
3 2 0.835420
3 3 0.702425
3 4 0.535597
3 5 0.598234
3 6 0.775171
3 7 0.521233
3 8 0.562357
3 9 0.635629
3 10 0.524475
3 11 0.499887
3 12 0.628718
3 13 0.530825
3 14 0.795879
3 15 0.671103
3 16 0.674481
3 18 0.661445
3 19 0.500004
3 20 0.543144
3 21 0.883736
3 22 0.535597
3 23 0.745679
3 24 0.606800
3 25 0.600369
4 1 0.510991
4 2 0.619470
4 3 0.535597
4 4 0.528570
4 5 0.509972
4 6 0.623123
4 7 0.504408
4 8 0.524393
4 9 0.530036
4 10 0.512850
4 11 0.559068
4 12 0.508027
4 13 0.516748
4 14 0.544037
4 15 0.541654
4 16 0.571139
4 17 0.531712
4 18 0.522073
4 19 0.500001
4 20 0.538116
4 21 0.572396
4 23 0.521915
4 24 0.514610
4 25 0.510201
5 1 0.568799
5 2 0.757702
5 3 0.598234
5 4 0.509972
5 5 0.575295
5 6 0.548877
5 7 0.502091
5 8 0.517219
5 9 0.579290
5 10 0.502522
5 11 0.406218
5 12 0.574618
5 13 0.500573
5 14 0.706237
5 15 0.591140
5 16 0.560953
5 17 0.563632
5 18 0.610288
5 19 0.500001
5 20 0.522341
5 21 0.772400
5 22 0.509972
5 23 0.668502
5 24 0.577531
5 25 0.569458
6 1 0.601847
6 2 0.026293
6 3 0.775171
6 4 0.623123
6 5 0.548877
6 6 1.000000
6 7 0.362238
6 8 0.875236
6 9 0.171764
6 10 0.609540
6 11 0.994540
6 12 0.117239
6 13 0.559609
6 14 0.999590
6 15 0.015445
6 16 0.987073
6 17 0.612621
6 18 0.278376
6 19 0.500009
6 20 0.999715
6 21 0.000268
6 22 0.623123
6 23 0.350392
6 24 0.597956
6 25 0.591776
6 26 0.808034
7 1 0.508022
7 2 0.689579
7 3 0.521233
7 4 0.504408
7 5 0.502091
7 6 0.362238
7 7 0.532391
7 8 0.507472
7 9 0.545918
7 10 0.516814
7 11 0.524970
7 12 0.535602
7 13 0.501488
7 14 0.483544
7 15 0.602901
7 16 0.542090
7 17 0.526886
7 18 0.520068
7 19 0.500000
7 20 0.465607
7 21 0.651606
7 22 0.504408
7 23 0.519600
7 24 0.503583
7 25 0.507453
7 26 0.521112
8 1 0.527316
8 2 0.630289
8 3 0.562357
8 4 0.524393
8 5 0.517219
8 6 0.875236
8 7 0.507472
8 8 0.582716
8 9 0.523720
8 10 0.526621
8 11 0.566818
8 12 0.510036
8 13 0.520343
8 14 0.645632
8 15 0.539401
8 16 0.677457
8 17 0.543967
8 18 0.535213
8 19 0.500002
8 20 0.643253
8 21 0.469389
8 22 0.524393
8 23 0.569701
8 24 0.528544
8 25 0.523692
8 26 0.567603
9 1 0.582376
9 2 0.956999
9 3 0.635629
9 4 0.530036
9 5 0.579290
9 6 0.171764
9 7 0.545918
9 8 0.523720
9 9 0.716538
9 10 0.530611
9 11 0.351626
9 12 0.666366
9 13 0.489775
9 14 0.653766
9 15 0.811539
9 16 0.704895
9 17 0.620566
9 18 0.646529
9 19 0.500000
9 20 0.339554
9 21 0.952766
9 22 0.530036
9 23 0.703849
9 24 0.589613
9 25 0.578170
10 1 0.509675
10 2 0.629866
10 3 0.524475
10 4 0.512850
10 5 0.502522
10 6 0.609540
10 7 0.516814
10 8 0.526621
10 9 0.530611
10 10 0.522508
10 11 0.549730
10 12 0.516238
10 13 0.503205
10 14 0.545874
10 15 0.561157
10 16 0.581249
10 17 0.521638
10 18 0.519101
10 19 0.500001
10 20 0.539560
10 21 0.585758
10 22 0.512850
10 23 0.529696
10 24 0.504830
10 25 0.508917
10 26 0.528932
11 1 0.429667
11 2 0.220208
11 3 0.499887
11 4 0.559068
11 5 0.406218
11 6 0.994540
11 7 0.524970
11 8 0.566818
11 9 0.351626
11 10 0.549730
11 11 0.970243
11 12 0.327693
11 13 0.570665
11 14 0.475202
11 15 0.271321
11 16 0.590061
11 17 0.527288
11 18 0.375673
11 19 0.500000
11 20 0.774339
11 21 0.170752
11 22 0.559068
11 23 0.281628
11 24 0.402627
11 25 0.433207
12 1 0.576875
12 2 0.911996
12 3 0.628718
12 4 0.508027
12 5 0.574618
12 6 0.117239
12 7 0.535602
12 8 0.510036
12 9 0.666366
12 10 0.516238
12 11 0.327693
12 12 0.698469
12 13 0.476044
12 14 0.659957
12 15 0.791633
12 16 0.649489
12 17 0.610323
12 18 0.637866
12 19 0.500001
12 20 0.270883
12 21 0.946909
12 22 0.508027
12 23 0.706896
12 24 0.572333
12 25 0.576584
12 26 0.698620
13 1 0.498521
13 2 0.414373
13 3 0.530825
13 4 0.516748
13 5 0.500573
13 6 0.559609
13 7 0.501488
13 8 0.520343
13 9 0.489775
13 10 0.503205
13 11 0.570665
13 12 0.476044
13 13 0.544164
13 14 0.467258
13 15 0.457970
13 16 0.488063
13 17 0.530621
13 18 0.519746
13 19 0.500001
13 20 0.567515
13 21 0.413420
13 22 0.516748
13 23 0.512490
13 24 0.506686
13 25 0.501383
14 1 0.707693
14 2 0.939428
14 3 0.795879
14 4 0.544037
14 5 0.706237
14 6 0.999590
14 7 0.483544
14 8 0.645632
14 9 0.653766
14 10 0.545874
14 11 0.475202
14 12 0.659957
14 13 0.467258
14 14 0.988808
14 15 0.619843
14 16 0.873207
14 17 0.685269
14 18 0.738978
14 19 0.500005
14 20 0.839883
14 21 0.908812
14 22 0.544037
14 23 0.873103
14 24 0.711325
14 25 0.706576
15 1 0.607879
15 2 0.996699
15 3 0.671103
15 4 0.541654
15 5 0.591140
15 6 0.015445
15 7 0.602901
15 8 0.539401
15 9 0.811539
15 10 0.561157
15 11 0.271321
15 12 0.791633
15 13 0.457970
15 14 0.619843
15 15 0.953821
15 16 0.791405
15 17 0.671565
15 18 0.694440
15 19 0.500000
15 20 0.166280
15 21 0.996158
15 22 0.541654
15 23 0.767048
15 24 0.599868
15 25 0.600133
15 26 0.779220
16 1 0.595257
16 2 0.967868
16 3 0.674481
16 4 0.571139
16 5 0.560953
16 6 0.987073
16 7 0.542090
16 8 0.677457
16 9 0.704895
16 10 0.581249
16 11 0.590061
16 12 0.649489
16 13 0.488063
16 14 0.873207
16 15 0.791405
16 16 0.951454
16 17 0.638439
16 18 0.590026
16 19 0.500002
16 20 0.575018
16 21 0.815392
16 22 0.571139
16 23 0.651524
16 24 0.586343
16 25 0.575908
16 26 0.752934
17 1 0.563538
17 2 0.798340
17 4 0.531712
17 5 0.563632
17 6 0.612621
17 7 0.526886
17 8 0.543967
17 9 0.620566
17 10 0.521638
17 11 0.527288
17 12 0.610323
17 13 0.530621
17 14 0.685269
17 15 0.671565
17 16 0.638439
17 17 0.644189
17 18 0.615401
17 19 0.500003
17 20 0.476987
17 21 0.858916
17 22 0.531712
17 23 0.676027
17 24 0.571869
17 25 0.567797
17 26 0.666234
18 1 0.604731
18 2 0.878943
18 3 0.661445
18 4 0.522073
18 5 0.610288
18 6 0.278376
18 7 0.520068
18 8 0.535213
18 9 0.646529
18 10 0.519101
18 11 0.375673
18 12 0.637866
18 13 0.519746
18 14 0.738978
18 15 0.694440
18 16 0.590026
18 17 0.615401
18 18 0.708991
18 19 0.500002
18 20 0.486014
18 21 0.915552
18 22 0.522073
18 23 0.787886
18 24 0.613836
18 25 0.606995
19 1 0.500001
19 2 0.499994
19 3 0.500004
19 4 0.500001
19 5 0.500001
19 6 0.500009
19 7 0.500000
19 8 0.500002
19 9 0.500000
19 10 0.500001
19 11 0.500000
19 12 0.500001
19 13 0.500001
19 14 0.500005
19 15 0.500000
19 16 0.500002
19 17 0.500003
19 18 0.500002
19 19 0.500000
19 20 0.500005
19 21 0.499999
19 22 0.500001
19 23 0.500005
19 24 0.500001
19 25 0.500001
19 26 0.500002
20 1 0.525219
20 2 0.154527
20 3 0.543144
20 4 0.538116
20 5 0.522341
20 6 0.999715
20 7 0.465607
20 8 0.643253
20 9 0.339554
20 10 0.539560
20 11 0.774339
20 12 0.270883
20 13 0.567515
20 14 0.839883
20 15 0.166280
20 16 0.575018
20 17 0.476987
20 18 0.486014
20 19 0.500005
20 20 0.971413
20 21 0.032107
20 22 0.538116
20 23 0.536015
20 24 0.541892
20 25 0.528674
20 26 0.554065
21 1 0.774129
21 2 0.999986
21 3 0.883736
21 4 0.572396
21 5 0.772400
21 6 0.000268
21 7 0.651606
21 8 0.469389
21 9 0.952766
21 10 0.585758
21 11 0.170752
21 12 0.946909
21 13 0.413420
21 14 0.908812
21 15 0.996158
21 16 0.815392
21 17 0.858916
21 18 0.915552
21 19 0.499999
21 20 0.032107
21 21 0.999999
21 22 0.572396
21 23 0.971294
21 24 0.764870
21 25 0.777296
21 26 0.971591
22 1 0.510991
22 2 0.619470
22 3 0.535597
22 5 0.509972
22 6 0.623123
22 7 0.504408
22 8 0.524393
22 9 0.530036
22 10 0.512850
22 11 0.559068
22 12 0.508027
22 13 0.516748
22 14 0.544037
22 15 0.541654
22 16 0.571139
22 17 0.531712
22 18 0.522073
22 19 0.500001
22 20 0.538116
22 21 0.572396
22 22 0.528570
22 23 0.521915
22 24 0.514610
22 25 0.510201
22 26 0.532561
23 1 0.661005
23 2 0.934996
23 3 0.745679
23 4 0.521915
23 5 0.668502
23 6 0.350392
23 7 0.519600
23 8 0.569701
23 9 0.703849
23 10 0.529696
23 11 0.281628
23 12 0.706896
23 13 0.512490
23 14 0.873103
23 15 0.767048
23 16 0.651524
23 17 0.676027
23 18 0.787886
23 19 0.500005
23 20 0.536015
23 21 0.971294
23 22 0.521915
23 23 0.897237
23 24 0.673418
23 25 0.666209
23 26 0.848173
24 1 0.572042
24 2 0.783169
24 3 0.606800
24 4 0.514610
24 5 0.577531
24 6 0.597956
24 7 0.503583
24 8 0.528544
24 9 0.589613
24 10 0.504830
24 11 0.402627
24 12 0.572333
24 13 0.506686
24 14 0.711325
24 15 0.599868
24 16 0.586343
24 17 0.571869
24 18 0.613836
24 19 0.500001
24 20 0.541892
24 21 0.764870
24 22 0.514610
24 23 0.673418
24 24 0.584027
24 25 0.571823
25 1 0.566734
25 2 0.764293
25 3 0.600369
25 4 0.510201
25 5 0.569458
25 6 0.591776
25 7 0.507453
25 8 0.523692
25 9 0.578170
25 10 0.508917
25 11 0.433207
25 12 0.576584
25 13 0.501383
25 14 0.706576
25 15 0.600133
25 16 0.575908
25 17 0.567797
25 18 0.606995
25 19 0.500001
25 20 0.528674
25 21 0.777296
25 22 0.510201
25 23 0.666209
25 24 0.571823
25 25 0.567877
26 2 0.974926
26 6 0.808034
26 7 0.521112
26 8 0.567603
26 10 0.528932
26 12 0.698620
26 15 0.779220
26 16 0.752934
26 17 0.666234
26 19 0.500002
26 20 0.554065
26 21 0.971591
26 22 0.532561
26 23 0.848173
26 26 0.874663
