1 26 0.535702
3 17 0.899286
3 26 0.853430
4 22 0.594412
4 26 0.740083
5 26 0.535000
9 26 0.735522
11 26 0.794301
13 26 0.743912
14 26 0.910851
17 3 0.899286
18 26 0.827533
22 4 0.594412
24 26 0.629467
25 26 0.715212
26 1 0.535702
26 3 0.853430
26 4 0.740083
26 5 0.535000
26 9 0.735522
26 11 0.794301
26 13 0.743912
26 14 0.910851
26 18 0.827533
26 24 0.629467
26 25 0.715212
1 1 0.507864
1 2 0.673394
1 3 0.545904
1 4 0.518459
1 5 0.505086
1 6 0.597608
1 7 0.504565
1 8 0.522706
1 9 0.515378
1 10 0.505980
1 11 0.516378
1 12 0.521584
1 13 0.514326
1 14 0.515226
1 15 0.556909
1 16 0.558488
1 17 0.545904
1 18 0.514258
1 19 0.500000
1 20 0.549513
1 21 0.603294
1 22 0.518099
1 23 0.575939
1 24 0.513687
1 25 0.509093
2 1 0.673394
2 2 1.000000
2 3 0.996691
2 4 0.921108
2 5 0.619260
2 6 1.000000
2 7 0.598681
2 8 0.916810
2 9 0.920889
2 10 0.619212
2 11 0.948959
2 12 0.956546
2 13 0.919763
2 14 0.981507
2 15 0.999751
2 16 0.992804
2 17 0.996691
2 18 0.960415
2 19 0.500018
2 20 0.990564
2 21 1.000000
2 22 0.875204
2 23 0.999594
2 24 0.877651
2 25 0.869262
2 26 0.998161
3 1 0.545904
3 2 0.996691
3 3 0.899286
3 4 0.679819
3 5 0.506722
3 6 0.978891
3 7 0.544239
3 8 0.695508
3 9 0.674427
3 10 0.518401
3 11 0.730606
3 12 0.642619
3 13 0.684946
3 14 0.763221
3 15 0.812768
3 16 0.875525
3 18 0.728049
3 19 0.500004
3 20 0.816035
3 21 0.960808
3 22 0.628344
3 23 0.961306
3 24 0.608605
3 25 0.639132
4 1 0.518459
4 2 0.921108
4 3 0.679819
4 4 0.632520
4 5 0.523209
4 6 0.896375
4 7 0.524722
4 8 0.580522
4 9 0.602406
4 10 0.511800
4 11 0.637239
4 12 0.608874
4 13 0.608193
4 14 0.707244
4 15 0.677711
4 16 0.688250
4 17 0.679819
4 18 0.659868
4 19 0.500001
4 20 0.692021
4 21 0.794732
4 23 0.716050
4 24 0.540956
4 25 0.590810
5 1 0.505086
5 2 0.619260
5 3 0.506722
5 4 0.523209
5 5 0.537249
5 6 0.600319
5 7 0.502329
5 8 0.505148
5 9 0.513956
5 10 0.502582
5 11 0.512555
5 12 0.532129
5 13 0.508601
5 14 0.525978
5 15 0.560357
5 16 0.522103
5 17 0.506722
5 18 0.523509
5 19 0.500000
5 20 0.542923
5 21 0.525646
5 22 0.521537
5 23 0.466896
5 24 0.527932
5 25 0.511422
6 1 0.597608
6 2 1.000000
6 3 0.978891
6 4 0.896375
6 5 0.600319
6 6 1.000000
6 7 0.643799
6 8 0.878979
6 9 0.888546
6 10 0.485861
6 11 0.910136
6 12 0.875512
6 13 0.876480
6 14 0.984604
6 15 0.988859
6 16 0.983963
6 17 0.978891
6 18 0.936213
6 19 0.500003
6 20 0.969061
6 21 0.999527
6 22 0.821730
6 23 0.998214
6 24 0.812465
6 25 0.827068
6 26 0.993217
7 1 0.504565
7 2 0.598681
7 3 0.544239
7 4 0.524722
7 5 0.502329
7 6 0.643799
7 7 0.517449
7 8 0.518247
7 9 0.529924
7 10 0.502502
7 11 0.537058
7 12 0.536166
7 13 0.529174
7 14 0.573606
7 15 0.530148
7 16 0.548410
7 17 0.544239
7 18 0.537130
7 19 0.500000
7 20 0.551545
7 21 0.583299
7 22 0.510489
7 23 0.560640
7 24 0.515264
7 25 0.525404
7 26 0.569502
8 1 0.522706
8 2 0.916810
8 3 0.695508
8 4 0.580522
8 5 0.505148
8 6 0.878979
8 7 0.518247
8 8 0.614142
8 9 0.575609
8 10 0.507650
8 11 0.586980
8 12 0.568515
8 13 0.574348
8 14 0.607852
8 15 0.653584
8 16 0.738526
8 17 0.695508
8 18 0.587190
8 19 0.500001
8 20 0.664421
8 21 0.798842
8 22 0.564267
8 23 0.842604
8 24 0.559674
8 25 0.550946
8 26 0.667278
9 1 0.515378
9 2 0.920889
9 3 0.674427
9 4 0.602406
9 5 0.513956
9 6 0.888546
9 7 0.529924
9 8 0.575609
9 9 0.601903
9 10 0.505372
9 11 0.630322
9 12 0.606764
9 13 0.604576
9 14 0.713257
9 15 0.662004
9 16 0.672256
9 17 0.674427
9 18 0.650260
9 19 0.500001
9 20 0.660101
9 21 0.806023
9 22 0.559889
9 23 0.722380
9 24 0.553341
9 25 0.589707
10 1 0.505980
10 2 0.619212
10 3 0.518401
10 4 0.511800
10 5 0.502582
10 6 0.485861
10 7 0.502502
10 8 0.507650
10 9 0.505372
10 10 0.514386
10 11 0.507176
10 12 0.529576
10 13 0.506280
10 14 0.498838
10 15 0.553431
10 16 0.537841
10 17 0.518401
10 18 0.502257
10 19 0.500001
10 20 0.547761
10 21 0.601081
10 22 0.514612
10 23 0.541657
10 24 0.503413
10 25 0.502241
10 26 0.515021
11 1 0.516378
11 2 0.948959
11 3 0.730606
11 4 0.637239
11 5 0.512555
11 6 0.910136
11 7 0.537058
11 8 0.586980
11 9 0.630322
11 10 0.507176
11 11 0.686643
11 12 0.623912
11 13 0.640051
11 14 0.768618
11 15 0.667178
11 16 0.672872
11 17 0.730606
11 18 0.701976
11 19 0.500002
11 20 0.686064
11 21 0.831357
11 22 0.577004
11 23 0.740221
11 24 0.556824
11 25 0.622181
12 1 0.521584
12 2 0.956546
12 3 0.642619
12 4 0.608874
12 5 0.532129
12 6 0.875512
12 7 0.536166
12 8 0.568515
12 9 0.606764
12 10 0.529576
12 11 0.623912
12 12 0.695405
12 13 0.607230
12 14 0.721106
12 15 0.738866
12 16 0.699827
12 17 0.642619
12 18 0.648338
12 19 0.500002
12 20 0.718757
12 21 0.891324
12 22 0.571663
12 23 0.717923
12 24 0.579376
12 25 0.591131
12 26 0.748755
13 1 0.514326
13 2 0.919763
13 3 0.684946
13 4 0.608193
13 5 0.508601
13 6 0.876480
13 7 0.529174
13 8 0.574348
13 9 0.604576
13 10 0.506280
13 11 0.640051
13 12 0.607230
13 13 0.611033
13 14 0.721915
13 15 0.652502
13 16 0.669503
13 17 0.684946
13 18 0.659570
13 19 0.500001
13 20 0.663237
13 21 0.807031
13 22 0.562156
13 23 0.723784
13 24 0.547438
13 25 0.595045
14 1 0.515226
14 2 0.981507
14 3 0.763221
14 4 0.707244
14 5 0.525978
14 6 0.984604
14 7 0.573606
14 8 0.607852
14 9 0.713257
14 10 0.498838
14 11 0.768618
14 12 0.721106
14 13 0.721915
14 14 0.919703
14 15 0.723630
14 16 0.731591
14 17 0.763221
14 18 0.809632
14 19 0.500001
14 20 0.765705
14 21 0.917465
14 22 0.599846
14 23 0.752253
14 24 0.601813
14 25 0.706116
15 1 0.556909
15 2 0.999751
15 3 0.812768
15 4 0.677711
15 5 0.560357
15 6 0.988859
15 7 0.530148
15 8 0.653584
15 9 0.662004
15 10 0.553431
15 11 0.667178
15 12 0.738866
15 13 0.652502
15 14 0.723630
15 15 0.953637
15 16 0.842111
15 17 0.812768
15 18 0.704098
15 19 0.500005
15 20 0.842447
15 21 0.991485
15 22 0.659415
15 23 0.905558
15 24 0.618096
15 25 0.613166
15 26 0.843981
16 1 0.558488
16 2 0.992804
16 3 0.875525
16 4 0.688250
16 5 0.522103
16 6 0.983963
16 7 0.548410
16 8 0.738526
16 9 0.672256
16 10 0.537841
16 11 0.672872
16 12 0.699827
16 13 0.669503
16 14 0.731591
16 15 0.842111
16 16 0.967898
16 17 0.875525
16 18 0.696982
16 19 0.500003
16 20 0.896356
16 21 0.973689
16 22 0.654328
16 23 0.986212
16 24 0.585458
16 25 0.618509
16 26 0.827895
17 1 0.545904
17 2 0.996691
17 4 0.679819
17 5 0.506722
17 6 0.978891
17 7 0.544239
17 8 0.695508
17 9 0.674427
17 10 0.518401
17 11 0.730606
17 12 0.642619
17 13 0.684946
17 14 0.763221
17 15 0.812768
17 16 0.875525
17 17 0.899286
17 18 0.728049
17 19 0.500004
17 20 0.816035
17 21 0.960808
17 22 0.628344
17 23 0.961306
17 24 0.608605
17 25 0.639132
17 26 0.853430
18 1 0.514258
18 2 0.960415
18 3 0.728049
18 4 0.659868
18 5 0.523509
18 6 0.936213
18 7 0.537130
18 8 0.587190
18 9 0.650260
18 10 0.502257
18 11 0.701976
18 12 0.648338
18 13 0.659570
18 14 0.809632
18 15 0.704098
18 16 0.696982
18 17 0.728049
18 18 0.747401
18 19 0.500002
18 20 0.707222
18 21 0.849408
18 22 0.587582
18 23 0.721914
18 24 0.559100
18 25 0.643266
19 1 0.500000
19 2 0.500018
19 3 0.500004
19 4 0.500001
19 5 0.500000
19 6 0.500003
19 7 0.500000
19 8 0.500001
19 9 0.500001
19 10 0.500001
19 11 0.500002
19 12 0.500002
19 13 0.500001
19 14 0.500001
19 15 0.500005
19 16 0.500003
19 17 0.500004
19 18 0.500002
19 19 0.500000
19 20 0.500003
19 21 0.500010
19 22 0.500001
19 23 0.500004
19 24 0.500000
19 25 0.500001
19 26 0.500003
20 1 0.549513
20 2 0.990564
20 3 0.816035
20 4 0.692021
20 5 0.542923
20 6 0.969061
20 7 0.551545
20 8 0.664421
20 9 0.660101
20 10 0.547761
20 11 0.686064
20 12 0.718757
20 13 0.663237
20 14 0.765705
20 15 0.842447
20 16 0.896356
20 17 0.816035
20 18 0.707222
20 19 0.500003
20 20 0.887279
20 21 0.958287
20 22 0.653627
20 23 0.922002
20 24 0.593703
20 25 0.621527
20 26 0.833210
21 1 0.603294
21 2 1.000000
21 3 0.960808
21 4 0.794732
21 5 0.525646
21 6 0.999527
21 7 0.583299
21 8 0.798842
21 9 0.806023
21 10 0.601081
21 11 0.831357
21 12 0.891324
21 13 0.807031
21 14 0.917465
21 15 0.991485
21 16 0.973689
21 17 0.960808
21 18 0.849408
21 19 0.500010
21 20 0.958287
21 21 0.999927
21 22 0.738879
21 23 0.995440
21 24 0.720935
21 25 0.743219
21 26 0.972528
22 1 0.518099
22 2 0.875204
22 3 0.628344
22 5 0.521537
22 6 0.821730
22 7 0.510489
22 8 0.564267
22 9 0.559889
22 10 0.514612
22 11 0.577004
22 12 0.571663
22 13 0.562156
22 14 0.599846
22 15 0.659415
22 16 0.654328
22 17 0.628344
22 18 0.587582
22 19 0.500001
22 20 0.653627
22 21 0.738879
22 22 0.581802
22 23 0.681665
22 24 0.528387
22 25 0.546813
22 26 0.646818
23 1 0.575939
23 2 0.999594
23 3 0.961306
23 4 0.716050
23 5 0.466896
23 6 0.998214
23 7 0.560640
23 8 0.842604
23 9 0.722380
23 10 0.541657
23 11 0.740221
23 12 0.717923
23 13 0.723784
23 14 0.752253
23 15 0.905558
23 16 0.986212
23 17 0.961306
23 18 0.721914
23 19 0.500004
23 20 0.922002
23 21 0.995440
23 22 0.681665
23 23 0.999364
23 24 0.674131
23 25 0.636046
23 26 0.889564
24 1 0.513687
24 2 0.877651
24 3 0.608605
24 4 0.540956
24 5 0.527932
24 6 0.812465
24 7 0.515264
24 8 0.559674
24 9 0.553341
24 10 0.503413
24 11 0.556824
24 12 0.579376
24 13 0.547438
24 14 0.601813
24 15 0.618096
24 16 0.585458
24 17 0.608605
24 18 0.559100
24 19 0.500000
24 20 0.593703
24 21 0.720935
24 22 0.528387
24 23 0.674131
24 24 0.603229
24 25 0.536633
25 1 0.509093
25 2 0.869262
25 3 0.639132
25 4 0.590810
25 5 0.511422
25 6 0.827068
25 7 0.525404
25 8 0.550946
25 9 0.589707
25 10 0.502241
25 11 0.622181
25 12 0.591131
25 13 0.595045
25 14 0.706116
25 15 0.613166
25 16 0.618509
25 17 0.639132
25 18 0.643266
25 19 0.500001
25 20 0.621527
25 21 0.743219
25 22 0.546813
25 23 0.636046
25 24 0.536633
25 25 0.586331
26 2 0.998161
26 6 0.993217
26 7 0.569502
26 8 0.667278
26 10 0.515021
26 12 0.748755
26 15 0.843981
26 16 0.827895
26 17 0.853430
26 19 0.500003
26 20 0.833210
26 21 0.972528
26 22 0.646818
26 23 0.889564
26 26 0.929929
