1 26 0.769955
3 17 0.838426
3 26 0.878177
4 22 0.523059
4 26 0.558581
5 26 0.638765
9 26 0.787410
11 26 0.913511
13 26 0.795559
14 26 0.959646
17 3 0.838426
18 26 0.831146
22 4 0.523059
24 26 0.780551
25 26 0.780045
26 1 0.769955
26 3 0.878177
26 4 0.558581
26 5 0.638765
26 9 0.787410
26 11 0.913511
26 13 0.795559
26 14 0.959646
26 18 0.831146
26 24 0.780551
26 25 0.780045
1 1 0.613314
1 2 0.853028
1 3 0.674185
1 4 0.519752
1 5 0.556598
1 6 0.917161
1 7 0.530665
1 8 0.541232
1 9 0.622802
1 10 0.519954
1 11 0.700470
1 12 0.585159
1 13 0.626370
1 14 0.771768
1 15 0.648531
1 16 0.643411
1 17 0.638248
1 18 0.641897
1 19 0.500000
1 20 0.551849
1 21 0.732066
1 22 0.519752
1 23 0.623553
1 24 0.617505
1 25 0.617836
2 1 0.853028
2 2 0.999999
2 3 0.964415
2 4 0.456086
2 5 0.823025
2 6 0.976924
2 7 0.638753
2 8 0.817685
2 9 0.868088
2 10 0.600965
2 11 0.936495
2 12 0.806027
2 13 0.879154
2 14 0.972526
2 15 0.970039
2 16 0.987904
2 17 0.947068
2 18 0.921711
2 19 0.500007
2 20 0.930254
2 21 0.999938
2 22 0.456086
2 23 0.931567
2 24 0.843824
2 25 0.858543
2 26 0.988753
3 1 0.674185
3 2 0.964415
3 3 0.859021
3 4 0.520262
3 5 0.620618
3 6 0.962862
3 7 0.544084
3 8 0.639914
3 9 0.693595
3 10 0.520759
3 11 0.803686
3 12 0.585169
3 13 0.705358
3 14 0.829990
3 15 0.695132
3 16 0.869823
3 18 0.780331
3 19 0.500000
3 20 0.603457
3 21 0.926914
3 22 0.520262
3 23 0.873910
3 24 0.680678
3 25 0.697956
4 1 0.519752
4 2 0.456086
4 3 0.520262
4 4 0.523059
4 5 0.498044
4 6 0.703862
4 7 0.510909
4 8 0.510279
4 9 0.518981
4 10 0.503430
4 11 0.581335
4 12 0.524268
4 13 0.522193
4 14 0.570528
4 15 0.506781
4 16 0.504505
4 17 0.512089
4 18 0.521808
4 19 0.499999
4 20 0.495531
4 21 0.405137
4 23 0.561682
4 24 0.523850
4 25 0.518211
5 1 0.556598
5 2 0.823025
5 3 0.620618
5 4 0.498044
5 5 0.561237
5 6 0.652747
5 7 0.519219
5 8 0.560836
5 9 0.564180
5 10 0.510796
5 11 0.575984
5 12 0.546407
5 13 0.566663
5 14 0.614217
5 15 0.613462
5 16 0.629970
5 17 0.607701
5 18 0.580798
5 19 0.500001
5 20 0.598105
5 21 0.723758
5 22 0.498044
5 23 0.629627
5 24 0.556277
5 25 0.559298
6 1 0.917161
6 2 0.976924
6 3 0.962862
6 4 0.703862
6 5 0.652747
6 6 1.000000
6 7 0.629784
6 8 0.634934
6 9 0.933961
6 10 0.569809
6 11 0.994636
6 12 0.903727
6 13 0.936556
6 14 0.999345
6 15 0.933274
6 16 0.685452
6 17 0.906726
6 18 0.938516
6 19 0.500002
6 20 0.456794
6 21 0.768992
6 22 0.703862
6 23 0.955600
6 24 0.932101
6 25 0.922713
6 26 0.998421
7 1 0.530665
7 2 0.638753
7 3 0.544084
7 4 0.510909
7 5 0.519219
7 6 0.629784
7 7 0.520426
7 8 0.529055
7 9 0.533150
7 10 0.507777
7 11 0.565482
7 12 0.526702
7 13 0.535494
7 14 0.584768
7 15 0.556517
7 16 0.553006
7 17 0.532318
7 18 0.539639
7 19 0.500000
7 20 0.547406
7 21 0.542742
7 22 0.510909
7 23 0.536291
7 24 0.532216
7 25 0.528309
7 26 0.579110
8 1 0.541232
8 2 0.817685
8 3 0.639914
8 4 0.510279
8 5 0.560836
8 6 0.634934
8 7 0.529055
8 8 0.635993
8 9 0.548095
8 10 0.507802
8 11 0.615886
8 12 0.547461
8 13 0.553900
8 14 0.577973
8 15 0.620284
8 16 0.694992
8 17 0.637525
8 18 0.580300
8 19 0.500002
8 20 0.653892
8 21 0.769893
8 22 0.510279
8 23 0.776337
8 24 0.538731
8 25 0.543695
8 26 0.608947
9 1 0.622802
9 2 0.868088
9 3 0.693595
9 4 0.518981
9 5 0.564180
9 6 0.933961
9 7 0.533150
9 8 0.548095
9 9 0.638401
9 10 0.519371
9 11 0.703505
9 12 0.595004
9 13 0.637395
9 14 0.791692
9 15 0.660183
9 16 0.642455
9 17 0.654487
9 18 0.655206
9 19 0.500001
9 20 0.545276
9 21 0.739933
9 22 0.518981
9 23 0.611606
9 24 0.628370
9 25 0.627553
10 1 0.519954
10 2 0.600965
10 3 0.520759
10 4 0.503430
10 5 0.510796
10 6 0.569809
10 7 0.507777
10 8 0.507802
10 9 0.519371
10 10 0.507821
10 11 0.535772
10 12 0.519088
10 13 0.520829
10 14 0.554169
10 15 0.535949
10 16 0.530088
10 17 0.513348
10 18 0.518633
10 19 0.500000
10 20 0.533255
10 21 0.558990
10 22 0.503430
10 23 0.510993
10 24 0.518560
10 25 0.519352
10 26 0.549346
11 1 0.700470
11 2 0.936495
11 3 0.803686
11 4 0.581335
11 5 0.575984
11 6 0.994636
11 7 0.565482
11 8 0.615886
11 9 0.703505
11 10 0.535772
11 11 0.930614
11 12 0.658097
11 13 0.722599
11 14 0.905378
11 15 0.723172
11 16 0.808533
11 17 0.762908
11 18 0.756558
11 19 0.499998
11 20 0.551596
11 21 0.770123
11 22 0.581335
11 23 0.890754
11 24 0.713813
11 25 0.701735
12 1 0.585159
12 2 0.806027
12 3 0.585169
12 4 0.524268
12 5 0.546407
12 6 0.903727
12 7 0.526702
12 8 0.547461
12 9 0.595004
12 10 0.519088
12 11 0.658097
12 12 0.630634
12 13 0.591281
12 14 0.731978
12 15 0.641433
12 16 0.504505
12 17 0.551270
12 18 0.572027
12 19 0.500001
12 20 0.578867
12 21 0.614057
12 22 0.524268
12 23 0.568161
12 24 0.588401
12 25 0.578840
12 26 0.707291
13 1 0.626370
13 2 0.879154
13 3 0.705358
13 4 0.522193
13 5 0.566663
13 6 0.936556
13 7 0.535494
13 8 0.553900
13 9 0.637395
13 10 0.520829
13 11 0.722599
13 12 0.591281
13 13 0.644078
13 14 0.790583
13 15 0.670129
13 16 0.673615
13 17 0.668380
13 18 0.665639
13 19 0.500001
13 20 0.567957
13 21 0.758281
13 22 0.522193
13 23 0.667793
13 24 0.631796
13 25 0.632296
14 1 0.771768
14 2 0.972526
14 3 0.829990
14 4 0.570528
14 5 0.614217
14 6 0.999345
14 7 0.584768
14 8 0.577973
14 9 0.791692
14 10 0.554169
14 11 0.905378
14 12 0.731978
14 13 0.790583
14 14 0.973406
14 15 0.835676
14 16 0.713501
14 17 0.747584
14 18 0.796647
14 19 0.500001
14 20 0.610212
14 21 0.860864
14 22 0.570528
14 23 0.690408
14 24 0.781159
14 25 0.774956
15 1 0.648531
15 2 0.970039
15 3 0.695132
15 4 0.506781
15 5 0.613462
15 6 0.933274
15 7 0.556517
15 8 0.620284
15 9 0.660183
15 10 0.535949
15 11 0.723172
15 12 0.641433
15 13 0.670129
15 14 0.835676
15 15 0.842042
15 16 0.682175
15 17 0.643914
15 18 0.654886
15 19 0.500006
15 20 0.779138
15 21 0.908542
15 22 0.506781
15 23 0.745228
15 24 0.646917
15 25 0.639150
15 26 0.818475
16 1 0.643411
16 2 0.987904
16 3 0.869823
16 4 0.504505
16 5 0.629970
16 6 0.685452
16 7 0.553006
16 8 0.694992
16 9 0.642455
16 10 0.530088
16 11 0.808533
16 12 0.504505
16 13 0.673615
16 14 0.713501
16 15 0.682175
16 16 0.956408
16 17 0.867023
16 18 0.784305
16 19 0.499999
16 20 0.714388
16 21 0.978104
16 22 0.504505
16 23 0.933864
16 24 0.637490
16 25 0.673305
16 26 0.838742
17 1 0.638248
17 2 0.947068
17 4 0.512089
17 5 0.607701
17 6 0.906726
17 7 0.532318
17 8 0.637525
17 9 0.654487
17 10 0.513348
17 11 0.762908
17 12 0.551270
17 13 0.668380
17 14 0.747584
17 15 0.643914
17 16 0.867023
17 17 0.826770
17 18 0.752485
17 19 0.500000
17 20 0.590412
17 21 0.915075
17 22 0.512089
17 23 0.879123
17 24 0.643522
17 25 0.663831
17 26 0.828307
18 1 0.641897
18 2 0.921711
18 3 0.780331
18 4 0.521808
18 5 0.580798
18 6 0.938516
18 7 0.539639
18 8 0.580300
18 9 0.655206
18 10 0.518633
18 11 0.756558
18 12 0.572027
18 13 0.665639
18 14 0.796647
18 15 0.654886
18 16 0.784305
18 17 0.752485
18 18 0.727035
18 19 0.500000
18 20 0.578584
18 21 0.843381
18 22 0.521808
18 23 0.769783
18 24 0.649927
18 25 0.657259
19 1 0.500000
19 2 0.500007
19 3 0.500000
19 4 0.499999
19 5 0.500001
19 6 0.500002
19 7 0.500000
19 8 0.500002
19 9 0.500001
19 10 0.500000
19 11 0.499998
19 12 0.500001
19 13 0.500001
19 14 0.500001
19 15 0.500006
19 16 0.499999
19 17 0.500000
19 18 0.500000
19 19 0.500000
19 20 0.500005
19 21 0.500008
19 22 0.499999
19 23 0.500004
19 24 0.500000
19 25 0.500000
19 26 0.500001
20 1 0.551849
20 2 0.930254
20 3 0.603457
20 4 0.495531
20 5 0.598105
20 6 0.456794
20 7 0.547406
20 8 0.653892
20 9 0.545276
20 10 0.533255
20 11 0.551596
20 12 0.578867
20 13 0.567957
20 14 0.610212
20 15 0.779138
20 16 0.714388
20 17 0.590412
20 18 0.578584
20 19 0.500005
20 20 0.899598
20 21 0.895950
20 22 0.495531
20 23 0.843188
20 24 0.540871
20 25 0.545175
20 26 0.618694
21 1 0.732066
21 2 0.999938
21 3 0.926914
21 4 0.405137
21 5 0.723758
21 6 0.768992
21 7 0.542742
21 8 0.769893
21 9 0.739933
21 10 0.558990
21 11 0.770123
21 12 0.614057
21 13 0.758281
21 14 0.860864
21 15 0.908542
21 16 0.978104
21 17 0.915075
21 18 0.843381
21 19 0.500008
21 20 0.895950
21 21 0.999958
21 22 0.405137
21 23 0.945668
21 24 0.700179
21 25 0.765658
21 26 0.926389
22 1 0.519752
22 2 0.456086
22 3 0.520262
22 5 0.498044
22 6 0.703862
22 7 0.510909
22 8 0.510279
22 9 0.518981
22 10 0.503430
22 11 0.581335
22 12 0.524268
22 13 0.522193
22 14 0.570528
22 15 0.506781
22 16 0.504505
22 17 0.512089
22 18 0.521808
22 19 0.499999
22 20 0.495531
22 21 0.405137
22 22 0.523059
22 23 0.561682
22 24 0.523850
22 25 0.518211
22 26 0.558581
23 1 0.623553
23 2 0.931567
23 3 0.873910
23 4 0.561682
23 5 0.629627
23 6 0.955600
23 7 0.536291
23 8 0.776337
23 9 0.611606
23 10 0.510993
23 11 0.890754
23 12 0.568161
23 13 0.667793
23 14 0.690408
23 15 0.745228
23 16 0.933864
23 17 0.879123
23 18 0.769783
23 19 0.500004
23 20 0.843188
23 21 0.945668
23 22 0.561682
23 23 0.996999
23 24 0.633635
23 25 0.646977
23 26 0.827332
24 1 0.617505
24 2 0.843824
24 3 0.680678
24 4 0.523850
24 5 0.556277
24 6 0.932101
24 7 0.532216
24 8 0.538731
24 9 0.628370
24 10 0.518560
24 11 0.713813
24 12 0.588401
24 13 0.631796
24 14 0.781159
24 15 0.646917
24 16 0.637490
24 17 0.643522
24 18 0.649927
24 19 0.500000
24 20 0.540871
24 21 0.700179
24 22 0.523850
24 23 0.633635
24 24 0.624635
24 25 0.621524
25 1 0.617836
25 2 0.858543
25 3 0.697956
25 4 0.518211
25 5 0.559298
25 6 0.922713
25 7 0.528309
25 8 0.543695
25 9 0.627553
25 10 0.519352
25 11 0.701735
25 12 0.578840
25 13 0.632296
25 14 0.774956
25 15 0.639150
25 16 0.673305
25 17 0.663831
25 18 0.657259
25 19 0.500000
25 20 0.545175
25 21 0.765658
25 22 0.518211
25 23 0.646977
25 24 0.621524
25 25 0.627290
26 2 0.988753
26 6 0.998421
26 7 0.579110
26 8 0.608947
26 10 0.549346
26 12 0.707291
26 15 0.818475
26 16 0.838742
26 17 0.828307
26 19 0.500001
26 20 0.618694
26 21 0.926389
26 22 0.558581
26 23 0.827332
26 26 0.961311
