1 26 0.529841
3 17 0.751681
3 26 0.777496
4 22 0.521388
4 26 0.555406
5 26 0.640310
9 26 0.651373
11 26 0.771173
13 26 0.580932
14 26 0.887950
17 3 0.751681
18 26 0.797246
22 4 0.521388
24 26 0.667608
25 26 0.658924
26 1 0.529841
26 3 0.777496
26 4 0.555406
26 5 0.640310
26 9 0.651373
26 11 0.771173
26 13 0.580932
26 14 0.887950
26 18 0.797246
26 24 0.667608
26 25 0.658924
1 1 0.505063
1 2 0.555600
1 3 0.527073
1 4 0.508327
1 5 0.511323
1 6 0.637920
1 7 0.508991
1 8 0.514577
1 9 0.511466
1 10 0.503981
1 11 0.532914
1 12 0.509516
1 13 0.501885
1 14 0.579877
1 15 0.509670
1 16 0.541792
1 17 0.524040
1 18 0.529115
1 19 0.500000
1 20 0.540057
1 21 0.516268
1 22 0.508327
1 23 0.517213
1 24 0.515700
1 25 0.514121
2 1 0.555600
2 2 0.999868
2 3 0.915280
2 4 0.608500
2 5 0.783996
2 6 0.999991
2 7 0.712681
2 8 0.773928
2 9 0.808870
2 10 0.481694
2 11 0.938125
2 12 0.600516
2 13 0.681758
2 14 0.995855
2 15 0.839032
2 16 0.950639
2 17 0.885625
2 18 0.923541
2 19 0.499997
2 20 0.803951
2 21 0.940374
2 22 0.608500
2 23 0.574423
2 24 0.819795
2 25 0.819875
2 26 0.954717
3 1 0.527073
3 2 0.915280
3 3 0.771509
3 4 0.546066
3 5 0.622782
3 6 0.993240
3 7 0.574603
3 8 0.618229
3 9 0.630573
3 10 0.510533
3 11 0.762147
3 12 0.513898
3 13 0.565873
3 14 0.864355
3 15 0.661646
3 16 0.781365
3 18 0.766225
3 19 0.500000
3 20 0.702002
3 21 0.767388
3 22 0.546066
3 23 0.677566
3 24 0.648935
3 25 0.637698
4 1 0.508327
4 2 0.608500
4 3 0.546066
4 4 0.521388
4 5 0.520017
4 6 0.778617
4 7 0.515798
4 8 0.526093
4 9 0.522750
4 10 0.506540
4 11 0.568704
4 12 0.526924
4 13 0.504067
4 14 0.660297
4 15 0.533782
4 16 0.572663
4 17 0.539465
4 18 0.554865
4 19 0.500000
4 20 0.585315
4 21 0.589428
4 23 0.529877
4 24 0.530125
4 25 0.526519
5 1 0.511323
5 2 0.783996
5 3 0.622782
5 4 0.520017
5 5 0.559601
5 6 0.893520
5 7 0.536344
5 8 0.556427
5 9 0.564085
5 10 0.502627
5 11 0.616592
5 12 0.508937
5 13 0.535464
5 14 0.698596
5 15 0.579358
5 16 0.635085
5 17 0.609074
5 18 0.628211
5 19 0.500000
5 20 0.577483
5 21 0.620629
5 22 0.520017
5 23 0.566193
5 24 0.569968
5 25 0.566200
6 1 0.637920
6 2 0.999991
6 3 0.993240
6 4 0.778617
6 5 0.893520
6 6 1.000000
6 7 0.824597
6 8 0.919519
6 9 0.910579
6 10 0.571093
6 11 0.997897
6 12 0.756789
6 13 0.775558
6 14 1.000000
6 15 0.973335
6 16 0.998385
6 17 0.989265
6 18 0.988136
6 19 0.499994
6 20 0.994113
6 21 0.996258
6 22 0.778617
6 23 0.958528
6 24 0.946039
6 25 0.927360
6 26 0.994999
7 1 0.508991
7 2 0.712681
7 3 0.574603
7 4 0.515798
7 5 0.536344
7 6 0.824597
7 7 0.531740
7 8 0.530462
7 9 0.538519
7 10 0.499946
7 11 0.585548
7 12 0.520143
7 13 0.523694
7 14 0.709974
7 15 0.553115
7 16 0.601786
7 17 0.565635
7 18 0.569290
7 19 0.499999
7 20 0.565862
7 21 0.565514
7 22 0.515798
7 23 0.502465
7 24 0.548254
7 25 0.545013
7 26 0.586971
8 1 0.514577
8 2 0.773928
8 3 0.618229
8 4 0.526093
8 5 0.556427
8 6 0.919519
8 7 0.530462
8 8 0.590212
8 9 0.561776
8 10 0.506228
8 11 0.632201
8 12 0.493255
8 13 0.521566
8 14 0.752058
8 15 0.556640
8 16 0.661069
8 17 0.606138
8 18 0.620078
8 19 0.500000
8 20 0.562560
8 21 0.556451
8 22 0.526093
8 23 0.630218
8 24 0.563010
8 25 0.558839
8 26 0.631106
9 1 0.511466
9 2 0.808870
9 3 0.630573
9 4 0.522750
9 5 0.564085
9 6 0.910579
9 7 0.538519
9 8 0.561776
9 9 0.572535
9 10 0.500459
9 11 0.629875
9 12 0.510313
9 13 0.536825
9 14 0.709262
9 15 0.599990
9 16 0.645023
9 17 0.615136
9 18 0.637886
9 19 0.500000
9 20 0.588175
9 21 0.670034
9 22 0.522750
9 23 0.571641
9 24 0.575661
9 25 0.571772
10 1 0.503981
10 2 0.481694
10 3 0.510533
10 4 0.506540
10 5 0.502627
10 6 0.571093
10 7 0.499946
10 8 0.506228
10 9 0.500459
10 10 0.512586
10 11 0.508214
10 12 0.516291
10 13 0.502768
10 14 0.589726
10 15 0.497750
10 16 0.508972
10 17 0.509918
10 18 0.519854
10 19 0.500001
10 20 0.552569
10 21 0.495262
10 22 0.506540
10 23 0.540134
10 24 0.505093
10 25 0.504030
10 26 0.512640
11 1 0.532914
11 2 0.938125
11 3 0.762147
11 4 0.568704
11 5 0.616592
11 6 0.997897
11 7 0.585548
11 8 0.632201
11 9 0.629875
11 10 0.508214
11 11 0.850713
11 12 0.551563
11 13 0.545888
11 14 0.963214
11 15 0.629141
11 16 0.806593
11 17 0.742375
11 18 0.743181
11 19 0.499999
11 20 0.696701
11 21 0.752324
11 22 0.568704
11 23 0.599965
11 24 0.651158
11 25 0.642369
12 1 0.509516
12 2 0.600516
12 3 0.513898
12 4 0.526924
12 5 0.508937
12 6 0.756789
12 7 0.520143
12 8 0.493255
12 9 0.510313
12 10 0.516291
12 11 0.551563
12 12 0.597675
12 13 0.514402
12 14 0.816084
12 15 0.532151
12 16 0.541458
12 17 0.508005
12 18 0.526899
12 19 0.500001
12 20 0.662692
12 21 0.609935
12 22 0.526924
12 23 0.456548
12 24 0.527475
12 25 0.526704
12 26 0.537188
13 1 0.501885
13 2 0.681758
13 3 0.565873
13 4 0.504067
13 5 0.535464
13 6 0.775558
13 7 0.523694
13 8 0.521566
13 9 0.536825
13 10 0.502768
13 11 0.545888
13 12 0.514402
13 13 0.557734
13 14 0.750529
13 15 0.578795
13 16 0.550709
13 17 0.559324
13 18 0.557945
13 19 0.500000
13 20 0.521008
13 21 0.542742
13 22 0.504067
13 23 0.548786
13 24 0.542261
13 25 0.539586
14 1 0.579877
14 2 0.995855
14 3 0.864355
14 4 0.660297
14 5 0.698596
14 6 1.000000
14 7 0.709974
14 8 0.752058
14 9 0.709262
14 10 0.589726
14 11 0.963214
14 12 0.816084
14 13 0.750529
14 14 1.000000
14 15 0.852153
14 16 0.957785
14 17 0.848442
14 18 0.730412
14 19 0.499999
14 20 0.955423
14 21 0.572981
14 22 0.660297
14 23 0.777032
14 24 0.790732
14 25 0.765055
15 1 0.509670
15 2 0.839032
15 3 0.661646
15 4 0.533782
15 5 0.579358
15 6 0.973335
15 7 0.553115
15 8 0.556640
15 9 0.599990
15 10 0.497750
15 11 0.629141
15 12 0.532151
15 13 0.578795
15 14 0.852153
15 15 0.762206
15 16 0.667104
15 17 0.641401
15 18 0.658161
15 19 0.499999
15 20 0.689715
15 21 0.866190
15 22 0.533782
15 23 0.643044
15 24 0.606547
15 25 0.589958
15 26 0.686854
16 1 0.541792
16 2 0.950639
16 3 0.781365
16 4 0.572663
16 5 0.635085
16 6 0.998385
16 7 0.601786
16 8 0.661069
16 9 0.645023
16 10 0.508972
16 11 0.806593
16 12 0.541458
16 13 0.550709
16 14 0.957785
16 15 0.667104
16 16 0.868739
16 17 0.757062
16 18 0.773849
16 19 0.499999
16 20 0.770065
16 21 0.734214
16 22 0.572663
16 23 0.662175
16 24 0.673445
16 25 0.657719
16 26 0.797958
17 1 0.524040
17 2 0.885625
17 4 0.539465
17 5 0.609074
17 6 0.989265
17 7 0.565635
17 8 0.606138
17 9 0.615136
17 10 0.509918
17 11 0.742375
17 12 0.508005
17 13 0.559324
17 14 0.848442
17 15 0.641401
17 16 0.757062
17 17 0.734359
17 18 0.739690
17 19 0.500000
17 20 0.678258
17 21 0.731456
17 22 0.539465
17 23 0.668091
17 24 0.632701
17 25 0.622046
17 26 0.751355
18 1 0.529115
18 2 0.923541
18 3 0.766225
18 4 0.554865
18 5 0.628211
18 6 0.988136
18 7 0.569290
18 8 0.620078
18 9 0.637886
18 10 0.519854
18 11 0.743181
18 12 0.526899
18 13 0.557945
18 14 0.730412
18 15 0.658161
18 16 0.773849
18 17 0.739690
18 18 0.810364
18 19 0.500002
18 20 0.745298
18 21 0.826908
18 22 0.554865
18 23 0.699172
18 24 0.652074
18 25 0.643702
19 1 0.500000
19 2 0.499997
19 3 0.500000
19 4 0.500000
19 5 0.500000
19 6 0.499994
19 7 0.499999
19 8 0.500000
19 9 0.500000
19 10 0.500001
19 11 0.499999
19 12 0.500001
19 13 0.500000
19 14 0.499999
19 15 0.499999
19 16 0.499999
19 17 0.500000
19 18 0.500002
19 19 0.500000
19 20 0.500003
19 21 0.499999
19 22 0.500000
19 23 0.500003
19 24 0.500000
19 25 0.500000
19 26 0.500001
20 1 0.540057
20 2 0.803951
20 3 0.702002
20 4 0.585315
20 5 0.577483
20 6 0.994113
20 7 0.565862
20 8 0.562560
20 9 0.588175
20 10 0.552569
20 11 0.696701
20 12 0.662692
20 13 0.521008
20 14 0.955423
20 15 0.689715
20 16 0.770065
20 17 0.678258
20 18 0.745298
20 19 0.500003
20 20 0.927182
20 21 0.903490
20 22 0.585315
20 23 0.656045
20 24 0.632420
20 25 0.614999
20 26 0.729153
21 1 0.516268
21 2 0.940374
21 3 0.767388
21 4 0.589428
21 5 0.620629
21 6 0.996258
21 7 0.565514
21 8 0.556451
21 9 0.670034
21 10 0.495262
21 11 0.752324
21 12 0.609935
21 13 0.542742
21 14 0.572981
21 15 0.866190
21 16 0.734214
21 17 0.731456
21 18 0.826908
21 19 0.499999
21 20 0.903490
21 21 0.995994
21 22 0.589428
21 23 0.645767
21 24 0.671615
21 25 0.654490
21 26 0.807603
22 1 0.508327
22 2 0.608500
22 3 0.546066
22 5 0.520017
22 6 0.778617
22 7 0.515798
22 8 0.526093
22 9 0.522750
22 10 0.506540
22 11 0.568704
22 12 0.526924
22 13 0.504067
22 14 0.660297
22 15 0.533782
22 16 0.572663
22 17 0.539465
22 18 0.554865
22 19 0.500000
22 20 0.585315
22 21 0.589428
22 22 0.521388
22 23 0.529877
22 24 0.530125
22 25 0.526519
22 26 0.555406
23 1 0.517213
23 2 0.574423
23 3 0.677566
23 4 0.529877
23 5 0.566193
23 6 0.958528
23 7 0.502465
23 8 0.630218
23 9 0.571641
23 10 0.540134
23 11 0.599965
23 12 0.456548
23 13 0.548786
23 14 0.777032
23 15 0.643044
23 16 0.662175
23 17 0.668091
23 18 0.699172
23 19 0.500003
23 20 0.656045
23 21 0.645767
23 22 0.529877
23 23 0.883854
23 24 0.569164
23 25 0.551546
23 26 0.668420
24 1 0.515700
24 2 0.819795
24 3 0.648935
24 4 0.530125
24 5 0.569968
24 6 0.946039
24 7 0.548254
24 8 0.563010
24 9 0.575661
24 10 0.505093
24 11 0.651158
24 12 0.527475
24 13 0.542261
24 14 0.790732
24 15 0.606547
24 16 0.673445
24 17 0.632701
24 18 0.652074
24 19 0.500000
24 20 0.632420
24 21 0.671615
24 22 0.530125
24 23 0.569164
24 24 0.588345
24 25 0.581770
25 1 0.514121
25 2 0.819875
25 3 0.637698
25 4 0.526519
25 5 0.566200
25 6 0.927360
25 7 0.545013
25 8 0.558839
25 9 0.571772
25 10 0.504030
25 11 0.642369
25 12 0.526704
25 13 0.539586
25 14 0.765055
25 15 0.589958
25 16 0.657719
25 17 0.622046
25 18 0.643702
25 19 0.500000
25 20 0.614999
25 21 0.654490
25 22 0.526519
25 23 0.551546
25 24 0.581770
25 25 0.577949
26 2 0.954717
26 6 0.994999
26 7 0.586971
26 8 0.631106
26 10 0.512640
26 12 0.537188
26 15 0.686854
26 16 0.797958
26 17 0.751355
26 19 0.500001
26 20 0.729153
26 21 0.807603
26 22 0.555406
26 23 0.668420
26 26 0.808567
