1 26 0.769503
3 17 0.987635
3 26 0.962505
4 22 0.543074
4 26 0.705941
5 26 0.681149
9 26 0.801737
11 26 0.925543
13 26 0.794130
14 26 0.961745
17 3 0.987635
18 26 0.846088
22 4 0.543074
24 26 0.755727
25 26 0.675994
26 1 0.769503
26 3 0.962505
26 4 0.705941
26 5 0.681149
26 9 0.801737
26 11 0.925543
26 13 0.794130
26 14 0.961745
26 18 0.846088
26 24 0.755727
26 25 0.675994
1 1 0.613801
1 2 0.913347
1 3 0.770843
1 4 0.581515
1 5 0.571922
1 6 0.894392
1 7 0.515224
1 8 0.615845
1 9 0.631807
1 10 0.517601
1 11 0.711288
1 12 0.572826
1 13 0.625737
1 14 0.771649
1 15 0.700948
1 16 0.822528
1 17 0.770843
1 18 0.662136
1 19 0.500004
1 20 0.670861
1 21 0.926587
1 22 0.524819
1 23 0.822560
1 24 0.607327
1 25 0.569076
2 1 0.913347
2 2 1.000000
2 3 0.996259
2 4 0.640525
2 5 0.896250
2 6 0.987910
2 7 0.673101
2 8 0.992421
2 9 0.953702
2 10 0.650256
2 11 0.937153
2 12 0.837315
2 13 0.903974
2 14 0.948215
2 15 0.999162
2 16 0.999985
2 17 0.996259
2 18 0.992465
2 19 0.500026
2 20 0.998039
2 21 1.000000
2 22 0.398622
2 23 0.998626
2 24 0.885617
2 25 0.600578
2 26 0.997551
3 1 0.770843
3 2 0.996259
3 3 0.987635
3 4 0.723617
3 5 0.685543
3 6 0.998928
3 7 0.518171
3 8 0.800848
3 9 0.798273
3 10 0.533097
3 11 0.969453
3 12 0.742890
3 13 0.805732
3 14 0.969103
3 15 0.933152
3 16 0.993852
3 18 0.794723
3 19 0.500007
3 20 0.709713
3 21 0.999086
3 22 0.605697
3 23 0.997066
3 24 0.750989
3 25 0.612732
4 1 0.581515
4 2 0.640525
4 3 0.723617
4 4 0.585020
4 5 0.531815
4 6 0.893125
4 7 0.507872
4 8 0.544517
4 9 0.588852
4 10 0.512882
4 11 0.702166
4 12 0.564248
4 13 0.597606
4 14 0.749726
4 15 0.579287
4 16 0.699136
4 17 0.723617
4 18 0.592170
4 19 0.500003
4 20 0.615110
4 21 0.781731
4 23 0.820117
4 24 0.584024
4 25 0.549582
5 1 0.571922
5 2 0.896250
5 3 0.685543
5 4 0.531815
5 5 0.648126
5 6 0.683672
5 7 0.529648
5 8 0.599057
5 9 0.600728
5 10 0.505151
5 11 0.651445
5 12 0.556963
5 13 0.579697
5 14 0.644714
5 15 0.717284
5 16 0.789248
5 17 0.685543
5 18 0.594919
5 19 0.500005
5 20 0.484232
5 21 0.944343
5 22 0.502180
5 23 0.707714
5 24 0.555035
5 25 0.590127
6 1 0.894392
6 2 0.987910
6 3 0.998928
6 4 0.893125
6 5 0.683672
6 6 1.000000
6 7 0.590318
6 8 0.822447
6 9 0.914356
6 10 0.610334
6 11 0.998270
6 12 0.707064
6 13 0.931161
6 14 0.997901
6 15 0.990730
6 16 0.996742
6 17 0.998928
6 18 0.967265
6 19 0.500008
6 20 0.978141
6 21 0.997749
6 22 0.725692
6 23 0.999744
6 24 0.902720
6 25 0.700813
6 26 0.996491
7 1 0.515224
7 2 0.673101
7 3 0.518171
7 4 0.507872
7 5 0.529648
7 6 0.590318
7 7 0.522224
7 8 0.525268
7 9 0.521410
7 10 0.504550
7 11 0.526833
7 12 0.506103
7 13 0.516916
7 14 0.507851
7 15 0.557158
7 16 0.520215
7 17 0.518171
7 18 0.546790
7 19 0.500001
7 20 0.558395
7 21 0.612702
7 22 0.499736
7 23 0.501347
7 24 0.518315
7 25 0.515998
7 26 0.538693
8 1 0.615845
8 2 0.992421
8 3 0.800848
8 4 0.544517
8 5 0.599057
8 6 0.822447
8 7 0.525268
8 8 0.732864
8 9 0.639602
8 10 0.522292
8 11 0.712610
8 12 0.577865
8 13 0.620816
8 14 0.686469
8 15 0.837788
8 16 0.914583
8 17 0.800848
8 18 0.704575
8 19 0.500004
8 20 0.704631
8 21 0.975925
8 22 0.496446
8 23 0.831394
8 24 0.598966
8 25 0.531893
8 26 0.775878
9 1 0.631807
9 2 0.953702
9 3 0.798273
9 4 0.588852
9 5 0.600728
9 6 0.914356
9 7 0.521410
9 8 0.639602
9 9 0.659399
9 10 0.522777
9 11 0.725040
9 12 0.578495
9 13 0.642709
9 14 0.790146
9 15 0.740777
9 16 0.860924
9 17 0.798273
9 18 0.698353
9 19 0.500005
9 20 0.689812
9 21 0.961731
9 22 0.522638
9 23 0.849108
9 24 0.622727
9 25 0.579590
10 1 0.517601
10 2 0.650256
10 3 0.533097
10 4 0.512882
10 5 0.505151
10 6 0.610334
10 7 0.504550
10 8 0.522292
10 9 0.522777
10 10 0.513691
10 11 0.524045
10 12 0.499973
10 13 0.518562
10 14 0.526956
10 15 0.534509
10 16 0.545311
10 17 0.533097
10 18 0.545903
10 19 0.500000
10 20 0.586541
10 21 0.555842
10 22 0.503153
10 23 0.559344
10 24 0.518729
10 25 0.503026
10 26 0.544951
11 1 0.711288
11 2 0.937153
11 3 0.969453
11 4 0.702166
11 5 0.651445
11 6 0.998270
11 7 0.526833
11 8 0.712610
11 9 0.725040
11 10 0.524045
11 11 0.978075
11 12 0.696601
11 13 0.758783
11 14 0.950252
11 15 0.881699
11 16 0.969825
11 17 0.969453
11 18 0.690800
11 19 0.500004
11 20 0.485755
11 21 0.987699
11 22 0.618075
11 23 0.983849
11 24 0.691477
11 25 0.626434
12 1 0.572826
12 2 0.837315
12 3 0.742890
12 4 0.564248
12 5 0.556963
12 6 0.707064
12 7 0.506103
12 8 0.577865
12 9 0.578495
12 10 0.499973
12 11 0.696601
12 12 0.634121
12 13 0.585270
12 14 0.735376
12 15 0.564101
12 16 0.784398
12 17 0.742890
12 18 0.532048
12 19 0.500004
12 20 0.536255
12 21 0.918700
12 22 0.535139
12 23 0.866606
12 24 0.568529
12 25 0.523643
12 26 0.690616
13 1 0.625737
13 2 0.903974
13 3 0.805732
13 4 0.597606
13 5 0.579697
13 6 0.931161
13 7 0.516916
13 8 0.620816
13 9 0.642709
13 10 0.518562
13 11 0.758783
13 12 0.585270
13 13 0.642964
13 14 0.806836
13 15 0.719267
13 16 0.843082
13 17 0.805732
13 18 0.667694
13 19 0.500005
13 20 0.670096
13 21 0.933693
13 22 0.535426
13 23 0.861787
13 24 0.619604
13 25 0.581254
14 1 0.771649
14 2 0.948215
14 3 0.969103
14 4 0.749726
14 5 0.644714
14 6 0.997901
14 7 0.507851
14 8 0.686469
14 9 0.790146
14 10 0.526956
14 11 0.950252
14 12 0.735376
14 13 0.806836
14 14 0.983423
14 15 0.805935
14 16 0.974712
14 17 0.969103
14 18 0.769768
14 19 0.500011
14 20 0.761226
14 21 0.996711
14 22 0.619012
14 23 0.991909
14 24 0.761663
14 25 0.704012
15 1 0.700948
15 2 0.999162
15 3 0.933152
15 4 0.579287
15 5 0.717284
15 6 0.990730
15 7 0.557158
15 8 0.837788
15 9 0.740777
15 10 0.534509
15 11 0.881699
15 12 0.564101
15 13 0.719267
15 14 0.805935
15 15 0.984451
15 16 0.983596
15 17 0.933152
15 18 0.843475
15 19 0.500004
15 20 0.807718
15 21 0.995742
15 22 0.480634
15 23 0.881069
15 24 0.671702
15 25 0.571746
15 26 0.899282
16 1 0.822528
16 2 0.999985
16 3 0.993852
16 4 0.699136
16 5 0.789248
16 6 0.996742
16 7 0.520215
16 8 0.914583
16 9 0.860924
16 10 0.545311
16 11 0.969825
16 12 0.784398
16 13 0.843082
16 14 0.974712
16 15 0.983596
16 16 0.999504
16 17 0.993852
16 18 0.877473
16 19 0.500013
16 20 0.792835
16 21 0.999990
16 22 0.553152
16 23 0.998280
16 24 0.780291
16 25 0.654311
16 26 0.983075
17 1 0.770843
17 2 0.996259
17 4 0.723617
17 5 0.685543
17 6 0.998928
17 7 0.518171
17 8 0.800848
17 9 0.798273
17 10 0.533097
17 11 0.969453
17 12 0.742890
17 13 0.805732
17 14 0.969103
17 15 0.933152
17 16 0.993852
17 17 0.987635
17 18 0.794723
17 19 0.500007
17 20 0.709713
17 21 0.999086
17 22 0.605697
17 23 0.997066
17 24 0.750989
17 25 0.612732
17 26 0.962505
18 1 0.662136
18 2 0.992465
18 3 0.794723
18 4 0.592170
18 5 0.594919
18 6 0.967265
18 7 0.546790
18 8 0.704575
18 9 0.698353
18 10 0.545903
18 11 0.690800
18 12 0.532048
18 13 0.667694
18 14 0.769768
18 15 0.843475
18 16 0.877473
18 17 0.794723
18 18 0.826148
18 19 0.500007
18 20 0.875812
18 21 0.970552
18 22 0.499871
18 23 0.799764
18 24 0.662215
18 25 0.564573
19 1 0.500004
19 2 0.500026
19 3 0.500007
19 4 0.500003
19 5 0.500005
19 6 0.500008
19 7 0.500001
19 8 0.500004
19 9 0.500005
19 10 0.500000
19 11 0.500004
19 12 0.500004
19 13 0.500005
19 14 0.500011
19 15 0.500004
19 16 0.500013
19 17 0.500007
19 18 0.500007
19 19 0.500000
19 20 0.500006
19 21 0.500034
19 22 0.500001
19 23 0.500009
19 24 0.500004
19 25 0.500006
19 26 0.500012
20 1 0.670861
20 2 0.998039
20 3 0.709713
20 4 0.615110
20 5 0.484232
20 6 0.978141
20 7 0.558395
20 8 0.704631
20 9 0.689812
20 10 0.586541
20 11 0.485755
20 12 0.536255
20 13 0.670096
20 14 0.761226
20 15 0.807718
20 16 0.792835
20 17 0.709713
20 18 0.875812
20 19 0.500006
20 20 0.990690
20 21 0.887888
20 22 0.501651
20 23 0.904977
20 24 0.705756
20 25 0.475766
20 26 0.846410
21 1 0.926587
21 2 1.000000
21 3 0.999086
21 4 0.781731
21 5 0.944343
21 6 0.997749
21 7 0.612702
21 8 0.975925
21 9 0.961731
21 10 0.555842
21 11 0.987699
21 12 0.918700
21 13 0.933693
21 14 0.996711
21 15 0.995742
21 16 0.999990
21 17 0.999086
21 18 0.970552
21 19 0.500034
21 20 0.887888
21 21 1.000000
21 22 0.549745
21 23 0.999880
21 24 0.893554
21 25 0.817710
21 26 0.998719
22 1 0.524819
22 2 0.398622
22 3 0.605697
22 5 0.502180
22 6 0.725692
22 7 0.499736
22 8 0.496446
22 9 0.522638
22 10 0.503153
22 11 0.618075
22 12 0.535139
22 13 0.535426
22 14 0.619012
22 15 0.480634
22 16 0.553152
22 17 0.605697
22 18 0.499871
22 19 0.500001
22 20 0.501651
22 21 0.549745
22 22 0.532107
22 23 0.697303
22 24 0.527734
22 25 0.518395
22 26 0.571385
23 1 0.822560
23 2 0.998626
23 3 0.997066
23 4 0.820117
23 5 0.707714
23 6 0.999744
23 7 0.501347
23 8 0.831394
23 9 0.849108
23 10 0.559344
23 11 0.983849
23 12 0.866606
23 13 0.861787
23 14 0.991909
23 15 0.881069
23 16 0.998280
23 17 0.997066
23 18 0.799764
23 19 0.500009
23 20 0.904977
23 21 0.999880
23 22 0.697303
23 23 0.999996
23 24 0.823769
23 25 0.522089
23 26 0.984112
24 1 0.607327
24 2 0.885617
24 3 0.750989
24 4 0.584024
24 5 0.555035
24 6 0.902720
24 7 0.518315
24 8 0.598966
24 9 0.622727
24 10 0.518729
24 11 0.691477
24 12 0.568529
24 13 0.619604
24 14 0.761663
24 15 0.671702
24 16 0.780291
24 17 0.750989
24 18 0.662215
24 19 0.500004
24 20 0.705756
24 21 0.893554
24 22 0.527734
24 23 0.823769
24 24 0.607757
24 25 0.555231
25 1 0.569076
25 2 0.600578
25 3 0.612732
25 4 0.549582
25 5 0.590127
25 6 0.700813
25 7 0.515998
25 8 0.531893
25 9 0.579590
25 10 0.503026
25 11 0.626434
25 12 0.523643
25 13 0.581254
25 14 0.704012
25 15 0.571746
25 16 0.654311
25 17 0.612732
25 18 0.564573
25 19 0.500006
25 20 0.475766
25 21 0.817710
25 22 0.518395
25 23 0.522089
25 24 0.555231
25 25 0.668939
26 2 0.997551
26 6 0.996491
26 7 0.538693
26 8 0.775878
26 10 0.544951
26 12 0.690616
26 15 0.899282
26 16 0.983075
26 17 0.962505
26 19 0.500012
26 20 0.846410
26 21 0.998719
26 22 0.571385
26 23 0.984112
26 26 0.959331
