1 26 0.587402
3 17 0.622058
3 26 0.639529
4 22 0.521744
4 26 0.547328
5 26 0.585578
9 26 0.599294
11 26 0.632443
13 26 0.539374
14 26 0.673614
17 3 0.622058
18 26 0.754139
22 4 0.521744
24 26 0.564832
25 26 0.586667
26 1 0.587402
26 3 0.639529
26 4 0.547328
26 5 0.585578
26 9 0.599294
26 11 0.632443
26 13 0.539374
26 14 0.673614
26 18 0.754139
26 24 0.564832
26 25 0.586667
1 1 0.535891
1 2 0.702353
1 3 0.554821
1 4 0.517988
1 5 0.535126
1 6 0.645684
1 7 0.509174
1 8 0.511555
1 9 0.540848
1 10 0.503377
1 11 0.555501
1 12 0.513821
1 13 0.513205
1 14 0.564388
1 15 0.571712
1 16 0.552913
1 17 0.571156
1 18 0.611673
1 19 0.500000
1 20 0.566184
1 21 0.658474
1 22 0.499270
1 23 0.593143
1 24 0.521263
1 25 0.535054
2 1 0.702353
2 2 0.999510
2 3 0.797060
2 4 0.637740
2 5 0.692616
2 6 0.984613
2 7 0.547485
2 8 0.548097
2 9 0.736058
2 10 0.487167
2 11 0.829955
2 12 0.644183
2 13 0.509931
2 14 0.766220
2 15 0.963156
2 16 0.800077
2 17 0.866166
2 18 0.951820
2 19 0.499998
2 20 0.688038
2 21 0.995225
2 22 0.532844
2 23 0.906673
2 24 0.586989
2 25 0.704734
2 26 0.890577
3 1 0.554821
3 2 0.797060
3 3 0.606291
3 4 0.525881
3 5 0.554256
3 6 0.745355
3 7 0.514336
3 8 0.538278
3 9 0.569162
3 10 0.500717
3 11 0.581927
3 12 0.531284
3 13 0.514160
3 14 0.584360
3 15 0.629805
3 16 0.639213
3 18 0.671766
3 19 0.500001
3 20 0.645554
3 21 0.792583
3 22 0.497384
3 23 0.726882
3 24 0.544509
3 25 0.553338
4 1 0.517988
4 2 0.637740
4 3 0.525881
4 4 0.529822
4 5 0.517473
4 6 0.607834
4 7 0.501798
4 8 0.517856
4 9 0.519223
4 10 0.503448
4 11 0.542073
4 12 0.530282
4 13 0.523537
4 14 0.537994
4 15 0.600017
4 16 0.544324
4 17 0.543440
4 18 0.581769
4 19 0.500001
4 20 0.528973
4 21 0.639151
4 23 0.544727
4 24 0.500115
4 25 0.520462
5 1 0.535126
5 2 0.692616
5 3 0.554256
5 4 0.517473
5 5 0.537185
5 6 0.648690
5 7 0.506685
5 8 0.510655
5 9 0.540633
5 10 0.501066
5 11 0.554379
5 12 0.513273
5 13 0.513278
5 14 0.562269
5 15 0.574222
5 16 0.559226
5 17 0.567760
5 18 0.616208
5 19 0.500000
5 20 0.564448
5 21 0.646714
5 22 0.498536
5 23 0.569610
5 24 0.522667
5 25 0.535228
6 1 0.645684
6 2 0.984613
6 3 0.745355
6 4 0.607834
6 5 0.648690
6 6 0.999754
6 7 0.595069
6 8 0.729695
6 9 0.663509
6 10 0.535705
6 11 0.757613
6 12 0.560305
6 13 0.517262
6 14 0.749375
6 15 0.881641
6 16 0.869626
6 17 0.829547
6 18 0.890204
6 19 0.500006
6 20 0.869103
6 21 0.956461
6 22 0.550602
6 23 0.934522
6 24 0.646594
6 25 0.658533
6 26 0.867681
7 1 0.509174
7 2 0.547485
7 3 0.514336
7 4 0.501798
7 5 0.506685
7 6 0.595069
7 7 0.511389
7 8 0.506222
7 9 0.510016
7 10 0.506030
7 11 0.512891
7 12 0.491342
7 13 0.494741
7 14 0.509160
7 15 0.496662
7 16 0.506555
7 17 0.513736
7 18 0.507236
7 19 0.500000
7 20 0.519218
7 21 0.521652
7 22 0.499082
7 23 0.540167
7 24 0.506616
7 25 0.508092
7 26 0.524859
8 1 0.511555
8 2 0.548097
8 3 0.538278
8 4 0.517856
8 5 0.510655
8 6 0.729695
8 7 0.506222
8 8 0.576703
8 9 0.515414
8 10 0.501564
8 11 0.525806
8 12 0.537264
8 13 0.525249
8 14 0.537055
8 15 0.553757
8 16 0.609050
8 17 0.571072
8 18 0.595448
8 19 0.500003
8 20 0.619662
8 21 0.648395
8 22 0.512534
8 23 0.715471
8 24 0.524153
8 25 0.512474
8 26 0.547289
9 1 0.540848
9 2 0.736058
9 3 0.569162
9 4 0.519223
9 5 0.540633
9 6 0.663509
9 7 0.510016
9 8 0.515414
9 9 0.550426
9 10 0.501709
9 11 0.560037
9 12 0.522358
9 13 0.510498
9 14 0.565427
9 15 0.598204
9 16 0.586844
9 17 0.583684
9 18 0.629488
9 19 0.500000
9 20 0.587550
9 21 0.702420
9 22 0.497727
9 23 0.627463
9 24 0.528505
9 25 0.539437
10 1 0.503377
10 2 0.487167
10 3 0.500717
10 4 0.503448
10 5 0.501066
10 6 0.535705
10 7 0.506030
10 8 0.501564
10 9 0.501709
10 10 0.517882
10 11 0.497489
10 12 0.493792
10 13 0.510211
10 14 0.533074
10 15 0.506023
10 16 0.511629
10 17 0.496390
10 18 0.490441
10 19 0.500000
10 20 0.555011
10 21 0.471964
10 22 0.503540
10 23 0.501439
10 24 0.508185
10 25 0.502252
10 26 0.517747
11 1 0.555501
11 2 0.829955
11 3 0.581927
11 4 0.542073
11 5 0.554379
11 6 0.757613
11 7 0.512891
11 8 0.525806
11 9 0.560037
11 10 0.497489
11 11 0.611169
11 12 0.534034
11 13 0.524746
11 14 0.582319
11 15 0.639399
11 16 0.552040
11 17 0.622479
11 18 0.692296
11 19 0.500001
11 20 0.533542
11 21 0.779223
11 22 0.513735
11 23 0.646976
11 24 0.516095
11 25 0.557802
12 1 0.513821
12 2 0.644183
12 3 0.531284
12 4 0.530282
12 5 0.513273
12 6 0.560305
12 7 0.491342
12 8 0.537264
12 9 0.522358
12 10 0.493792
12 11 0.534034
12 12 0.606287
12 13 0.545684
12 14 0.535836
12 15 0.662477
12 16 0.622828
12 17 0.593056
12 18 0.631686
12 19 0.500001
12 20 0.569379
12 21 0.786189
12 22 0.521924
12 23 0.660971
12 24 0.511011
12 25 0.515030
12 26 0.538077
13 1 0.513205
13 2 0.509931
13 3 0.514160
13 4 0.523537
13 5 0.513278
13 6 0.517262
13 7 0.494741
13 8 0.525249
13 9 0.510498
13 10 0.510211
13 11 0.524746
13 12 0.545684
13 13 0.557316
13 14 0.570782
13 15 0.557743
13 16 0.545416
13 17 0.549073
13 18 0.597612
13 19 0.500001
13 20 0.580259
13 21 0.612732
13 22 0.515242
13 23 0.559955
13 24 0.510684
13 25 0.514276
14 1 0.564388
14 2 0.766220
14 3 0.584360
14 4 0.537994
14 5 0.562269
14 6 0.749375
14 7 0.509160
14 8 0.537055
14 9 0.565427
14 10 0.533074
14 11 0.582319
14 12 0.535836
14 13 0.570782
14 14 0.705459
14 15 0.653120
14 16 0.629066
14 17 0.629088
14 18 0.711994
14 19 0.500001
14 20 0.737334
14 21 0.705653
14 22 0.503130
14 23 0.649516
14 24 0.558398
14 25 0.562417
15 1 0.571712
15 2 0.963156
15 3 0.629805
15 4 0.600017
15 5 0.574222
15 6 0.881641
15 7 0.496662
15 8 0.553757
15 9 0.598204
15 10 0.506023
15 11 0.639399
15 12 0.662477
15 13 0.557743
15 14 0.653120
15 15 0.940660
15 16 0.811338
15 17 0.682334
15 18 0.819380
15 19 0.499999
15 20 0.706969
15 21 0.945503
15 22 0.565667
15 23 0.683190
15 24 0.553756
15 25 0.580025
15 26 0.696224
16 1 0.552913
16 2 0.800077
16 3 0.639213
16 4 0.544324
16 5 0.559226
16 6 0.869626
16 7 0.506555
16 8 0.609050
16 9 0.586844
16 10 0.511629
16 11 0.552040
16 12 0.622828
16 13 0.545416
16 14 0.629066
16 15 0.811338
16 16 0.857556
16 17 0.667167
16 18 0.747823
16 19 0.500001
16 20 0.841920
16 21 0.895308
16 22 0.517557
16 23 0.829264
16 24 0.597149
16 25 0.553135
16 26 0.666288
17 1 0.571156
17 2 0.866166
17 4 0.543440
17 5 0.567760
17 6 0.829547
17 7 0.513736
17 8 0.571072
17 9 0.583684
17 10 0.496390
17 11 0.622479
17 12 0.593056
17 13 0.549073
17 14 0.629088
17 15 0.682334
17 16 0.667167
17 17 0.707690
17 18 0.773791
17 19 0.500002
17 20 0.669992
17 21 0.896515
17 22 0.505499
17 23 0.819095
17 24 0.554843
17 25 0.570973
17 26 0.677960
18 1 0.611673
18 2 0.951820
18 3 0.671766
18 4 0.581769
18 5 0.616208
18 6 0.890204
18 7 0.507236
18 8 0.595448
18 9 0.629488
18 10 0.490441
18 11 0.692296
18 12 0.631686
18 13 0.597612
18 14 0.711994
18 15 0.819380
18 16 0.747823
18 17 0.773791
18 18 0.917316
18 19 0.500001
18 20 0.725922
18 21 0.945777
18 22 0.517031
18 23 0.828183
18 24 0.583374
18 25 0.615669
19 1 0.500000
19 2 0.499998
19 3 0.500001
19 4 0.500001
19 5 0.500000
19 6 0.500006
19 7 0.500000
19 8 0.500003
19 9 0.500000
19 10 0.500000
19 11 0.500001
19 12 0.500001
19 13 0.500001
19 14 0.500001
19 15 0.499999
19 16 0.500001
19 17 0.500002
19 18 0.500001
19 19 0.500000
19 20 0.500002
19 21 0.500005
19 22 0.500001
19 23 0.500006
19 24 0.500000
19 25 0.500000
19 26 0.500001
20 1 0.566184
20 2 0.688038
20 3 0.645554
20 4 0.528973
20 5 0.564448
20 6 0.869103
20 7 0.519218
20 8 0.619662
20 9 0.587550
20 10 0.555011
20 11 0.533542
20 12 0.569379
20 13 0.580259
20 14 0.737334
20 15 0.706969
20 16 0.841920
20 17 0.669992
20 18 0.725922
20 19 0.500002
20 20 0.922174
20 21 0.807317
20 22 0.495755
20 23 0.862738
20 24 0.634157
20 25 0.558887
20 26 0.712635
21 1 0.658474
21 2 0.995225
21 3 0.792583
21 4 0.639151
21 5 0.646714
21 6 0.956461
21 7 0.521652
21 8 0.648395
21 9 0.702420
21 10 0.471964
21 11 0.779223
21 12 0.786189
21 13 0.612732
21 14 0.705653
21 15 0.945503
21 16 0.895308
21 17 0.896515
21 18 0.945777
21 19 0.500005
21 20 0.807317
21 21 0.999204
21 22 0.559680
21 23 0.978094
21 24 0.589886
21 25 0.663275
21 26 0.846389
22 1 0.499270
22 2 0.532844
22 3 0.497384
22 5 0.498536
22 6 0.550602
22 7 0.499082
22 8 0.512534
22 9 0.497727
22 10 0.503540
22 11 0.513735
22 12 0.521924
22 13 0.515242
22 14 0.503130
22 15 0.565667
22 16 0.517557
22 17 0.505499
22 18 0.517031
22 19 0.500001
22 20 0.495755
22 21 0.559680
22 22 0.524252
22 23 0.496636
22 24 0.488549
22 25 0.502340
22 26 0.503052
23 1 0.593143
23 2 0.906673
23 3 0.726882
23 4 0.544727
23 5 0.569610
23 6 0.934522
23 7 0.540167
23 8 0.715471
23 9 0.627463
23 10 0.501439
23 11 0.646976
23 12 0.660971
23 13 0.559955
23 14 0.649516
23 15 0.683190
23 16 0.829264
23 17 0.819095
23 18 0.828183
23 19 0.500006
23 20 0.862738
23 21 0.978094
23 22 0.496636
23 23 0.994317
23 24 0.614716
23 25 0.577352
23 26 0.749020
24 1 0.521263
24 2 0.586989
24 3 0.544509
24 4 0.500115
24 5 0.522667
24 6 0.646594
24 7 0.506616
24 8 0.524153
24 9 0.528505
24 10 0.508185
24 11 0.516095
24 12 0.511011
24 13 0.510684
24 14 0.558398
24 15 0.553756
24 16 0.597149
24 17 0.554843
24 18 0.583374
24 19 0.500000
24 20 0.634157
24 21 0.589886
24 22 0.488549
24 23 0.614716
24 24 0.544222
24 25 0.519282
25 1 0.535054
25 2 0.704734
25 3 0.553338
25 4 0.520462
25 5 0.535228
25 6 0.658533
25 7 0.508092
25 8 0.512474
25 9 0.539437
25 10 0.502252
25 11 0.557802
25 12 0.515030
25 13 0.514276
25 14 0.562417
25 15 0.580025
25 16 0.553135
25 17 0.570973
25 18 0.615669
25 19 0.500000
25 20 0.558887
25 21 0.663275
25 22 0.502340
25 23 0.577352
25 24 0.519282
25 25 0.535555
26 2 0.890577
26 6 0.867681
26 7 0.524859
26 8 0.547289
26 10 0.517747
26 12 0.538077
26 15 0.696224
26 16 0.666288
26 17 0.677960
26 19 0.500001
26 20 0.712635
26 21 0.846389
26 22 0.503052
26 23 0.749020
26 26 0.718909
