1 26 0.534709
3 17 0.741864
3 26 0.696771
4 22 0.531461
4 26 0.499029
5 26 0.632961
9 26 0.683346
11 26 0.641748
13 26 0.635646
14 26 0.770339
17 3 0.741864
18 26 0.637026
22 4 0.531461
24 26 0.531451
25 26 0.619642
26 1 0.534709
26 3 0.696771
26 4 0.499029
26 5 0.632961
26 9 0.683346
26 11 0.641748
26 13 0.635646
26 14 0.770339
26 18 0.637026
26 24 0.531451
26 25 0.619642
1 1 0.506039
1 2 0.579534
1 3 0.517775
1 4 0.501264
1 5 0.513486
1 6 0.538107
1 7 0.503124
1 8 0.514940
1 9 0.519443
1 10 0.506469
1 11 0.517399
1 12 0.500061
1 13 0.513184
1 14 0.528389
1 15 0.539965
1 16 0.534374
1 17 0.515330
1 18 0.516917
1 19 0.500000
1 20 0.511857
1 21 0.549353
1 22 0.504282
1 23 0.525618
1 24 0.504197
1 25 0.512051
2 1 0.579534
2 2 0.999998
2 3 0.883201
2 4 0.563515
2 5 0.804160
2 6 0.875050
2 7 0.603557
2 8 0.906200
2 9 0.894420
2 10 0.631503
2 11 0.763975
2 12 0.654546
2 13 0.793569
2 14 0.851325
2 15 0.998733
2 16 0.996701
2 17 0.858737
2 18 0.853364
2 19 0.500005
2 20 0.989013
2 21 0.995152
2 22 0.691041
2 23 0.990728
2 24 0.692665
2 25 0.758337
2 26 0.963352
3 1 0.517775
3 2 0.883201
3 3 0.744216
3 4 0.501666
3 5 0.598006
3 6 0.635805
3 7 0.505042
3 8 0.608929
3 9 0.644089
3 10 0.532029
3 11 0.576097
3 12 0.517452
3 13 0.590760
3 14 0.921839
3 15 0.771291
3 16 0.838025
3 18 0.621426
3 19 0.499999
3 20 0.590350
3 21 0.839022
3 22 0.537310
3 23 0.856662
3 24 0.539738
3 25 0.572759
4 1 0.501264
4 2 0.563515
4 3 0.501666
4 4 0.537055
4 5 0.497038
4 6 0.600696
4 7 0.500314
4 8 0.507950
4 9 0.497688
4 10 0.512775
4 11 0.496198
4 12 0.513190
4 13 0.497283
4 14 0.551928
4 15 0.524650
4 16 0.548299
4 17 0.504751
4 18 0.503369
4 19 0.500002
4 20 0.559973
4 21 0.519839
4 23 0.590443
4 24 0.511694
4 25 0.494213
5 1 0.513486
5 2 0.804160
5 3 0.598006
5 4 0.497038
5 5 0.560641
5 6 0.591043
5 7 0.508871
5 8 0.564173
5 9 0.586422
5 10 0.514131
5 11 0.558398
5 12 0.505198
5 13 0.557339
5 14 0.689186
5 15 0.685601
5 16 0.675104
5 17 0.591567
5 18 0.555798
5 19 0.499999
5 20 0.560206
5 21 0.726128
5 22 0.512583
5 23 0.677552
5 24 0.512620
5 25 0.548839
6 1 0.538107
6 2 0.875050
6 3 0.635805
6 4 0.600696
6 5 0.591043
6 6 1.000000
6 7 0.618309
6 8 0.576639
6 9 0.555245
6 10 0.493303
6 11 0.650796
6 12 0.728855
6 13 0.586321
6 14 1.000000
6 15 0.923969
6 16 0.941416
6 17 0.619336
6 18 0.581755
6 19 0.500012
6 20 0.868556
6 21 0.991454
6 22 0.778320
6 23 0.853501
6 24 0.818897
6 25 0.615237
6 26 0.693379
7 1 0.503124
7 2 0.603557
7 3 0.505042
7 4 0.500314
7 5 0.508871
7 6 0.618309
7 7 0.512588
7 8 0.518595
7 9 0.511402
7 10 0.500308
7 11 0.512538
7 12 0.509679
7 13 0.513269
7 14 0.527930
7 15 0.567344
7 16 0.537564
7 17 0.501162
7 18 0.512504
7 19 0.500001
7 20 0.568965
7 21 0.509170
7 22 0.511595
7 23 0.490554
7 24 0.516394
7 25 0.513317
7 26 0.523994
8 1 0.514940
8 2 0.906200
8 3 0.608929
8 4 0.507950
8 5 0.564173
8 6 0.576639
8 7 0.518595
8 8 0.624660
8 9 0.599540
8 10 0.526018
8 11 0.543762
8 12 0.534775
8 13 0.554253
8 14 0.593490
8 15 0.792162
8 16 0.753523
8 17 0.601571
8 18 0.585760
8 19 0.500000
8 20 0.703226
8 21 0.746412
8 22 0.539052
8 23 0.748489
8 24 0.546371
8 25 0.545075
8 26 0.637435
9 1 0.519443
9 2 0.894420
9 3 0.644089
9 4 0.497688
9 5 0.586422
9 6 0.555245
9 7 0.511402
9 8 0.599540
9 9 0.629179
9 10 0.522670
9 11 0.580552
9 12 0.511936
9 13 0.578709
9 14 0.786022
9 15 0.754846
9 16 0.749013
9 17 0.635646
9 18 0.579414
9 19 0.499999
9 20 0.571152
9 21 0.840868
9 22 0.526445
9 23 0.759611
9 24 0.515385
9 25 0.564924
10 1 0.506469
10 2 0.631503
10 3 0.532029
10 4 0.512775
10 5 0.514131
10 6 0.493303
10 7 0.500308
10 8 0.526018
10 9 0.522670
10 10 0.523343
10 11 0.509445
10 12 0.499818
10 13 0.512194
10 14 0.563248
10 15 0.556981
10 16 0.575161
10 17 0.530498
10 18 0.534967
10 19 0.500000
10 20 0.562547
10 21 0.504368
10 22 0.511392
10 23 0.575822
10 24 0.517200
10 25 0.509741
10 26 0.536608
11 1 0.517399
11 2 0.763975
11 3 0.576097
11 4 0.496198
11 5 0.558398
11 6 0.650796
11 7 0.512538
11 8 0.543762
11 9 0.580552
11 10 0.509445
11 11 0.579015
11 12 0.496970
11 13 0.564437
11 14 0.668489
11 15 0.648497
11 16 0.606337
11 17 0.565661
11 18 0.548715
11 19 0.499999
11 20 0.517130
11 21 0.709992
11 22 0.500334
11 23 0.608419
11 24 0.502404
11 25 0.558308
12 1 0.500061
12 2 0.654546
12 3 0.517452
12 4 0.513190
12 5 0.505198
12 6 0.728855
12 7 0.509679
12 8 0.534775
12 9 0.511936
12 10 0.499818
12 11 0.496970
12 12 0.548609
12 13 0.497565
12 14 0.655405
12 15 0.591303
12 16 0.601396
12 17 0.517470
12 18 0.514408
12 19 0.500002
12 20 0.566766
12 21 0.683271
12 22 0.551083
12 23 0.572828
12 24 0.525493
12 25 0.496004
12 26 0.504577
13 1 0.513184
13 2 0.793569
13 3 0.590760
13 4 0.497283
13 5 0.557339
13 6 0.586321
13 7 0.513269
13 8 0.554253
13 9 0.578709
13 10 0.512194
13 11 0.564437
13 12 0.497565
13 13 0.566772
13 14 0.608907
13 15 0.675869
13 16 0.647506
13 17 0.581014
13 18 0.561318
13 19 0.500000
13 20 0.602506
13 21 0.633120
13 22 0.500930
13 23 0.631275
13 24 0.513781
13 25 0.558713
14 1 0.528389
14 2 0.851325
14 3 0.921839
14 4 0.551928
14 5 0.689186
14 6 1.000000
14 7 0.527930
14 8 0.593490
14 9 0.786022
14 10 0.563248
14 11 0.668489
14 12 0.655405
14 13 0.608907
14 14 1.000000
14 15 0.797498
14 16 0.987414
14 17 0.922398
14 18 0.587878
14 19 0.499999
14 20 0.103601
14 21 0.999994
14 22 0.798572
14 23 0.996628
14 24 0.801333
14 25 0.595514
15 1 0.539965
15 2 0.998733
15 3 0.771291
15 4 0.524650
15 5 0.685601
15 6 0.923969
15 7 0.567344
15 8 0.792162
15 9 0.754846
15 10 0.556981
15 11 0.648497
15 12 0.591303
15 13 0.675869
15 14 0.797498
15 15 0.986653
15 16 0.956563
15 17 0.753784
15 18 0.712804
15 19 0.500001
15 20 0.936235
15 21 0.927086
15 22 0.578741
15 23 0.954568
15 24 0.649983
15 25 0.660316
15 26 0.852761
16 1 0.534374
16 2 0.996701
16 3 0.838025
16 4 0.548299
16 5 0.675104
16 6 0.941416
16 7 0.537564
16 8 0.753523
16 9 0.749013
16 10 0.575161
16 11 0.606337
16 12 0.601396
16 13 0.647506
16 14 0.987414
16 15 0.956563
16 16 0.980504
16 17 0.833745
16 18 0.719374
16 19 0.500004
16 20 0.887046
16 21 0.969822
16 22 0.675678
16 23 0.966193
16 24 0.633454
16 25 0.613992
16 26 0.817152
17 1 0.515330
17 2 0.858737
17 4 0.504751
17 5 0.591567
17 6 0.619336
17 7 0.501162
17 8 0.601571
17 9 0.635646
17 10 0.530498
17 11 0.565661
17 12 0.517470
17 13 0.581014
17 14 0.922398
17 15 0.753784
17 16 0.833745
17 17 0.742160
17 18 0.610620
17 19 0.499999
17 20 0.566957
17 21 0.834220
17 22 0.539617
17 23 0.860634
17 24 0.535029
17 25 0.562950
17 26 0.680177
18 1 0.516917
18 2 0.853364
18 3 0.621426
18 4 0.503369
18 5 0.555798
18 6 0.581755
18 7 0.512504
18 8 0.585760
18 9 0.579414
18 10 0.534967
18 11 0.548715
18 12 0.514408
18 13 0.561318
18 14 0.587878
18 15 0.712804
18 16 0.719374
18 17 0.610620
18 18 0.619913
18 19 0.500000
18 20 0.693962
18 21 0.576784
18 22 0.510192
18 23 0.679850
18 24 0.555075
18 25 0.555887
19 1 0.500000
19 2 0.500005
19 3 0.499999
19 4 0.500002
19 5 0.499999
19 6 0.500012
19 7 0.500001
19 8 0.500000
19 9 0.499999
19 10 0.500000
19 11 0.499999
19 12 0.500002
19 13 0.500000
19 14 0.499999
19 15 0.500001
19 16 0.500004
19 17 0.499999
19 18 0.500000
19 19 0.500000
19 20 0.500008
19 21 0.499997
19 22 0.500003
19 23 0.499999
19 24 0.500001
19 25 0.499999
19 26 0.499999
20 1 0.511857
20 2 0.989013
20 3 0.590350
20 4 0.559973
20 5 0.560206
20 6 0.868556
20 7 0.568965
20 8 0.703226
20 9 0.571152
20 10 0.562547
20 11 0.517130
20 12 0.566766
20 13 0.602506
20 14 0.103601
20 15 0.936235
20 16 0.887046
20 17 0.566957
20 18 0.693962
20 19 0.500008
20 20 0.987317
20 21 0.117870
20 22 0.567520
20 23 0.714831
20 24 0.671825
20 25 0.593951
20 26 0.666802
21 1 0.549353
21 2 0.995152
21 3 0.839022
21 4 0.519839
21 5 0.726128
21 6 0.991454
21 7 0.509170
21 8 0.746412
21 9 0.840868
21 10 0.504368
21 11 0.709992
21 12 0.683271
21 13 0.633120
21 14 0.999994
21 15 0.927086
21 16 0.969822
21 17 0.834220
21 18 0.576784
21 19 0.499997
21 20 0.117870
21 21 0.999995
21 22 0.758562
21 23 0.990330
21 24 0.515217
21 25 0.588151
21 26 0.859180
22 1 0.504282
22 2 0.691041
22 3 0.537310
22 5 0.512583
22 6 0.778320
22 7 0.511595
22 8 0.539052
22 9 0.526445
22 10 0.511392
22 11 0.500334
22 12 0.551083
22 13 0.500930
22 14 0.798572
22 15 0.578741
22 16 0.675678
22 17 0.539617
22 18 0.510192
22 19 0.500003
22 20 0.567520
22 21 0.758562
22 22 0.602931
22 23 0.594057
22 24 0.519536
22 25 0.490950
22 26 0.513656
23 1 0.525618
23 2 0.990728
23 3 0.856662
23 4 0.590443
23 5 0.677552
23 6 0.853501
23 7 0.490554
23 8 0.748489
23 9 0.759611
23 10 0.575822
23 11 0.608419
23 12 0.572828
23 13 0.631275
23 14 0.996628
23 15 0.954568
23 16 0.966193
23 17 0.860634
23 18 0.679850
23 19 0.499999
23 20 0.714831
23 21 0.990330
23 22 0.594057
23 23 0.995886
23 24 0.612881
23 25 0.599378
23 26 0.816876
24 1 0.504197
24 2 0.692665
24 3 0.539738
24 4 0.511694
24 5 0.512620
24 6 0.818897
24 7 0.516394
24 8 0.546371
24 9 0.515385
24 10 0.517200
24 11 0.502404
24 12 0.525493
24 13 0.513781
24 14 0.801333
24 15 0.649983
24 16 0.633454
24 17 0.535029
24 18 0.555075
24 19 0.500001
24 20 0.671825
24 21 0.515217
24 22 0.519536
24 23 0.612881
24 24 0.579946
24 25 0.519053
25 1 0.512051
25 2 0.758337
25 3 0.572759
25 4 0.494213
25 5 0.548839
25 6 0.615237
25 7 0.513317
25 8 0.545075
25 9 0.564924
25 10 0.509741
25 11 0.558308
25 12 0.496004
25 13 0.558713
25 14 0.595514
25 15 0.660316
25 16 0.613992
25 17 0.562950
25 18 0.555887
25 19 0.499999
25 20 0.593951
25 21 0.588151
25 22 0.490950
25 23 0.599378
25 24 0.519053
25 25 0.554567
26 2 0.963352
26 6 0.693379
26 7 0.523994
26 8 0.637435
26 10 0.536608
26 12 0.504577
26 15 0.852761
26 16 0.817152
26 17 0.680177
26 19 0.499999
26 20 0.666802
26 21 0.859180
26 22 0.513656
26 23 0.816876
26 26 0.784380
