1 26 0.815491
3 17 0.834546
3 26 0.998844
4 22 0.557210
4 26 0.598579
5 26 0.828537
9 26 0.851726
11 26 0.888167
13 26 0.728130
14 26 0.988298
17 3 0.834546
18 26 0.904993
22 4 0.557210
24 26 0.840839
25 26 0.821397
26 1 0.815491
26 3 0.998844
26 4 0.598579
26 5 0.828537
26 9 0.851726
26 11 0.888167
26 13 0.728130
26 14 0.988298
26 18 0.904993
26 24 0.840839
26 25 0.821397
1 1 0.633295
1 2 0.943259
1 3 0.920068
1 4 0.536011
1 5 0.639541
1 6 0.944759
1 7 0.542272
1 8 0.589579
1 9 0.654821
1 10 0.515777
1 11 0.681880
1 12 0.590852
1 13 0.591365
1 14 0.833424
1 15 0.778461
1 16 0.686199
1 17 0.611005
1 18 0.696603
1 19 0.500003
1 20 0.701512
1 21 0.899299
1 22 0.536011
1 23 0.798635
1 24 0.647445
1 25 0.636173
2 1 0.943259
2 2 1.000000
2 3 0.999999
2 4 0.658214
2 5 0.954823
2 6 0.999999
2 7 0.698453
2 8 0.929166
2 9 0.961082
2 10 0.623401
2 11 0.974077
2 12 0.787244
2 13 0.823585
2 14 0.999909
2 15 0.999861
2 16 0.998866
2 17 0.895149
2 18 0.988862
2 19 0.500020
2 20 0.996164
2 21 0.999976
2 22 0.658214
2 23 0.999985
2 24 0.955584
2 25 0.938949
2 26 0.999640
3 1 0.920068
3 2 0.999999
3 3 0.999998
3 4 0.659759
3 5 0.933712
3 6 0.999997
3 7 0.699849
3 8 0.888594
3 9 0.948639
3 10 0.541496
3 11 0.962344
3 12 0.812977
3 13 0.851358
3 14 0.999461
3 15 0.994954
3 16 0.987747
3 18 0.970747
3 19 0.500009
3 20 0.988776
3 21 0.999871
3 22 0.659759
3 23 0.999838
3 24 0.943510
3 25 0.922031
4 1 0.536011
4 2 0.658214
4 3 0.659759
4 4 0.557210
4 5 0.538083
4 6 0.802755
4 7 0.528079
4 8 0.547994
4 9 0.544105
4 10 0.514917
4 11 0.564492
4 12 0.530658
4 13 0.552488
4 14 0.632062
4 15 0.618516
4 16 0.575233
4 17 0.545138
4 18 0.539391
4 19 0.500001
4 20 0.631196
4 21 0.626448
4 23 0.622476
4 24 0.540729
4 25 0.530462
5 1 0.639541
5 2 0.954823
5 3 0.933712
5 4 0.538083
5 5 0.649247
5 6 0.950270
5 7 0.548330
5 8 0.595557
5 9 0.663080
5 10 0.517528
5 11 0.688351
5 12 0.599514
5 13 0.593700
5 14 0.849051
5 15 0.791587
5 16 0.704037
5 17 0.606751
5 18 0.702638
5 19 0.500004
5 20 0.714065
5 21 0.904163
5 22 0.538083
5 23 0.827276
5 24 0.656029
5 25 0.643217
6 1 0.944759
6 2 0.999999
6 3 0.999997
6 4 0.802755
6 5 0.950270
6 6 1.000000
6 7 0.736282
6 8 0.929487
6 9 0.963833
6 10 0.632436
6 11 0.986620
6 12 0.883145
6 13 0.905968
6 14 0.999751
6 15 0.998363
6 16 0.983595
6 17 0.934462
6 18 0.987182
6 19 0.500019
6 20 0.995726
6 21 0.999973
6 22 0.802755
6 23 0.998539
6 24 0.964534
6 25 0.946812
6 26 0.999615
7 1 0.542272
7 2 0.698453
7 3 0.699849
7 4 0.528079
7 5 0.548330
7 6 0.736282
7 7 0.536968
7 8 0.543734
7 9 0.550938
7 10 0.514724
7 11 0.556163
7 12 0.563650
7 13 0.546300
7 14 0.634030
7 15 0.629547
7 16 0.615054
7 17 0.548548
7 18 0.552754
7 19 0.500002
7 20 0.617552
7 21 0.647322
7 22 0.528079
7 23 0.665122
7 24 0.554389
7 25 0.546416
7 26 0.614662
8 1 0.589579
8 2 0.929166
8 3 0.888594
8 4 0.547994
8 5 0.595557
8 6 0.929487
8 7 0.543734
8 8 0.636306
8 9 0.599339
8 10 0.522272
8 11 0.620925
8 12 0.558879
8 13 0.580064
8 14 0.754101
8 15 0.753965
8 16 0.741640
8 17 0.594474
8 18 0.633715
8 19 0.500002
8 20 0.757480
8 21 0.784032
8 22 0.547994
8 23 0.834431
8 24 0.608737
8 25 0.585730
8 26 0.729537
9 1 0.654821
9 2 0.961082
9 3 0.948639
9 4 0.544105
9 5 0.663080
9 6 0.963833
9 7 0.550938
9 8 0.599339
9 9 0.683128
9 10 0.517445
9 11 0.710419
9 12 0.607762
9 13 0.610188
9 14 0.871136
9 15 0.795034
9 16 0.689902
9 17 0.625838
9 18 0.721163
9 19 0.500004
9 20 0.724448
9 21 0.927996
9 22 0.544105
9 23 0.830090
9 24 0.671506
9 25 0.657710
10 1 0.515777
10 2 0.623401
10 3 0.541496
10 4 0.514917
10 5 0.517528
10 6 0.632436
10 7 0.514724
10 8 0.522272
10 9 0.517445
10 10 0.522413
10 11 0.521491
10 12 0.530959
10 13 0.517225
10 14 0.554137
10 15 0.570301
10 16 0.558933
10 17 0.540427
10 18 0.527204
10 19 0.500002
10 20 0.564186
10 21 0.580121
10 22 0.514917
10 23 0.535451
10 24 0.518246
10 25 0.515657
10 26 0.542155
11 1 0.681880
11 2 0.974077
11 3 0.962344
11 4 0.564492
11 5 0.688351
11 6 0.986620
11 7 0.556163
11 8 0.620925
11 9 0.710419
11 10 0.521491
11 11 0.754075
11 12 0.617894
11 13 0.632700
11 14 0.901932
11 15 0.845126
11 16 0.708123
11 17 0.653316
11 18 0.760436
11 19 0.500005
11 20 0.762651
11 21 0.955273
11 22 0.564492
11 23 0.831646
11 24 0.699614
11 25 0.683990
12 1 0.590852
12 2 0.787244
12 3 0.812977
12 4 0.530658
12 5 0.599514
12 6 0.883145
12 7 0.563650
12 8 0.558879
12 9 0.607762
12 10 0.530959
12 11 0.617894
12 12 0.658870
12 13 0.574196
12 14 0.743226
12 15 0.716686
12 16 0.667531
12 17 0.618316
12 18 0.631813
12 19 0.500005
12 20 0.652930
12 21 0.821695
12 22 0.530658
12 23 0.714214
12 24 0.611823
12 25 0.606011
12 26 0.733844
13 1 0.591365
13 2 0.823585
13 3 0.851358
13 4 0.552488
13 5 0.593700
13 6 0.905968
13 7 0.546300
13 8 0.580064
13 9 0.610188
13 10 0.517225
13 11 0.632700
13 12 0.574196
13 13 0.610675
13 14 0.744950
13 15 0.696885
13 16 0.639669
13 17 0.598493
13 18 0.618544
13 19 0.500002
13 20 0.698249
13 21 0.822222
13 22 0.552488
13 23 0.716742
13 24 0.607120
13 25 0.592759
14 1 0.833424
14 2 0.999909
14 3 0.999461
14 4 0.632062
14 5 0.849051
14 6 0.999751
14 7 0.634030
14 8 0.754101
14 9 0.871136
14 10 0.554137
14 11 0.901932
14 12 0.743226
14 13 0.744950
14 14 0.994376
14 15 0.981390
14 16 0.931966
14 17 0.775713
14 18 0.915680
14 19 0.500010
14 20 0.941030
14 21 0.998234
14 22 0.632062
14 23 0.992766
14 24 0.852447
14 25 0.831613
15 1 0.778461
15 2 0.999861
15 3 0.994954
15 4 0.618516
15 5 0.791587
15 6 0.998363
15 7 0.629547
15 8 0.753965
15 9 0.795034
15 10 0.570301
15 11 0.845126
15 12 0.716686
15 13 0.696885
15 14 0.981390
15 15 0.994916
15 16 0.974088
15 17 0.779528
15 18 0.880715
15 19 0.500012
15 20 0.944121
15 21 0.995045
15 22 0.618516
15 23 0.990020
15 24 0.795305
15 25 0.778540
15 26 0.969485
16 1 0.686199
16 2 0.998866
16 3 0.987747
16 4 0.575233
16 5 0.704037
16 6 0.983595
16 7 0.615054
16 8 0.741640
16 9 0.689902
16 10 0.558933
16 11 0.708123
16 12 0.667531
16 13 0.639669
16 14 0.931966
16 15 0.974088
16 16 0.972530
16 17 0.686254
16 18 0.768486
16 19 0.500006
16 20 0.922957
16 21 0.944880
16 22 0.575233
16 23 0.990192
16 24 0.713383
16 25 0.690582
16 26 0.897862
17 1 0.611005
17 2 0.895149
17 4 0.545138
17 5 0.606751
17 6 0.934462
17 7 0.548548
17 8 0.594474
17 9 0.625838
17 10 0.540427
17 11 0.653316
17 12 0.618316
17 13 0.598493
17 14 0.775713
17 15 0.779528
17 16 0.686254
17 17 0.686627
17 18 0.676582
17 19 0.500005
17 20 0.717959
17 21 0.893342
17 22 0.545138
17 23 0.703480
17 24 0.622331
17 25 0.612555
17 26 0.762403
18 1 0.696603
18 2 0.988862
18 3 0.970747
18 4 0.539391
18 5 0.702638
18 6 0.987182
18 7 0.552754
18 8 0.633715
18 9 0.721163
18 10 0.527204
18 11 0.760436
18 12 0.631813
18 13 0.618544
18 14 0.915680
18 15 0.880715
18 16 0.768486
18 17 0.676582
18 18 0.793245
18 19 0.500006
18 20 0.770412
18 21 0.968248
18 22 0.539391
18 23 0.871824
18 24 0.713331
18 25 0.700884
19 1 0.500003
19 2 0.500020
19 3 0.500009
19 4 0.500001
19 5 0.500004
19 6 0.500019
19 7 0.500002
19 8 0.500002
19 9 0.500004
19 10 0.500002
19 11 0.500005
19 12 0.500005
19 13 0.500002
19 14 0.500010
19 15 0.500012
19 16 0.500006
19 17 0.500005
19 18 0.500006
19 19 0.500000
19 20 0.500004
19 21 0.500016
19 22 0.500001
19 23 0.500007
19 24 0.500004
19 25 0.500004
19 26 0.500010
20 1 0.701512
20 2 0.996164
20 3 0.988776
20 4 0.631196
20 5 0.714065
20 6 0.995726
20 7 0.617552
20 8 0.757480
20 9 0.724448
20 10 0.564186
20 11 0.762651
20 12 0.652930
20 13 0.698249
20 14 0.941030
20 15 0.944121
20 16 0.922957
20 17 0.717959
20 18 0.770412
20 19 0.500004
20 20 0.942561
20 21 0.959245
20 22 0.631196
20 23 0.976683
20 24 0.732850
20 25 0.692683
20 26 0.908427
21 1 0.899299
21 2 0.999976
21 3 0.999871
21 4 0.626448
21 5 0.904163
21 6 0.999973
21 7 0.647322
21 8 0.784032
21 9 0.927996
21 10 0.580121
21 11 0.955273
21 12 0.821695
21 13 0.822222
21 14 0.998234
21 15 0.995045
21 16 0.944880
21 17 0.893342
21 18 0.968248
21 19 0.500016
21 20 0.959245
21 21 0.999964
21 22 0.626448
21 23 0.991334
21 24 0.909841
21 25 0.899559
21 26 0.997076
22 1 0.536011
22 2 0.658214
22 3 0.659759
22 5 0.538083
22 6 0.802755
22 7 0.528079
22 8 0.547994
22 9 0.544105
22 10 0.514917
22 11 0.564492
22 12 0.530658
22 13 0.552488
22 14 0.632062
22 15 0.618516
22 16 0.575233
22 17 0.545138
22 18 0.539391
22 19 0.500001
22 20 0.631196
22 21 0.626448
22 22 0.557210
22 23 0.622476
22 24 0.540729
22 25 0.530462
22 26 0.598579
23 1 0.798635
23 2 0.999985
23 3 0.999838
23 4 0.622476
23 5 0.827276
23 6 0.998539
23 7 0.665122
23 8 0.834431
23 9 0.830090
23 10 0.535451
23 11 0.831646
23 12 0.714214
23 13 0.716742
23 14 0.992766
23 15 0.990020
23 16 0.990192
23 17 0.703480
23 18 0.871824
23 19 0.500007
23 20 0.976683
23 21 0.991334
23 22 0.622476
23 23 0.999825
23 24 0.830501
23 25 0.791335
23 26 0.980646
24 1 0.647445
24 2 0.955584
24 3 0.943510
24 4 0.540729
24 5 0.656029
24 6 0.964534
24 7 0.554389
24 8 0.608737
24 9 0.671506
24 10 0.518246
24 11 0.699614
24 12 0.611823
24 13 0.607120
24 14 0.852447
24 15 0.795305
24 16 0.713383
24 17 0.622331
24 18 0.713331
24 19 0.500004
24 20 0.732850
24 21 0.909841
24 22 0.540729
24 23 0.830501
24 24 0.669690
24 25 0.654072
25 1 0.636173
25 2 0.938949
25 3 0.922031
25 4 0.530462
25 5 0.643217
25 6 0.946812
25 7 0.546416
25 8 0.585730
25 9 0.657710
25 10 0.515657
25 11 0.683990
25 12 0.606011
25 13 0.592759
25 14 0.831613
25 15 0.778540
25 16 0.690582
25 17 0.612555
25 18 0.700884
25 19 0.500004
25 20 0.692683
25 21 0.899559
25 22 0.530462
25 23 0.791335
25 24 0.654072
25 25 0.643893
26 2 0.999640
26 6 0.999615
26 7 0.614662
26 8 0.729537
26 10 0.542155
26 12 0.733844
26 15 0.969485
26 16 0.897862
26 17 0.762403
26 19 0.500010
26 20 0.908427
26 21 0.997076
26 22 0.598579
26 23 0.980646
26 26 0.983654
