1 26 0.616333
3 17 0.850337
3 26 0.773880
4 22 0.572667
4 26 0.589812
5 26 0.606496
9 26 0.646444
11 26 0.680871
13 26 0.624072
14 26 0.957666
17 3 0.850337
18 26 0.883890
22 4 0.572667
24 26 0.635126
25 26 0.549274
26 1 0.616333
26 3 0.773880
26 4 0.589812
26 5 0.606496
26 9 0.646444
26 11 0.680871
26 13 0.624072
26 14 0.957666
26 18 0.883890
26 24 0.635126
26 25 0.549274
1 1 0.552783
1 2 0.750509
1 3 0.635463
1 4 0.541317
1 5 0.551904
1 6 0.851107
1 7 0.532361
1 8 0.607139
1 9 0.567187
1 10 0.518797
1 11 0.578067
1 12 0.536039
1 13 0.555036
1 14 0.798017
1 15 0.585121
1 16 0.667429
1 17 0.628924
1 18 0.715582
1 19 0.500001
1 20 0.659076
1 21 0.730949
1 22 0.541317
1 23 0.784492
1 24 0.561361
1 25 0.519697
2 1 0.750509
2 2 1.000000
2 3 0.969354
2 4 0.683684
2 5 0.758719
2 6 0.991051
2 7 0.587274
2 8 0.869887
2 9 0.809377
2 10 0.672469
2 11 0.802649
2 12 0.575582
2 13 0.751021
2 14 0.999326
2 15 0.896572
2 16 0.942908
2 17 0.967642
2 18 0.999334
2 19 0.500005
2 20 0.986498
2 21 0.999132
2 22 0.683684
2 23 0.999856
2 24 0.746652
2 25 0.313295
2 26 0.905352
3 1 0.635463
3 2 0.969354
3 3 0.854672
3 4 0.561680
3 5 0.568706
3 6 0.965829
3 7 0.562613
3 8 0.750801
3 9 0.679756
3 10 0.547592
3 11 0.680143
3 12 0.518248
3 13 0.634963
3 14 0.974763
3 15 0.573166
3 16 0.854463
3 18 0.917940
3 19 0.500004
3 20 0.890830
3 21 0.923985
3 22 0.561680
3 23 0.969267
3 24 0.663505
3 25 0.519127
4 1 0.541317
4 2 0.683684
4 3 0.561680
4 4 0.572667
4 5 0.593812
4 6 0.897966
4 7 0.543990
4 8 0.593202
4 9 0.546241
4 10 0.522341
4 11 0.566081
4 12 0.591592
4 13 0.546257
4 14 0.783239
4 15 0.684853
4 16 0.628391
4 17 0.550865
4 18 0.710705
4 19 0.500001
4 20 0.571728
4 21 0.690891
4 23 0.735187
4 24 0.541838
4 25 0.534038
5 1 0.551904
5 2 0.758719
5 3 0.568706
5 4 0.593812
5 5 0.685108
5 6 0.949737
5 7 0.576468
5 8 0.648297
5 9 0.557133
5 10 0.533294
5 11 0.584282
5 12 0.686989
5 13 0.560271
5 14 0.891086
5 15 0.801055
5 16 0.668913
5 17 0.554066
5 18 0.806319
5 19 0.500002
5 20 0.571132
5 21 0.698021
5 22 0.593812
5 23 0.872365
5 24 0.540732
5 25 0.547270
6 1 0.851107
6 2 0.991051
6 3 0.965829
6 4 0.897966
6 5 0.949737
6 6 1.000000
6 7 0.850613
6 8 0.984678
6 9 0.877611
6 10 0.627717
6 11 0.959380
6 12 0.985165
6 13 0.887420
6 14 0.999995
6 15 0.994732
6 16 0.998130
6 17 0.951839
6 18 0.999723
6 19 0.500003
6 20 0.986726
6 21 0.999980
6 22 0.897966
6 23 0.999968
6 24 0.860575
6 25 0.826158
6 26 0.984445
7 1 0.532361
7 2 0.587274
7 3 0.562613
7 4 0.543990
7 5 0.576468
7 6 0.850613
7 7 0.551676
7 8 0.583458
7 9 0.538092
7 10 0.518363
7 11 0.549352
7 12 0.584380
7 13 0.531291
7 14 0.713834
7 15 0.660698
7 16 0.599029
7 17 0.556880
7 18 0.664065
7 19 0.500001
7 20 0.606498
7 21 0.615026
7 22 0.543990
7 23 0.720850
7 24 0.534656
7 25 0.534046
7 26 0.570275
8 1 0.607139
8 2 0.869887
8 3 0.750801
8 4 0.593202
8 5 0.648297
8 6 0.984678
8 7 0.583458
8 8 0.759894
8 9 0.636225
8 10 0.546834
8 11 0.654469
8 12 0.637370
8 13 0.613530
8 14 0.942215
8 15 0.750695
8 16 0.821922
8 17 0.739107
8 18 0.905415
8 19 0.500003
8 20 0.789606
8 21 0.856252
8 22 0.593202
8 23 0.959558
8 24 0.619505
8 25 0.538988
8 26 0.724889
9 1 0.567187
9 2 0.809377
9 3 0.679756
9 4 0.546241
9 5 0.557133
9 6 0.877611
9 7 0.538092
9 8 0.636225
9 9 0.588633
9 10 0.523632
9 11 0.595684
9 12 0.530351
9 13 0.569465
9 14 0.855287
9 15 0.595112
9 16 0.707421
9 17 0.672771
9 18 0.767061
9 19 0.500002
9 20 0.705928
9 21 0.775228
9 22 0.546241
9 23 0.840431
9 24 0.579734
9 25 0.518498
10 1 0.518797
10 2 0.672469
10 3 0.547592
10 4 0.522341
10 5 0.533294
10 6 0.627717
10 7 0.518363
10 8 0.546834
10 9 0.523632
10 10 0.520157
10 11 0.520278
10 12 0.516019
10 13 0.515712
10 14 0.572420
10 15 0.574412
10 16 0.547135
10 17 0.545843
10 18 0.580182
10 19 0.500001
10 20 0.575347
10 21 0.538400
10 22 0.522341
10 23 0.672128
10 24 0.519412
10 25 0.498444
10 26 0.536237
11 1 0.578067
11 2 0.802649
11 3 0.680143
11 4 0.566081
11 5 0.584282
11 6 0.959380
11 7 0.549352
11 8 0.654469
11 9 0.595684
11 10 0.520278
11 11 0.643218
11 12 0.589136
11 13 0.587676
11 14 0.903775
11 15 0.597252
11 16 0.719443
11 17 0.668118
11 18 0.793671
11 19 0.500001
11 20 0.693354
11 21 0.886117
11 22 0.566081
11 23 0.850509
11 24 0.587208
11 25 0.543909
12 1 0.536039
12 2 0.575582
12 3 0.518248
12 4 0.591592
12 5 0.686989
12 6 0.985165
12 7 0.584380
12 8 0.637370
12 9 0.530351
12 10 0.516019
12 11 0.589136
12 12 0.784595
12 13 0.556140
12 14 0.917576
12 15 0.789549
12 16 0.626255
12 17 0.505087
12 18 0.844162
12 19 0.499999
12 20 0.509243
12 21 0.797635
12 22 0.591592
12 23 0.807227
12 24 0.516009
12 25 0.568420
12 26 0.587918
13 1 0.555036
13 2 0.751021
13 3 0.634963
13 4 0.546257
13 5 0.560271
13 6 0.887420
13 7 0.531291
13 8 0.613530
13 9 0.569465
13 10 0.515712
13 11 0.587676
13 12 0.556140
13 13 0.562164
13 14 0.833452
13 15 0.588101
13 16 0.679371
13 17 0.626887
13 18 0.733117
13 19 0.500001
13 20 0.643321
13 21 0.774993
13 22 0.546257
13 23 0.789629
13 24 0.561329
13 25 0.522343
14 1 0.798017
14 2 0.999326
14 3 0.974763
14 4 0.783239
14 5 0.891086
14 6 0.999995
14 7 0.713834
14 8 0.942215
14 9 0.855287
14 10 0.572420
14 11 0.903775
14 12 0.917576
14 13 0.833452
14 14 1.000000
14 15 0.918268
14 16 0.984245
14 17 0.969032
14 18 0.999845
14 19 0.500009
14 20 0.943013
14 21 0.999798
14 22 0.783239
14 23 0.999631
14 24 0.814323
14 25 0.691830
15 1 0.585121
15 2 0.896572
15 3 0.573166
15 4 0.684853
15 5 0.801055
15 6 0.994732
15 7 0.660698
15 8 0.750695
15 9 0.595112
15 10 0.574412
15 11 0.597252
15 12 0.789549
15 13 0.588101
15 14 0.918268
15 15 0.976854
15 16 0.787461
15 17 0.546043
15 18 0.973370
15 19 0.500002
15 20 0.699582
15 21 0.692200
15 22 0.684853
15 23 0.960726
15 24 0.573439
15 25 0.561255
15 26 0.655528
16 1 0.667429
16 2 0.942908
16 3 0.854463
16 4 0.628391
16 5 0.668913
16 6 0.998130
16 7 0.599029
16 8 0.821922
16 9 0.707421
16 10 0.547135
16 11 0.719443
16 12 0.626255
16 13 0.679371
16 14 0.984245
16 15 0.787461
16 16 0.947164
16 17 0.841931
16 18 0.955568
16 19 0.500005
16 20 0.891508
16 21 0.942044
16 22 0.628391
16 23 0.987417
16 24 0.694667
16 25 0.571887
16 26 0.822863
17 1 0.628924
17 2 0.967642
17 4 0.550865
17 5 0.554066
17 6 0.951839
17 7 0.556880
17 8 0.739107
17 9 0.672771
17 10 0.545843
17 11 0.668118
17 12 0.505087
17 13 0.626887
17 14 0.969032
17 15 0.546043
17 16 0.841931
17 17 0.847154
17 18 0.906756
17 19 0.500004
17 20 0.888481
17 21 0.911601
17 22 0.550865
17 23 0.964631
17 24 0.656928
17 25 0.512518
17 26 0.762022
18 1 0.715582
18 2 0.999334
18 3 0.917940
18 4 0.710705
18 5 0.806319
18 6 0.999723
18 7 0.664065
18 8 0.905415
18 9 0.767061
18 10 0.580182
18 11 0.793671
18 12 0.844162
18 13 0.733117
18 14 0.999845
18 15 0.973370
18 16 0.955568
18 17 0.906756
18 18 0.999959
18 19 0.500005
18 20 0.946568
18 21 0.995848
18 22 0.710705
18 23 0.997408
18 24 0.738168
18 25 0.529671
19 1 0.500001
19 2 0.500005
19 3 0.500004
19 4 0.500001
19 5 0.500002
19 6 0.500003
19 7 0.500001
19 8 0.500003
19 9 0.500002
19 10 0.500001
19 11 0.500001
19 12 0.499999
19 13 0.500001
19 14 0.500009
19 15 0.500002
19 16 0.500005
19 17 0.500004
19 18 0.500005
19 19 0.500000
19 20 0.500004
19 21 0.499997
19 22 0.500001
19 23 0.500010
19 24 0.500002
19 25 0.500000
19 26 0.500002
20 1 0.659076
20 2 0.986498
20 3 0.890830
20 4 0.571728
20 5 0.571132
20 6 0.986726
20 7 0.606498
20 8 0.789606
20 9 0.705928
20 10 0.575347
20 11 0.693354
20 12 0.509243
20 13 0.643321
20 14 0.943013
20 15 0.699582
20 16 0.891508
20 17 0.888481
20 18 0.946568
20 19 0.500004
20 20 0.958632
20 21 0.922932
20 22 0.571728
20 23 0.986932
20 24 0.694890
20 25 0.523544
20 26 0.805723
21 1 0.730949
21 2 0.999132
21 3 0.923985
21 4 0.690891
21 5 0.698021
21 6 0.999980
21 7 0.615026
21 8 0.856252
21 9 0.775228
21 10 0.538400
21 11 0.886117
21 12 0.797635
21 13 0.774993
21 14 0.999798
21 15 0.692200
21 16 0.942044
21 17 0.911601
21 18 0.995848
21 19 0.499997
21 20 0.922932
21 21 0.999925
21 22 0.690891
21 23 0.992505
21 24 0.740924
21 25 0.580566
21 26 0.925607
22 1 0.541317
22 2 0.683684
22 3 0.561680
22 5 0.593812
22 6 0.897966
22 7 0.543990
22 8 0.593202
22 9 0.546241
22 10 0.522341
22 11 0.566081
22 12 0.591592
22 13 0.546257
22 14 0.783239
22 15 0.684853
22 16 0.628391
22 17 0.550865
22 18 0.710705
22 19 0.500001
22 20 0.571728
22 21 0.690891
22 22 0.572667
22 23 0.735187
22 24 0.541838
22 25 0.534038
22 26 0.589812
23 1 0.784492
23 2 0.999856
23 3 0.969267
23 4 0.735187
23 5 0.872365
23 6 0.999968
23 7 0.720850
23 8 0.959558
23 9 0.840431
23 10 0.672128
23 11 0.850509
23 12 0.807227
23 13 0.789629
23 14 0.999631
23 15 0.960726
23 16 0.987417
23 17 0.964631
23 18 0.997408
23 19 0.500010
23 20 0.986932
23 21 0.992505
23 22 0.735187
23 23 0.999980
23 24 0.796710
23 25 0.547408
23 26 0.939821
24 1 0.561361
24 2 0.746652
24 3 0.663505
24 4 0.541838
24 5 0.540732
24 6 0.860575
24 7 0.534656
24 8 0.619505
24 9 0.579734
24 10 0.519412
24 11 0.587208
24 12 0.516009
24 13 0.561329
24 14 0.814323
24 15 0.573439
24 16 0.694667
24 17 0.656928
24 18 0.738168
24 19 0.500002
24 20 0.694890
24 21 0.740924
24 22 0.541838
24 23 0.796710
24 24 0.576855
24 25 0.523513
25 1 0.519697
25 2 0.313295
25 3 0.519127
25 4 0.534038
25 5 0.547270
25 6 0.826158
25 7 0.534046
25 8 0.538988
25 9 0.518498
25 10 0.498444
25 11 0.543909
25 12 0.568420
25 13 0.522343
25 14 0.691830
25 15 0.561255
25 16 0.571887
25 17 0.512518
25 18 0.529671
25 19 0.500000
25 20 0.523544
25 21 0.580566
25 22 0.534038
25 23 0.547408
25 24 0.523513
25 25 0.559939
26 2 0.905352
26 6 0.984445
26 7 0.570275
26 8 0.724889
26 10 0.536237
26 12 0.587918
26 15 0.655528
26 16 0.822863
26 17 0.762022
26 19 0.500002
26 20 0.805723
26 21 0.925607
26 22 0.589812
26 23 0.939821
26 26 0.748727
