1 26 0.523214
3 17 0.518669
3 26 0.546566
4 22 0.523339
4 26 0.529044
5 26 0.531507
9 26 0.499154
11 26 0.607932
13 26 0.530545
14 26 0.761103
17 3 0.518669
18 26 0.674299
22 4 0.523339
24 26 0.521914
25 26 0.528138
26 1 0.523214
26 3 0.546566
26 4 0.529044
26 5 0.531507
26 9 0.499154
26 11 0.607932
26 13 0.530545
26 14 0.761103
26 18 0.674299
26 24 0.521914
26 25 0.528138
1 1 0.508574
1 2 0.498611
1 3 0.516319
1 4 0.511157
1 5 0.509723
1 6 0.575637
1 7 0.502245
1 8 0.516115
1 9 0.499140
1 10 0.504316
1 11 0.545809
1 12 0.518818
1 13 0.509730
1 14 0.566419
1 15 0.506907
1 16 0.514669
1 17 0.522307
1 18 0.567435
1 19 0.500000
1 20 0.542022
1 21 0.562487
1 22 0.509705
1 23 0.514087
1 24 0.506849
1 25 0.509747
2 1 0.498611
2 2 0.998304
2 3 0.382468
2 4 0.453338
2 5 0.537508
2 6 0.596106
2 7 0.504411
2 8 0.397141
2 9 0.537808
2 10 0.562149
2 11 0.265012
2 12 0.418838
2 13 0.531364
2 14 0.992501
2 15 0.780541
2 16 0.392355
2 17 0.325939
2 18 0.805923
2 19 0.500020
2 20 0.609036
2 21 0.322501
2 22 0.463356
2 23 0.375883
2 24 0.492947
2 25 0.548428
2 26 0.539890
3 1 0.516319
3 2 0.382468
3 3 0.576896
3 4 0.517198
3 5 0.514678
3 6 0.664994
3 7 0.502662
3 8 0.541070
3 9 0.469367
3 10 0.496227
3 11 0.536734
3 12 0.503980
3 13 0.513010
3 14 0.642634
3 15 0.461750
3 16 0.568608
3 18 0.601008
3 19 0.499999
3 20 0.552251
3 21 0.569432
3 22 0.508141
3 23 0.496476
3 24 0.517516
3 25 0.515161
4 1 0.511157
4 2 0.453338
4 3 0.517198
4 4 0.523831
4 5 0.511388
4 6 0.609905
4 7 0.502331
4 8 0.526354
4 9 0.502616
4 10 0.503483
4 11 0.600489
4 12 0.538745
4 13 0.515091
4 14 0.501345
4 15 0.500466
4 16 0.520904
4 17 0.557186
4 18 0.599072
4 19 0.499999
4 20 0.549612
4 21 0.597919
4 23 0.545970
4 24 0.510332
4 25 0.510818
5 1 0.509723
5 2 0.537508
5 3 0.514678
5 4 0.511388
5 5 0.516608
5 6 0.631922
5 7 0.502671
5 8 0.518763
5 9 0.499892
5 10 0.503457
5 11 0.552605
5 12 0.520788
5 13 0.513519
5 14 0.644399
5 15 0.519415
5 16 0.513553
5 17 0.521411
5 18 0.584011
5 19 0.500001
5 20 0.534885
5 21 0.582357
5 22 0.510070
5 23 0.484504
5 24 0.508837
5 25 0.513216
6 1 0.575637
6 2 0.596106
6 3 0.664994
6 4 0.609905
6 5 0.631922
6 6 0.999977
6 7 0.513275
6 8 0.675600
6 9 0.458112
6 10 0.511324
6 11 0.952237
6 12 0.565471
6 13 0.605297
6 14 0.998890
6 15 0.595771
6 16 0.786381
6 17 0.743656
6 18 0.932567
6 19 0.499998
6 20 0.496798
6 21 0.911543
6 22 0.597372
6 23 0.079998
6 24 0.606820
6 25 0.591489
6 26 0.748751
7 1 0.502245
7 2 0.504411
7 3 0.502662
7 4 0.502331
7 5 0.502671
7 6 0.513275
7 7 0.503773
7 8 0.507575
7 9 0.509330
7 10 0.503395
7 11 0.518949
7 12 0.516418
7 13 0.502366
7 14 0.560169
7 15 0.511911
7 16 0.508453
7 17 0.508753
7 18 0.550118
7 19 0.500000
7 20 0.529373
7 21 0.514655
7 22 0.501882
7 23 0.496773
7 24 0.501225
7 25 0.502868
7 26 0.505092
8 1 0.516115
8 2 0.397141
8 3 0.541070
8 4 0.526354
8 5 0.518763
8 6 0.675600
8 7 0.507575
8 8 0.562065
8 9 0.516350
8 10 0.499652
8 11 0.614900
8 12 0.541986
8 13 0.517195
8 14 0.600371
8 15 0.512245
8 16 0.539092
8 17 0.560501
8 18 0.659148
8 19 0.500000
8 20 0.574465
8 21 0.637245
8 22 0.523939
8 23 0.551426
8 24 0.515117
8 25 0.514398
8 26 0.546487
9 1 0.499140
9 2 0.537808
9 3 0.469367
9 4 0.502616
9 5 0.499892
9 6 0.458112
9 7 0.509330
9 8 0.516350
9 9 0.606991
9 10 0.499651
9 11 0.514437
9 12 0.526769
9 13 0.506092
9 14 0.650416
9 15 0.569706
9 16 0.513540
9 17 0.546202
9 18 0.566012
9 19 0.500002
9 20 0.456901
9 21 0.542796
9 22 0.507318
9 23 0.525908
9 24 0.503300
9 25 0.495759
10 1 0.504316
10 2 0.562149
10 3 0.496227
10 4 0.503483
10 5 0.503457
10 6 0.511324
10 7 0.503395
10 8 0.499652
10 9 0.499651
10 10 0.514474
10 11 0.529668
10 12 0.531079
10 13 0.504410
10 14 0.573070
10 15 0.527903
10 16 0.495378
10 17 0.511308
10 18 0.579395
10 19 0.500001
10 20 0.576892
10 21 0.514700
10 22 0.503272
10 23 0.527068
10 24 0.500338
10 25 0.508394
10 26 0.506981
11 1 0.545809
11 2 0.265012
11 3 0.536734
11 4 0.600489
11 5 0.552605
11 6 0.952237
11 7 0.518949
11 8 0.614900
11 9 0.514437
11 10 0.529668
11 11 0.919765
11 12 0.713529
11 13 0.556734
11 14 0.518121
11 15 0.530466
11 16 0.588853
11 17 0.751396
11 18 0.870227
11 19 0.499995
11 20 0.749223
11 21 0.871155
11 22 0.602371
11 23 0.547481
11 24 0.536498
11 25 0.544345
12 1 0.518818
12 2 0.418838
12 3 0.503980
12 4 0.538745
12 5 0.520788
12 6 0.565471
12 7 0.516418
12 8 0.541986
12 9 0.526769
12 10 0.531079
12 11 0.713529
12 12 0.725560
12 13 0.525350
12 14 0.543639
12 15 0.540369
12 16 0.531806
12 17 0.644982
12 18 0.764241
12 19 0.500001
12 20 0.718570
12 21 0.668329
12 22 0.534362
12 23 0.623510
12 24 0.511814
12 25 0.527115
12 26 0.528858
13 1 0.509730
13 2 0.531364
13 3 0.513010
13 4 0.515091
13 5 0.513519
13 6 0.605297
13 7 0.502366
13 8 0.517195
13 9 0.506092
13 10 0.504410
13 11 0.556734
13 12 0.525350
13 13 0.516331
13 14 0.623796
13 15 0.515838
13 16 0.517059
13 17 0.533718
13 18 0.577668
13 19 0.500000
13 20 0.527293
13 21 0.579227
13 22 0.514100
13 23 0.520381
13 24 0.510098
13 25 0.512816
14 1 0.566419
14 2 0.992501
14 3 0.642634
14 4 0.501345
14 5 0.644399
14 6 0.998890
14 7 0.560169
14 8 0.600371
14 9 0.650416
14 10 0.573070
14 11 0.518121
14 12 0.543639
14 13 0.623796
14 14 1.000000
14 15 0.874110
14 16 0.739972
14 17 0.461880
14 18 0.992072
14 19 0.500023
14 20 0.748797
14 21 0.649670
14 22 0.473687
14 23 0.064658
14 24 0.598376
14 25 0.636152
15 1 0.506907
15 2 0.780541
15 3 0.461750
15 4 0.500466
15 5 0.519415
15 6 0.595771
15 7 0.511911
15 8 0.512245
15 9 0.569706
15 10 0.527903
15 11 0.530466
15 12 0.540369
15 13 0.515838
15 14 0.874110
15 15 0.658068
15 16 0.477184
15 17 0.526317
15 18 0.768270
15 19 0.500007
15 20 0.625360
15 21 0.559944
15 22 0.505384
15 23 0.526364
15 24 0.503883
15 25 0.520367
15 26 0.528294
16 1 0.514669
16 2 0.392355
16 3 0.568608
16 4 0.520904
16 5 0.513553
16 6 0.786381
16 7 0.508453
16 8 0.539092
16 9 0.513540
16 10 0.495378
16 11 0.588853
16 12 0.531806
16 13 0.517059
16 14 0.739972
16 15 0.477184
16 16 0.638396
16 17 0.574490
16 18 0.658173
16 19 0.499998
16 20 0.494474
16 21 0.573248
16 22 0.512121
16 23 0.409285
16 24 0.524248
16 25 0.511265
16 26 0.543375
17 1 0.522307
17 2 0.325939
17 4 0.557186
17 5 0.521411
17 6 0.743656
17 7 0.508753
17 8 0.560501
17 9 0.546202
17 10 0.511308
17 11 0.751396
17 12 0.644982
17 13 0.533718
17 14 0.461880
17 15 0.526317
17 16 0.574490
17 17 0.695931
17 18 0.772149
17 19 0.499998
17 20 0.612744
17 21 0.724356
17 22 0.556931
17 23 0.628775
17 24 0.525259
17 25 0.520718
17 26 0.551181
18 1 0.567435
18 2 0.805923
18 3 0.601008
18 4 0.599072
18 5 0.584011
18 6 0.932567
18 7 0.550118
18 8 0.659148
18 9 0.566012
18 10 0.579395
18 11 0.870227
18 12 0.764241
18 13 0.577668
18 14 0.992072
18 15 0.768270
18 16 0.658173
18 17 0.772149
18 18 0.998603
18 19 0.500015
18 20 0.965258
18 21 0.829489
18 22 0.588639
18 23 0.652403
18 24 0.555155
18 25 0.598877
19 1 0.500000
19 2 0.500020
19 3 0.499999
19 4 0.499999
19 5 0.500001
19 6 0.499998
19 7 0.500000
19 8 0.500000
19 9 0.500002
19 10 0.500001
19 11 0.499995
19 12 0.500001
19 13 0.500000
19 14 0.500023
19 15 0.500007
19 16 0.499998
19 17 0.499998
19 18 0.500015
19 19 0.500000
19 20 0.500007
19 21 0.499997
19 22 0.499999
19 23 0.499999
19 24 0.500000
19 25 0.500001
19 26 0.500001
20 1 0.542022
20 2 0.609036
20 3 0.552251
20 4 0.549612
20 5 0.534885
20 6 0.496798
20 7 0.529373
20 8 0.574465
20 9 0.456901
20 10 0.576892
20 11 0.749223
20 12 0.718570
20 13 0.527293
20 14 0.748797
20 15 0.625360
20 16 0.494474
20 17 0.612744
20 18 0.965258
20 19 0.500007
20 20 0.945981
20 21 0.692438
20 22 0.542067
20 23 0.724298
20 24 0.507853
20 25 0.561917
20 26 0.576447
21 1 0.562487
21 2 0.322501
21 3 0.569432
21 4 0.597919
21 5 0.582357
21 6 0.911543
21 7 0.514655
21 8 0.637245
21 9 0.542796
21 10 0.514700
21 11 0.871155
21 12 0.668329
21 13 0.579227
21 14 0.649670
21 15 0.559944
21 16 0.573248
21 17 0.724356
21 18 0.829489
21 19 0.499997
21 20 0.692438
21 21 0.940133
21 22 0.597422
21 23 0.618348
21 24 0.548715
21 25 0.564155
21 26 0.668485
22 1 0.509705
22 2 0.463356
22 3 0.508141
22 5 0.510070
22 6 0.597372
22 7 0.501882
22 8 0.523939
22 9 0.507318
22 10 0.503272
22 11 0.602371
22 12 0.534362
22 13 0.514100
22 14 0.473687
22 15 0.505384
22 16 0.512121
22 17 0.556931
22 18 0.588639
22 19 0.499999
22 20 0.542067
22 21 0.597422
22 22 0.524431
22 23 0.549666
22 24 0.508579
22 25 0.508898
22 26 0.525390
23 1 0.514087
23 2 0.375883
23 3 0.496476
23 4 0.545970
23 5 0.484504
23 6 0.079998
23 7 0.496773
23 8 0.551426
23 9 0.525908
23 10 0.527068
23 11 0.547481
23 12 0.623510
23 13 0.520381
23 14 0.064658
23 15 0.526364
23 16 0.409285
23 17 0.628775
23 18 0.652403
23 19 0.499999
23 20 0.724298
23 21 0.618348
23 22 0.549666
23 23 0.946541
23 24 0.500850
23 25 0.514607
23 26 0.510992
24 1 0.506849
24 2 0.492947
24 3 0.517516
24 4 0.510332
24 5 0.508837
24 6 0.606820
24 7 0.501225
24 8 0.515117
24 9 0.503300
24 10 0.500338
24 11 0.536498
24 12 0.511814
24 13 0.510098
24 14 0.598376
24 15 0.503883
24 16 0.524248
24 17 0.525259
24 18 0.555155
24 19 0.500000
24 20 0.507853
24 21 0.548715
24 22 0.508579
24 23 0.500850
24 24 0.508881
24 25 0.507801
25 1 0.509747
25 2 0.548428
25 3 0.515161
25 4 0.510818
25 5 0.513216
25 6 0.591489
25 7 0.502868
25 8 0.514398
25 9 0.495759
25 10 0.508394
25 11 0.544345
25 12 0.527115
25 13 0.512816
25 14 0.636152
25 15 0.520367
25 16 0.511265
25 17 0.520718
25 18 0.598877
25 19 0.500001
25 20 0.561917
25 21 0.564155
25 22 0.508898
25 23 0.514607
25 24 0.507801
25 25 0.514301
26 2 0.539890
26 6 0.748751
26 7 0.505092
26 8 0.546487
26 10 0.506981
26 12 0.528858
26 15 0.528294
26 16 0.543375
26 17 0.551181
26 19 0.500001
26 20 0.576447
26 21 0.668485
26 22 0.525390
26 23 0.510992
26 26 0.572248
