1 26 0.739221
3 17 0.882454
3 26 0.908317
4 22 0.558824
4 26 0.613846
5 26 0.769937
9 26 0.777476
11 26 0.752460
13 26 0.676321
14 26 0.905985
17 3 0.882454
18 26 0.898546
22 4 0.558824
24 26 0.752459
25 26 0.755444
26 1 0.739221
26 3 0.908317
26 4 0.613846
26 5 0.769937
26 9 0.777476
26 11 0.752460
26 13 0.676321
26 14 0.905985
26 18 0.898546
26 24 0.752459
26 25 0.755444
1 1 0.610273
1 2 0.912012
1 3 0.727411
1 4 0.545764
1 5 0.625868
1 6 0.921044
1 7 0.519387
1 8 0.579014
1 9 0.629824
1 10 0.527775
1 11 0.617150
1 12 0.584192
1 13 0.575263
1 14 0.723714
1 15 0.662382
1 16 0.685849
1 17 0.702434
1 18 0.702945
1 19 0.500003
1 20 0.731945
1 21 0.798701
1 22 0.545764
1 23 0.815344
1 24 0.612086
1 25 0.618691
2 1 0.912012
2 2 1.000000
2 3 0.995042
2 4 0.774252
2 5 0.931887
2 6 1.000000
2 7 0.634872
2 8 0.906087
2 9 0.927591
2 10 0.620908
2 11 0.929506
2 12 0.887112
2 13 0.903119
2 14 0.978726
2 15 0.998620
2 16 0.994539
2 17 0.992877
2 18 0.998790
2 19 0.500023
2 20 0.997596
2 21 0.999861
2 22 0.774252
2 23 0.999424
2 24 0.954651
2 25 0.930719
2 26 0.995784
3 1 0.727411
3 2 0.995042
3 3 0.905086
3 4 0.613679
3 5 0.752584
3 6 0.997230
3 7 0.535079
3 8 0.669678
3 9 0.763024
3 10 0.557938
3 11 0.748085
3 12 0.654646
3 13 0.660533
3 14 0.880934
3 15 0.836281
3 16 0.828490
3 18 0.891178
3 19 0.500007
3 20 0.900074
3 21 0.956155
3 22 0.613679
3 23 0.971031
3 24 0.726087
3 25 0.744701
4 1 0.545764
4 2 0.774252
4 3 0.613679
4 4 0.558824
4 5 0.547252
4 6 0.888713
4 7 0.499421
4 8 0.524292
4 9 0.552521
4 10 0.512782
4 11 0.567230
4 12 0.550985
4 13 0.549500
4 14 0.588921
4 15 0.663124
4 16 0.563636
4 17 0.606479
4 18 0.616788
4 19 0.500004
4 20 0.621066
4 21 0.749359
4 23 0.737747
4 24 0.549812
4 25 0.549198
5 1 0.625868
5 2 0.931887
5 3 0.752584
5 4 0.547252
5 5 0.647412
5 6 0.933881
5 7 0.528698
5 8 0.598494
5 9 0.650203
5 10 0.533952
5 11 0.628207
5 12 0.602344
5 13 0.588138
5 14 0.757613
5 15 0.681149
5 16 0.718054
5 17 0.724554
5 18 0.744197
5 19 0.500003
5 20 0.758773
5 21 0.821111
5 22 0.547252
5 23 0.847688
5 24 0.635325
5 25 0.635766
6 1 0.921044
6 2 1.000000
6 3 0.997230
6 4 0.888713
6 5 0.933881
6 6 1.000000
6 7 0.577594
6 8 0.885288
6 9 0.942246
6 10 0.645425
6 11 0.958428
6 12 0.926693
6 13 0.926748
6 14 0.983700
6 15 0.999223
6 16 0.985176
6 17 0.996030
6 18 0.999042
6 19 0.500039
6 20 0.998658
6 21 0.999993
6 22 0.888713
6 23 0.999968
6 24 0.961491
6 25 0.938227
6 26 0.997373
7 1 0.519387
7 2 0.634872
7 3 0.535079
7 4 0.499421
7 5 0.528698
7 6 0.577594
7 7 0.526312
7 8 0.538029
7 9 0.526713
7 10 0.515392
7 11 0.510739
7 12 0.546386
7 13 0.530776
7 14 0.556176
7 15 0.535383
7 16 0.564091
7 17 0.527810
7 18 0.592964
7 19 0.500000
7 20 0.543114
7 21 0.488139
7 22 0.499421
7 23 0.554418
7 24 0.552840
7 25 0.522457
7 26 0.550012
8 1 0.579014
8 2 0.906087
8 3 0.669678
8 4 0.524292
8 5 0.598494
8 6 0.885288
8 7 0.538029
8 8 0.639262
8 9 0.592270
8 10 0.524101
8 11 0.569247
8 12 0.577953
8 13 0.581193
8 14 0.653700
8 15 0.558635
8 16 0.677181
8 17 0.653308
8 18 0.756044
8 19 0.500001
8 20 0.689760
8 21 0.591484
8 22 0.524292
8 23 0.788803
8 24 0.626708
8 25 0.592132
8 26 0.679069
9 1 0.629824
9 2 0.927591
9 3 0.763024
9 4 0.552521
9 5 0.650203
9 6 0.942246
9 7 0.526713
9 8 0.592270
9 9 0.659602
9 10 0.532456
9 11 0.634623
9 12 0.605531
9 13 0.585645
9 14 0.758173
9 15 0.702760
9 16 0.706524
9 17 0.735857
9 18 0.744943
9 19 0.500003
9 20 0.756005
9 21 0.842559
9 22 0.552521
9 23 0.846692
9 24 0.637322
9 25 0.640297
10 1 0.527775
10 2 0.620908
10 3 0.557938
10 4 0.512782
10 5 0.533952
10 6 0.645425
10 7 0.515392
10 8 0.524101
10 9 0.532456
10 10 0.520094
10 11 0.528980
10 12 0.532157
10 13 0.531674
10 14 0.574439
10 15 0.542735
10 16 0.553326
10 17 0.547867
10 18 0.578979
10 19 0.500001
10 20 0.577151
10 21 0.542464
10 22 0.512782
10 23 0.633859
10 24 0.542358
10 25 0.529398
10 26 0.565636
11 1 0.617150
11 2 0.929506
11 3 0.748085
11 4 0.567230
11 5 0.628207
11 6 0.958428
11 7 0.510739
11 8 0.569247
11 9 0.634623
11 10 0.528980
11 11 0.639914
11 12 0.578668
11 13 0.582433
11 14 0.730261
11 15 0.698238
11 16 0.680743
11 17 0.724081
11 18 0.715482
11 19 0.500004
11 20 0.741139
11 21 0.835913
11 22 0.567230
11 23 0.846661
11 24 0.605689
11 25 0.625952
12 1 0.584192
12 2 0.887112
12 3 0.654646
12 4 0.550985
12 5 0.602344
12 6 0.926693
12 7 0.546386
12 8 0.577953
12 9 0.605531
12 10 0.532157
12 11 0.578668
12 12 0.696597
12 13 0.612118
12 14 0.699441
12 15 0.718691
12 16 0.711919
12 17 0.632471
12 18 0.675770
12 19 0.500003
12 20 0.711882
12 21 0.845467
12 22 0.550985
12 23 0.719659
12 24 0.660214
12 25 0.589426
12 26 0.705003
13 1 0.575263
13 2 0.903119
13 3 0.660533
13 4 0.549500
13 5 0.588138
13 6 0.926748
13 7 0.530776
13 8 0.581193
13 9 0.585645
13 10 0.531674
13 11 0.582433
13 12 0.612118
13 13 0.607732
13 14 0.651300
13 15 0.674089
13 16 0.672973
13 17 0.645124
13 18 0.733946
13 19 0.500003
13 20 0.704505
13 21 0.785472
13 22 0.549500
13 23 0.772316
13 24 0.625406
13 25 0.583915
14 1 0.723714
14 2 0.978726
14 3 0.880934
14 4 0.588921
14 5 0.757613
14 6 0.983700
14 7 0.556176
14 8 0.653700
14 9 0.758173
14 10 0.574439
14 11 0.730261
14 12 0.699441
14 13 0.651300
14 14 0.922439
14 15 0.753688
14 16 0.859078
14 17 0.840926
14 18 0.825435
14 19 0.500004
14 20 0.883361
14 21 0.914508
14 22 0.588921
14 23 0.963710
14 24 0.717240
14 25 0.734383
15 1 0.662382
15 2 0.998620
15 3 0.836281
15 4 0.663124
15 5 0.681149
15 6 0.999223
15 7 0.535383
15 8 0.558635
15 9 0.702760
15 10 0.542735
15 11 0.698238
15 12 0.718691
15 13 0.674089
15 14 0.753688
15 15 0.978791
15 16 0.775558
15 17 0.827150
15 18 0.895456
15 19 0.500013
15 20 0.852687
15 21 0.992394
15 22 0.663124
15 23 0.927444
15 24 0.728299
15 25 0.673318
15 26 0.852282
16 1 0.685849
16 2 0.994539
16 3 0.828490
16 4 0.563636
16 5 0.718054
16 6 0.985176
16 7 0.564091
16 8 0.677181
16 9 0.706524
16 10 0.553326
16 11 0.680743
16 12 0.711919
16 13 0.672973
16 14 0.859078
16 15 0.775558
16 16 0.887928
16 17 0.792322
16 18 0.801402
16 19 0.500002
16 20 0.853095
16 21 0.905410
16 22 0.563636
16 23 0.906359
16 24 0.718312
16 25 0.697606
16 26 0.859952
17 1 0.702434
17 2 0.992877
17 4 0.606479
17 5 0.724554
17 6 0.996030
17 7 0.527810
17 8 0.653308
17 9 0.735857
17 10 0.547867
17 11 0.724081
17 12 0.632471
17 13 0.645124
17 14 0.840926
17 15 0.827150
17 16 0.792322
17 17 0.861543
17 18 0.877647
17 19 0.500007
17 20 0.877256
17 21 0.946466
17 22 0.606479
17 23 0.958587
17 24 0.705130
17 25 0.719707
17 26 0.882425
18 1 0.702945
18 2 0.998790
18 3 0.891178
18 4 0.616788
18 5 0.744197
18 6 0.999042
18 7 0.592964
18 8 0.756044
18 9 0.744943
18 10 0.578979
18 11 0.715482
18 12 0.675770
18 13 0.733946
18 14 0.825435
18 15 0.895456
18 16 0.801402
18 17 0.877647
18 18 0.990673
18 19 0.500013
18 20 0.910592
18 21 0.949632
18 22 0.616788
18 23 0.974303
18 24 0.817908
18 25 0.738693
19 1 0.500003
19 2 0.500023
19 3 0.500007
19 4 0.500004
19 5 0.500003
19 6 0.500039
19 7 0.500000
19 8 0.500001
19 9 0.500003
19 10 0.500001
19 11 0.500004
19 12 0.500003
19 13 0.500003
19 14 0.500004
19 15 0.500013
19 16 0.500002
19 17 0.500007
19 18 0.500013
19 19 0.500000
19 20 0.500008
19 21 0.500023
19 22 0.500004
19 23 0.500013
19 24 0.500004
19 25 0.500003
19 26 0.500007
20 1 0.731945
20 2 0.997596
20 3 0.900074
20 4 0.621066
20 5 0.758773
20 6 0.998658
20 7 0.543114
20 8 0.689760
20 9 0.756005
20 10 0.577151
20 11 0.741139
20 12 0.711882
20 13 0.704505
20 14 0.883361
20 15 0.852687
20 16 0.853095
20 17 0.877256
20 18 0.910592
20 19 0.500008
20 20 0.949641
20 21 0.980611
20 22 0.621066
20 23 0.981674
20 24 0.777718
20 25 0.746916
20 26 0.912628
21 1 0.798701
21 2 0.999861
21 3 0.956155
21 4 0.749359
21 5 0.821111
21 6 0.999993
21 7 0.488139
21 8 0.591484
21 9 0.842559
21 10 0.542464
21 11 0.835913
21 12 0.845467
21 13 0.785472
21 14 0.914508
21 15 0.992394
21 16 0.905410
21 17 0.946466
21 18 0.949632
21 19 0.500023
21 20 0.980611
21 21 0.999984
21 22 0.749359
21 23 0.988916
21 24 0.832715
21 25 0.812289
21 26 0.968098
22 1 0.545764
22 2 0.774252
22 3 0.613679
22 5 0.547252
22 6 0.888713
22 7 0.499421
22 8 0.524292
22 9 0.552521
22 10 0.512782
22 11 0.567230
22 12 0.550985
22 13 0.549500
22 14 0.588921
22 15 0.663124
22 16 0.563636
22 17 0.606479
22 18 0.616788
22 19 0.500004
22 20 0.621066
22 21 0.749359
22 22 0.558824
22 23 0.737747
22 24 0.549812
22 25 0.549198
22 26 0.613846
23 1 0.815344
23 2 0.999424
23 3 0.971031
23 4 0.737747
23 5 0.847688
23 6 0.999968
23 7 0.554418
23 8 0.788803
23 9 0.846692
23 10 0.633859
23 11 0.846661
23 12 0.719659
23 13 0.772316
23 14 0.963710
23 15 0.927444
23 16 0.906359
23 17 0.958587
23 18 0.974303
23 19 0.500013
23 20 0.981674
23 21 0.988916
23 22 0.737747
23 23 0.999735
23 24 0.825431
23 25 0.832007
23 26 0.971757
24 1 0.612086
24 2 0.954651
24 3 0.726087
24 4 0.549812
24 5 0.635325
24 6 0.961491
24 7 0.552840
24 8 0.626708
24 9 0.637322
24 10 0.542358
24 11 0.605689
24 12 0.660214
24 13 0.625406
24 14 0.717240
24 15 0.728299
24 16 0.718312
24 17 0.705130
24 18 0.817908
24 19 0.500004
24 20 0.777718
24 21 0.832715
24 22 0.549812
24 23 0.825431
24 24 0.694457
24 25 0.625181
25 1 0.618691
25 2 0.930719
25 3 0.744701
25 4 0.549198
25 5 0.635766
25 6 0.938227
25 7 0.522457
25 8 0.592132
25 9 0.640297
25 10 0.529398
25 11 0.625952
25 12 0.589426
25 13 0.583915
25 14 0.734383
25 15 0.673318
25 16 0.697606
25 17 0.719707
25 18 0.738693
25 19 0.500003
25 20 0.746916
25 21 0.812289
25 22 0.549198
25 23 0.832007
25 24 0.625181
25 25 0.629113
26 2 0.995784
26 6 0.997373
26 7 0.550012
26 8 0.679069
26 10 0.565636
26 12 0.705003
26 15 0.852282
26 16 0.859952
26 17 0.882425
26 19 0.500007
26 20 0.912628
26 21 0.968098
26 22 0.613846
26 23 0.971757
26 26 0.921797
