1 26 0.600614
3 17 0.684774
3 26 0.742303
4 22 0.521611
4 26 0.573000
5 26 0.598371
9 26 0.613242
11 26 0.641206
13 26 0.622059
14 26 0.997855
17 3 0.684774
18 26 0.779039
22 4 0.521611
24 26 0.542493
25 26 0.632577
26 1 0.600614
26 3 0.742303
26 4 0.573000
26 5 0.598371
26 9 0.613242
26 11 0.641206
26 13 0.622059
26 14 0.997855
26 18 0.779039
26 24 0.542493
26 25 0.632577
1 1 0.535936
1 2 0.779758
1 3 0.599518
1 4 0.527586
1 5 0.535179
1 6 0.677535
1 7 0.506803
1 8 0.545949
1 9 0.539933
1 10 0.518567
1 11 0.552448
1 12 0.535517
1 13 0.543529
1 14 0.894367
1 15 0.545886
1 16 0.554817
1 17 0.549301
1 18 0.610414
1 19 0.500001
1 20 0.690619
1 21 0.764407
1 22 0.508194
1 23 0.710600
1 24 0.516873
1 25 0.546145
2 1 0.779758
2 2 1.000000
2 3 0.924164
2 4 0.669493
2 5 0.767824
2 6 0.999573
2 7 0.577796
2 8 0.824520
2 9 0.806546
2 10 0.658141
2 11 0.847902
2 12 0.705930
2 13 0.819818
2 14 1.000000
2 15 0.947528
2 16 0.932063
2 17 0.748279
2 18 0.976846
2 19 0.500008
2 20 0.998514
2 21 0.999943
2 22 0.528270
2 23 0.996900
2 24 0.615741
2 25 0.855148
2 26 0.979923
3 1 0.599518
3 2 0.924164
3 3 0.918701
3 4 0.616048
3 5 0.603669
3 6 0.891149
3 7 0.526512
3 8 0.585311
3 9 0.605035
3 10 0.570995
3 11 0.641689
3 12 0.627646
3 13 0.609147
3 14 0.993909
3 15 0.499453
3 16 0.758076
3 18 0.823299
3 19 0.500002
3 20 0.918282
3 21 0.988389
3 22 0.556822
3 23 0.955934
3 24 0.546351
3 25 0.607048
4 1 0.527586
4 2 0.669493
4 3 0.616048
4 4 0.536489
4 5 0.528874
4 6 0.658594
4 7 0.506842
4 8 0.538460
4 9 0.527014
4 10 0.519303
4 11 0.543262
4 12 0.549326
4 13 0.532820
4 14 0.785091
4 15 0.509364
4 16 0.546870
4 17 0.551996
4 18 0.595071
4 19 0.500001
4 20 0.648133
4 21 0.751527
4 23 0.709950
4 24 0.515168
4 25 0.529467
5 1 0.535179
5 2 0.767824
5 3 0.603669
5 4 0.528874
5 5 0.539193
5 6 0.660308
5 7 0.507686
5 8 0.547493
5 9 0.540286
5 10 0.519948
5 11 0.549554
5 12 0.531711
5 13 0.543695
5 14 0.896267
5 15 0.556141
5 16 0.565667
5 17 0.555888
5 18 0.603499
5 19 0.500001
5 20 0.689071
5 21 0.711113
5 22 0.510203
5 23 0.717681
5 24 0.516374
5 25 0.544485
6 1 0.677535
6 2 0.999573
6 3 0.891149
6 4 0.658594
6 5 0.660308
6 6 0.999756
6 7 0.575471
6 8 0.686771
6 9 0.690920
6 10 0.658796
6 11 0.751388
6 12 0.797340
6 13 0.709106
6 14 0.999998
6 15 0.792631
6 16 0.720363
6 17 0.795236
6 18 0.923540
6 19 0.500011
6 20 0.984505
6 21 0.999796
6 22 0.569992
6 23 0.983250
6 24 0.637382
6 25 0.727859
6 26 0.901360
7 1 0.506803
7 2 0.577796
7 3 0.526512
7 4 0.506842
7 5 0.507686
7 6 0.575471
7 7 0.506353
7 8 0.506319
7 9 0.508743
7 10 0.505820
7 11 0.506626
7 12 0.511157
7 13 0.509379
7 14 0.627129
7 15 0.529010
7 16 0.517689
7 17 0.516721
7 18 0.521321
7 19 0.500001
7 20 0.527022
7 21 0.552268
7 22 0.504437
7 23 0.534374
7 24 0.506669
7 25 0.510142
7 26 0.523127
8 1 0.545949
8 2 0.824520
8 3 0.585311
8 4 0.538460
8 5 0.547493
8 6 0.686771
8 7 0.506319
8 8 0.623059
8 9 0.554380
8 10 0.521268
8 11 0.568202
8 12 0.569908
8 13 0.554744
8 14 0.926650
8 15 0.571484
8 16 0.556803
8 17 0.586387
8 18 0.621134
8 19 0.500000
8 20 0.735078
8 21 0.852538
8 22 0.516910
8 23 0.849623
8 24 0.521086
8 25 0.561496
8 26 0.630139
9 1 0.539933
9 2 0.806546
9 3 0.605035
9 4 0.527014
9 5 0.540286
9 6 0.690920
9 7 0.508743
9 8 0.554380
9 9 0.547446
9 10 0.520090
9 11 0.555596
9 12 0.533718
9 13 0.549430
9 14 0.922720
9 15 0.566314
9 16 0.562182
9 17 0.560515
9 18 0.618229
9 19 0.500001
9 20 0.711755
9 21 0.766314
9 22 0.505498
9 23 0.730779
9 24 0.519882
9 25 0.553434
10 1 0.518567
10 2 0.658141
10 3 0.570995
10 4 0.519303
10 5 0.519948
10 6 0.658796
10 7 0.505820
10 8 0.521268
10 9 0.520090
10 10 0.521803
10 11 0.527966
10 12 0.533798
10 13 0.521346
10 14 0.770524
10 15 0.524575
10 16 0.541778
10 17 0.546743
10 18 0.560813
10 19 0.500001
10 20 0.598025
10 21 0.689675
10 22 0.508943
10 23 0.634045
10 24 0.514552
10 25 0.521271
10 26 0.550000
11 1 0.552448
11 2 0.847902
11 3 0.641689
11 4 0.543262
11 5 0.549554
11 6 0.751388
11 7 0.506626
11 8 0.568202
11 9 0.555596
11 10 0.527966
11 11 0.583185
11 12 0.562690
11 13 0.562825
11 14 0.953239
11 15 0.544652
11 16 0.559644
11 17 0.572131
11 18 0.658185
11 19 0.500001
11 20 0.768525
11 21 0.865604
11 22 0.514239
11 23 0.813776
11 24 0.524172
11 25 0.564791
12 1 0.535517
12 2 0.705930
12 3 0.627646
12 4 0.549326
12 5 0.531711
12 6 0.797340
12 7 0.511157
12 8 0.569908
12 9 0.533718
12 10 0.533798
12 11 0.562690
12 12 0.618467
12 13 0.540448
12 14 0.905466
12 15 0.511723
12 16 0.503624
12 17 0.609243
12 18 0.612791
12 19 0.500002
12 20 0.665626
12 21 0.899669
12 22 0.530777
12 23 0.823684
12 24 0.539819
12 25 0.539426
12 26 0.589805
13 1 0.543529
13 2 0.819818
13 3 0.609147
13 4 0.532820
13 5 0.543695
13 6 0.709106
13 7 0.509379
13 8 0.554744
13 9 0.549430
13 10 0.521346
13 11 0.562825
13 12 0.540448
13 13 0.554991
13 14 0.932885
13 15 0.566397
13 16 0.555818
13 17 0.561915
13 18 0.628405
13 19 0.500001
13 20 0.724375
13 21 0.772010
13 22 0.509592
13 23 0.744571
13 24 0.521970
13 25 0.556728
14 1 0.894367
14 2 1.000000
14 3 0.993909
14 4 0.785091
14 5 0.896267
14 6 0.999998
14 7 0.627129
14 8 0.926650
14 9 0.922720
14 10 0.770524
14 11 0.953239
14 12 0.905466
14 13 0.932885
14 14 1.000000
14 15 0.984394
14 16 0.937798
14 17 0.977914
14 18 0.997974
14 19 0.500020
14 20 0.999988
14 21 1.000000
14 22 0.538931
14 23 0.999997
14 24 0.789093
14 25 0.949055
15 1 0.545886
15 2 0.947528
15 3 0.499453
15 4 0.509364
15 5 0.556141
15 6 0.792631
15 7 0.529010
15 8 0.571484
15 9 0.566314
15 10 0.524575
15 11 0.544652
15 12 0.511723
15 13 0.566397
15 14 0.984394
15 15 0.782510
15 16 0.617175
15 17 0.565541
15 18 0.579062
15 19 0.500004
15 20 0.647806
15 21 0.467553
15 22 0.497076
15 23 0.671145
15 24 0.529881
15 25 0.578876
15 26 0.660906
16 1 0.554817
16 2 0.932063
16 3 0.758076
16 4 0.546870
16 5 0.565667
16 6 0.720363
16 7 0.517689
16 8 0.556803
16 9 0.562182
16 10 0.541778
16 11 0.559644
16 12 0.503624
16 13 0.555818
16 14 0.937798
16 15 0.617175
16 16 0.784807
16 17 0.544088
16 18 0.682552
16 19 0.500001
16 20 0.759826
16 21 0.848377
16 22 0.522271
16 23 0.742806
16 24 0.497463
16 25 0.567041
16 26 0.663796
17 1 0.549301
17 2 0.748279
17 4 0.551996
17 5 0.555888
17 6 0.795236
17 7 0.516721
17 8 0.586387
17 9 0.560515
17 10 0.546743
17 11 0.572131
17 12 0.609243
17 13 0.561915
17 14 0.977914
17 15 0.565541
17 16 0.544088
17 17 0.688073
17 18 0.636155
17 19 0.500003
17 20 0.731598
17 21 0.868694
17 22 0.523218
17 23 0.888728
17 24 0.554939
17 25 0.559522
17 26 0.621419
18 1 0.610414
18 2 0.976846
18 3 0.823299
18 4 0.595071
18 5 0.603499
18 6 0.923540
18 7 0.521321
18 8 0.621134
18 9 0.618229
18 10 0.560813
18 11 0.658185
18 12 0.612791
18 13 0.628405
18 14 0.997974
18 15 0.579062
18 16 0.682552
18 17 0.636155
18 18 0.830248
18 19 0.500003
18 20 0.932654
18 21 0.987624
18 22 0.531825
18 23 0.929047
18 24 0.549066
18 25 0.635185
19 1 0.500001
19 2 0.500008
19 3 0.500002
19 4 0.500001
19 5 0.500001
19 6 0.500011
19 7 0.500001
19 8 0.500000
19 9 0.500001
19 10 0.500001
19 11 0.500001
19 12 0.500002
19 13 0.500001
19 14 0.500020
19 15 0.500004
19 16 0.500001
19 17 0.500003
19 18 0.500003
19 19 0.500000
19 20 0.500003
19 21 0.500005
19 22 0.500000
19 23 0.500005
19 24 0.500001
19 25 0.500001
19 26 0.500003
20 1 0.690619
20 2 0.998514
20 3 0.918282
20 4 0.648133
20 5 0.689071
20 6 0.984505
20 7 0.527022
20 8 0.735078
20 9 0.711755
20 10 0.598025
20 11 0.768525
20 12 0.665626
20 13 0.724375
20 14 0.999988
20 15 0.647806
20 16 0.759826
20 17 0.731598
20 18 0.932654
20 19 0.500003
20 20 0.994372
20 21 0.998817
20 22 0.535848
20 23 0.993072
20 24 0.575824
20 25 0.734891
20 26 0.904204
21 1 0.764407
21 2 0.999943
21 3 0.988389
21 4 0.751527
21 5 0.711113
21 6 0.999796
21 7 0.552268
21 8 0.852538
21 9 0.766314
21 10 0.689675
21 11 0.865604
21 12 0.899669
21 13 0.772010
21 14 1.000000
21 15 0.467553
21 16 0.848377
21 17 0.868694
21 18 0.987624
21 19 0.500005
21 20 0.998817
21 21 1.000000
21 22 0.607284
21 23 0.999854
21 24 0.657796
21 25 0.809383
21 26 0.962409
22 1 0.508194
22 2 0.528270
22 3 0.556822
22 5 0.510203
22 6 0.569992
22 7 0.504437
22 8 0.516910
22 9 0.505498
22 10 0.508943
22 11 0.514239
22 12 0.530777
22 13 0.509592
22 14 0.538931
22 15 0.497076
22 16 0.522271
22 17 0.523218
22 18 0.531825
22 19 0.500000
22 20 0.535848
22 21 0.607284
22 22 0.518513
22 23 0.602705
22 24 0.505075
22 25 0.505509
22 26 0.521328
23 1 0.710600
23 2 0.996900
23 3 0.955934
23 4 0.709950
23 5 0.717681
23 6 0.983250
23 7 0.534374
23 8 0.849623
23 9 0.730779
23 10 0.634045
23 11 0.813776
23 12 0.823684
23 13 0.744571
23 14 0.999997
23 15 0.671145
23 16 0.742806
23 17 0.888728
23 18 0.929047
23 19 0.500005
23 20 0.993072
23 21 0.999854
23 22 0.602705
23 23 0.999925
23 24 0.618341
23 25 0.747139
23 26 0.917667
24 1 0.516873
24 2 0.615741
24 3 0.546351
24 4 0.515168
24 5 0.516374
24 6 0.637382
24 7 0.506669
24 8 0.521086
24 9 0.519882
24 10 0.514552
24 11 0.524172
24 12 0.539819
24 13 0.521970
24 14 0.789093
24 15 0.529881
24 16 0.497463
24 17 0.554939
24 18 0.549066
24 19 0.500001
24 20 0.575824
24 21 0.657796
24 22 0.505075
24 23 0.618341
24 24 0.525135
24 25 0.521527
25 1 0.546145
25 2 0.855148
25 3 0.607048
25 4 0.529467
25 5 0.544485
25 6 0.727859
25 7 0.510142
25 8 0.561496
25 9 0.553434
25 10 0.521271
25 11 0.564791
25 12 0.539426
25 13 0.556728
25 14 0.949055
25 15 0.578876
25 16 0.567041
25 17 0.559522
25 18 0.635185
25 19 0.500001
25 20 0.734891
25 21 0.809383
25 22 0.505509
25 23 0.747139
25 24 0.521527
25 25 0.563019
26 2 0.979923
26 6 0.901360
26 7 0.523127
26 8 0.630139
26 10 0.550000
26 12 0.589805
26 15 0.660906
26 16 0.663796
26 17 0.621419
26 19 0.500003
26 20 0.904204
26 21 0.962409
26 22 0.521328
26 23 0.917667
26 26 0.768687
