1 26 0.596189
3 17 0.692915
3 26 0.726647
4 22 0.536385
4 26 0.562576
5 26 0.606929
9 26 0.615944
11 26 0.886967
13 26 0.608555
14 26 0.991178
17 3 0.692915
18 26 0.673910
22 4 0.536385
24 26 0.599243
25 26 0.582883
26 1 0.596189
26 3 0.726647
26 4 0.562576
26 5 0.606929
26 9 0.615944
26 11 0.886967
26 13 0.608555
26 14 0.991178
26 18 0.673910
26 24 0.599243
26 25 0.582883
1 1 0.535053
1 2 0.694493
1 3 0.586342
1 4 0.522419
1 5 0.539154
1 6 0.785094
1 7 0.508831
1 8 0.530766
1 9 0.542149
1 10 0.519265
1 11 0.669045
1 12 0.513549
1 13 0.539399
1 14 0.843727
1 15 0.585497
1 16 0.601745
1 17 0.588618
1 18 0.563130
1 19 0.500001
1 20 0.576275
1 21 0.636996
1 22 0.522419
1 23 0.682006
1 24 0.536490
1 25 0.530215
2 1 0.694493
2 2 0.999996
2 3 0.925880
2 4 0.503355
2 5 0.697420
2 6 0.993497
2 7 0.542580
2 8 0.746237
2 9 0.726020
2 10 0.644387
2 11 0.782484
2 12 0.366704
2 13 0.678972
2 14 0.999345
2 15 0.935194
2 16 0.979850
2 17 0.766687
2 18 0.767819
2 19 0.500001
2 20 0.990241
2 21 0.996339
2 22 0.503355
2 23 0.996060
2 24 0.708649
2 25 0.668157
2 26 0.901190
3 1 0.586342
3 2 0.925880
3 3 0.732048
3 4 0.538722
3 5 0.595102
3 6 0.938712
3 7 0.520058
3 8 0.593648
3 9 0.604204
3 10 0.551936
3 11 0.808502
3 12 0.517470
3 13 0.590577
3 14 0.981384
3 15 0.729604
3 16 0.759859
3 18 0.662277
3 19 0.500002
3 20 0.733668
3 21 0.810414
3 22 0.538722
3 23 0.887484
3 24 0.596140
3 25 0.575063
4 1 0.522419
4 2 0.503355
4 3 0.538722
4 4 0.536385
4 5 0.526164
4 6 0.766029
4 7 0.505198
4 8 0.519250
4 9 0.527008
4 10 0.507857
4 11 0.700155
4 12 0.522361
4 13 0.528842
4 14 0.796686
4 15 0.559014
4 16 0.546893
4 17 0.573674
4 18 0.532981
4 19 0.500003
4 20 0.488895
4 21 0.537665
4 23 0.608716
4 24 0.520119
4 25 0.520634
5 1 0.539154
5 2 0.697420
5 3 0.595102
5 4 0.526164
5 5 0.545039
5 6 0.817509
5 7 0.507980
5 8 0.527835
5 9 0.547821
5 10 0.520769
5 11 0.688296
5 12 0.516493
5 13 0.544302
5 14 0.877353
5 15 0.588899
5 16 0.604610
5 17 0.598831
5 18 0.571293
5 19 0.500002
5 20 0.574933
5 21 0.636935
5 22 0.526164
5 23 0.696369
5 24 0.541394
5 25 0.533355
6 1 0.785094
6 2 0.993497
6 3 0.938712
6 4 0.766029
6 5 0.817509
6 6 1.000000
6 7 0.582724
6 8 0.771341
6 9 0.817588
6 10 0.652287
6 11 0.999943
6 12 0.822221
6 13 0.851753
6 14 1.000000
6 15 0.903404
6 16 0.967725
6 17 0.994970
6 18 0.907298
6 19 0.500012
6 20 0.799808
6 21 0.982068
6 22 0.766029
6 23 0.998104
6 24 0.794032
6 25 0.768543
6 26 0.972093
7 1 0.508831
7 2 0.542580
7 3 0.520058
7 4 0.505198
7 5 0.507980
7 6 0.582724
7 7 0.511401
7 8 0.512441
7 9 0.507529
7 10 0.504690
7 11 0.577066
7 12 0.514910
7 13 0.511433
7 14 0.559296
7 15 0.516078
7 16 0.532653
7 17 0.523544
7 18 0.510488
7 19 0.500001
7 20 0.511420
7 21 0.560804
7 22 0.505198
7 23 0.548655
7 24 0.506300
7 25 0.509007
7 26 0.526182
8 1 0.530766
8 2 0.746237
8 3 0.593648
8 4 0.519250
8 5 0.527835
8 6 0.771341
8 7 0.512441
8 8 0.600149
8 9 0.534504
8 10 0.519201
8 11 0.695321
8 12 0.522939
8 13 0.536404
8 14 0.845166
8 15 0.628182
8 16 0.654551
8 17 0.636110
8 18 0.563385
8 19 0.500001
8 20 0.618193
8 21 0.682116
8 22 0.519250
8 23 0.697061
8 24 0.534286
8 25 0.531941
8 26 0.587525
9 1 0.542149
9 2 0.726020
9 3 0.604204
9 4 0.527008
9 5 0.547821
9 6 0.817588
9 7 0.507529
9 8 0.534504
9 9 0.554521
9 10 0.520651
9 11 0.686007
9 12 0.508910
9 13 0.547154
9 14 0.897242
9 15 0.594657
9 16 0.616486
9 17 0.609182
9 18 0.579250
9 19 0.500002
9 20 0.579175
9 21 0.653022
9 22 0.527008
9 23 0.694968
9 24 0.545010
9 25 0.534969
10 1 0.519265
10 2 0.644387
10 3 0.551936
10 4 0.507857
10 5 0.520769
10 6 0.652287
10 7 0.504690
10 8 0.519201
10 9 0.520651
10 10 0.520412
10 11 0.581522
10 12 0.507226
10 13 0.520707
10 14 0.689361
10 15 0.572892
10 16 0.569695
10 17 0.547822
10 18 0.543299
10 19 0.500000
10 20 0.574010
10 21 0.638892
10 22 0.507857
10 23 0.641350
10 24 0.520103
10 25 0.515973
10 26 0.553701
11 1 0.669045
11 2 0.782484
11 3 0.808502
11 4 0.700155
11 5 0.688296
11 6 0.999943
11 7 0.577066
11 8 0.695321
11 9 0.686007
11 10 0.581522
11 11 0.999417
11 12 0.729402
11 13 0.727669
11 14 0.999989
11 15 0.845411
11 16 0.879882
11 17 0.952120
11 18 0.762803
11 19 0.500016
11 20 0.517559
11 21 0.959159
11 22 0.700155
11 23 0.974678
11 24 0.655420
11 25 0.665387
12 1 0.513549
12 2 0.366704
12 3 0.517470
12 4 0.522361
12 5 0.516493
12 6 0.822221
12 7 0.514910
12 8 0.522939
12 9 0.508910
12 10 0.507226
12 11 0.729402
12 12 0.583452
12 13 0.528500
12 14 0.792040
12 15 0.497293
12 16 0.502272
12 17 0.621165
12 18 0.535931
12 19 0.500001
12 20 0.448438
12 21 0.537239
12 22 0.522361
12 23 0.570514
12 24 0.513897
12 25 0.517395
12 26 0.540128
13 1 0.539399
13 2 0.678972
13 3 0.590577
13 4 0.528842
13 5 0.544302
13 6 0.851753
13 7 0.511433
13 8 0.536404
13 9 0.547154
13 10 0.520707
13 11 0.727669
13 12 0.528500
13 13 0.548823
13 14 0.902115
13 15 0.582485
13 16 0.610599
13 17 0.628341
13 18 0.572547
13 19 0.500002
13 20 0.559612
13 21 0.652774
13 22 0.528842
13 23 0.687563
13 24 0.540491
13 25 0.534753
14 1 0.843727
14 2 0.999345
14 3 0.981384
14 4 0.796686
14 5 0.877353
14 6 1.000000
14 7 0.559296
14 8 0.845166
14 9 0.897242
14 10 0.689361
14 11 0.999989
14 12 0.792040
14 13 0.902115
14 14 1.000000
14 15 0.963373
14 16 0.991818
14 17 0.999126
14 18 0.965139
14 19 0.500013
14 20 0.851705
14 21 0.993443
14 22 0.796686
14 23 0.999382
14 24 0.865747
14 25 0.812719
15 1 0.585497
15 2 0.935194
15 3 0.729604
15 4 0.559014
15 5 0.588899
15 6 0.903404
15 7 0.516078
15 8 0.628182
15 9 0.594657
15 10 0.572892
15 11 0.845411
15 12 0.497293
15 13 0.582485
15 14 0.963373
15 15 0.853143
15 16 0.798861
15 17 0.654458
15 18 0.655713
15 19 0.500004
15 20 0.789531
15 21 0.877286
15 22 0.559014
15 23 0.938420
15 24 0.587380
15 25 0.575602
15 26 0.726165
16 1 0.601745
16 2 0.979850
16 3 0.759859
16 4 0.546893
16 5 0.604610
16 6 0.967725
16 7 0.532653
16 8 0.654551
16 9 0.616486
16 10 0.569695
16 11 0.879882
16 12 0.502272
16 13 0.610599
16 14 0.991818
16 15 0.798861
16 16 0.868388
16 17 0.746564
16 18 0.660405
16 19 0.500003
16 20 0.819205
16 21 0.913689
16 22 0.546893
16 23 0.926717
16 24 0.602745
16 25 0.588989
16 26 0.759557
17 1 0.588618
17 2 0.766687
17 4 0.573674
17 5 0.598831
17 6 0.994970
17 7 0.523544
17 8 0.636110
17 9 0.609182
17 10 0.547822
17 11 0.952120
17 12 0.621165
17 13 0.628341
17 14 0.999126
17 15 0.654458
17 16 0.746564
17 17 0.881235
17 18 0.694852
17 19 0.500002
17 20 0.567153
17 21 0.830033
17 22 0.573674
17 23 0.824372
17 24 0.598092
17 25 0.583048
17 26 0.735721
18 1 0.563130
18 2 0.767819
18 3 0.662277
18 4 0.532981
18 5 0.571293
18 6 0.907298
18 7 0.510488
18 8 0.563385
18 9 0.579250
18 10 0.543299
18 11 0.762803
18 12 0.535931
18 13 0.572547
18 14 0.965139
18 15 0.655713
18 16 0.660405
18 17 0.694852
18 18 0.653546
18 19 0.500002
18 20 0.634054
18 21 0.790784
18 22 0.532981
18 23 0.805568
18 24 0.571547
18 25 0.552654
19 1 0.500001
19 2 0.500001
19 3 0.500002
19 4 0.500003
19 5 0.500002
19 6 0.500012
19 7 0.500001
19 8 0.500001
19 9 0.500002
19 10 0.500000
19 11 0.500016
19 12 0.500001
19 13 0.500002
19 14 0.500013
19 15 0.500004
19 16 0.500003
19 17 0.500002
19 18 0.500002
19 19 0.500000
19 20 0.499998
19 21 0.500016
19 22 0.500003
19 23 0.500007
19 24 0.500001
19 25 0.500001
19 26 0.500005
20 1 0.576275
20 2 0.990241
20 3 0.733668
20 4 0.488895
20 5 0.574933
20 6 0.799808
20 7 0.511420
20 8 0.618193
20 9 0.579175
20 10 0.574010
20 11 0.517559
20 12 0.448438
20 13 0.559612
20 14 0.851705
20 15 0.789531
20 16 0.819205
20 17 0.567153
20 18 0.634054
20 19 0.499998
20 20 0.906927
20 21 0.919034
20 22 0.488895
20 23 0.931659
20 24 0.584796
20 25 0.564861
20 26 0.692107
21 1 0.636996
21 2 0.996339
21 3 0.810414
21 4 0.537665
21 5 0.636935
21 6 0.982068
21 7 0.560804
21 8 0.682116
21 9 0.653022
21 10 0.638892
21 11 0.959159
21 12 0.537239
21 13 0.652774
21 14 0.993443
21 15 0.877286
21 16 0.913689
21 17 0.830033
21 18 0.790784
21 19 0.500016
21 20 0.919034
21 21 0.999736
21 22 0.537665
21 23 0.983281
21 24 0.616237
21 25 0.611226
21 26 0.851208
22 1 0.522419
22 2 0.503355
22 3 0.538722
22 5 0.526164
22 6 0.766029
22 7 0.505198
22 8 0.519250
22 9 0.527008
22 10 0.507857
22 11 0.700155
22 12 0.522361
22 13 0.528842
22 14 0.796686
22 15 0.559014
22 16 0.546893
22 17 0.573674
22 18 0.532981
22 19 0.500003
22 20 0.488895
22 21 0.537665
22 22 0.536385
22 23 0.608716
22 24 0.520119
22 25 0.520634
22 26 0.562576
23 1 0.682006
23 2 0.996060
23 3 0.887484
23 4 0.608716
23 5 0.696369
23 6 0.998104
23 7 0.548655
23 8 0.697061
23 9 0.694968
23 10 0.641350
23 11 0.974678
23 12 0.570514
23 13 0.687563
23 14 0.999382
23 15 0.938420
23 16 0.926717
23 17 0.824372
23 18 0.805568
23 19 0.500007
23 20 0.931659
23 21 0.983281
23 22 0.608716
23 23 0.996108
23 24 0.689138
23 25 0.665096
23 26 0.892539
24 1 0.536490
24 2 0.708649
24 3 0.596140
24 4 0.520119
24 5 0.541394
24 6 0.794032
24 7 0.506300
24 8 0.534286
24 9 0.545010
24 10 0.520103
24 11 0.655420
24 12 0.513897
24 13 0.540491
24 14 0.865747
24 15 0.587380
24 16 0.602745
24 17 0.598092
24 18 0.571547
24 19 0.500001
24 20 0.584796
24 21 0.616237
24 22 0.520119
24 23 0.689138
24 24 0.541319
24 25 0.531718
25 1 0.530215
25 2 0.668157
25 3 0.575063
25 4 0.520634
25 5 0.533355
25 6 0.768543
25 7 0.509007
25 8 0.531941
25 9 0.534969
25 10 0.515973
25 11 0.665387
25 12 0.517395
25 13 0.534753
25 14 0.812719
25 15 0.575602
25 16 0.588989
25 17 0.583048
25 18 0.552654
25 19 0.500001
25 20 0.564861
25 21 0.611226
25 22 0.520634
25 23 0.665096
25 24 0.531718
25 25 0.527797
26 2 0.901190
26 6 0.972093
26 7 0.526182
26 8 0.587525
26 10 0.553701
26 12 0.540128
26 15 0.726165
26 16 0.759557
26 17 0.735721
26 19 0.500005
26 20 0.692107
26 21 0.851208
26 22 0.562576
26 23 0.892539
26 26 0.749912
