1 26 0.741725
3 17 0.968259
3 26 0.989853
4 22 0.554759
4 26 0.735800
5 26 0.747376
9 26 0.757361
11 26 0.834328
13 26 0.786963
14 26 0.999412
17 3 0.968259
18 26 0.907829
22 4 0.554759
24 26 0.790445
25 26 0.670767
26 1 0.741725
26 3 0.989853
26 4 0.735800
26 5 0.747376
26 9 0.757361
26 11 0.834328
26 13 0.786963
26 14 0.999412
26 18 0.907829
26 24 0.790445
26 25 0.670767
1 1 0.599700
1 2 0.872244
1 3 0.850258
1 4 0.596359
1 5 0.600306
1 6 0.831491
1 7 0.554752
1 8 0.569517
1 9 0.607100
1 10 0.534284
1 11 0.647822
1 12 0.650024
1 13 0.622444
1 14 0.955083
1 15 0.689880
1 16 0.762140
1 17 0.663997
1 18 0.706837
1 19 0.500002
1 20 0.806607
1 21 0.819132
1 22 0.558497
1 23 0.834149
1 24 0.623611
1 25 0.564086
2 1 0.872244
2 2 1.000000
2 3 0.999656
2 4 0.866860
2 5 0.848984
2 6 0.999962
2 7 0.809201
2 8 0.815239
2 9 0.875055
2 10 0.703251
2 11 0.959880
2 12 0.948654
2 13 0.907931
2 14 0.999997
2 15 0.990590
2 16 0.997435
2 17 0.947105
2 18 0.984251
2 19 0.500013
2 20 0.999300
2 21 0.999904
2 22 0.694191
2 23 0.999222
2 24 0.911322
2 25 0.839822
2 26 0.993822
3 1 0.850258
3 2 0.999656
3 3 0.999932
3 4 0.848055
3 5 0.859780
3 6 0.999697
3 7 0.729543
3 8 0.866536
3 9 0.880078
3 10 0.637904
3 11 0.946535
3 12 0.945482
3 13 0.899320
3 14 1.000000
3 15 0.971305
3 16 0.994692
3 18 0.972524
3 19 0.500014
3 20 0.998049
3 21 0.998257
3 22 0.786764
3 23 0.999891
3 24 0.902869
3 25 0.797035
4 1 0.596359
4 2 0.866860
4 3 0.848055
4 4 0.597199
4 5 0.597905
4 6 0.832861
4 7 0.554044
4 8 0.569944
4 9 0.605358
4 10 0.531194
4 11 0.651801
4 12 0.647430
4 13 0.621478
4 14 0.950081
4 15 0.680614
4 16 0.744938
4 17 0.671569
4 18 0.696818
4 19 0.500002
4 20 0.788623
4 21 0.809710
4 23 0.842095
4 24 0.620368
4 25 0.560707
5 1 0.600306
5 2 0.848984
5 3 0.859780
5 4 0.597905
5 5 0.607602
5 6 0.823281
5 7 0.554374
5 8 0.587254
5 9 0.611546
5 10 0.529692
5 11 0.649170
5 12 0.653230
5 13 0.624498
5 14 0.943509
5 15 0.678403
5 16 0.760330
5 17 0.680974
5 18 0.710406
5 19 0.500003
5 20 0.789177
5 21 0.791745
5 22 0.565961
5 23 0.829625
5 24 0.627723
5 25 0.565119
6 1 0.831491
6 2 0.999962
6 3 0.999697
6 4 0.832861
6 5 0.823281
6 6 1.000000
6 7 0.783471
6 8 0.771159
6 9 0.852507
6 10 0.624627
6 11 0.964236
6 12 0.935731
6 13 0.882109
6 14 1.000000
6 15 0.973183
6 16 0.992432
6 17 0.959597
6 18 0.935675
6 19 0.500016
6 20 0.997323
6 21 0.998990
6 22 0.871956
6 23 0.999218
6 24 0.874058
6 25 0.904769
6 26 0.984978
7 1 0.554752
7 2 0.809201
7 3 0.729543
7 4 0.554044
7 5 0.554374
7 6 0.783471
7 7 0.546647
7 8 0.548468
7 9 0.556447
7 10 0.525718
7 11 0.595160
7 12 0.578516
7 13 0.567332
7 14 0.819722
7 15 0.626219
7 16 0.673994
7 17 0.580408
7 18 0.612541
7 19 0.500002
7 20 0.686650
7 21 0.684780
7 22 0.528165
7 23 0.691831
7 24 0.567532
7 25 0.553677
7 26 0.645728
8 1 0.569517
8 2 0.815239
8 3 0.866536
8 4 0.569944
8 5 0.587254
8 6 0.771159
8 7 0.548468
8 8 0.714499
8 9 0.595360
8 10 0.505543
8 11 0.615647
8 12 0.645573
8 13 0.587019
8 14 0.820846
8 15 0.662197
8 16 0.729913
8 17 0.728458
8 18 0.680835
8 19 0.500004
8 20 0.755361
8 21 0.728266
8 22 0.578849
8 23 0.858197
8 24 0.608009
8 25 0.560610
8 26 0.693060
9 1 0.607100
9 2 0.875055
9 3 0.880078
9 4 0.605358
9 5 0.611546
9 6 0.852507
9 7 0.556447
9 8 0.595360
9 9 0.623127
9 10 0.528978
9 11 0.658854
9 12 0.676142
9 13 0.633525
9 14 0.966631
9 15 0.693541
9 16 0.772511
9 17 0.713541
9 18 0.726025
9 19 0.500003
9 20 0.820554
9 21 0.830034
9 22 0.578392
9 23 0.863817
9 24 0.639142
9 25 0.564182
10 1 0.534284
10 2 0.703251
10 3 0.637904
10 4 0.531194
10 5 0.529692
10 6 0.624627
10 7 0.525718
10 8 0.505543
10 9 0.528978
10 10 0.527908
10 11 0.550594
10 12 0.539854
10 13 0.539594
10 14 0.755877
10 15 0.591782
10 16 0.626374
10 17 0.519253
10 18 0.570205
10 19 0.500000
10 20 0.640176
10 21 0.646570
10 22 0.500825
10 23 0.647004
10 24 0.536144
10 25 0.526375
10 26 0.589545
11 1 0.647822
11 2 0.959880
11 3 0.946535
11 4 0.651801
11 5 0.649170
11 6 0.964236
11 7 0.595160
11 8 0.615647
11 9 0.658854
11 10 0.550594
11 11 0.755058
11 12 0.722564
11 13 0.686068
11 14 0.992823
11 15 0.774307
11 16 0.837796
11 17 0.755684
11 18 0.761719
11 19 0.500005
11 20 0.881712
11 21 0.910315
11 22 0.605566
11 23 0.943447
11 24 0.680608
11 25 0.637613
12 1 0.650024
12 2 0.948654
12 3 0.945482
12 4 0.647430
12 5 0.653230
12 6 0.935731
12 7 0.578516
12 8 0.645573
12 9 0.676142
12 10 0.539854
12 11 0.722564
12 12 0.770665
12 13 0.685671
12 14 0.994332
12 15 0.771443
12 16 0.844712
12 17 0.822157
12 18 0.799492
12 19 0.500005
12 20 0.901590
12 21 0.925125
12 22 0.640496
12 23 0.946496
12 24 0.698916
12 25 0.597383
12 26 0.835344
13 1 0.622444
13 2 0.907931
13 3 0.899320
13 4 0.621478
13 5 0.624498
13 6 0.882109
13 7 0.567332
13 8 0.587019
13 9 0.633525
13 10 0.539594
13 11 0.686068
13 12 0.685671
13 13 0.653114
13 14 0.979958
13 15 0.726359
13 16 0.799868
13 17 0.708133
13 18 0.745002
13 19 0.500003
13 20 0.848617
13 21 0.856677
13 22 0.573011
13 23 0.890233
13 24 0.652766
13 25 0.576585
14 1 0.955083
14 2 0.999997
14 3 1.000000
14 4 0.950081
14 5 0.943509
14 6 1.000000
14 7 0.819722
14 8 0.820846
14 9 0.966631
14 10 0.755877
14 11 0.992823
14 12 0.994332
14 13 0.979958
14 14 1.000000
14 15 0.999292
14 16 0.999902
14 17 0.995830
14 18 0.997833
14 19 0.500014
14 20 0.999999
14 21 0.999996
14 22 0.918592
14 23 1.000000
14 24 0.976810
14 25 0.882995
15 1 0.689880
15 2 0.990590
15 3 0.971305
15 4 0.680614
15 5 0.678403
15 6 0.973183
15 7 0.626219
15 8 0.662197
15 9 0.693541
15 10 0.591782
15 11 0.774307
15 12 0.771443
15 13 0.726359
15 14 0.999292
15 15 0.901838
15 16 0.932505
15 17 0.750081
15 18 0.854223
15 19 0.500005
15 20 0.971767
15 21 0.964386
15 22 0.585844
15 23 0.975104
15 24 0.725219
15 25 0.645366
15 26 0.888340
16 1 0.762140
16 2 0.997435
16 3 0.994692
16 4 0.744938
16 5 0.760330
16 6 0.992432
16 7 0.673994
16 8 0.729913
16 9 0.772511
16 10 0.626374
16 11 0.837796
16 12 0.844712
16 13 0.799868
16 14 0.999902
16 15 0.932505
16 16 0.984383
16 17 0.864985
16 18 0.937167
16 19 0.500007
16 20 0.992400
16 21 0.990623
16 22 0.658546
16 23 0.993538
16 24 0.804553
16 25 0.689340
16 26 0.954205
17 1 0.663997
17 2 0.947105
17 4 0.671569
17 5 0.680974
17 6 0.959597
17 7 0.580408
17 8 0.728458
17 9 0.713541
17 10 0.519253
17 11 0.755684
17 12 0.822157
17 13 0.708133
17 14 0.995830
17 15 0.750081
17 16 0.864985
17 17 0.925903
17 18 0.838001
17 19 0.500007
17 20 0.916512
17 21 0.953475
17 22 0.704454
17 23 0.979043
17 24 0.729955
17 25 0.600303
17 26 0.858652
18 1 0.706837
18 2 0.984251
18 3 0.972524
18 4 0.696818
18 5 0.710406
18 6 0.935675
18 7 0.612541
18 8 0.680835
18 9 0.726025
18 10 0.570205
18 11 0.761719
18 12 0.799492
18 13 0.745002
18 14 0.997833
18 15 0.854223
18 16 0.937167
18 17 0.838001
18 18 0.897905
18 19 0.500005
18 20 0.966777
18 21 0.964500
18 22 0.609787
18 23 0.965754
18 24 0.756937
18 25 0.591936
19 1 0.500002
19 2 0.500013
19 3 0.500014
19 4 0.500002
19 5 0.500003
19 6 0.500016
19 7 0.500002
19 8 0.500004
19 9 0.500003
19 10 0.500000
19 11 0.500005
19 12 0.500005
19 13 0.500003
19 14 0.500014
19 15 0.500005
19 16 0.500007
19 17 0.500007
19 18 0.500005
19 19 0.500000
19 20 0.500008
19 21 0.500010
19 22 0.500004
19 23 0.500011
19 24 0.500003
19 25 0.500004
19 26 0.500007
20 1 0.806607
20 2 0.999300
20 3 0.998049
20 4 0.788623
20 5 0.789177
20 6 0.997323
20 7 0.686650
20 8 0.755361
20 9 0.820554
20 10 0.640176
20 11 0.881712
20 12 0.901590
20 13 0.848617
20 14 0.999999
20 15 0.971767
20 16 0.992400
20 17 0.916512
20 18 0.966777
20 19 0.500008
20 20 0.998992
20 21 0.998239
20 22 0.692191
20 23 0.998978
20 24 0.852725
20 25 0.702785
20 26 0.971998
21 1 0.819132
21 2 0.999904
21 3 0.998257
21 4 0.809710
21 5 0.791745
21 6 0.998990
21 7 0.684780
21 8 0.728266
21 9 0.830034
21 10 0.646570
21 11 0.910315
21 12 0.925125
21 13 0.856677
21 14 0.999996
21 15 0.964386
21 16 0.990623
21 17 0.953475
21 18 0.964500
21 19 0.500010
21 20 0.998239
21 21 0.999853
21 22 0.735726
21 23 0.999519
21 24 0.857234
21 25 0.741728
21 26 0.978106
22 1 0.558497
22 2 0.694191
22 3 0.786764
22 5 0.565961
22 6 0.871956
22 7 0.528165
22 8 0.578849
22 9 0.578392
22 10 0.500825
22 11 0.605566
22 12 0.640496
22 13 0.573011
22 14 0.918592
22 15 0.585844
22 16 0.658546
22 17 0.704454
22 18 0.609787
22 19 0.500004
22 20 0.692191
22 21 0.735726
22 22 0.630491
22 23 0.770971
22 24 0.583991
22 25 0.580861
22 26 0.650347
23 1 0.834149
23 2 0.999222
23 3 0.999891
23 4 0.842095
23 5 0.829625
23 6 0.999218
23 7 0.691831
23 8 0.858197
23 9 0.863817
23 10 0.647004
23 11 0.943447
23 12 0.946496
23 13 0.890233
23 14 1.000000
23 15 0.975104
23 16 0.993538
23 17 0.979043
23 18 0.965754
23 19 0.500011
23 20 0.998978
23 21 0.999519
23 22 0.770971
23 23 0.999992
23 24 0.882880
23 25 0.739181
23 26 0.984158
24 1 0.623611
24 2 0.911322
24 3 0.902869
24 4 0.620368
24 5 0.627723
24 6 0.874058
24 7 0.567532
24 8 0.608009
24 9 0.639142
24 10 0.536144
24 11 0.680608
24 12 0.698916
24 13 0.652766
24 14 0.976810
24 15 0.725219
24 16 0.804553
24 17 0.729955
24 18 0.756937
24 19 0.500003
24 20 0.852725
24 21 0.857234
24 22 0.583991
24 23 0.882880
24 24 0.660002
24 25 0.575342
25 1 0.564086
25 2 0.839822
25 3 0.797035
25 4 0.560707
25 5 0.565119
25 6 0.904769
25 7 0.553677
25 8 0.560610
25 9 0.564182
25 10 0.526375
25 11 0.637613
25 12 0.597383
25 13 0.576585
25 14 0.882995
25 15 0.645366
25 16 0.689340
25 17 0.600303
25 18 0.591936
25 19 0.500004
25 20 0.702785
25 21 0.741728
25 22 0.580861
25 23 0.739181
25 24 0.575342
25 25 0.626985
26 2 0.993822
26 6 0.984978
26 7 0.645728
26 8 0.693060
26 10 0.589545
26 12 0.835344
26 15 0.888340
26 16 0.954205
26 17 0.858652
26 19 0.500007
26 20 0.971998
26 21 0.978106
26 22 0.650347
26 23 0.984158
26 26 0.942716
