1 26 0.606254
3 17 0.856604
3 26 0.782154
4 22 0.491898
4 26 0.523254
5 26 0.591930
9 26 0.620801
11 26 0.642669
13 26 0.629521
14 26 0.871112
17 3 0.856604
18 26 0.636046
22 4 0.491898
24 26 0.624052
25 26 0.527394
26 1 0.606254
26 3 0.782154
26 4 0.523254
26 5 0.591930
26 9 0.620801
26 11 0.642669
26 13 0.629521
26 14 0.871112
26 18 0.636046
26 24 0.624052
26 25 0.527394
1 1 0.543678
1 2 0.638996
1 3 0.615020
1 4 0.501500
1 5 0.536306
1 6 0.752472
1 7 0.517427
1 8 0.523024
1 9 0.549058
1 10 0.507666
1 11 0.558356
1 12 0.529407
1 13 0.553040
1 14 0.589038
1 15 0.550434
1 16 0.587021
1 17 0.613550
1 18 0.552143
1 19 0.500000
1 20 0.594759
1 21 0.631413
1 22 0.545792
1 23 0.601601
1 24 0.551051
1 25 0.505119
2 1 0.638996
2 2 0.998425
2 3 0.892209
2 4 0.649476
2 5 0.641533
2 6 0.999488
2 7 0.551686
2 8 0.699729
2 9 0.695759
2 10 0.526136
2 11 0.673893
2 12 0.599603
2 13 0.685145
2 14 0.999809
2 15 0.684530
2 16 0.936684
2 17 0.898533
2 18 0.724374
2 19 0.500000
2 20 0.684162
2 21 0.958947
2 22 0.748124
2 23 0.972662
2 24 0.656807
2 25 0.535578
2 26 0.844173
3 1 0.615020
3 2 0.892209
3 3 0.845404
3 4 0.527462
3 5 0.593259
3 6 0.989338
3 7 0.556769
3 8 0.590676
3 9 0.631697
3 10 0.532309
3 11 0.652702
3 12 0.618912
3 13 0.637904
3 14 0.966573
3 15 0.602732
3 16 0.853429
3 18 0.637547
3 19 0.500002
3 20 0.737532
3 21 0.894029
3 22 0.653351
3 23 0.856756
3 24 0.634308
3 25 0.527782
4 1 0.501500
4 2 0.649476
4 3 0.527462
4 4 0.572583
4 5 0.508805
4 6 0.579139
4 7 0.506828
4 8 0.529340
4 9 0.505239
4 10 0.492814
4 11 0.515712
4 12 0.454671
4 13 0.504778
4 14 0.737836
4 15 0.495336
4 16 0.588649
4 17 0.528380
4 18 0.532313
4 19 0.500001
4 20 0.454687
4 21 0.558616
4 23 0.678241
4 24 0.501743
4 25 0.505119
5 1 0.536306
5 2 0.641533
5 3 0.593259
5 4 0.508805
5 5 0.534138
5 6 0.706381
5 7 0.516394
5 8 0.521807
5 9 0.541779
5 10 0.504521
5 11 0.550009
5 12 0.518031
5 13 0.546057
5 14 0.612375
5 15 0.536253
5 16 0.575374
5 17 0.590292
5 18 0.550560
5 19 0.500000
5 20 0.570084
5 21 0.602495
5 22 0.532584
5 23 0.582951
5 24 0.542758
5 25 0.508269
6 1 0.752472
6 2 0.999488
6 3 0.989338
6 4 0.579139
6 5 0.706381
6 6 1.000000
6 7 0.566067
6 8 0.777855
6 9 0.802809
6 10 0.649220
6 11 0.855065
6 12 0.965861
6 13 0.792159
6 14 1.000000
6 15 0.978135
6 16 0.998967
6 17 0.993141
6 18 0.647366
6 19 0.500002
6 20 0.987749
6 21 0.999194
6 22 0.960321
6 23 0.998248
6 24 0.767351
6 25 0.717817
6 26 0.964300
7 1 0.517427
7 2 0.551686
7 3 0.556769
7 4 0.506828
7 5 0.516394
7 6 0.566067
7 7 0.529982
7 8 0.516802
7 9 0.517076
7 10 0.512005
7 11 0.522685
7 12 0.516896
7 13 0.521141
7 14 0.609538
7 15 0.501325
7 16 0.561165
7 17 0.557216
7 18 0.535278
7 19 0.500001
7 20 0.556863
7 21 0.560587
7 22 0.521510
7 23 0.534674
7 24 0.519535
7 25 0.505778
7 26 0.546742
8 1 0.523024
8 2 0.699729
8 3 0.590676
8 4 0.529340
8 5 0.521807
8 6 0.777855
8 7 0.516802
8 8 0.571452
8 9 0.529783
8 10 0.507699
8 11 0.540711
8 12 0.515718
8 13 0.530697
8 14 0.769274
8 15 0.530626
8 16 0.642887
8 17 0.596326
8 18 0.522810
8 19 0.500001
8 20 0.515375
8 21 0.595448
8 22 0.553539
8 23 0.725086
8 24 0.525097
8 25 0.501164
8 26 0.569157
9 1 0.549058
9 2 0.695759
9 3 0.631697
9 4 0.505239
9 5 0.541779
9 6 0.802809
9 7 0.517076
9 8 0.529783
9 9 0.559001
9 10 0.506677
9 11 0.566260
9 12 0.530355
9 13 0.559826
9 14 0.663704
9 15 0.566079
9 16 0.604804
9 17 0.630363
9 18 0.557426
9 19 0.500000
9 20 0.590835
9 21 0.656627
9 22 0.553376
9 23 0.628189
9 24 0.557837
9 25 0.506191
10 1 0.507666
10 2 0.526136
10 3 0.532309
10 4 0.492814
10 5 0.504521
10 6 0.649220
10 7 0.512005
10 8 0.507699
10 9 0.506677
10 10 0.515498
10 11 0.504645
10 12 0.532636
10 13 0.508187
10 14 0.674265
10 15 0.517178
10 16 0.563022
10 17 0.536452
10 18 0.512184
10 19 0.500000
10 20 0.585240
10 21 0.569283
10 22 0.535198
10 23 0.526925
10 24 0.506538
10 25 0.510389
10 26 0.521944
11 1 0.558356
11 2 0.673893
11 3 0.652702
11 4 0.515712
11 5 0.550009
11 6 0.855065
11 7 0.522685
11 8 0.540711
11 9 0.566260
11 10 0.504645
11 11 0.592405
11 12 0.535972
11 13 0.570525
11 14 0.684953
11 15 0.589483
11 16 0.624210
11 17 0.650876
11 18 0.557148
11 19 0.500000
11 20 0.584094
11 21 0.646478
11 22 0.553267
11 23 0.674191
11 24 0.568927
11 25 0.506714
12 1 0.529407
12 2 0.599603
12 3 0.618912
12 4 0.454671
12 5 0.518031
12 6 0.965861
12 7 0.516896
12 8 0.515718
12 9 0.530355
12 10 0.532636
12 11 0.535972
12 12 0.676579
12 13 0.535115
12 14 0.950766
12 15 0.606582
12 16 0.651482
12 17 0.633466
12 18 0.497997
12 19 0.500000
12 20 0.684683
12 21 0.689114
12 22 0.614841
12 23 0.512407
12 24 0.527853
12 25 0.528525
12 26 0.576443
13 1 0.553040
13 2 0.685145
13 3 0.637904
13 4 0.504778
13 5 0.546057
13 6 0.792159
13 7 0.521141
13 8 0.530697
13 9 0.559826
13 10 0.508187
13 11 0.570525
13 12 0.535115
13 13 0.566456
13 14 0.615121
13 15 0.556554
13 16 0.602119
13 17 0.635447
13 18 0.566317
13 19 0.500000
13 20 0.600062
13 21 0.647301
13 22 0.557183
13 23 0.620819
13 24 0.561777
13 25 0.506019
14 1 0.589038
14 2 0.999809
14 3 0.966573
14 4 0.737836
14 5 0.612375
14 6 1.000000
14 7 0.609538
14 8 0.769274
14 9 0.663704
14 10 0.674265
14 11 0.684953
14 12 0.950766
14 13 0.615121
14 14 1.000000
14 15 0.970225
14 16 0.999729
14 17 0.981251
14 18 0.610990
14 19 0.500012
14 20 0.954417
14 21 0.999125
14 22 0.927098
14 23 0.998360
14 24 0.559977
14 25 0.829451
15 1 0.550434
15 2 0.684530
15 3 0.602732
15 4 0.495336
15 5 0.536253
15 6 0.978135
15 7 0.501325
15 8 0.530626
15 9 0.566079
15 10 0.517178
15 11 0.589483
15 12 0.606582
15 13 0.556554
15 14 0.970225
15 15 0.797746
15 16 0.628754
15 17 0.600253
15 18 0.503076
15 19 0.499999
15 20 0.606954
15 21 0.634871
15 22 0.624861
15 23 0.697535
15 24 0.549488
15 25 0.537706
15 26 0.612439
16 1 0.587021
16 2 0.936684
16 3 0.853429
16 4 0.588649
16 5 0.575374
16 6 0.998967
16 7 0.561165
16 8 0.642887
16 9 0.604804
16 10 0.563022
16 11 0.624210
16 12 0.651482
16 13 0.602119
16 14 0.999729
16 15 0.628754
16 16 0.957317
16 17 0.876443
16 18 0.629312
16 19 0.500005
16 20 0.844061
16 21 0.954759
16 22 0.699072
16 23 0.953344
16 24 0.595571
16 25 0.597972
16 26 0.769071
17 1 0.613550
17 2 0.898533
17 4 0.528380
17 5 0.590292
17 6 0.993141
17 7 0.557216
17 8 0.596326
17 9 0.630363
17 10 0.536452
17 11 0.650876
17 12 0.633466
17 13 0.635447
17 14 0.981251
17 15 0.600253
17 16 0.876443
17 17 0.870370
17 18 0.632261
17 19 0.500002
17 20 0.744545
17 21 0.908049
17 22 0.664002
17 23 0.873790
17 24 0.632528
17 25 0.532567
17 26 0.784241
18 1 0.552143
18 2 0.724374
18 3 0.637547
18 4 0.532313
18 5 0.550560
18 6 0.647366
18 7 0.535278
18 8 0.522810
18 9 0.557426
18 10 0.512184
18 11 0.557148
18 12 0.497997
18 13 0.566317
18 14 0.610990
18 15 0.503076
18 16 0.629312
18 17 0.632261
18 18 0.614230
18 19 0.500000
18 20 0.653547
18 21 0.709172
18 22 0.538481
18 23 0.623849
18 24 0.560369
18 25 0.517165
19 1 0.500000
19 2 0.500000
19 3 0.500002
19 4 0.500001
19 5 0.500000
19 6 0.500002
19 7 0.500001
19 8 0.500001
19 9 0.500000
19 10 0.500000
19 11 0.500000
19 12 0.500000
19 13 0.500000
19 14 0.500012
19 15 0.499999
19 16 0.500005
19 17 0.500002
19 18 0.500000
19 19 0.500000
19 20 0.500000
19 21 0.500001
19 22 0.500000
19 23 0.500004
19 24 0.500000
19 25 0.500001
19 26 0.500000
20 1 0.594759
20 2 0.684162
20 3 0.737532
20 4 0.454687
20 5 0.570084
20 6 0.987749
20 7 0.556863
20 8 0.515375
20 9 0.590835
20 10 0.585240
20 11 0.584094
20 12 0.684683
20 13 0.600062
20 14 0.954417
20 15 0.606954
20 16 0.844061
20 17 0.744545
20 18 0.653547
20 19 0.500000
20 20 0.973286
20 21 0.936152
20 22 0.685681
20 23 0.651861
20 24 0.602227
20 25 0.591340
20 26 0.729894
21 1 0.631413
21 2 0.958947
21 3 0.894029
21 4 0.558616
21 5 0.602495
21 6 0.999194
21 7 0.560587
21 8 0.595448
21 9 0.656627
21 10 0.569283
21 11 0.646478
21 12 0.689114
21 13 0.647301
21 14 0.999125
21 15 0.634871
21 16 0.954759
21 17 0.908049
21 18 0.709172
21 19 0.500001
21 20 0.936152
21 21 0.989407
21 22 0.711183
21 23 0.936036
21 24 0.647240
21 25 0.590027
21 26 0.829604
22 1 0.545792
22 2 0.748124
22 3 0.653351
22 5 0.532584
22 6 0.960321
22 7 0.521510
22 8 0.553539
22 9 0.553376
22 10 0.535198
22 11 0.553267
22 12 0.614841
22 13 0.557183
22 14 0.927098
22 15 0.624861
22 16 0.699072
22 17 0.664002
22 18 0.538481
22 19 0.500000
22 20 0.685681
22 21 0.711183
22 22 0.651593
22 23 0.695399
22 24 0.546866
22 25 0.518714
22 26 0.619572
23 1 0.601601
23 2 0.972662
23 3 0.856756
23 4 0.678241
23 5 0.582951
23 6 0.998248
23 7 0.534674
23 8 0.725086
23 9 0.628189
23 10 0.526925
23 11 0.674191
23 12 0.512407
23 13 0.620819
23 14 0.998360
23 15 0.697535
23 16 0.953344
23 17 0.873790
23 18 0.623849
23 19 0.500004
23 20 0.651861
23 21 0.936036
23 22 0.695399
23 23 0.993014
23 24 0.611260
23 25 0.531358
23 26 0.784865
24 1 0.551051
24 2 0.656807
24 3 0.634308
24 4 0.501743
24 5 0.542758
24 6 0.767351
24 7 0.519535
24 8 0.525097
24 9 0.557837
24 10 0.506538
24 11 0.568927
24 12 0.527853
24 13 0.561777
24 14 0.559977
24 15 0.549488
24 16 0.595571
24 17 0.632528
24 18 0.560369
24 19 0.500000
24 20 0.602227
24 21 0.647240
24 22 0.546866
24 23 0.611260
24 24 0.560931
24 25 0.504211
25 1 0.505119
25 2 0.535578
25 3 0.527782
25 4 0.505119
25 5 0.508269
25 6 0.717817
25 7 0.505778
25 8 0.501164
25 9 0.506191
25 10 0.510389
25 11 0.506714
25 12 0.528525
25 13 0.506019
25 14 0.829451
25 15 0.537706
25 16 0.597972
25 17 0.532567
25 18 0.517165
25 19 0.500001
25 20 0.591340
25 21 0.590027
25 22 0.518714
25 23 0.531358
25 24 0.504211
25 25 0.537367
26 2 0.844173
26 6 0.964300
26 7 0.546742
26 8 0.569157
26 10 0.521944
26 12 0.576443
26 15 0.612439
26 16 0.769071
26 17 0.784241
26 19 0.500000
26 20 0.729894
26 21 0.829604
26 22 0.619572
26 23 0.784865
26 26 0.755692
