1 26 0.713399
3 17 0.732726
3 26 0.855816
4 22 0.521216
4 26 0.672075
5 26 0.748413
9 26 0.727946
11 26 0.760201
13 26 0.739659
14 26 0.906188
17 3 0.732726
18 26 0.873784
22 4 0.521216
24 26 0.750405
25 26 0.616787
26 1 0.713399
26 3 0.855816
26 4 0.672075
26 5 0.748413
26 9 0.727946
26 11 0.760201
26 13 0.739659
26 14 0.906188
26 18 0.873784
26 24 0.750405
26 25 0.616787
1 1 0.581840
1 2 0.765081
1 3 0.639129
1 4 0.564691
1 5 0.594530
1 6 0.888551
1 7 0.520418
1 8 0.615491
1 9 0.580066
1 10 0.513229
1 11 0.581622
1 12 0.569225
1 13 0.589307
1 14 0.706090
1 15 0.573415
1 16 0.644612
1 17 0.605287
1 18 0.648056
1 19 0.500002
1 20 0.610732
1 21 0.830291
1 22 0.511832
1 23 0.700168
1 24 0.597406
1 25 0.532868
2 1 0.765081
2 2 0.994381
2 3 0.897164
2 4 0.743604
2 5 0.796485
2 6 0.999674
2 7 0.567168
2 8 0.877776
2 9 0.790502
2 10 0.551094
2 11 0.825442
2 12 0.712688
2 13 0.789369
2 14 0.950700
2 15 0.777252
2 16 0.928122
2 17 0.877450
2 18 0.893122
2 19 0.500005
2 20 0.818925
2 21 0.997300
2 22 0.587888
2 23 0.959125
2 24 0.800895
2 25 0.632495
2 26 0.964591
3 1 0.639129
3 2 0.897164
3 3 0.786989
3 4 0.615981
3 5 0.667692
3 6 0.979799
3 7 0.534294
3 8 0.751315
3 9 0.654055
3 10 0.525183
3 11 0.733083
3 12 0.640109
3 13 0.664897
3 14 0.786768
3 15 0.631834
3 16 0.837652
3 18 0.762802
3 19 0.500000
3 20 0.683066
3 21 0.969786
3 22 0.529920
3 23 0.865931
3 24 0.671209
3 25 0.575033
4 1 0.564691
4 2 0.743604
4 3 0.615981
4 4 0.560092
4 5 0.575406
4 6 0.869678
4 7 0.517339
4 8 0.594523
4 9 0.566390
4 10 0.512277
4 11 0.601912
4 12 0.549804
4 13 0.571282
4 14 0.660417
4 15 0.558522
4 16 0.633959
4 17 0.600429
4 18 0.608658
4 19 0.500001
4 20 0.589171
4 21 0.779074
4 23 0.666363
4 24 0.577041
4 25 0.527019
5 1 0.594530
5 2 0.796485
5 3 0.667692
5 4 0.575406
5 5 0.611450
5 6 0.921475
5 7 0.524007
5 8 0.639781
5 9 0.595090
5 10 0.515544
5 11 0.607405
5 12 0.578829
5 13 0.604495
5 14 0.727119
5 15 0.578270
5 16 0.677222
5 17 0.622971
5 18 0.678058
5 19 0.500002
5 20 0.617613
5 21 0.878202
5 22 0.514980
5 23 0.729235
5 24 0.612798
5 25 0.538960
6 1 0.888551
6 2 0.999674
6 3 0.979799
6 4 0.869678
6 5 0.921475
6 6 1.000000
6 7 0.630330
6 8 0.967784
6 9 0.870949
6 10 0.619388
6 11 0.975465
6 12 0.898398
6 13 0.910254
6 14 0.995876
6 15 0.827568
6 16 0.986159
6 17 0.975973
6 18 0.970666
6 19 0.500013
6 20 0.877017
6 21 0.999964
6 22 0.650436
6 23 0.997646
6 24 0.924417
6 25 0.653164
6 26 0.997047
7 1 0.520418
7 2 0.567168
7 3 0.534294
7 4 0.517339
7 5 0.524007
7 6 0.630330
7 7 0.513479
7 8 0.521767
7 9 0.530683
7 10 0.509916
7 11 0.545422
7 12 0.522541
7 13 0.523019
7 14 0.549446
7 15 0.533855
7 16 0.547695
7 17 0.519929
7 18 0.551866
7 19 0.500002
7 20 0.580311
7 21 0.618933
7 22 0.504829
7 23 0.560685
7 24 0.525321
7 25 0.526125
7 26 0.562395
8 1 0.615491
8 2 0.877776
8 3 0.751315
8 4 0.594523
8 5 0.639781
8 6 0.967784
8 7 0.521767
8 8 0.773048
8 9 0.644666
8 10 0.523824
8 11 0.680107
8 12 0.644775
8 13 0.639478
8 14 0.729083
8 15 0.614106
8 16 0.789300
8 17 0.747786
8 18 0.748478
8 19 0.500000
8 20 0.619026
8 21 0.953115
8 22 0.521387
8 23 0.843503
8 24 0.640821
8 25 0.566029
8 26 0.814476
9 1 0.580066
9 2 0.790502
9 3 0.654055
9 4 0.566390
9 5 0.595090
9 6 0.870949
9 7 0.530683
9 8 0.644666
9 9 0.658703
9 10 0.520211
9 11 0.593398
9 12 0.573584
9 13 0.595213
9 14 0.662073
9 15 0.628285
9 16 0.664667
9 17 0.619564
9 18 0.692539
9 19 0.500002
9 20 0.685637
9 21 0.858726
9 22 0.516722
9 23 0.686080
9 24 0.598067
9 25 0.580821
10 1 0.513229
10 2 0.551094
10 3 0.525183
10 4 0.512277
10 5 0.515544
10 6 0.619388
10 7 0.509916
10 8 0.523824
10 9 0.520211
10 10 0.513085
10 11 0.548120
10 12 0.524217
10 13 0.515353
10 14 0.533994
10 15 0.532211
10 16 0.544685
10 17 0.531212
10 18 0.536310
10 19 0.500002
10 20 0.558497
10 21 0.585392
10 22 0.504354
10 23 0.554343
10 24 0.515625
10 25 0.522562
10 26 0.543809
11 1 0.581622
11 2 0.825442
11 3 0.733083
11 4 0.601912
11 5 0.607405
11 6 0.975465
11 7 0.545422
11 8 0.680107
11 9 0.593398
11 10 0.548120
11 11 0.881025
11 12 0.623922
11 13 0.608315
11 14 0.634034
11 15 0.593306
11 16 0.849844
11 17 0.695844
11 18 0.656606
11 19 0.500003
11 20 0.757938
11 21 0.936700
11 22 0.561871
11 23 0.834355
11 24 0.611650
11 25 0.600184
12 1 0.569225
12 2 0.712688
12 3 0.640109
12 4 0.549804
12 5 0.578829
12 6 0.898398
12 7 0.522541
12 8 0.644775
12 9 0.573584
12 10 0.524217
12 11 0.623922
12 12 0.633731
12 13 0.583846
12 14 0.671885
12 15 0.591409
12 16 0.661974
12 17 0.633438
12 18 0.638938
12 19 0.500003
12 20 0.650165
12 21 0.819997
12 22 0.501815
12 23 0.759788
12 24 0.589984
12 25 0.552352
12 26 0.695461
13 1 0.589307
13 2 0.789369
13 3 0.664897
13 4 0.571282
13 5 0.604495
13 6 0.910254
13 7 0.523019
13 8 0.639478
13 9 0.595213
13 10 0.515353
13 11 0.608315
13 12 0.583846
13 13 0.601782
13 14 0.713730
13 15 0.583741
13 16 0.682353
13 17 0.623354
13 18 0.668962
13 19 0.500002
13 20 0.630454
13 21 0.867509
13 22 0.514190
13 23 0.735954
13 24 0.608632
13 25 0.544170
14 1 0.706090
14 2 0.950700
14 3 0.786768
14 4 0.660417
14 5 0.727119
14 6 0.995876
14 7 0.549446
14 8 0.729083
14 9 0.662073
14 10 0.533994
14 11 0.634034
14 12 0.671885
14 13 0.713730
14 14 0.932233
14 15 0.686933
14 16 0.771720
14 17 0.737326
14 18 0.799872
14 19 0.500007
14 20 0.737596
14 21 0.970665
14 22 0.521499
14 23 0.891054
14 24 0.735811
14 25 0.550203
15 1 0.573415
15 2 0.777252
15 3 0.631834
15 4 0.558522
15 5 0.578270
15 6 0.827568
15 7 0.533855
15 8 0.614106
15 9 0.628285
15 10 0.532211
15 11 0.593306
15 12 0.591409
15 13 0.583741
15 14 0.686933
15 15 0.718807
15 16 0.686120
15 17 0.636865
15 18 0.641694
15 19 0.500002
15 20 0.733303
15 21 0.811621
15 22 0.513665
15 23 0.738183
15 24 0.585639
15 25 0.586046
15 26 0.703752
16 1 0.644612
16 2 0.928122
16 3 0.837652
16 4 0.633959
16 5 0.677222
16 6 0.986159
16 7 0.547695
16 8 0.789300
16 9 0.664667
16 10 0.544685
16 11 0.849844
16 12 0.661974
16 13 0.682353
16 14 0.771720
16 15 0.686120
16 16 0.933099
16 17 0.795595
16 18 0.784165
16 19 0.499999
16 20 0.781477
16 21 0.987239
16 22 0.554026
16 23 0.918946
16 24 0.682762
16 25 0.626595
16 26 0.888881
17 1 0.605287
17 2 0.877450
17 4 0.600429
17 5 0.622971
17 6 0.975973
17 7 0.519929
17 8 0.747786
17 9 0.619564
17 10 0.531212
17 11 0.695844
17 12 0.633438
17 13 0.623354
17 14 0.737326
17 15 0.636865
17 16 0.795595
17 17 0.792343
17 18 0.687104
17 19 0.500000
17 20 0.586980
17 21 0.915649
17 22 0.538253
17 23 0.842288
17 24 0.623844
17 25 0.544242
17 26 0.786394
18 1 0.648056
18 2 0.893122
18 3 0.762802
18 4 0.608658
18 5 0.678058
18 6 0.970666
18 7 0.551866
18 8 0.748478
18 9 0.692539
18 10 0.536310
18 11 0.656606
18 12 0.638938
18 13 0.668962
18 14 0.799872
18 15 0.641694
18 16 0.784165
18 17 0.687104
18 18 0.841060
18 19 0.500005
18 20 0.739352
18 21 0.979858
18 22 0.512429
18 23 0.833351
18 24 0.674303
18 25 0.615563
19 1 0.500002
19 2 0.500005
19 3 0.500000
19 4 0.500001
19 5 0.500002
19 6 0.500013
19 7 0.500002
19 8 0.500000
19 9 0.500002
19 10 0.500002
19 11 0.500003
19 12 0.500003
19 13 0.500002
19 14 0.500007
19 15 0.500002
19 16 0.499999
19 17 0.500000
19 18 0.500005
19 19 0.500000
19 20 0.500009
19 21 0.500006
19 22 0.500000
19 23 0.500003
19 24 0.500002
19 25 0.500002
19 26 0.500004
20 1 0.610732
20 2 0.818925
20 3 0.683066
20 4 0.589171
20 5 0.617613
20 6 0.877017
20 7 0.580311
20 8 0.619026
20 9 0.685637
20 10 0.558497
20 11 0.757938
20 12 0.650165
20 13 0.630454
20 14 0.737596
20 15 0.733303
20 16 0.781477
20 17 0.586980
20 18 0.739352
20 19 0.500009
20 20 0.959770
20 21 0.890824
20 22 0.513628
20 23 0.837464
20 24 0.650727
20 25 0.701284
20 26 0.776361
21 1 0.830291
21 2 0.997300
21 3 0.969786
21 4 0.779074
21 5 0.878202
21 6 0.999964
21 7 0.618933
21 8 0.953115
21 9 0.858726
21 10 0.585392
21 11 0.936700
21 12 0.819997
21 13 0.867509
21 14 0.970665
21 15 0.811621
21 16 0.987239
21 17 0.915649
21 18 0.979858
21 19 0.500006
21 20 0.890824
21 21 0.999982
21 22 0.573272
21 23 0.992877
21 24 0.872752
21 25 0.736629
21 26 0.994300
22 1 0.511832
22 2 0.587888
22 3 0.529920
22 5 0.514980
22 6 0.650436
22 7 0.504829
22 8 0.521387
22 9 0.516722
22 10 0.504354
22 11 0.561871
22 12 0.501815
22 13 0.514190
22 14 0.521499
22 15 0.513665
22 16 0.554026
22 17 0.538253
22 18 0.512429
22 19 0.500000
22 20 0.513628
22 21 0.573272
22 22 0.517789
22 23 0.537524
22 24 0.513737
22 25 0.507176
22 26 0.536323
23 1 0.700168
23 2 0.959125
23 3 0.865931
23 4 0.666363
23 5 0.729235
23 6 0.997646
23 7 0.560685
23 8 0.843503
23 9 0.686080
23 10 0.554343
23 11 0.834355
23 12 0.759788
23 13 0.735954
23 14 0.891054
23 15 0.738183
23 16 0.918946
23 17 0.842288
23 18 0.833351
23 19 0.500003
23 20 0.837464
23 21 0.992877
23 22 0.537524
23 23 0.974842
23 24 0.745043
23 25 0.623648
23 26 0.928457
24 1 0.597406
24 2 0.800895
24 3 0.671209
24 4 0.577041
24 5 0.612798
24 6 0.924417
24 7 0.525321
24 8 0.640821
24 9 0.598067
24 10 0.515625
24 11 0.611650
24 12 0.589984
24 13 0.608632
24 14 0.735811
24 15 0.585639
24 16 0.682762
24 17 0.623844
24 18 0.674303
24 19 0.500002
24 20 0.650727
24 21 0.872752
24 22 0.513737
24 23 0.745043
24 24 0.618732
24 25 0.544254
25 1 0.532868
25 2 0.632495
25 3 0.575033
25 4 0.527019
25 5 0.538960
25 6 0.653164
25 7 0.526125
25 8 0.566029
25 9 0.580821
25 10 0.522562
25 11 0.600184
25 12 0.552352
25 13 0.544170
25 14 0.550203
25 15 0.586046
25 16 0.626595
25 17 0.544242
25 18 0.615563
25 19 0.500002
25 20 0.701284
25 21 0.736629
25 22 0.507176
25 23 0.623648
25 24 0.544254
25 25 0.580811
26 2 0.964591
26 6 0.997047
26 7 0.562395
26 8 0.814476
26 10 0.543809
26 12 0.695461
26 15 0.703752
26 16 0.888881
26 17 0.786394
26 19 0.500004
26 20 0.776361
26 21 0.994300
26 22 0.536323
26 23 0.928457
26 26 0.940050
