1 26 0.664363
3 17 0.738516
3 26 0.801626
4 22 0.534660
4 26 0.655251
5 26 0.528780
9 26 0.704896
11 26 0.676919
13 26 0.691308
14 26 0.845543
17 3 0.738516
18 26 0.802648
22 4 0.534660
24 26 0.694876
25 26 0.676193
26 1 0.664363
26 3 0.801626
26 4 0.655251
26 5 0.528780
26 9 0.704896
26 11 0.676919
26 13 0.691308
26 14 0.845543
26 18 0.802648
26 24 0.694876
26 25 0.676193
1 1 0.553168
1 2 0.778316
1 3 0.604634
1 4 0.548955
1 5 0.508761
1 6 0.827776
1 7 0.521217
1 8 0.554775
1 9 0.566735
1 10 0.533618
1 11 0.551598
1 12 0.531433
1 13 0.563402
1 14 0.632670
1 15 0.747380
1 16 0.629958
1 17 0.608795
1 18 0.608261
1 19 0.500000
1 20 0.651661
1 21 0.674414
1 22 0.518929
1 23 0.605969
1 24 0.564288
1 25 0.557594
2 1 0.778316
2 2 0.999999
2 3 0.920408
2 4 0.735354
2 5 0.556396
2 6 0.999982
2 7 0.567800
2 8 0.831629
2 9 0.811982
2 10 0.686111
2 11 0.879877
2 12 0.788379
2 13 0.813213
2 14 0.934535
2 15 0.997974
2 16 0.915613
2 17 0.963896
2 18 0.937888
2 19 0.500001
2 20 0.977409
2 21 0.998269
2 22 0.598807
2 23 0.932370
2 24 0.820471
2 25 0.798911
2 26 0.984296
3 1 0.604634
3 2 0.920408
3 3 0.737302
3 4 0.602769
3 5 0.519842
3 6 0.968327
3 7 0.553006
3 8 0.634268
3 9 0.633994
3 10 0.577001
3 11 0.653890
3 12 0.586669
3 13 0.625204
3 14 0.705070
3 15 0.917452
3 16 0.809823
3 18 0.702737
3 19 0.500000
3 20 0.810949
3 21 0.852402
3 22 0.548646
3 23 0.800972
3 24 0.627380
3 25 0.610318
4 1 0.548955
4 2 0.735354
4 3 0.602769
4 4 0.559182
4 5 0.513916
4 6 0.888923
4 7 0.522784
4 8 0.562845
4 9 0.565670
4 10 0.538408
4 11 0.560365
4 12 0.537402
4 13 0.557193
4 14 0.623660
4 15 0.750400
4 16 0.661153
4 17 0.600304
4 18 0.596792
4 19 0.500000
4 20 0.677388
4 21 0.656895
4 23 0.659756
4 24 0.558015
4 25 0.549313
5 1 0.508761
5 2 0.556396
5 3 0.519842
5 4 0.513916
5 5 0.508224
5 6 0.586899
5 7 0.509417
5 8 0.507510
5 9 0.512778
5 10 0.507998
5 11 0.519140
5 12 0.514128
5 13 0.510520
5 14 0.514774
5 15 0.584962
5 16 0.527770
5 17 0.515604
5 18 0.518327
5 19 0.500000
5 20 0.549066
5 21 0.534344
5 22 0.511000
5 23 0.547187
5 24 0.508596
5 25 0.508777
6 1 0.827776
6 2 0.999982
6 3 0.968327
6 4 0.888923
6 5 0.586899
6 6 1.000000
6 7 0.599945
6 8 0.976323
6 9 0.901273
6 10 0.874831
6 11 0.974654
6 12 0.849257
6 13 0.844029
6 14 0.990213
6 15 0.999851
6 16 0.999823
6 17 0.987490
6 18 0.936870
6 19 0.500006
6 20 0.999538
6 21 0.999308
6 22 0.803877
6 23 0.999607
6 24 0.859050
6 25 0.791514
6 26 0.995601
7 1 0.521217
7 2 0.567800
7 3 0.553006
7 4 0.522784
7 5 0.509417
7 6 0.599945
7 7 0.529458
7 8 0.507697
7 9 0.529715
7 10 0.516795
7 11 0.534559
7 12 0.522621
7 13 0.526315
7 14 0.535884
7 15 0.693477
7 16 0.580774
7 17 0.542014
7 18 0.539280
7 19 0.500000
7 20 0.582614
7 21 0.556384
7 22 0.513441
7 23 0.597491
7 24 0.524014
7 25 0.523999
7 26 0.570445
8 1 0.554775
8 2 0.831629
8 3 0.634268
8 4 0.562845
8 5 0.507510
8 6 0.976323
8 7 0.507697
8 8 0.674120
8 9 0.567495
8 10 0.570396
8 11 0.637163
8 12 0.546593
8 13 0.559912
8 14 0.635727
8 15 0.732406
8 16 0.754611
8 17 0.668158
8 18 0.597470
8 19 0.500002
8 20 0.781679
8 21 0.751677
8 22 0.534611
8 23 0.748513
8 24 0.567652
8 25 0.545913
8 26 0.668918
9 1 0.566735
9 2 0.811982
9 3 0.633994
9 4 0.565670
9 5 0.512778
9 6 0.901273
9 7 0.529715
9 8 0.567495
9 9 0.588472
9 10 0.545177
9 11 0.570866
9 12 0.543283
9 13 0.579288
9 14 0.663493
9 15 0.817536
9 16 0.693788
9 17 0.636010
9 18 0.632751
9 19 0.500000
9 20 0.687550
9 21 0.713880
9 22 0.529357
9 23 0.649364
9 24 0.579291
9 25 0.570919
10 1 0.533618
10 2 0.686111
10 3 0.577001
10 4 0.538408
10 5 0.507998
10 6 0.874831
10 7 0.516795
10 8 0.570396
10 9 0.545177
10 10 0.544339
10 11 0.574873
10 12 0.526696
10 13 0.534882
10 14 0.589783
10 15 0.698452
10 16 0.652675
10 17 0.584062
10 18 0.560438
10 19 0.500001
10 20 0.677356
10 21 0.650203
10 22 0.523100
10 23 0.662452
10 24 0.537865
10 25 0.529983
10 26 0.612022
11 1 0.551598
11 2 0.879877
11 3 0.653890
11 4 0.560365
11 5 0.519140
11 6 0.974654
11 7 0.534559
11 8 0.637163
11 9 0.570866
11 10 0.574873
11 11 0.742804
11 12 0.586523
11 13 0.561378
11 14 0.584701
11 15 0.856273
11 16 0.814760
11 17 0.678072
11 18 0.594413
11 19 0.500003
11 20 0.747556
11 21 0.785529
11 22 0.540861
11 23 0.827663
11 24 0.558252
11 25 0.541960
12 1 0.531433
12 2 0.788379
12 3 0.586669
12 4 0.537402
12 5 0.514128
12 6 0.849257
12 7 0.522621
12 8 0.546593
12 9 0.543283
12 10 0.526696
12 11 0.586523
12 12 0.571161
12 13 0.538622
12 14 0.530810
12 15 0.736281
12 16 0.648421
12 17 0.606512
12 18 0.558757
12 19 0.500000
12 20 0.628884
12 21 0.695319
12 22 0.528876
12 23 0.671355
12 24 0.536452
12 25 0.532774
12 26 0.613168
13 1 0.563402
13 2 0.813213
13 3 0.625204
13 4 0.557193
13 5 0.510520
13 6 0.844029
13 7 0.526315
13 8 0.559912
13 9 0.579288
13 10 0.534882
13 11 0.561378
13 12 0.538622
13 13 0.578284
13 14 0.652588
13 15 0.785227
13 16 0.649829
13 17 0.628014
13 18 0.629255
13 19 0.499999
13 20 0.657523
13 21 0.693139
13 22 0.520208
13 23 0.611178
13 24 0.577712
13 25 0.570094
14 1 0.632670
14 2 0.934535
14 3 0.705070
14 4 0.623660
14 5 0.514774
14 6 0.990213
14 7 0.535884
14 8 0.635727
14 9 0.663493
14 10 0.589783
14 11 0.584701
14 12 0.530810
14 13 0.652588
14 14 0.861333
14 15 0.912045
14 16 0.774190
14 17 0.715780
14 18 0.749783
14 19 0.499999
14 20 0.820197
14 21 0.792333
14 22 0.541418
14 23 0.667567
14 24 0.656709
14 25 0.639917
15 1 0.747380
15 2 0.997974
15 3 0.917452
15 4 0.750400
15 5 0.584962
15 6 0.999851
15 7 0.693477
15 8 0.732406
15 9 0.817536
15 10 0.698452
15 11 0.856273
15 12 0.736281
15 13 0.785227
15 14 0.912045
15 15 0.999734
15 16 0.983542
15 17 0.918082
15 18 0.897166
15 19 0.500000
15 20 0.976328
15 21 0.980395
15 22 0.640424
15 23 0.974417
15 24 0.774253
15 25 0.759270
15 26 0.973690
16 1 0.629958
16 2 0.915613
16 3 0.809823
16 4 0.661153
16 5 0.527770
16 6 0.999823
16 7 0.580774
16 8 0.754611
16 9 0.693788
16 10 0.652675
16 11 0.814760
16 12 0.648421
16 13 0.649829
16 14 0.774190
16 15 0.983542
16 16 0.979075
16 17 0.826573
16 18 0.718904
16 19 0.500000
16 20 0.908714
16 21 0.904985
16 22 0.606808
16 23 0.953798
16 24 0.649448
16 25 0.613398
16 26 0.867159
17 1 0.608795
17 2 0.963896
17 4 0.600304
17 5 0.515604
17 6 0.987490
17 7 0.542014
17 8 0.668158
17 9 0.636010
17 10 0.584062
17 11 0.678072
17 12 0.606512
17 13 0.628014
17 14 0.715780
17 15 0.918082
17 16 0.826573
17 17 0.782548
17 18 0.703907
17 19 0.500000
17 20 0.823560
17 21 0.895401
17 22 0.546842
17 23 0.812410
17 24 0.633241
17 25 0.614577
17 26 0.815135
18 1 0.608261
18 2 0.937888
18 3 0.702737
18 4 0.596792
18 5 0.518327
18 6 0.936870
18 7 0.539280
18 8 0.597470
18 9 0.632751
18 10 0.560438
18 11 0.594413
18 12 0.558757
18 13 0.629255
18 14 0.749783
18 15 0.897166
18 16 0.718904
18 17 0.703907
18 18 0.723407
18 19 0.499999
18 20 0.770254
18 21 0.811453
18 22 0.534289
18 23 0.678980
18 24 0.630808
18 25 0.619117
19 1 0.500000
19 2 0.500001
19 3 0.500000
19 4 0.500000
19 5 0.500000
19 6 0.500006
19 7 0.500000
19 8 0.500002
19 9 0.500000
19 10 0.500001
19 11 0.500003
19 12 0.500000
19 13 0.499999
19 14 0.499999
19 15 0.500000
19 16 0.500000
19 17 0.500000
19 18 0.499999
19 19 0.500000
19 20 0.500006
19 21 0.500003
19 22 0.500000
19 23 0.500005
19 24 0.500000
19 25 0.499999
19 26 0.499999
20 1 0.651661
20 2 0.977409
20 3 0.810949
20 4 0.677388
20 5 0.549066
20 6 0.999538
20 7 0.582614
20 8 0.781679
20 9 0.687550
20 10 0.677356
20 11 0.747556
20 12 0.628884
20 13 0.657523
20 14 0.820197
20 15 0.976328
20 16 0.908714
20 17 0.823560
20 18 0.770254
20 19 0.500006
20 20 0.978112
20 21 0.946146
20 22 0.613331
20 23 0.958702
20 24 0.672760
20 25 0.644527
20 26 0.889687
21 1 0.674414
21 2 0.998269
21 3 0.852402
21 4 0.656895
21 5 0.534344
21 6 0.999308
21 7 0.556384
21 8 0.751677
21 9 0.713880
21 10 0.650203
21 11 0.785529
21 12 0.695319
21 13 0.693139
21 14 0.792333
21 15 0.980395
21 16 0.904985
21 17 0.895401
21 18 0.811453
21 19 0.500003
21 20 0.946146
21 21 0.991004
21 22 0.582377
21 23 0.926819
21 24 0.701042
21 25 0.678696
21 26 0.924231
22 1 0.518929
22 2 0.598807
22 3 0.548646
22 5 0.511000
22 6 0.803877
22 7 0.513441
22 8 0.534611
22 9 0.529357
22 10 0.523100
22 11 0.540861
22 12 0.528876
22 13 0.520208
22 14 0.541418
22 15 0.640424
22 16 0.606808
22 17 0.546842
22 18 0.534289
22 19 0.500000
22 20 0.613331
22 21 0.582377
22 22 0.529658
22 23 0.634320
22 24 0.520823
22 25 0.515840
22 26 0.568132
23 1 0.605969
23 2 0.932370
23 3 0.800972
23 4 0.659756
23 5 0.547187
23 6 0.999607
23 7 0.597491
23 8 0.748513
23 9 0.649364
23 10 0.662452
23 11 0.827663
23 12 0.671355
23 13 0.611178
23 14 0.667567
23 15 0.974417
23 16 0.953798
23 17 0.812410
23 18 0.678980
23 19 0.500005
23 20 0.958702
23 21 0.926819
23 22 0.634320
23 23 0.983226
23 24 0.621322
23 25 0.589467
23 26 0.835854
24 1 0.564288
24 2 0.820471
24 3 0.627380
24 4 0.558015
24 5 0.508596
24 6 0.859050
24 7 0.524014
24 8 0.567652
24 9 0.579291
24 10 0.537865
24 11 0.558252
24 12 0.536452
24 13 0.577712
24 14 0.656709
24 15 0.774253
24 16 0.649448
24 17 0.633241
24 18 0.630808
24 19 0.500000
24 20 0.672760
24 21 0.701042
24 22 0.520823
24 23 0.621322
24 24 0.579616
24 25 0.570703
25 1 0.557594
25 2 0.798911
25 3 0.610318
25 4 0.549313
25 5 0.508777
25 6 0.791514
25 7 0.523999
25 8 0.545913
25 9 0.570919
25 10 0.529983
25 11 0.541960
25 12 0.532774
25 13 0.570094
25 14 0.639917
25 15 0.759270
25 16 0.613398
25 17 0.614577
25 18 0.619117
25 19 0.499999
25 20 0.644527
25 21 0.678696
25 22 0.515840
25 23 0.589467
25 24 0.570703
25 25 0.565604
26 2 0.984296
26 6 0.995601
26 7 0.570445
26 8 0.668918
26 10 0.612022
26 12 0.613168
26 15 0.973690
26 16 0.867159
26 17 0.815135
26 19 0.499999
26 20 0.889687
26 21 0.924231
26 22 0.568132
26 23 0.835854
26 26 0.903271
