1 26 0.683682
3 17 0.703781
3 26 0.719901
4 22 0.532515
4 26 0.656229
5 26 0.672895
9 26 0.704327
11 26 0.839746
13 26 0.562189
14 26 0.910555
17 3 0.703781
18 26 0.649123
22 4 0.532515
24 26 0.694831
25 26 0.670770
26 1 0.683682
26 3 0.719901
26 4 0.656229
26 5 0.672895
26 9 0.704327
26 11 0.839746
26 13 0.562189
26 14 0.910555
26 18 0.649123
26 24 0.694831
26 25 0.670770
1 1 0.573836
1 2 0.689318
1 3 0.586356
1 4 0.560923
1 5 0.568759
1 6 0.847628
1 7 0.512647
1 8 0.592220
1 9 0.582857
1 10 0.519903
1 11 0.654995
1 12 0.530562
1 13 0.523828
1 14 0.708980
1 15 0.575429
1 16 0.638802
1 17 0.575702
1 18 0.549983
1 19 0.500001
1 20 0.499905
1 21 0.789628
1 22 0.528754
1 23 0.625631
1 24 0.577803
1 25 0.567098
2 1 0.689318
2 2 0.984298
2 3 0.775193
2 4 0.636134
2 5 0.681108
2 6 0.997372
2 7 0.561603
2 8 0.717872
2 9 0.693365
2 10 0.574342
2 11 0.867251
2 12 0.621949
2 13 0.575217
2 14 0.909418
2 15 0.787836
2 16 0.863562
2 17 0.716907
2 18 0.941559
2 19 0.500008
2 20 0.727938
2 21 0.995984
2 22 0.555242
2 23 0.755624
2 24 0.684323
2 25 0.682198
2 26 0.885599
3 1 0.586356
3 2 0.775193
3 3 0.954388
3 4 0.586282
3 5 0.570656
3 6 0.670802
3 7 0.544810
3 8 0.673814
3 9 0.614126
3 10 0.528839
3 11 0.759317
3 12 0.572589
3 13 0.474663
3 14 0.737606
3 15 0.569004
3 16 0.756002
3 18 0.860624
3 19 0.499999
3 20 0.611283
3 21 0.983459
3 22 0.549805
3 23 0.690570
3 24 0.629193
3 25 0.562279
4 1 0.560923
4 2 0.636134
4 3 0.586282
4 4 0.559086
4 5 0.556432
4 6 0.820419
4 7 0.511135
4 8 0.585992
4 9 0.570163
4 10 0.512359
4 11 0.647584
4 12 0.539800
4 13 0.520366
4 14 0.677350
4 15 0.559440
4 16 0.602105
4 17 0.558827
4 18 0.540739
4 19 0.500001
4 20 0.494666
4 21 0.751295
4 23 0.631655
4 24 0.569477
4 25 0.558986
5 1 0.568759
5 2 0.681108
5 3 0.570656
5 4 0.556432
5 5 0.566859
5 6 0.838632
5 7 0.510679
5 8 0.582663
5 9 0.576566
5 10 0.518835
5 11 0.637081
5 12 0.525158
5 13 0.522066
5 14 0.697334
5 15 0.577742
5 16 0.635123
5 17 0.572771
5 18 0.541812
5 19 0.500001
5 20 0.508055
5 21 0.768184
5 22 0.526124
5 23 0.602017
5 24 0.571779
5 25 0.562850
6 1 0.847628
6 2 0.997372
6 3 0.670802
6 4 0.820419
6 5 0.838632
6 6 1.000000
6 7 0.610557
6 8 0.931803
6 9 0.839714
6 10 0.590192
6 11 0.990793
6 12 0.815535
6 13 0.787179
6 14 0.994059
6 15 0.918471
6 16 0.969522
6 17 0.880597
6 18 0.941958
6 19 0.500011
6 20 0.869446
6 21 0.999943
6 22 0.689568
6 23 0.990346
6 24 0.853397
6 25 0.853925
6 26 0.988593
7 1 0.512647
7 2 0.561603
7 3 0.544810
7 4 0.511135
7 5 0.510679
7 6 0.610557
7 7 0.510971
7 8 0.525108
7 9 0.513897
7 10 0.506456
7 11 0.539869
7 12 0.510690
7 13 0.506910
7 14 0.536496
7 15 0.534311
7 16 0.541402
7 17 0.517670
7 18 0.613716
7 19 0.500001
7 20 0.536466
7 21 0.609734
7 22 0.506242
7 23 0.533124
7 24 0.514758
7 25 0.510196
7 26 0.532648
8 1 0.592220
8 2 0.717872
8 3 0.673814
8 4 0.585992
8 5 0.582663
8 6 0.931803
8 7 0.525108
8 8 0.703704
8 9 0.595354
8 10 0.512010
8 11 0.644722
8 12 0.535023
8 13 0.550268
8 14 0.760746
8 15 0.561270
8 16 0.677212
8 17 0.561715
8 18 0.661426
8 19 0.499999
8 20 0.601380
8 21 0.846764
8 22 0.545553
8 23 0.734177
8 24 0.618016
8 25 0.580392
8 26 0.727563
9 1 0.582857
9 2 0.693365
9 3 0.614126
9 4 0.570163
9 5 0.576566
9 6 0.839714
9 7 0.513897
9 8 0.595354
9 9 0.598216
9 10 0.524755
9 11 0.677854
9 12 0.537051
9 13 0.521163
9 14 0.729618
9 15 0.589070
9 16 0.655511
9 17 0.590978
9 18 0.537017
9 19 0.500001
9 20 0.482943
9 21 0.809488
9 22 0.534158
9 23 0.654987
9 24 0.588604
9 25 0.573546
10 1 0.519903
10 2 0.574342
10 3 0.528839
10 4 0.512359
10 5 0.518835
10 6 0.590192
10 7 0.506456
10 8 0.512010
10 9 0.524755
10 10 0.520921
10 11 0.593788
10 12 0.524011
10 13 0.525058
10 14 0.542640
10 15 0.566437
10 16 0.571177
10 17 0.543501
10 18 0.612815
10 19 0.500001
10 20 0.549849
10 21 0.603862
10 22 0.506672
10 23 0.584602
10 24 0.515256
10 25 0.515064
10 26 0.549389
11 1 0.654995
11 2 0.867251
11 3 0.759317
11 4 0.647584
11 5 0.637081
11 6 0.990793
11 7 0.539869
11 8 0.644722
11 9 0.677854
11 10 0.593788
11 11 0.973072
11 12 0.754952
11 13 0.668539
11 14 0.831569
11 15 0.797672
11 16 0.807198
11 17 0.769320
11 18 0.919331
11 19 0.500008
11 20 0.678354
11 21 0.986672
11 22 0.597789
11 23 0.938411
11 24 0.642511
11 25 0.664091
12 1 0.530562
12 2 0.621949
12 3 0.572589
12 4 0.539800
12 5 0.525158
12 6 0.815535
12 7 0.510690
12 8 0.535023
12 9 0.537051
12 10 0.524011
12 11 0.754952
12 12 0.648384
12 13 0.583847
12 14 0.572521
12 15 0.611351
12 16 0.567573
12 17 0.576934
12 18 0.682461
12 19 0.500002
12 20 0.647197
12 21 0.793202
12 22 0.529783
12 23 0.786877
12 24 0.528200
12 25 0.545756
12 26 0.579928
13 1 0.523828
13 2 0.575217
13 3 0.474663
13 4 0.520366
13 5 0.522066
13 6 0.787179
13 7 0.506910
13 8 0.550268
13 9 0.521163
13 10 0.525058
13 11 0.668539
13 12 0.583847
13 13 0.601894
13 14 0.550193
13 15 0.599083
13 16 0.585157
13 17 0.541149
13 18 0.719523
13 19 0.500001
13 20 0.700990
13 21 0.684953
13 22 0.514399
13 23 0.751987
13 24 0.518539
13 25 0.531285
14 1 0.708980
14 2 0.909418
14 3 0.737606
14 4 0.677350
14 5 0.697334
14 6 0.994059
14 7 0.536496
14 8 0.760746
14 9 0.729618
14 10 0.542640
14 11 0.831569
14 12 0.572521
14 13 0.550193
14 14 0.946342
14 15 0.680491
14 16 0.831321
14 17 0.666347
14 18 0.572439
14 19 0.500002
14 20 0.512337
14 21 0.978456
14 22 0.578401
14 23 0.756765
14 24 0.721145
14 25 0.697342
15 1 0.575429
15 2 0.787836
15 3 0.569004
15 4 0.559440
15 5 0.577742
15 6 0.918471
15 7 0.534311
15 8 0.561270
15 9 0.589070
15 10 0.566437
15 11 0.797672
15 12 0.611351
15 13 0.599083
15 14 0.680491
15 15 0.770896
15 16 0.749257
15 17 0.647421
15 18 0.862235
15 19 0.500003
15 20 0.743854
15 21 0.862772
15 22 0.533564
15 23 0.775328
15 24 0.562680
15 25 0.569409
15 26 0.686063
16 1 0.638802
16 2 0.863562
16 3 0.756002
16 4 0.602105
16 5 0.635123
16 6 0.969522
16 7 0.541402
16 8 0.677212
16 9 0.655511
16 10 0.571177
16 11 0.807198
16 12 0.567573
16 13 0.585157
16 14 0.831321
16 15 0.749257
16 16 0.852502
16 17 0.724848
16 18 0.826351
16 19 0.500002
16 20 0.714272
16 21 0.963729
16 22 0.546413
16 23 0.770594
16 24 0.641720
16 25 0.612539
16 26 0.813141
17 1 0.575702
17 2 0.716907
17 4 0.558827
17 5 0.572771
17 6 0.880597
17 7 0.517670
17 8 0.561715
17 9 0.590978
17 10 0.543501
17 11 0.769320
17 12 0.576934
17 13 0.541149
17 14 0.666347
17 15 0.647421
17 16 0.724848
17 17 0.719929
17 18 0.566986
17 19 0.500002
17 20 0.510935
17 21 0.909624
17 22 0.535301
17 23 0.731215
17 24 0.575538
17 25 0.556373
17 26 0.684334
18 1 0.549983
18 2 0.941559
18 3 0.860624
18 4 0.540739
18 5 0.541812
18 6 0.941958
18 7 0.613716
18 8 0.661426
18 9 0.537017
18 10 0.612815
18 11 0.919331
18 12 0.682461
18 13 0.719523
18 14 0.572439
18 15 0.862235
18 16 0.826351
18 17 0.566986
18 18 0.999973
18 19 0.500019
18 20 0.981302
18 21 0.996705
18 22 0.540501
18 23 0.802655
18 24 0.545577
18 25 0.580950
19 1 0.500001
19 2 0.500008
19 3 0.499999
19 4 0.500001
19 5 0.500001
19 6 0.500011
19 7 0.500001
19 8 0.499999
19 9 0.500001
19 10 0.500001
19 11 0.500008
19 12 0.500002
19 13 0.500001
19 14 0.500002
19 15 0.500003
19 16 0.500002
19 17 0.500002
19 18 0.500019
19 19 0.500000
19 20 0.500000
19 21 0.500015
19 22 0.500001
19 23 0.499999
19 24 0.500000
19 25 0.500002
19 26 0.500003
20 1 0.499905
20 2 0.727938
20 3 0.611283
20 4 0.494666
20 5 0.508055
20 6 0.869446
20 7 0.536466
20 8 0.601380
20 9 0.482943
20 10 0.549849
20 11 0.678354
20 12 0.647197
20 13 0.700990
20 14 0.512337
20 15 0.743854
20 16 0.714272
20 17 0.510935
20 18 0.981302
20 19 0.500000
20 20 0.969452
20 21 0.887513
20 22 0.493936
20 23 0.841104
20 24 0.496257
20 25 0.524032
20 26 0.512157
21 1 0.789628
21 2 0.995984
21 3 0.983459
21 4 0.751295
21 5 0.768184
21 6 0.999943
21 7 0.609734
21 8 0.846764
21 9 0.809488
21 10 0.603862
21 11 0.986672
21 12 0.793202
21 13 0.684953
21 14 0.978456
21 15 0.862772
21 16 0.963729
21 17 0.909624
21 18 0.996705
21 19 0.500015
21 20 0.887513
21 21 0.999999
21 22 0.637060
21 23 0.950878
21 24 0.808435
21 25 0.800431
21 26 0.971609
22 1 0.528754
22 2 0.555242
22 3 0.549805
22 5 0.526124
22 6 0.689568
22 7 0.506242
22 8 0.545553
22 9 0.534158
22 10 0.506672
22 11 0.597789
22 12 0.529783
22 13 0.514399
22 14 0.578401
22 15 0.533564
22 16 0.546413
22 17 0.535301
22 18 0.540501
22 19 0.500001
22 20 0.493936
22 21 0.637060
22 22 0.521675
22 23 0.595768
22 24 0.535259
22 25 0.528719
22 26 0.576495
23 1 0.625631
23 2 0.755624
23 3 0.690570
23 4 0.631655
23 5 0.602017
23 6 0.990346
23 7 0.533124
23 8 0.734177
23 9 0.654987
23 10 0.584602
23 11 0.938411
23 12 0.786877
23 13 0.751987
23 14 0.756765
23 15 0.775328
23 16 0.770594
23 17 0.731215
23 18 0.802655
23 19 0.499999
23 20 0.841104
23 21 0.950878
23 22 0.595768
23 23 0.996154
23 24 0.647616
23 25 0.609630
23 26 0.787322
24 1 0.577803
24 2 0.684323
24 3 0.629193
24 4 0.569477
24 5 0.571779
24 6 0.853397
24 7 0.514758
24 8 0.618016
24 9 0.588604
24 10 0.515256
24 11 0.642511
24 12 0.528200
24 13 0.518539
24 14 0.721145
24 15 0.562680
24 16 0.641720
24 17 0.575538
24 18 0.545577
24 19 0.500000
24 20 0.496257
24 21 0.808435
24 22 0.535259
24 23 0.647616
24 24 0.590689
24 25 0.569153
25 1 0.567098
25 2 0.682198
25 3 0.562279
25 4 0.558986
25 5 0.562850
25 6 0.853925
25 7 0.510196
25 8 0.580392
25 9 0.573546
25 10 0.515064
25 11 0.664091
25 12 0.545756
25 13 0.531285
25 14 0.697342
25 15 0.569409
25 16 0.612539
25 17 0.556373
25 18 0.580950
25 19 0.500002
25 20 0.524032
25 21 0.800431
25 22 0.528719
25 23 0.609630
25 24 0.569153
25 25 0.571089
26 2 0.885599
26 6 0.988593
26 7 0.532648
26 8 0.727563
26 10 0.549389
26 12 0.579928
26 15 0.686063
26 16 0.813141
26 17 0.684334
26 19 0.500003
26 20 0.512157
26 21 0.971609
26 22 0.576495
26 23 0.787322
26 26 0.881689
