1 26 0.713671
3 17 0.788391
3 26 0.826819
4 22 0.543962
4 26 0.524983
5 26 0.713020
9 26 0.800969
11 26 0.792352
13 26 0.725995
14 26 0.889563
17 3 0.788391
18 26 0.826403
22 4 0.543962
24 26 0.737853
25 26 0.496193
26 1 0.713671
26 3 0.826819
26 4 0.524983
26 5 0.713020
26 9 0.800969
26 11 0.792352
26 13 0.725995
26 14 0.889563
26 18 0.826403
26 24 0.737853
26 25 0.496193
1 1 0.598159
1 2 0.891680
1 3 0.655169
1 4 0.508807
1 5 0.596171
1 6 0.930780
1 7 0.543681
1 8 0.631806
1 9 0.630565
1 10 0.507036
1 11 0.639789
1 12 0.501621
1 13 0.602717
1 14 0.713422
1 15 0.673112
1 16 0.653581
1 17 0.617642
1 18 0.656267
1 19 0.500003
1 20 0.695936
1 21 0.466902
1 22 0.508807
1 23 0.566187
1 24 0.610557
1 25 0.494133
2 1 0.891680
2 2 1.000000
2 3 0.983585
2 4 0.732302
2 5 0.914091
2 6 1.000000
2 7 0.768953
2 8 0.985944
2 9 0.992364
2 10 0.699010
2 11 0.949343
2 12 0.765374
2 13 0.894192
2 14 0.986832
2 15 0.999777
2 16 0.999616
2 17 0.971601
2 18 0.996038
2 19 0.500017
2 20 0.998759
2 21 0.596869
2 22 0.732302
2 23 0.993381
2 24 0.902855
2 25 0.496915
2 26 0.994087
3 1 0.655169
3 2 0.983585
3 3 0.814935
3 4 0.543957
3 5 0.659762
3 6 0.985573
3 7 0.580124
3 8 0.737396
3 9 0.780724
3 10 0.535823
3 11 0.725874
3 12 0.553948
3 13 0.672545
3 14 0.786112
3 15 0.860809
3 16 0.838642
3 18 0.881464
3 19 0.500005
3 20 0.877674
3 21 0.404621
3 22 0.543957
3 23 0.805477
3 24 0.682584
3 25 0.487770
4 1 0.508807
4 2 0.732302
4 3 0.543957
4 4 0.543962
4 5 0.508142
4 6 0.507154
4 7 0.503318
4 8 0.554447
4 9 0.531610
4 10 0.528056
4 11 0.504363
4 12 0.535047
4 13 0.507401
4 14 0.506440
4 15 0.590569
4 16 0.640922
4 17 0.550325
4 18 0.669169
4 19 0.500000
4 20 0.659133
4 21 0.563691
4 23 0.659081
4 24 0.511714
4 25 0.495366
5 1 0.596171
5 2 0.914091
5 3 0.659762
5 4 0.508142
5 5 0.601049
5 6 0.934599
5 7 0.549756
5 8 0.640287
5 9 0.655271
5 10 0.508192
5 11 0.639095
5 12 0.507708
5 13 0.602091
5 14 0.706312
5 15 0.724069
5 16 0.701173
5 17 0.625023
5 18 0.657468
5 19 0.500003
5 20 0.696780
5 21 0.433491
5 22 0.508142
5 23 0.604052
5 24 0.605304
5 25 0.499334
6 1 0.930780
6 2 1.000000
6 3 0.985573
6 4 0.507154
6 5 0.934599
6 6 1.000000
6 7 0.782769
6 8 0.967036
6 9 0.978426
6 10 0.523346
6 11 0.977321
6 12 0.536395
6 13 0.938985
6 14 0.997291
6 15 0.993790
6 16 0.987765
6 17 0.960437
6 18 0.966751
6 19 0.500020
6 20 0.988323
6 21 0.126578
6 22 0.507154
6 23 0.832981
6 24 0.947093
6 25 0.454144
6 26 0.997638
7 1 0.543681
7 2 0.768953
7 3 0.580124
7 4 0.503318
7 5 0.549756
7 6 0.782769
7 7 0.529878
7 8 0.569413
7 9 0.595610
7 10 0.503532
7 11 0.565852
7 12 0.511250
7 13 0.547713
7 14 0.597699
7 15 0.647037
7 16 0.626554
7 17 0.565020
7 18 0.564824
7 19 0.500001
7 20 0.587437
7 21 0.439858
7 22 0.503318
7 23 0.562095
7 24 0.546446
7 25 0.501517
7 26 0.605733
8 1 0.631806
8 2 0.985944
8 3 0.737396
8 4 0.554447
8 5 0.640287
8 6 0.967036
8 7 0.569413
8 8 0.753619
8 9 0.720823
8 10 0.541093
8 11 0.681785
8 12 0.531825
8 13 0.639144
8 14 0.758133
8 15 0.845909
8 16 0.886641
8 17 0.703540
8 18 0.853388
8 19 0.500004
8 20 0.872854
8 21 0.449494
8 22 0.554447
8 23 0.815737
8 24 0.645587
8 25 0.494205
8 26 0.783723
9 1 0.630565
9 2 0.992364
9 3 0.780724
9 4 0.531610
9 5 0.655271
9 6 0.978426
9 7 0.595610
9 8 0.720823
9 9 0.852952
9 10 0.533115
9 11 0.703285
9 12 0.582216
9 13 0.648977
9 14 0.746507
9 15 0.938875
9 16 0.868882
9 17 0.759789
9 18 0.743873
9 19 0.500004
9 20 0.778111
9 21 0.379923
9 22 0.531610
9 23 0.773439
9 24 0.639664
9 25 0.521347
10 1 0.507036
10 2 0.699010
10 3 0.535823
10 4 0.528056
10 5 0.508192
10 6 0.523346
10 7 0.503532
10 8 0.541093
10 9 0.533115
10 10 0.520180
10 11 0.506460
10 12 0.526086
10 13 0.506743
10 14 0.503016
10 15 0.577262
10 16 0.607888
10 17 0.541208
10 18 0.616282
10 19 0.500000
10 20 0.603971
10 21 0.551133
10 22 0.528056
10 23 0.618260
10 24 0.508856
10 25 0.501057
10 26 0.521970
11 1 0.639789
11 2 0.949343
11 3 0.725874
11 4 0.504363
11 5 0.639095
11 6 0.977321
11 7 0.565852
11 8 0.681785
11 9 0.703285
11 10 0.506460
11 11 0.708575
11 12 0.494497
11 13 0.649880
11 14 0.784655
11 15 0.751979
11 16 0.707743
11 17 0.677569
11 18 0.711920
11 19 0.500005
11 20 0.743317
11 21 0.402465
11 22 0.504363
11 23 0.592777
11 24 0.656216
11 25 0.493770
12 1 0.501621
12 2 0.765374
12 3 0.553948
12 4 0.535047
12 5 0.507708
12 6 0.536395
12 7 0.511250
12 8 0.531825
12 9 0.582216
12 10 0.526086
12 11 0.494497
12 12 0.568103
12 13 0.503280
12 14 0.488396
12 15 0.662263
12 16 0.648824
12 17 0.570268
12 18 0.597242
12 19 0.499999
12 20 0.587973
12 21 0.616137
12 22 0.535047
12 23 0.646845
12 24 0.503557
12 25 0.510112
12 26 0.524891
13 1 0.602717
13 2 0.894192
13 3 0.672545
13 4 0.507401
13 5 0.602091
13 6 0.938985
13 7 0.547713
13 8 0.639144
13 9 0.648977
13 10 0.506743
13 11 0.649880
13 12 0.503280
13 13 0.610801
13 14 0.718965
13 15 0.696096
13 16 0.675093
13 17 0.635964
13 18 0.669059
13 19 0.500003
13 20 0.705449
13 21 0.456384
13 22 0.507401
13 23 0.593261
13 24 0.616687
13 25 0.498037
14 1 0.713422
14 2 0.986832
14 3 0.786112
14 4 0.506440
14 5 0.706312
14 6 0.997291
14 7 0.597699
14 8 0.758133
14 9 0.746507
14 10 0.503016
14 11 0.784655
14 12 0.488396
14 13 0.718965
14 14 0.902211
14 15 0.791095
14 16 0.763510
14 17 0.709149
14 18 0.746699
14 19 0.500008
14 20 0.834005
14 21 0.401783
14 22 0.506440
14 23 0.548056
14 24 0.735017
14 25 0.481743
15 1 0.673112
15 2 0.999777
15 3 0.860809
15 4 0.590569
15 5 0.724069
15 6 0.993790
15 7 0.647037
15 8 0.845909
15 9 0.938875
15 10 0.577262
15 11 0.751979
15 12 0.662263
15 13 0.696096
15 14 0.791095
15 15 0.996586
15 16 0.987474
15 17 0.848375
15 18 0.906465
15 19 0.500004
15 20 0.928977
15 21 0.578502
15 22 0.590569
15 23 0.943358
15 24 0.673113
15 25 0.576076
15 26 0.873656
16 1 0.653581
16 2 0.999616
16 3 0.838642
16 4 0.640922
16 5 0.701173
16 6 0.987765
16 7 0.626554
16 8 0.886641
16 9 0.868882
16 10 0.607888
16 11 0.707743
16 12 0.648824
16 13 0.675093
16 14 0.763510
16 15 0.987474
16 16 0.997765
16 17 0.832387
16 18 0.979494
16 19 0.500003
16 20 0.963111
16 21 0.445243
16 22 0.640922
16 23 0.991619
16 24 0.653466
16 25 0.516789
16 26 0.853983
17 1 0.617642
17 2 0.971601
17 4 0.550325
17 5 0.625023
17 6 0.960437
17 7 0.565020
17 8 0.703540
17 9 0.759789
17 10 0.541208
17 11 0.677569
17 12 0.570268
17 13 0.635964
17 14 0.709149
17 15 0.848375
17 16 0.832387
17 17 0.775701
17 18 0.876170
17 19 0.500004
17 20 0.855469
17 21 0.440744
17 22 0.550325
17 23 0.829098
17 24 0.643273
17 25 0.492652
17 26 0.772419
18 1 0.656267
18 2 0.996038
18 3 0.881464
18 4 0.669169
18 5 0.657468
18 6 0.966751
18 7 0.564824
18 8 0.853388
18 9 0.743873
18 10 0.616282
18 11 0.711920
18 12 0.597242
18 13 0.669059
18 14 0.746699
18 15 0.906465
18 16 0.979494
18 17 0.876170
18 18 0.996883
18 19 0.500007
18 20 0.988613
18 21 0.279905
18 22 0.669169
18 23 0.985257
18 24 0.695815
18 25 0.401550
19 1 0.500003
19 2 0.500017
19 3 0.500005
19 4 0.500000
19 5 0.500003
19 6 0.500020
19 7 0.500001
19 8 0.500004
19 9 0.500004
19 10 0.500000
19 11 0.500005
19 12 0.499999
19 13 0.500003
19 14 0.500008
19 15 0.500004
19 16 0.500003
19 17 0.500004
19 18 0.500007
19 19 0.500000
19 20 0.500008
19 21 0.499996
19 22 0.500000
19 23 0.500001
19 24 0.500004
19 25 0.499999
19 26 0.500007
20 1 0.695936
20 2 0.998759
20 3 0.877674
20 4 0.659133
20 5 0.696780
20 6 0.988323
20 7 0.587437
20 8 0.872854
20 9 0.778111
20 10 0.603971
20 11 0.743317
20 12 0.587973
20 13 0.705449
20 14 0.834005
20 15 0.928977
20 16 0.963111
20 17 0.855469
20 18 0.988613
20 19 0.500008
20 20 0.992722
20 21 0.463037
20 22 0.659133
20 23 0.962260
20 24 0.734964
20 25 0.459140
20 26 0.870140
21 1 0.466902
21 2 0.596869
21 3 0.404621
21 4 0.563691
21 5 0.433491
21 6 0.126578
21 7 0.439858
21 8 0.449494
21 9 0.379923
21 10 0.551133
21 11 0.402465
21 12 0.616137
21 13 0.456384
21 14 0.401783
21 15 0.578502
21 16 0.445243
21 17 0.440744
21 18 0.279905
21 19 0.499996
21 20 0.463037
21 21 0.998831
21 22 0.563691
21 23 0.475651
21 24 0.475170
21 25 0.686396
21 26 0.452752
22 1 0.508807
22 2 0.732302
22 3 0.543957
22 5 0.508142
22 6 0.507154
22 7 0.503318
22 8 0.554447
22 9 0.531610
22 10 0.528056
22 11 0.504363
22 12 0.535047
22 13 0.507401
22 14 0.506440
22 15 0.590569
22 16 0.640922
22 17 0.550325
22 18 0.669169
22 19 0.500000
22 20 0.659133
22 21 0.563691
22 22 0.543962
22 23 0.659081
22 24 0.511714
22 25 0.495366
22 26 0.524983
23 1 0.566187
23 2 0.993381
23 3 0.805477
23 4 0.659081
23 5 0.604052
23 6 0.832981
23 7 0.562095
23 8 0.815737
23 9 0.773439
23 10 0.618260
23 11 0.592777
23 12 0.646845
23 13 0.593261
23 14 0.548056
23 15 0.943358
23 16 0.991619
23 17 0.829098
23 18 0.985257
23 19 0.500001
23 20 0.962260
23 21 0.475651
23 22 0.659081
23 23 0.994326
23 24 0.577823
23 25 0.522366
23 26 0.710247
24 1 0.610557
24 2 0.902855
24 3 0.682584
24 4 0.511714
24 5 0.605304
24 6 0.947093
24 7 0.546446
24 8 0.645587
24 9 0.639664
24 10 0.508856
24 11 0.656216
24 12 0.503557
24 13 0.616687
24 14 0.735017
24 15 0.673113
24 16 0.653466
24 17 0.643273
24 18 0.695815
24 19 0.500004
24 20 0.734964
24 21 0.475170
24 22 0.511714
24 23 0.577823
24 24 0.628368
24 25 0.490464
25 1 0.494133
25 2 0.496915
25 3 0.487770
25 4 0.495366
25 5 0.499334
25 6 0.454144
25 7 0.501517
25 8 0.494205
25 9 0.521347
25 10 0.501057
25 11 0.493770
25 12 0.510112
25 13 0.498037
25 14 0.481743
25 15 0.576076
25 16 0.516789
25 17 0.492652
25 18 0.401550
25 19 0.499999
25 20 0.459140
25 21 0.686396
25 22 0.495366
25 23 0.522366
25 24 0.490464
25 25 0.562477
26 2 0.994087
26 6 0.997638
26 7 0.605733
26 8 0.783723
26 10 0.521970
26 12 0.524891
26 15 0.873656
26 16 0.853983
26 17 0.772419
26 19 0.500007
26 20 0.870140
26 21 0.452752
26 22 0.524983
26 23 0.710247
26 26 0.898057
