1 26 0.551276
3 17 0.873635
3 26 0.882539
4 22 0.584978
4 26 0.786382
5 26 0.780684
9 26 0.821252
11 26 0.810907
13 26 0.795123
14 26 0.951811
17 3 0.873635
18 26 0.904359
22 4 0.584978
24 26 0.801962
25 26 0.590722
26 1 0.551276
26 3 0.882539
26 4 0.786382
26 5 0.780684
26 9 0.821252
26 11 0.810907
26 13 0.795123
26 14 0.951811
26 18 0.904359
26 24 0.801962
26 25 0.590722
1 1 0.506301
1 2 0.621055
1 3 0.530435
1 4 0.517573
1 5 0.514811
1 6 0.686057
1 7 0.503436
1 8 0.533535
1 9 0.520680
1 10 0.503016
1 11 0.522565
1 12 0.524892
1 13 0.518509
1 14 0.530967
1 15 0.546191
1 16 0.556545
1 17 0.561284
1 18 0.536718
1 19 0.500001
1 20 0.544220
1 21 0.637865
1 22 0.515340
1 23 0.592591
1 24 0.520287
1 25 0.511932
2 1 0.621055
2 2 1.000000
2 3 0.982672
2 4 0.855950
2 5 0.775729
2 6 1.000000
2 7 0.644071
2 8 0.982125
2 9 0.901414
2 10 0.585344
2 11 0.898179
2 12 0.934804
2 13 0.876400
2 14 0.813851
2 15 0.999638
2 16 0.999406
2 17 0.990987
2 18 0.977113
2 19 0.500006
2 20 0.998058
2 21 1.000000
2 22 0.779865
2 23 0.999807
2 24 0.891361
2 25 0.687275
2 26 0.993392
3 1 0.530435
3 2 0.982672
3 3 0.791837
3 4 0.676593
3 5 0.660965
3 6 0.998223
3 7 0.554210
3 8 0.759764
3 9 0.707919
3 10 0.517311
3 11 0.702495
3 12 0.754913
3 13 0.687582
3 14 0.795969
3 15 0.878882
3 16 0.923144
3 18 0.787133
3 19 0.500005
3 20 0.860264
3 21 0.996679
3 22 0.617721
3 23 0.958161
3 24 0.695410
3 25 0.562172
4 1 0.517573
4 2 0.855950
4 3 0.676593
4 4 0.618787
4 5 0.615842
4 6 0.988929
4 7 0.525421
4 8 0.647693
4 9 0.637518
4 10 0.504081
4 11 0.633567
4 12 0.685874
4 13 0.622247
4 14 0.746328
4 15 0.721459
4 16 0.808237
4 17 0.792563
4 18 0.689163
4 19 0.500004
4 20 0.710031
4 21 0.969768
4 23 0.881055
4 24 0.625807
4 25 0.531748
5 1 0.514811
5 2 0.775729
5 3 0.660965
5 4 0.615842
5 5 0.619606
5 6 0.986762
5 7 0.523788
5 8 0.627363
5 9 0.633269
5 10 0.501774
5 11 0.627458
5 12 0.682458
5 13 0.617931
5 14 0.764504
5 15 0.669536
5 16 0.784996
5 17 0.787141
5 18 0.681483
5 19 0.500004
5 20 0.678926
5 21 0.959581
5 22 0.581929
5 23 0.873874
5 24 0.621675
5 25 0.525067
6 1 0.686057
6 2 1.000000
6 3 0.998223
6 4 0.988929
6 5 0.986762
6 6 1.000000
6 7 0.684829
6 8 0.997643
6 9 0.993672
6 10 0.504018
6 11 0.995543
6 12 0.999241
6 13 0.990994
6 14 0.999917
6 15 0.999753
6 16 0.999997
6 17 0.999998
6 18 0.999297
6 19 0.500036
6 20 0.999565
6 21 1.000000
6 22 0.959507
6 23 1.000000
6 24 0.992001
6 25 0.865470
6 26 0.999994
7 1 0.503436
7 2 0.644071
7 3 0.554210
7 4 0.525421
7 5 0.523788
7 6 0.684829
7 7 0.515762
7 8 0.545429
7 9 0.532398
7 10 0.505276
7 11 0.534394
7 12 0.533203
7 13 0.530521
7 14 0.539559
7 15 0.579638
7 16 0.583792
7 17 0.552866
7 18 0.540359
7 19 0.500001
7 20 0.575762
7 21 0.659621
7 22 0.506309
7 23 0.598706
7 24 0.532246
7 25 0.516040
7 26 0.570222
8 1 0.533535
8 2 0.982125
8 3 0.759764
8 4 0.647693
8 5 0.627363
8 6 0.997643
8 7 0.545429
8 8 0.800713
8 9 0.677954
8 10 0.517879
8 11 0.680011
8 12 0.727328
8 13 0.661984
8 14 0.719718
8 15 0.867242
8 16 0.930753
8 17 0.875837
8 18 0.778853
8 19 0.500004
8 20 0.864185
8 21 0.990397
8 22 0.612832
8 23 0.927047
8 24 0.678330
8 25 0.580923
8 26 0.847376
9 1 0.520680
9 2 0.901414
9 3 0.707919
9 4 0.637518
9 5 0.633269
9 6 0.993672
9 7 0.532398
9 8 0.677954
9 9 0.662717
9 10 0.505439
9 11 0.654600
9 12 0.712574
9 13 0.642273
9 14 0.776004
9 15 0.759084
9 16 0.845859
9 17 0.826310
9 18 0.718639
9 19 0.500004
9 20 0.736084
9 21 0.983973
9 22 0.594287
9 23 0.912149
9 24 0.646962
9 25 0.537483
10 1 0.503016
10 2 0.585344
10 3 0.517311
10 4 0.504081
10 5 0.501774
10 6 0.504018
10 7 0.505276
10 8 0.517879
10 9 0.505439
10 10 0.507503
10 11 0.506230
10 12 0.502205
10 13 0.507098
10 14 0.504127
10 15 0.548428
10 16 0.544690
10 17 0.525487
10 18 0.515215
10 19 0.500000
10 20 0.551947
10 21 0.557011
10 22 0.505037
10 23 0.563936
10 24 0.506859
10 25 0.511341
10 26 0.519285
11 1 0.522565
11 2 0.898179
11 3 0.702495
11 4 0.633567
11 5 0.627458
11 6 0.995543
11 7 0.534394
11 8 0.680011
11 9 0.654600
11 10 0.506230
11 11 0.666273
11 12 0.706413
11 13 0.639811
11 14 0.751002
11 15 0.756386
11 16 0.826546
11 17 0.818189
11 18 0.694225
11 19 0.500004
11 20 0.743991
11 21 0.973809
11 22 0.594200
11 23 0.907300
11 24 0.644095
11 25 0.564350
12 1 0.524892
12 2 0.934804
12 3 0.754913
12 4 0.685874
12 5 0.682458
12 6 0.999241
12 7 0.533203
12 8 0.727328
12 9 0.712574
12 10 0.502205
12 11 0.706413
12 12 0.809346
12 13 0.688158
12 14 0.860627
12 15 0.818160
12 16 0.916790
12 17 0.907104
12 18 0.768305
12 19 0.500005
12 20 0.802533
12 21 0.996901
12 22 0.662480
12 23 0.965639
12 24 0.690925
12 25 0.540660
12 26 0.889311
13 1 0.518509
13 2 0.876400
13 3 0.687582
13 4 0.622247
13 5 0.617931
13 6 0.990994
13 7 0.530521
13 8 0.661984
13 9 0.642273
13 10 0.507098
13 11 0.639811
13 12 0.688158
13 13 0.629282
13 14 0.746558
13 15 0.744342
13 16 0.824082
13 17 0.798579
13 18 0.696459
13 19 0.500004
13 20 0.731946
13 21 0.972068
13 22 0.583878
13 23 0.886937
13 24 0.631980
13 25 0.542682
14 1 0.530967
14 2 0.813851
14 3 0.795969
14 4 0.746328
14 5 0.764504
14 6 0.999917
14 7 0.539559
14 8 0.719718
14 9 0.776004
14 10 0.504127
14 11 0.751002
14 12 0.860627
14 13 0.746558
14 14 0.965840
14 15 0.745633
14 16 0.942531
14 17 0.962016
14 18 0.848990
14 19 0.500011
14 20 0.801482
14 21 0.999330
14 22 0.712240
14 23 0.994103
14 24 0.748570
14 25 0.532447
15 1 0.546191
15 2 0.999638
15 3 0.878882
15 4 0.721459
15 5 0.669536
15 6 0.999753
15 7 0.579638
15 8 0.867242
15 9 0.759084
15 10 0.548428
15 11 0.756386
15 12 0.818160
15 13 0.744342
15 14 0.745633
15 15 0.988892
15 16 0.987569
15 17 0.932759
15 18 0.848979
15 19 0.500001
15 20 0.967780
15 21 0.999862
15 22 0.654862
15 23 0.991804
15 24 0.744632
15 25 0.601359
15 26 0.934060
16 1 0.556545
16 2 0.999406
16 3 0.923144
16 4 0.808237
16 5 0.784996
16 6 0.999997
16 7 0.583792
16 8 0.930753
16 9 0.845859
16 10 0.544690
16 11 0.826546
16 12 0.916790
16 13 0.824082
16 14 0.942531
16 15 0.987569
16 16 0.998482
16 17 0.991823
16 18 0.945663
16 19 0.500008
16 20 0.986114
16 21 0.999990
16 22 0.762532
16 23 0.997920
16 24 0.835076
16 25 0.622160
16 26 0.982363
17 1 0.561284
17 2 0.990987
17 4 0.792563
17 5 0.787141
17 6 0.999998
17 7 0.552866
17 8 0.875837
17 9 0.826310
17 10 0.525487
17 11 0.818189
17 12 0.907104
17 13 0.798579
17 14 0.962016
17 15 0.932759
17 16 0.991823
17 17 0.990953
17 18 0.919427
17 19 0.500011
17 20 0.943920
17 21 0.999941
17 22 0.768090
17 23 0.997533
17 24 0.808665
17 25 0.625482
17 26 0.976718
18 1 0.536718
18 2 0.977113
18 3 0.787133
18 4 0.689163
18 5 0.681483
18 6 0.999297
18 7 0.540359
18 8 0.778853
18 9 0.718639
18 10 0.515215
18 11 0.694225
18 12 0.768305
18 13 0.696459
18 14 0.848990
18 15 0.848979
18 16 0.945663
18 17 0.919427
18 18 0.844595
18 19 0.500007
18 20 0.861290
18 21 0.998081
18 22 0.638763
18 23 0.961139
18 24 0.710486
18 25 0.541317
19 1 0.500001
19 2 0.500006
19 3 0.500005
19 4 0.500004
19 5 0.500004
19 6 0.500036
19 7 0.500001
19 8 0.500004
19 9 0.500004
19 10 0.500000
19 11 0.500004
19 12 0.500005
19 13 0.500004
19 14 0.500011
19 15 0.500001
19 16 0.500008
19 17 0.500011
19 18 0.500007
19 19 0.500000
19 20 0.500003
19 21 0.500021
19 22 0.500002
19 23 0.500015
19 24 0.500004
19 25 0.500002
19 26 0.500010
20 1 0.544220
20 2 0.998058
20 3 0.860264
20 4 0.710031
20 5 0.678926
20 6 0.999565
20 7 0.575762
20 8 0.864185
20 9 0.736084
20 10 0.551947
20 11 0.743991
20 12 0.802533
20 13 0.731946
20 14 0.801482
20 15 0.967780
20 16 0.986114
20 17 0.943920
20 18 0.861290
20 19 0.500003
20 20 0.973597
20 21 0.999301
20 22 0.680731
20 23 0.987376
20 24 0.743734
20 25 0.617908
20 26 0.928711
21 1 0.637865
21 2 1.000000
21 3 0.996679
21 4 0.969768
21 5 0.959581
21 6 1.000000
21 7 0.659621
21 8 0.990397
21 9 0.983973
21 10 0.557011
21 11 0.973809
21 12 0.996901
21 13 0.972068
21 14 0.999330
21 15 0.999862
21 16 0.999990
21 17 0.999941
21 18 0.998081
21 19 0.500021
21 20 0.999301
21 21 1.000000
21 22 0.938646
21 23 1.000000
21 24 0.974114
21 25 0.595895
21 26 0.999928
22 1 0.515340
22 2 0.779865
22 3 0.617721
22 5 0.581929
22 6 0.959507
22 7 0.506309
22 8 0.612832
22 9 0.594287
22 10 0.505037
22 11 0.594200
22 12 0.662480
22 13 0.583878
22 14 0.712240
22 15 0.654862
22 16 0.762532
22 17 0.768090
22 18 0.638763
22 19 0.500002
22 20 0.680731
22 21 0.938646
22 22 0.606112
22 23 0.863697
22 24 0.585332
22 25 0.525649
22 26 0.721599
23 1 0.592591
23 2 0.999807
23 3 0.958161
23 4 0.881055
23 5 0.873874
23 6 1.000000
23 7 0.598706
23 8 0.927047
23 9 0.912149
23 10 0.563936
23 11 0.907300
23 12 0.965639
23 13 0.886937
23 14 0.994103
23 15 0.991804
23 16 0.997920
23 17 0.997533
23 18 0.961139
23 19 0.500015
23 20 0.987376
23 21 1.000000
23 22 0.863697
23 23 0.999997
23 24 0.886660
23 25 0.661285
23 26 0.996690
24 1 0.520287
24 2 0.891361
24 3 0.695410
24 4 0.625807
24 5 0.621675
24 6 0.992001
24 7 0.532246
24 8 0.678330
24 9 0.646962
24 10 0.506859
24 11 0.644095
24 12 0.690925
24 13 0.631980
24 14 0.748570
24 15 0.744632
24 16 0.835076
24 17 0.808665
24 18 0.710486
24 19 0.500004
24 20 0.743734
24 21 0.974114
24 22 0.585332
24 23 0.886660
24 24 0.639310
24 25 0.539665
25 1 0.511932
25 2 0.687275
25 3 0.562172
25 4 0.531748
25 5 0.525067
25 6 0.865470
25 7 0.516040
25 8 0.580923
25 9 0.537483
25 10 0.511341
25 11 0.564350
25 12 0.540660
25 13 0.542682
25 14 0.532447
25 15 0.601359
25 16 0.622160
25 17 0.625482
25 18 0.541317
25 19 0.500002
25 20 0.617908
25 21 0.595895
25 22 0.525649
25 23 0.661285
25 24 0.539665
25 25 0.587097
26 2 0.993392
26 6 0.999994
26 7 0.570222
26 8 0.847376
26 10 0.519285
26 12 0.889311
26 15 0.934060
26 16 0.982363
26 17 0.976718
26 19 0.500010
26 20 0.928711
26 21 0.999928
26 22 0.721599
26 23 0.996690
26 26 0.972980
