1 26 0.675897
3 17 0.491671
3 26 0.808203
4 22 0.539798
4 26 0.688036
5 26 0.571078
9 26 0.687731
11 26 0.706295
13 26 0.699395
14 26 0.908175
17 3 0.491671
18 26 0.867830
22 4 0.539798
24 26 0.702800
25 26 0.683805
26 1 0.675897
26 3 0.808203
26 4 0.688036
26 5 0.571078
26 9 0.687731
26 11 0.706295
26 13 0.699395
26 14 0.908175
26 18 0.867830
26 24 0.702800
26 25 0.683805
1 1 0.557067
1 2 0.815025
1 3 0.608695
1 4 0.560474
1 5 0.521618
1 6 0.910243
1 7 0.523623
1 8 0.527882
1 9 0.561421
1 10 0.500446
1 11 0.566554
1 12 0.558643
1 13 0.565402
1 14 0.668312
1 15 0.631064
1 16 0.591564
1 17 0.489129
1 18 0.639888
1 19 0.500002
1 20 0.584538
1 21 0.801640
1 22 0.531910
1 23 0.581795
1 24 0.566527
1 25 0.559299
2 1 0.815025
2 2 0.999997
2 3 0.942396
2 4 0.827216
2 5 0.510808
2 6 0.999980
2 7 0.630823
2 8 0.630420
2 9 0.827437
2 10 0.489226
2 11 0.837932
2 12 0.752136
2 13 0.851456
2 14 0.979095
2 15 0.979824
2 16 0.811156
2 17 0.299828
2 18 0.968017
2 19 0.500014
2 20 0.943475
2 21 0.999937
2 22 0.524151
2 23 0.914494
2 24 0.848840
2 25 0.824130
2 26 0.991524
3 1 0.608695
3 2 0.942396
3 3 0.723157
3 4 0.616423
3 5 0.546743
3 6 0.993048
3 7 0.541387
3 8 0.568381
3 9 0.616015
3 10 0.503397
3 11 0.624391
3 12 0.636790
3 13 0.622812
3 14 0.790428
3 15 0.759479
3 16 0.712561
3 18 0.774707
3 19 0.500006
3 20 0.668760
3 21 0.955833
3 22 0.549702
3 23 0.772410
3 24 0.623775
3 25 0.610288
4 1 0.560474
4 2 0.827216
4 3 0.616423
4 4 0.566193
4 5 0.522306
4 6 0.922990
4 7 0.524850
4 8 0.527929
4 9 0.564114
4 10 0.501082
4 11 0.574792
4 12 0.560763
4 13 0.569205
4 14 0.681653
4 15 0.633427
4 16 0.596489
4 17 0.486473
4 18 0.643160
4 19 0.500003
4 20 0.593053
4 21 0.803796
4 23 0.601910
4 24 0.570777
4 25 0.564210
5 1 0.521618
5 2 0.510808
5 3 0.546743
5 4 0.522306
5 5 0.553197
5 6 0.866246
5 7 0.513076
5 8 0.522154
5 9 0.526614
5 10 0.508143
5 11 0.530394
5 12 0.553414
5 13 0.522833
5 14 0.607974
5 15 0.538177
5 16 0.589547
5 17 0.529447
5 18 0.569830
5 19 0.500002
5 20 0.508729
5 21 0.634778
5 22 0.554166
5 23 0.528127
5 24 0.526751
5 25 0.520369
6 1 0.910243
6 2 0.999980
6 3 0.993048
6 4 0.922990
6 5 0.866246
6 6 1.000000
6 7 0.769791
6 8 0.807656
6 9 0.925529
6 10 0.548291
6 11 0.934861
6 12 0.978220
6 13 0.932467
6 14 0.999788
6 15 0.995737
6 16 0.997051
6 17 0.559668
6 18 0.998841
6 19 0.500035
6 20 0.961419
6 21 0.999999
6 22 0.898675
6 23 0.994305
6 24 0.941566
6 25 0.913880
6 26 0.999477
7 1 0.523623
7 2 0.630823
7 3 0.541387
7 4 0.524850
7 5 0.513076
7 6 0.769791
7 7 0.521063
7 8 0.499332
7 9 0.526731
7 10 0.504297
7 11 0.522668
7 12 0.529754
7 13 0.528457
7 14 0.591605
7 15 0.545548
7 16 0.526913
7 17 0.486578
7 18 0.567003
7 19 0.500001
7 20 0.557946
7 21 0.590942
7 22 0.531103
7 23 0.512313
7 24 0.531352
7 25 0.524465
7 26 0.574785
8 1 0.527882
8 2 0.630420
8 3 0.568381
8 4 0.527929
8 5 0.522154
8 6 0.807656
8 7 0.499332
8 8 0.581603
8 9 0.529004
8 10 0.494343
8 11 0.529067
8 12 0.557180
8 13 0.526931
8 14 0.592115
8 15 0.577007
8 16 0.618512
8 17 0.561301
8 18 0.603691
8 19 0.500003
8 20 0.496540
8 21 0.716061
8 22 0.507138
8 23 0.654074
8 24 0.528885
8 25 0.528539
8 26 0.587431
9 1 0.561421
9 2 0.827437
9 3 0.616015
9 4 0.564114
9 5 0.526614
9 6 0.925529
9 7 0.526731
9 8 0.529004
9 9 0.568662
9 10 0.502788
9 11 0.570710
9 12 0.563421
9 13 0.570469
9 14 0.684610
9 15 0.635649
9 16 0.598777
9 17 0.498059
9 18 0.650838
9 19 0.500003
9 20 0.603982
9 21 0.820000
9 22 0.538500
9 23 0.584487
9 24 0.573056
9 25 0.562635
10 1 0.500446
10 2 0.489226
10 3 0.503397
10 4 0.501082
10 5 0.508143
10 6 0.548291
10 7 0.504297
10 8 0.494343
10 9 0.502788
10 10 0.509166
10 11 0.503197
10 12 0.514961
10 13 0.501562
10 14 0.511706
10 15 0.500085
10 16 0.510531
10 17 0.514053
10 18 0.522699
10 19 0.500000
10 20 0.541760
10 21 0.556742
10 22 0.517669
10 23 0.527060
10 24 0.502540
10 25 0.499275
10 26 0.504793
11 1 0.566554
11 2 0.837932
11 3 0.624391
11 4 0.574792
11 5 0.530394
11 6 0.934861
11 7 0.522668
11 8 0.529067
11 9 0.570710
11 10 0.503197
11 11 0.598272
11 12 0.567722
11 13 0.575784
11 14 0.701442
11 15 0.624436
11 16 0.610292
11 17 0.502923
11 18 0.637143
11 19 0.500002
11 20 0.581427
11 21 0.830705
11 22 0.561629
11 23 0.597581
11 24 0.577407
11 25 0.571479
12 1 0.558643
12 2 0.752136
12 3 0.636790
12 4 0.560763
12 5 0.553414
12 6 0.978220
12 7 0.529754
12 8 0.557180
12 9 0.563421
12 10 0.514961
12 11 0.567722
12 12 0.661881
12 13 0.568273
12 14 0.696154
12 15 0.663825
12 16 0.694040
12 17 0.565295
12 18 0.708862
12 19 0.500004
12 20 0.618703
12 21 0.921626
12 22 0.559761
12 23 0.730746
12 24 0.569819
12 25 0.555273
12 26 0.682889
13 1 0.565402
13 2 0.851456
13 3 0.622812
13 4 0.569205
13 5 0.522833
13 6 0.932467
13 7 0.528457
13 8 0.526931
13 9 0.570469
13 10 0.501562
13 11 0.575784
13 12 0.568273
13 13 0.575867
13 14 0.689435
13 15 0.652085
13 16 0.600135
13 17 0.482061
13 18 0.658171
13 19 0.500003
13 20 0.607110
13 21 0.837979
13 22 0.537089
13 23 0.587046
13 24 0.576434
13 25 0.567787
14 1 0.668312
14 2 0.979095
14 3 0.790428
14 4 0.681653
14 5 0.607974
14 6 0.999788
14 7 0.591605
14 8 0.592115
14 9 0.684610
14 10 0.511706
14 11 0.701442
14 12 0.696154
14 13 0.689435
14 14 0.932173
14 15 0.800714
14 16 0.783467
14 17 0.515501
14 18 0.850243
14 19 0.500009
14 20 0.759972
14 21 0.966208
14 22 0.676696
14 23 0.739898
14 24 0.705392
14 25 0.678724
15 1 0.631064
15 2 0.979824
15 3 0.759479
15 4 0.633427
15 5 0.538177
15 6 0.995737
15 7 0.545548
15 8 0.577007
15 9 0.635649
15 10 0.500085
15 11 0.624436
15 12 0.663825
15 13 0.652085
15 14 0.800714
15 15 0.874490
15 16 0.763629
15 17 0.424563
15 18 0.855870
15 19 0.500008
15 20 0.736647
15 21 0.990748
15 22 0.490897
15 23 0.784555
15 24 0.639708
15 25 0.631687
15 26 0.853466
16 1 0.591564
16 2 0.811156
16 3 0.712561
16 4 0.596489
16 5 0.589547
16 6 0.997051
16 7 0.526913
16 8 0.618512
16 9 0.598777
16 10 0.510531
16 11 0.610292
16 12 0.694040
16 13 0.600135
16 14 0.783467
16 15 0.763629
16 16 0.828725
16 17 0.599082
16 18 0.815977
16 19 0.500007
16 20 0.623503
16 21 0.975445
16 22 0.570129
16 23 0.830482
16 24 0.599130
16 25 0.590687
16 26 0.778005
17 1 0.489129
17 2 0.299828
17 4 0.486473
17 5 0.529447
17 6 0.559668
17 7 0.486578
17 8 0.561301
17 9 0.498059
17 10 0.514053
17 11 0.502923
17 12 0.565295
17 13 0.482061
17 14 0.515501
17 15 0.424563
17 16 0.599082
17 17 0.697985
17 18 0.534401
17 19 0.499999
17 20 0.525038
17 21 0.639419
17 22 0.530514
17 23 0.640483
17 24 0.496705
17 25 0.484680
17 26 0.465568
18 1 0.639888
18 2 0.968017
18 3 0.774707
18 4 0.643160
18 5 0.569830
18 6 0.998841
18 7 0.567003
18 8 0.603691
18 9 0.650838
18 10 0.522699
18 11 0.637143
18 12 0.708862
18 13 0.658171
18 14 0.850243
18 15 0.855870
18 16 0.815977
18 17 0.534401
18 18 0.921141
18 19 0.500009
18 20 0.777439
18 21 0.994183
18 22 0.564054
18 23 0.845712
18 24 0.658111
18 25 0.640122
19 1 0.500002
19 2 0.500014
19 3 0.500006
19 4 0.500003
19 5 0.500002
19 6 0.500035
19 7 0.500001
19 8 0.500003
19 9 0.500003
19 10 0.500000
19 11 0.500002
19 12 0.500004
19 13 0.500003
19 14 0.500009
19 15 0.500008
19 16 0.500007
19 17 0.499999
19 18 0.500009
19 19 0.500000
19 20 0.500005
19 21 0.500017
19 22 0.500002
19 23 0.500013
19 24 0.500003
19 25 0.500003
19 26 0.500008
20 1 0.584538
20 2 0.943475
20 3 0.668760
20 4 0.593053
20 5 0.508729
20 6 0.961419
20 7 0.557946
20 8 0.496540
20 9 0.603982
20 10 0.541760
20 11 0.581427
20 12 0.618703
20 13 0.607110
20 14 0.759972
20 15 0.736647
20 16 0.623503
20 17 0.525038
20 18 0.777439
20 19 0.500005
20 20 0.903307
20 21 0.957657
20 22 0.562329
20 23 0.776014
20 24 0.614655
20 25 0.584921
20 26 0.769156
21 1 0.801640
21 2 0.999937
21 3 0.955833
21 4 0.803796
21 5 0.634778
21 6 0.999999
21 7 0.590942
21 8 0.716061
21 9 0.820000
21 10 0.556742
21 11 0.830705
21 12 0.921626
21 13 0.837979
21 14 0.966208
21 15 0.990748
21 16 0.975445
21 17 0.639419
21 18 0.994183
21 19 0.500017
21 20 0.957657
21 21 1.000000
21 22 0.552490
21 23 0.987304
21 24 0.819098
21 25 0.790153
21 26 0.989437
22 1 0.531910
22 2 0.524151
22 3 0.549702
22 5 0.554166
22 6 0.898675
22 7 0.531103
22 8 0.507138
22 9 0.538500
22 10 0.517669
22 11 0.561629
22 12 0.559761
22 13 0.537089
22 14 0.676696
22 15 0.490897
22 16 0.570129
22 17 0.530514
22 18 0.564054
22 19 0.500002
22 20 0.562329
22 21 0.552490
22 22 0.632124
22 23 0.500592
22 24 0.544438
22 25 0.536143
22 26 0.606259
23 1 0.581795
23 2 0.914494
23 3 0.772410
23 4 0.601910
23 5 0.528127
23 6 0.994305
23 7 0.512313
23 8 0.654074
23 9 0.584487
23 10 0.527060
23 11 0.597581
23 12 0.730746
23 13 0.587046
23 14 0.739898
23 15 0.784555
23 16 0.830482
23 17 0.640483
23 18 0.845712
23 19 0.500013
23 20 0.776014
23 21 0.987304
23 22 0.500592
23 23 0.990801
23 24 0.594793
23 25 0.579399
23 26 0.778203
24 1 0.566527
24 2 0.848840
24 3 0.623775
24 4 0.570777
24 5 0.526751
24 6 0.941566
24 7 0.531352
24 8 0.528885
24 9 0.573056
24 10 0.502540
24 11 0.577407
24 12 0.569819
24 13 0.576434
24 14 0.705392
24 15 0.639708
24 16 0.599130
24 17 0.496705
24 18 0.658111
24 19 0.500003
24 20 0.614655
24 21 0.819098
24 22 0.544438
24 23 0.594793
24 24 0.581188
24 25 0.569507
25 1 0.559299
25 2 0.824130
25 3 0.610288
25 4 0.564210
25 5 0.520369
25 6 0.913880
25 7 0.524465
25 8 0.528539
25 9 0.562635
25 10 0.499275
25 11 0.571479
25 12 0.555273
25 13 0.567787
25 14 0.678724
25 15 0.631687
25 16 0.590687
25 17 0.484680
25 18 0.640122
25 19 0.500003
25 20 0.584921
25 21 0.790153
25 22 0.536143
25 23 0.579399
25 24 0.569507
25 25 0.563595
26 2 0.991524
26 6 0.999477
26 7 0.574785
26 8 0.587431
26 10 0.504793
26 12 0.682889
26 15 0.853466
26 16 0.778005
26 17 0.465568
26 19 0.500008
26 20 0.769156
26 21 0.989437
26 22 0.606259
26 23 0.778203
26 26 0.916195
