1 26 0.603800
3 17 0.890848
3 26 0.801426
4 22 0.488726
4 26 0.616725
5 26 0.619473
9 26 0.602549
11 26 0.670828
13 26 0.612558
14 26 0.700373
17 3 0.890848
18 26 0.850418
22 4 0.488726
24 26 0.592245
25 26 0.596202
26 1 0.603800
26 3 0.801426
26 4 0.616725
26 5 0.619473
26 9 0.602549
26 11 0.670828
26 13 0.612558
26 14 0.700373
26 18 0.850418
26 24 0.592245
26 25 0.596202
1 1 0.537191
1 2 0.772824
1 3 0.618033
1 4 0.541664
1 5 0.543254
1 6 0.735301
1 7 0.514357
1 8 0.511302
1 9 0.534921
1 10 0.499673
1 11 0.561672
1 12 0.543801
1 13 0.538230
1 14 0.570784
1 15 0.579004
1 16 0.660419
1 17 0.619283
1 18 0.630310
1 19 0.500002
1 20 0.550555
1 21 0.777277
1 22 0.488915
1 23 0.640651
1 24 0.527666
1 25 0.534334
2 1 0.772824
2 2 1.000000
2 3 0.993260
2 4 0.808536
2 5 0.814661
2 6 0.617910
2 7 0.766196
2 8 0.960630
2 9 0.807535
2 10 0.765133
2 11 0.884583
2 12 0.861428
2 13 0.890707
2 14 0.369371
2 15 0.994772
2 16 0.999977
2 17 0.996766
2 18 0.999915
2 19 0.500020
2 20 0.997275
2 21 0.999950
2 22 0.648666
2 23 0.999990
2 24 0.781714
2 25 0.687915
2 26 0.977691
3 1 0.618033
3 2 0.993260
3 3 0.879618
3 4 0.639768
3 5 0.637494
3 6 0.945576
3 7 0.534172
3 8 0.584461
3 9 0.621913
3 10 0.497790
3 11 0.682531
3 12 0.654756
3 13 0.617665
3 14 0.684740
3 15 0.785213
3 16 0.944288
3 18 0.900310
3 19 0.500005
3 20 0.692647
3 21 0.991540
3 22 0.480059
3 23 0.913901
3 24 0.602155
3 25 0.605216
4 1 0.541664
4 2 0.808536
4 3 0.639768
4 4 0.550166
4 5 0.546826
4 6 0.750798
4 7 0.510683
4 8 0.512381
4 9 0.537952
4 10 0.495150
4 11 0.574496
4 12 0.552549
4 13 0.542373
4 14 0.571685
4 15 0.580515
4 16 0.683583
4 17 0.643223
4 18 0.655666
4 19 0.500002
4 20 0.550812
4 21 0.824321
4 23 0.675441
4 24 0.528436
4 25 0.535239
5 1 0.543254
5 2 0.814661
5 3 0.637494
5 4 0.546826
5 5 0.553045
5 6 0.761780
5 7 0.520371
5 8 0.513310
5 9 0.540723
5 10 0.501532
5 11 0.567152
5 12 0.551449
5 13 0.546141
5 14 0.584342
5 15 0.600967
5 16 0.695576
5 17 0.638610
5 18 0.647523
5 19 0.500002
5 20 0.570087
5 21 0.797520
5 22 0.483572
5 23 0.661563
5 24 0.535859
5 25 0.542742
6 1 0.735301
6 2 0.617910
6 3 0.945576
6 4 0.750798
6 5 0.761780
6 6 0.999999
6 7 0.607150
6 8 0.572972
6 9 0.721695
6 10 0.463506
6 11 0.870054
6 12 0.771298
6 13 0.767655
6 14 0.974103
6 15 0.922573
6 16 0.896094
6 17 0.931606
6 18 0.958133
6 19 0.500012
6 20 0.765279
6 21 0.999666
6 22 0.498847
6 23 0.920163
6 24 0.719589
6 25 0.741316
6 26 0.957698
7 1 0.514357
7 2 0.766196
7 3 0.534172
7 4 0.510683
7 5 0.520371
7 6 0.607150
7 7 0.532327
7 8 0.533162
7 9 0.519281
7 10 0.518136
7 11 0.515047
7 12 0.515012
7 13 0.528918
7 14 0.532988
7 15 0.597068
7 16 0.574232
7 17 0.535701
7 18 0.596262
7 19 0.500001
7 20 0.583607
7 21 0.549397
7 22 0.512465
7 23 0.598087
7 24 0.531121
7 25 0.518464
7 26 0.551270
8 1 0.511302
8 2 0.960630
8 3 0.584461
8 4 0.512381
8 5 0.513310
8 6 0.572972
8 7 0.533162
8 8 0.672240
8 9 0.528365
8 10 0.562567
8 11 0.518530
8 12 0.524835
8 13 0.557959
8 14 0.463540
8 15 0.638148
8 16 0.687167
8 17 0.606044
8 18 0.727291
8 19 0.500002
8 20 0.677097
8 21 0.481448
8 22 0.587940
8 23 0.742884
8 24 0.533001
8 25 0.498581
8 26 0.551190
9 1 0.534921
9 2 0.807535
9 3 0.621913
9 4 0.537952
9 5 0.540723
9 6 0.721695
9 7 0.519281
9 8 0.528365
9 9 0.540196
9 10 0.501801
9 11 0.549067
9 12 0.529284
9 13 0.538061
9 14 0.574722
9 15 0.604182
9 16 0.664994
9 17 0.625333
9 18 0.656396
9 19 0.500001
9 20 0.584758
9 21 0.759346
9 22 0.496833
9 23 0.658000
9 24 0.535810
9 25 0.533693
10 1 0.499673
10 2 0.765133
10 3 0.497790
10 4 0.495150
10 5 0.501532
10 6 0.463506
10 7 0.518136
10 8 0.562567
10 9 0.501801
10 10 0.540564
10 11 0.501728
10 12 0.522067
10 13 0.518695
10 14 0.460238
10 15 0.554781
10 16 0.557071
10 17 0.505018
10 18 0.553589
10 19 0.500001
10 20 0.541064
10 21 0.432606
10 22 0.532155
10 23 0.545849
10 24 0.501162
10 25 0.496037
10 26 0.502346
11 1 0.561672
11 2 0.884583
11 3 0.682531
11 4 0.574496
11 5 0.567152
11 6 0.870054
11 7 0.515047
11 8 0.518530
11 9 0.549067
11 10 0.501728
11 11 0.636394
11 12 0.600949
11 13 0.574111
11 14 0.590865
11 15 0.630000
11 16 0.733665
11 17 0.685263
11 18 0.704864
11 19 0.500003
11 20 0.547729
11 21 0.918989
11 22 0.485220
11 23 0.741888
11 24 0.521286
11 25 0.546059
12 1 0.543801
12 2 0.861428
12 3 0.654756
12 4 0.552549
12 5 0.551449
12 6 0.771298
12 7 0.515012
12 8 0.524835
12 9 0.529284
12 10 0.522067
12 11 0.600949
12 12 0.631766
12 13 0.547256
12 14 0.527794
12 15 0.654870
12 16 0.751568
12 17 0.664590
12 18 0.662338
12 19 0.500004
12 20 0.488131
12 21 0.896191
12 22 0.497182
12 23 0.659073
12 24 0.525464
12 25 0.535613
12 26 0.624069
13 1 0.538230
13 2 0.890707
13 3 0.617665
13 4 0.542373
13 5 0.546141
13 6 0.767655
13 7 0.528918
13 8 0.557959
13 9 0.538061
13 10 0.518695
13 11 0.574111
13 12 0.547256
13 13 0.575755
13 14 0.557617
13 15 0.598740
13 16 0.670818
13 17 0.621266
13 18 0.680782
13 19 0.500003
13 20 0.642134
13 21 0.746801
13 22 0.510350
13 23 0.727218
13 24 0.525678
13 25 0.531352
14 1 0.570784
14 2 0.369371
14 3 0.684740
14 4 0.571685
14 5 0.584342
14 6 0.974103
14 7 0.532988
14 8 0.463540
14 9 0.574722
14 10 0.460238
14 11 0.590865
14 12 0.527794
14 13 0.557617
14 14 0.779527
14 15 0.664357
14 16 0.609740
14 17 0.661856
14 18 0.681131
14 19 0.500002
14 20 0.593813
14 21 0.874152
14 22 0.458916
14 23 0.607857
14 24 0.578901
14 25 0.585406
15 1 0.579004
15 2 0.994772
15 3 0.785213
15 4 0.580515
15 5 0.600967
15 6 0.922573
15 7 0.597068
15 8 0.638148
15 9 0.604182
15 10 0.554781
15 11 0.630000
15 12 0.654870
15 13 0.598740
15 14 0.664357
15 15 0.955203
15 16 0.899430
15 17 0.800284
15 18 0.905221
15 19 0.500006
15 20 0.716070
15 21 0.969917
15 22 0.511093
15 23 0.872230
15 24 0.613610
15 25 0.581116
15 26 0.755235
16 1 0.660419
16 2 0.999977
16 3 0.944288
16 4 0.683583
16 5 0.695576
16 6 0.896094
16 7 0.574232
16 8 0.687167
16 9 0.664994
16 10 0.557071
16 11 0.733665
16 12 0.751568
16 13 0.670818
16 14 0.609740
16 15 0.899430
16 16 0.994160
16 17 0.956246
16 18 0.970786
16 19 0.500009
16 20 0.825113
16 21 0.998230
16 22 0.478185
16 23 0.979215
16 24 0.656871
16 25 0.639872
16 26 0.869087
17 1 0.619283
17 2 0.996766
17 4 0.643223
17 5 0.638610
17 6 0.931606
17 7 0.535701
17 8 0.606044
17 9 0.625333
17 10 0.505018
17 11 0.685263
17 12 0.664590
17 13 0.621266
17 14 0.661856
17 15 0.800284
17 16 0.956246
17 17 0.904214
17 18 0.916763
17 19 0.500005
17 20 0.709354
17 21 0.993176
17 22 0.489530
17 23 0.931212
17 24 0.606352
17 25 0.603186
17 26 0.805926
18 1 0.630310
18 2 0.999915
18 3 0.900310
18 4 0.655666
18 5 0.647523
18 6 0.958133
18 7 0.596262
18 8 0.727291
18 9 0.656396
18 10 0.553589
18 11 0.704864
18 12 0.662338
18 13 0.680782
18 14 0.681131
18 15 0.905221
18 16 0.970786
18 17 0.916763
18 18 0.983659
18 19 0.500006
18 20 0.898368
18 21 0.991833
18 22 0.555482
18 23 0.981506
18 24 0.654940
18 25 0.596924
19 1 0.500002
19 2 0.500020
19 3 0.500005
19 4 0.500002
19 5 0.500002
19 6 0.500012
19 7 0.500001
19 8 0.500002
19 9 0.500001
19 10 0.500001
19 11 0.500003
19 12 0.500004
19 13 0.500003
19 14 0.500002
19 15 0.500006
19 16 0.500009
19 17 0.500005
19 18 0.500006
19 19 0.500000
19 20 0.500003
19 21 0.500013
19 22 0.500000
19 23 0.500007
19 24 0.500001
19 25 0.500001
19 26 0.500004
20 1 0.550555
20 2 0.997275
20 3 0.692647
20 4 0.550812
20 5 0.570087
20 6 0.765279
20 7 0.583607
20 8 0.677097
20 9 0.584758
20 10 0.541064
20 11 0.547729
20 12 0.488131
20 13 0.642134
20 14 0.593813
20 15 0.716070
20 16 0.825113
20 17 0.709354
20 18 0.898368
20 19 0.500003
20 20 0.914169
20 21 0.669431
20 22 0.533739
20 23 0.924373
20 24 0.599686
20 25 0.546001
20 26 0.672658
21 1 0.777277
21 2 0.999950
21 3 0.991540
21 4 0.824321
21 5 0.797520
21 6 0.999666
21 7 0.549397
21 8 0.481448
21 9 0.759346
21 10 0.432606
21 11 0.918989
21 12 0.896191
21 13 0.746801
21 14 0.874152
21 15 0.969917
21 16 0.998230
21 17 0.993176
21 18 0.991833
21 19 0.500013
21 20 0.669431
21 21 1.000000
21 22 0.351602
21 23 0.994609
21 24 0.693580
21 25 0.747622
21 26 0.975116
22 1 0.488915
22 2 0.648666
22 3 0.480059
22 5 0.483572
22 6 0.498847
22 7 0.512465
22 8 0.587940
22 9 0.496833
22 10 0.532155
22 11 0.485220
22 12 0.497182
22 13 0.510350
22 14 0.458916
22 15 0.511093
22 16 0.478185
22 17 0.489530
22 18 0.555482
22 19 0.500000
22 20 0.533739
22 21 0.351602
22 22 0.573841
22 23 0.548886
22 24 0.512100
22 25 0.483993
22 26 0.483132
23 1 0.640651
23 2 0.999990
23 3 0.913901
23 4 0.675441
23 5 0.661563
23 6 0.920163
23 7 0.598087
23 8 0.742884
23 9 0.658000
23 10 0.545849
23 11 0.741888
23 12 0.659073
23 13 0.727218
23 14 0.607857
23 15 0.872230
23 16 0.979215
23 17 0.931212
23 18 0.981506
23 19 0.500007
23 20 0.924373
23 21 0.994609
23 22 0.548886
23 23 0.993650
23 24 0.642207
23 25 0.599985
23 26 0.863071
24 1 0.527666
24 2 0.781714
24 3 0.602155
24 4 0.528436
24 5 0.535859
24 6 0.719589
24 7 0.531121
24 8 0.533001
24 9 0.535810
24 10 0.501162
24 11 0.521286
24 12 0.525464
24 13 0.525678
24 14 0.578901
24 15 0.613610
24 16 0.656871
24 17 0.606352
24 18 0.654940
24 19 0.500001
24 20 0.599686
24 21 0.693580
24 22 0.512100
24 23 0.642207
24 24 0.570410
24 25 0.536976
25 1 0.534334
25 2 0.687915
25 3 0.605216
25 4 0.535239
25 5 0.542742
25 6 0.741316
25 7 0.518464
25 8 0.498581
25 9 0.533693
25 10 0.496037
25 11 0.546059
25 12 0.535613
25 13 0.531352
25 14 0.585406
25 15 0.581116
25 16 0.639872
25 17 0.603186
25 18 0.596924
25 19 0.500001
25 20 0.546001
25 21 0.747622
25 22 0.483993
25 23 0.599985
25 24 0.536976
25 25 0.539369
26 2 0.977691
26 6 0.957698
26 7 0.551270
26 8 0.551190
26 10 0.502346
26 12 0.624069
26 15 0.755235
26 16 0.869087
26 17 0.805926
26 19 0.500004
26 20 0.672658
26 21 0.975116
26 22 0.483132
26 23 0.863071
26 26 0.777274
