1 26 0.644555
3 17 0.941969
3 26 0.956832
4 22 0.534363
4 26 0.526770
5 26 0.652370
9 26 0.693252
11 26 0.709842
13 26 0.664457
14 26 0.787206
17 3 0.941969
18 26 0.894270
22 4 0.534363
24 26 0.633700
25 26 0.564206
26 1 0.644555
26 3 0.956832
26 4 0.526770
26 5 0.652370
26 9 0.693252
26 11 0.709842
26 13 0.664457
26 14 0.787206
26 18 0.894270
26 24 0.633700
26 25 0.564206
1 1 0.559315
1 2 0.900997
1 3 0.770051
1 4 0.509229
1 5 0.562035
1 6 0.793956
1 7 0.518745
1 8 0.593804
1 9 0.580704
1 10 0.514097
1 11 0.587497
1 12 0.524765
1 13 0.567524
1 14 0.627167
1 15 0.755778
1 16 0.618292
1 17 0.615158
1 18 0.700016
1 19 0.500001
1 20 0.641400
1 21 0.798458
1 22 0.509229
1 23 0.704448
1 24 0.554318
1 25 0.524444
2 1 0.900997
2 2 1.000000
2 3 0.999995
2 4 0.501468
2 5 0.909540
2 6 0.999980
2 7 0.690465
2 8 0.984271
2 9 0.948979
2 10 0.659834
2 11 0.971150
2 12 0.645482
2 13 0.928915
2 14 0.978982
2 15 0.999996
2 16 0.993079
2 17 0.987750
2 18 0.999755
2 19 0.500015
2 20 0.997941
2 21 0.999999
2 22 0.501468
2 23 0.999935
2 24 0.875600
2 25 0.716273
2 26 0.995837
3 1 0.770051
3 2 0.999995
3 3 0.999867
3 4 0.598590
3 5 0.780177
3 6 0.997713
3 7 0.602639
3 8 0.899052
3 9 0.843891
3 10 0.587340
3 11 0.884913
3 12 0.621276
3 13 0.803328
3 14 0.921530
3 15 0.996942
3 16 0.907681
3 18 0.989133
3 19 0.500013
3 20 0.938947
3 21 0.999687
3 22 0.598590
3 23 0.998773
3 24 0.746929
3 25 0.647392
4 1 0.509229
4 2 0.501468
4 3 0.598590
4 4 0.534363
4 5 0.511032
4 6 0.603404
4 7 0.503153
4 8 0.517861
4 9 0.513698
4 10 0.497888
4 11 0.526747
4 12 0.532105
4 13 0.510179
4 14 0.538724
4 15 0.488121
4 16 0.507250
4 17 0.525023
4 18 0.531498
4 19 0.500001
4 20 0.532372
4 21 0.556970
4 23 0.567750
4 24 0.510568
4 25 0.506971
5 1 0.562035
5 2 0.909540
5 3 0.780177
5 4 0.511032
5 5 0.567856
5 6 0.797543
5 7 0.517299
5 8 0.593144
5 9 0.585580
5 10 0.511098
5 11 0.596559
5 12 0.525636
5 13 0.572164
5 14 0.634827
5 15 0.771731
5 16 0.622582
5 17 0.624606
5 18 0.683388
5 19 0.500001
5 20 0.640318
5 21 0.805825
5 22 0.511032
5 23 0.705491
5 24 0.555372
5 25 0.525538
6 1 0.793956
6 2 0.999980
6 3 0.997713
6 4 0.603404
6 5 0.797543
6 6 0.999998
6 7 0.617811
6 8 0.891116
6 9 0.850812
6 10 0.579670
6 11 0.892508
6 12 0.751191
6 13 0.817071
6 14 0.965315
6 15 0.994134
6 16 0.963714
6 17 0.957251
6 18 0.994395
6 19 0.500005
6 20 0.968413
6 21 0.999721
6 22 0.603404
6 23 0.988183
6 24 0.804815
6 25 0.697883
6 26 0.969362
7 1 0.518745
7 2 0.690465
7 3 0.602639
7 4 0.503153
7 5 0.517299
7 6 0.617811
7 7 0.524720
7 8 0.558076
7 9 0.520057
7 10 0.515659
7 11 0.524291
7 12 0.506145
7 13 0.521238
7 14 0.522408
7 15 0.611052
7 16 0.557282
7 17 0.540733
7 18 0.636928
7 19 0.500000
7 20 0.577882
7 21 0.613433
7 22 0.503153
7 23 0.590448
7 24 0.519220
7 25 0.528212
7 26 0.548218
8 1 0.593804
8 2 0.984271
8 3 0.899052
8 4 0.517861
8 5 0.593144
8 6 0.891116
8 7 0.558076
8 8 0.718867
8 9 0.616647
8 10 0.548368
8 11 0.645030
8 12 0.549248
8 13 0.604973
8 14 0.650170
8 15 0.893585
8 16 0.708146
8 17 0.674349
8 18 0.886859
8 19 0.500002
8 20 0.822794
8 21 0.924178
8 22 0.517861
8 23 0.884391
8 24 0.588825
8 25 0.570228
8 26 0.719841
9 1 0.580704
9 2 0.948979
9 3 0.843891
9 4 0.513698
9 5 0.585580
9 6 0.850812
9 7 0.520057
9 8 0.616647
9 9 0.612899
9 10 0.516424
9 11 0.617982
9 12 0.531834
9 13 0.592065
9 14 0.678436
9 15 0.817753
9 16 0.647758
9 17 0.654070
9 18 0.735604
9 19 0.500002
9 20 0.662645
9 21 0.858355
9 22 0.513698
9 23 0.758161
9 24 0.572453
9 25 0.527729
10 1 0.514097
10 2 0.659834
10 3 0.587340
10 4 0.497888
10 5 0.511098
10 6 0.579670
10 7 0.515659
10 8 0.548368
10 9 0.516424
10 10 0.517667
10 11 0.513295
10 12 0.503485
10 13 0.514179
10 14 0.517009
10 15 0.582370
10 16 0.533092
10 17 0.527319
10 18 0.633583
10 19 0.500001
10 20 0.579008
10 21 0.592763
10 22 0.497888
10 23 0.599296
10 24 0.514947
10 25 0.519621
10 26 0.534667
11 1 0.587497
11 2 0.971150
11 3 0.884913
11 4 0.526747
11 5 0.596559
11 6 0.892508
11 7 0.524291
11 8 0.645030
11 9 0.617982
11 10 0.513295
11 11 0.665497
11 12 0.550292
11 13 0.605695
11 14 0.661868
11 15 0.851964
11 16 0.678532
11 17 0.669013
11 18 0.704199
11 19 0.500003
11 20 0.663134
11 21 0.890402
11 22 0.526747
11 23 0.796554
11 24 0.575719
11 25 0.547236
12 1 0.524765
12 2 0.645482
12 3 0.621276
12 4 0.532105
12 5 0.525636
12 6 0.751191
12 7 0.506145
12 8 0.549248
12 9 0.531834
12 10 0.503485
12 11 0.550292
12 12 0.550786
12 13 0.525617
12 14 0.569893
12 15 0.558976
12 16 0.544732
12 17 0.545268
12 18 0.633186
12 19 0.500000
12 20 0.630555
12 21 0.659851
12 22 0.532105
12 23 0.618429
12 24 0.527740
12 25 0.515052
12 26 0.563421
13 1 0.567524
13 2 0.928915
13 3 0.803328
13 4 0.510179
13 5 0.572164
13 6 0.817071
13 7 0.521238
13 8 0.604973
13 9 0.592065
13 10 0.514179
13 11 0.605695
13 12 0.525617
13 13 0.579097
13 14 0.638208
13 15 0.791054
13 16 0.636895
13 17 0.632100
13 18 0.696539
13 19 0.500001
13 20 0.634030
13 21 0.820003
13 22 0.510179
13 23 0.713198
13 24 0.560204
13 25 0.531145
14 1 0.627167
14 2 0.978982
14 3 0.921530
14 4 0.538724
14 5 0.634827
14 6 0.965315
14 7 0.522408
14 8 0.650170
14 9 0.678436
14 10 0.517009
14 11 0.661868
14 12 0.569893
14 13 0.638208
14 14 0.820901
14 15 0.876457
14 16 0.708909
14 17 0.753191
14 18 0.854062
14 19 0.500001
14 20 0.787126
14 21 0.947195
14 22 0.538724
14 23 0.863571
14 24 0.623333
14 25 0.533473
15 1 0.755778
15 2 0.999996
15 3 0.996942
15 4 0.488121
15 5 0.771731
15 6 0.994134
15 7 0.611052
15 8 0.893585
15 9 0.817753
15 10 0.582370
15 11 0.851964
15 12 0.558976
15 13 0.791054
15 14 0.876457
15 15 0.999119
15 16 0.933691
15 17 0.908658
15 18 0.981438
15 19 0.500003
15 20 0.959841
15 21 0.998872
15 22 0.488121
15 23 0.987615
15 24 0.724503
15 25 0.629577
15 26 0.941265
16 1 0.618292
16 2 0.993079
16 3 0.907681
16 4 0.507250
16 5 0.622582
16 6 0.963714
16 7 0.557282
16 8 0.708146
16 9 0.647758
16 10 0.533092
16 11 0.678532
16 12 0.544732
16 13 0.636895
16 14 0.708909
16 15 0.933691
16 16 0.794552
16 17 0.738164
16 18 0.830511
16 19 0.500001
16 20 0.746542
16 21 0.951803
16 22 0.507250
16 23 0.831117
16 24 0.611330
16 25 0.552713
16 26 0.770901
17 1 0.615158
17 2 0.987750
17 4 0.525023
17 5 0.624606
17 6 0.957251
17 7 0.540733
17 8 0.674349
17 9 0.654070
17 10 0.527319
17 11 0.669013
17 12 0.545268
17 13 0.632100
17 14 0.753191
17 15 0.908658
17 16 0.738164
17 17 0.780732
17 18 0.846185
17 19 0.500002
17 20 0.775370
17 21 0.955143
17 22 0.525023
17 23 0.878533
17 24 0.611050
17 25 0.563729
17 26 0.768595
18 1 0.700016
18 2 0.999755
18 3 0.989133
18 4 0.531498
18 5 0.683388
18 6 0.994395
18 7 0.636928
18 8 0.886859
18 9 0.735604
18 10 0.633583
18 11 0.704199
18 12 0.633186
18 13 0.696539
18 14 0.854062
18 15 0.981438
18 16 0.830511
18 17 0.846185
18 18 0.999709
18 19 0.500001
18 20 0.997737
18 21 0.998799
18 22 0.531498
18 23 0.996947
18 24 0.716137
18 25 0.667278
19 1 0.500001
19 2 0.500015
19 3 0.500013
19 4 0.500001
19 5 0.500001
19 6 0.500005
19 7 0.500000
19 8 0.500002
19 9 0.500002
19 10 0.500001
19 11 0.500003
19 12 0.500000
19 13 0.500001
19 14 0.500001
19 15 0.500003
19 16 0.500001
19 17 0.500002
19 18 0.500001
19 19 0.500000
19 20 0.499998
19 21 0.500008
19 22 0.500001
19 23 0.500008
19 24 0.500001
19 25 0.500001
19 26 0.500003
20 1 0.641400
20 2 0.997941
20 3 0.938947
20 4 0.532372
20 5 0.640318
20 6 0.968413
20 7 0.577882
20 8 0.822794
20 9 0.662645
20 10 0.579008
20 11 0.663134
20 12 0.630555
20 13 0.634030
20 14 0.787126
20 15 0.959841
20 16 0.746542
20 17 0.775370
20 18 0.997737
20 19 0.499998
20 20 0.997255
20 21 0.995775
20 22 0.532372
20 23 0.991703
20 24 0.655728
20 25 0.599059
20 26 0.803953
21 1 0.798458
21 2 0.999999
21 3 0.999687
21 4 0.556970
21 5 0.805825
21 6 0.999721
21 7 0.613433
21 8 0.924178
21 9 0.858355
21 10 0.592763
21 11 0.890402
21 12 0.659851
21 13 0.820003
21 14 0.947195
21 15 0.998872
21 16 0.951803
21 17 0.955143
21 18 0.998799
21 19 0.500008
21 20 0.995775
21 21 0.999973
21 22 0.556970
21 23 0.999575
21 24 0.788807
21 25 0.613656
21 26 0.969350
22 1 0.509229
22 2 0.501468
22 3 0.598590
22 5 0.511032
22 6 0.603404
22 7 0.503153
22 8 0.517861
22 9 0.513698
22 10 0.497888
22 11 0.526747
22 12 0.532105
22 13 0.510179
22 14 0.538724
22 15 0.488121
22 16 0.507250
22 17 0.525023
22 18 0.531498
22 19 0.500001
22 20 0.532372
22 21 0.556970
22 22 0.534363
22 23 0.567750
22 24 0.510568
22 25 0.506971
22 26 0.526770
23 1 0.704448
23 2 0.999935
23 3 0.998773
23 4 0.567750
23 5 0.705491
23 6 0.988183
23 7 0.590448
23 8 0.884391
23 9 0.758161
23 10 0.599296
23 11 0.796554
23 12 0.618429
23 13 0.713198
23 14 0.863571
23 15 0.987615
23 16 0.831117
23 17 0.878533
23 18 0.996947
23 19 0.500008
23 20 0.991703
23 21 0.999575
23 22 0.567750
23 23 0.999769
23 24 0.696878
23 25 0.608951
23 26 0.898925
24 1 0.554318
24 2 0.875600
24 3 0.746929
24 4 0.510568
24 5 0.555372
24 6 0.804815
24 7 0.519220
24 8 0.588825
24 9 0.572453
24 10 0.514947
24 11 0.575719
24 12 0.527740
24 13 0.560204
24 14 0.623333
24 15 0.724503
24 16 0.611330
24 17 0.611050
24 18 0.716137
24 19 0.500001
24 20 0.655728
24 21 0.788807
24 22 0.510568
24 23 0.696878
24 24 0.552927
24 25 0.524652
25 1 0.524444
25 2 0.716273
25 3 0.647392
25 4 0.506971
25 5 0.525538
25 6 0.697883
25 7 0.528212
25 8 0.570228
25 9 0.527729
25 10 0.519621
25 11 0.547236
25 12 0.515052
25 13 0.531145
25 14 0.533473
25 15 0.629577
25 16 0.552713
25 17 0.563729
25 18 0.667278
25 19 0.500001
25 20 0.599059
25 21 0.613656
25 22 0.506971
25 23 0.608951
25 24 0.524652
25 25 0.566304
26 2 0.995837
26 6 0.969362
26 7 0.548218
26 8 0.719841
26 10 0.534667
26 12 0.563421
26 15 0.941265
26 16 0.770901
26 17 0.768595
26 19 0.500003
26 20 0.803953
26 21 0.969350
26 22 0.526770
26 23 0.898925
26 26 0.819760
