1 26 0.530808
3 17 0.930313
3 26 0.826910
4 22 0.541951
4 26 0.658195
5 26 0.661896
9 26 0.658614
11 26 0.735208
13 26 0.675385
14 26 0.875009
17 3 0.930313
18 26 0.915908
22 4 0.541951
24 26 0.680563
25 26 0.691153
26 1 0.530808
26 3 0.826910
26 4 0.658195
26 5 0.661896
26 9 0.658614
26 11 0.735208
26 13 0.675385
26 14 0.875009
26 18 0.915908
26 24 0.680563
26 25 0.691153
1 1 0.505405
1 2 0.566021
1 3 0.532193
1 4 0.512061
1 5 0.510316
1 6 0.659198
1 7 0.507374
1 8 0.516701
1 9 0.511166
1 10 0.507582
1 11 0.520013
1 12 0.515450
1 13 0.511991
1 14 0.529983
1 15 0.540856
1 16 0.529748
1 17 0.532193
1 18 0.543644
1 19 0.500000
1 20 0.543253
1 21 0.524674
1 22 0.521104
1 23 0.560049
1 24 0.511978
1 25 0.510985
2 1 0.566021
2 2 0.999587
2 3 0.950891
2 4 0.749656
2 5 0.743842
2 6 0.999996
2 7 0.603231
2 8 0.898506
2 9 0.737375
2 10 0.602014
2 11 0.861182
2 12 0.817667
2 13 0.771941
2 14 0.939122
2 15 0.823437
2 16 0.958855
2 17 0.950891
2 18 0.992065
2 19 0.500011
2 20 0.957156
2 21 0.977829
2 22 0.782128
2 23 0.995433
2 24 0.747134
2 25 0.773779
2 26 0.952781
3 1 0.532193
3 2 0.950891
3 3 0.930313
3 4 0.646017
3 5 0.640125
3 6 0.998121
3 7 0.589538
3 8 0.743922
3 9 0.630211
3 10 0.541777
3 11 0.748883
3 12 0.728294
3 13 0.660208
3 14 0.798635
3 15 0.781594
3 16 0.797970
3 18 0.895429
3 19 0.500005
3 20 0.884253
3 21 0.954594
3 22 0.661734
3 23 0.975893
3 24 0.652376
3 25 0.652731
4 1 0.512061
4 2 0.749656
4 3 0.646017
4 4 0.558691
4 5 0.557175
4 6 0.930865
4 7 0.530523
4 8 0.574944
4 9 0.554859
4 10 0.516666
4 11 0.593401
4 12 0.582775
4 13 0.564382
4 14 0.655337
4 15 0.603191
4 16 0.635945
4 17 0.646017
4 18 0.701273
4 19 0.500002
4 20 0.660963
4 21 0.740268
4 23 0.743247
4 24 0.564151
4 25 0.567646
5 1 0.510316
5 2 0.743842
5 3 0.640125
5 4 0.557175
5 5 0.560076
5 6 0.932798
5 7 0.530789
5 8 0.579410
5 9 0.556644
5 10 0.512911
5 11 0.587302
5 12 0.576942
5 13 0.564500
5 14 0.663432
5 15 0.596890
5 16 0.644160
5 17 0.640125
5 18 0.689560
5 19 0.500002
5 20 0.667893
5 21 0.741367
5 22 0.529382
5 23 0.742679
5 24 0.566352
5 25 0.569575
6 1 0.659198
6 2 0.999996
6 3 0.998121
6 4 0.930865
6 5 0.932798
6 6 1.000000
6 7 0.783953
6 8 0.976595
6 9 0.934209
6 10 0.662978
6 11 0.978640
6 12 0.939887
6 13 0.945688
6 14 0.999725
6 15 0.996866
6 16 0.999104
6 17 0.998121
6 18 0.999896
6 19 0.500026
6 20 0.999714
6 21 0.999948
6 22 0.908250
6 23 0.999995
6 24 0.946896
6 25 0.951347
6 26 0.999448
7 1 0.507374
7 2 0.603231
7 3 0.589538
7 4 0.530523
7 5 0.530789
7 6 0.783953
7 7 0.528759
7 8 0.532362
7 9 0.526550
7 10 0.513261
7 11 0.552915
7 12 0.558821
7 13 0.533335
7 14 0.573545
7 15 0.587359
7 16 0.569452
7 17 0.589538
7 18 0.583726
7 19 0.500001
7 20 0.597716
7 21 0.606409
7 22 0.529169
7 23 0.621085
7 24 0.537076
7 25 0.531860
7 26 0.585179
8 1 0.516701
8 2 0.898506
8 3 0.743922
8 4 0.574944
8 5 0.579410
8 6 0.976595
8 7 0.532362
8 8 0.684123
8 9 0.578556
8 10 0.523607
8 11 0.624980
8 12 0.595115
8 13 0.586756
8 14 0.693649
8 15 0.609889
8 16 0.717584
8 17 0.743922
8 18 0.801307
8 19 0.500003
8 20 0.744350
8 21 0.779605
8 22 0.590757
8 23 0.872875
8 24 0.580253
8 25 0.589831
8 26 0.707839
9 1 0.511166
9 2 0.737375
9 3 0.630211
9 4 0.554859
9 5 0.556644
9 6 0.934209
9 7 0.526550
9 8 0.578556
9 9 0.558600
9 10 0.512360
9 11 0.581909
9 12 0.561143
9 13 0.561575
9 14 0.665755
9 15 0.596481
9 16 0.637981
9 17 0.630211
9 18 0.683605
9 19 0.500002
9 20 0.676731
9 21 0.745595
9 22 0.528414
9 23 0.755485
9 24 0.564008
9 25 0.568057
10 1 0.507582
10 2 0.602014
10 3 0.541777
10 4 0.516666
10 5 0.512911
10 6 0.662978
10 7 0.513261
10 8 0.523607
10 9 0.512360
10 10 0.520573
10 11 0.533853
10 12 0.540999
10 13 0.516172
10 14 0.521161
10 15 0.561965
10 16 0.544670
10 17 0.541777
10 18 0.572089
10 19 0.500001
10 20 0.552123
10 21 0.532298
10 22 0.543188
10 23 0.560242
10 24 0.514891
10 25 0.514145
10 26 0.539852
11 1 0.520013
11 2 0.861182
11 3 0.748883
11 4 0.593401
11 5 0.587302
11 6 0.978640
11 7 0.552915
11 8 0.624980
11 9 0.581909
11 10 0.533853
11 11 0.660516
11 12 0.649065
11 13 0.601646
11 14 0.707629
11 15 0.669414
11 16 0.702404
11 17 0.748883
11 18 0.800993
11 19 0.500004
11 20 0.727245
11 21 0.843402
11 22 0.589719
11 23 0.850893
11 24 0.598524
11 25 0.603640
12 1 0.515450
12 2 0.817667
12 3 0.728294
12 4 0.582775
12 5 0.576942
12 6 0.939887
12 7 0.558821
12 8 0.595115
12 9 0.561143
12 10 0.540999
12 11 0.649065
12 12 0.695647
12 13 0.586956
12 14 0.652665
12 15 0.624754
12 16 0.653313
12 17 0.728294
12 18 0.744894
12 19 0.500004
12 20 0.692186
12 21 0.788729
12 22 0.590358
12 23 0.769190
12 24 0.585938
12 25 0.588928
12 26 0.698213
13 1 0.511991
13 2 0.771941
13 3 0.660208
13 4 0.564382
13 5 0.564500
13 6 0.945688
13 7 0.533335
13 8 0.586756
13 9 0.561575
13 10 0.516172
13 11 0.601646
13 12 0.586956
13 13 0.573034
13 14 0.670186
13 15 0.615706
13 16 0.651299
13 17 0.660208
13 18 0.711354
13 19 0.500003
13 20 0.680445
13 21 0.763242
13 22 0.541070
13 23 0.763422
13 24 0.572020
13 25 0.575617
14 1 0.529983
14 2 0.939122
14 3 0.798635
14 4 0.655337
14 5 0.663432
14 6 0.999725
14 7 0.573545
14 8 0.693649
14 9 0.665755
14 10 0.521161
14 11 0.707629
14 12 0.652665
14 13 0.670186
14 14 0.904721
14 15 0.737259
14 16 0.845140
14 17 0.798635
14 18 0.922694
14 19 0.500006
14 20 0.886254
14 21 0.960143
14 22 0.540828
14 23 0.957294
14 24 0.681539
14 25 0.693448
15 1 0.540856
15 2 0.823437
15 3 0.781594
15 4 0.603191
15 5 0.596890
15 6 0.996866
15 7 0.587359
15 8 0.609889
15 9 0.596481
15 10 0.561965
15 11 0.669414
15 12 0.624754
15 13 0.615706
15 14 0.737259
15 15 0.897547
15 16 0.745266
15 17 0.781594
15 18 0.767911
15 19 0.500003
15 20 0.846465
15 21 0.780550
15 22 0.644928
15 23 0.865862
15 24 0.615790
15 25 0.593575
15 26 0.756106
16 1 0.529748
16 2 0.958855
16 3 0.797970
16 4 0.635945
16 5 0.644160
16 6 0.999104
16 7 0.569452
16 8 0.717584
16 9 0.637981
16 10 0.544670
16 11 0.702404
16 12 0.653313
16 13 0.651299
16 14 0.845140
16 15 0.745266
16 16 0.871722
16 17 0.797970
16 18 0.912615
16 19 0.500007
16 20 0.832709
16 21 0.913923
16 22 0.611127
16 23 0.932323
16 24 0.650713
16 25 0.657853
16 26 0.840785
17 1 0.532193
17 2 0.950891
17 4 0.646017
17 5 0.640125
17 6 0.998121
17 7 0.589538
17 8 0.743922
17 9 0.630211
17 10 0.541777
17 11 0.748883
17 12 0.728294
17 13 0.660208
17 14 0.798635
17 15 0.781594
17 16 0.797970
17 17 0.930313
17 18 0.895429
17 19 0.500005
17 20 0.884253
17 21 0.954594
17 22 0.661734
17 23 0.975893
17 24 0.652376
17 25 0.652731
17 26 0.826910
18 1 0.543644
18 2 0.992065
18 3 0.895429
18 4 0.701273
18 5 0.689560
18 6 0.999896
18 7 0.583726
18 8 0.801307
18 9 0.683605
18 10 0.572089
18 11 0.800993
18 12 0.744894
18 13 0.711354
18 14 0.922694
18 15 0.767911
18 16 0.912615
18 17 0.895429
18 18 0.997281
18 19 0.500007
18 20 0.898035
18 21 0.986549
18 22 0.632576
18 23 0.986993
18 24 0.705279
18 25 0.738914
19 1 0.500000
19 2 0.500011
19 3 0.500005
19 4 0.500002
19 5 0.500002
19 6 0.500026
19 7 0.500001
19 8 0.500003
19 9 0.500002
19 10 0.500001
19 11 0.500004
19 12 0.500004
19 13 0.500003
19 14 0.500006
19 15 0.500003
19 16 0.500007
19 17 0.500005
19 18 0.500007
19 19 0.500000
19 20 0.500005
19 21 0.500009
19 22 0.500003
19 23 0.500008
19 24 0.500003
19 25 0.500003
19 26 0.500007
20 1 0.543253
20 2 0.957156
20 3 0.884253
20 4 0.660963
20 5 0.667893
20 6 0.999714
20 7 0.597716
20 8 0.744350
20 9 0.676731
20 10 0.552123
20 11 0.727245
20 12 0.692186
20 13 0.680445
20 14 0.886254
20 15 0.846465
20 16 0.832709
20 17 0.884253
20 18 0.898035
20 19 0.500005
20 20 0.965709
20 21 0.963596
20 22 0.607315
20 23 0.979639
20 24 0.689151
20 25 0.686711
20 26 0.872960
21 1 0.524674
21 2 0.977829
21 3 0.954594
21 4 0.740268
21 5 0.741367
21 6 0.999948
21 7 0.606409
21 8 0.779605
21 9 0.745595
21 10 0.532298
21 11 0.843402
21 12 0.788729
21 13 0.763242
21 14 0.960143
21 15 0.780550
21 16 0.913923
21 17 0.954594
21 18 0.986549
21 19 0.500009
21 20 0.963596
21 21 0.999744
21 22 0.501800
21 23 0.997077
21 24 0.768766
21 25 0.804876
21 26 0.958537
22 1 0.521104
22 2 0.782128
22 3 0.661734
22 5 0.529382
22 6 0.908250
22 7 0.529169
22 8 0.590757
22 9 0.528414
22 10 0.543188
22 11 0.589719
22 12 0.590358
22 13 0.541070
22 14 0.540828
22 15 0.644928
22 16 0.611127
22 17 0.661734
22 18 0.632576
22 19 0.500003
22 20 0.607315
22 21 0.501800
22 22 0.656962
22 23 0.682264
22 24 0.528742
22 25 0.524142
22 26 0.586443
23 1 0.560049
23 2 0.995433
23 3 0.975893
23 4 0.743247
23 5 0.742679
23 6 0.999995
23 7 0.621085
23 8 0.872875
23 9 0.755485
23 10 0.560242
23 11 0.850893
23 12 0.769190
23 13 0.763422
23 14 0.957294
23 15 0.865862
23 16 0.932323
23 17 0.975893
23 18 0.986993
23 19 0.500008
23 20 0.979639
23 21 0.997077
23 22 0.682264
23 23 0.999212
23 24 0.769124
23 25 0.784274
23 26 0.955341
24 1 0.511978
24 2 0.747134
24 3 0.652376
24 4 0.564151
24 5 0.566352
24 6 0.946896
24 7 0.537076
24 8 0.580253
24 9 0.564008
24 10 0.514891
24 11 0.598524
24 12 0.585938
24 13 0.572020
24 14 0.681539
24 15 0.615790
24 16 0.650713
24 17 0.652376
24 18 0.705279
24 19 0.500003
24 20 0.689151
24 21 0.768766
24 22 0.528742
24 23 0.769124
24 24 0.576324
24 25 0.578253
25 1 0.510985
25 2 0.773779
25 3 0.652731
25 4 0.567646
25 5 0.569575
25 6 0.951347
25 7 0.531860
25 8 0.589831
25 9 0.568057
25 10 0.514145
25 11 0.603640
25 12 0.588928
25 13 0.575617
25 14 0.693448
25 15 0.593575
25 16 0.657853
25 17 0.652731
25 18 0.738914
25 19 0.500003
25 20 0.686711
25 21 0.804876
25 22 0.524142
25 23 0.784274
25 24 0.578253
25 25 0.586782
26 2 0.952781
26 6 0.999448
26 7 0.585179
26 8 0.707839
26 10 0.539852
26 12 0.698213
26 15 0.756106
26 16 0.840785
26 17 0.826910
26 19 0.500007
26 20 0.872960
26 21 0.958537
26 22 0.586443
26 23 0.955341
26 26 0.874737
