1 26 0.762532
3 17 0.855790
3 26 0.887352
4 22 0.530841
4 26 0.757753
5 26 0.623449
9 26 0.804697
11 26 0.799593
13 26 0.780792
14 26 0.999858
17 3 0.855790
18 26 0.924006
22 4 0.530841
24 26 0.705212
25 26 0.741587
26 1 0.762532
26 3 0.887352
26 4 0.757753
26 5 0.623449
26 9 0.804697
26 11 0.799593
26 13 0.780792
26 14 0.999858
26 18 0.924006
26 24 0.705212
26 25 0.741587
1 1 0.606322
1 2 0.972152
1 3 0.686358
1 4 0.603227
1 5 0.547457
1 6 0.883363
1 7 0.540335
1 8 0.524624
1 9 0.627023
1 10 0.527738
1 11 0.626871
1 12 0.616572
1 13 0.613824
1 14 0.955090
1 15 0.752193
1 16 0.744186
1 17 0.668901
1 18 0.714265
1 19 0.500002
1 20 0.730105
1 21 0.954473
1 22 0.532255
1 23 0.734820
1 24 0.582347
1 25 0.597365
2 1 0.972152
2 2 1.000000
2 3 0.998203
2 4 0.971484
2 5 0.781474
2 6 0.999680
2 7 0.723179
2 8 0.609621
2 9 0.984624
2 10 0.723715
2 11 0.984294
2 12 0.977240
2 13 0.980543
2 14 1.000000
2 15 0.999998
2 16 0.999939
2 17 0.996457
2 18 0.998993
2 19 0.500020
2 20 0.998522
2 21 1.000000
2 22 0.383788
2 23 0.999994
2 24 0.823903
2 25 0.970934
2 26 0.999916
3 1 0.686358
3 2 0.998203
3 3 0.866515
3 4 0.680514
3 5 0.580670
3 6 0.987927
3 7 0.567090
3 8 0.570599
3 9 0.730560
3 10 0.537701
3 11 0.711174
3 12 0.689449
3 13 0.692042
3 14 0.999160
3 15 0.899561
3 16 0.905900
3 18 0.834668
3 19 0.500003
3 20 0.873308
3 21 0.993344
3 22 0.537274
3 23 0.797122
3 24 0.650608
3 25 0.678615
4 1 0.603227
4 2 0.971484
4 3 0.680514
4 4 0.602070
4 5 0.545731
4 6 0.892324
4 7 0.539975
4 8 0.523815
4 9 0.625530
4 10 0.527460
4 11 0.623916
4 12 0.609823
4 13 0.611680
4 14 0.957207
4 15 0.746845
4 16 0.743320
4 17 0.663929
4 18 0.703401
4 19 0.500002
4 20 0.719487
4 21 0.948790
4 23 0.743979
4 24 0.578639
4 25 0.594275
5 1 0.547457
5 2 0.781474
5 3 0.580670
5 4 0.545731
5 5 0.581511
5 6 0.791395
5 7 0.533884
5 8 0.524990
5 9 0.550890
5 10 0.503636
5 11 0.566063
5 12 0.588904
5 13 0.548201
5 14 0.877787
5 15 0.612537
5 16 0.625258
5 17 0.569312
5 18 0.611959
5 19 0.500001
5 20 0.655410
5 21 0.848601
5 22 0.551706
5 23 0.636390
5 24 0.578459
5 25 0.541227
6 1 0.883363
6 2 0.999680
6 3 0.987927
6 4 0.892324
6 5 0.791395
6 6 1.000000
6 7 0.806268
6 8 0.842797
6 9 0.942552
6 10 0.631928
6 11 0.909506
6 12 0.908983
6 13 0.901069
6 14 1.000000
6 15 0.930125
6 16 0.998981
6 17 0.987781
6 18 0.973939
6 19 0.500005
6 20 0.985970
6 21 0.999998
6 22 0.878727
6 23 0.973644
6 24 0.944768
6 25 0.818474
6 26 0.997518
7 1 0.540335
7 2 0.723179
7 3 0.567090
7 4 0.539975
7 5 0.533884
7 6 0.806268
7 7 0.528918
7 8 0.530806
7 9 0.550102
7 10 0.507588
7 11 0.551417
7 12 0.559981
7 13 0.542502
7 14 0.806509
7 15 0.569022
7 16 0.603401
7 17 0.561213
7 18 0.574388
7 19 0.500001
7 20 0.590446
7 21 0.798363
7 22 0.539202
7 23 0.610254
7 24 0.548276
7 25 0.531392
7 26 0.609267
8 1 0.524624
8 2 0.609621
8 3 0.570599
8 4 0.523815
8 5 0.524990
8 6 0.842797
8 7 0.530806
8 8 0.656343
8 9 0.551346
8 10 0.510993
8 11 0.527582
8 12 0.513220
8 13 0.518410
8 14 0.684325
8 15 0.548588
8 16 0.675454
8 17 0.570435
8 18 0.540225
8 19 0.500001
8 20 0.645531
8 21 0.679993
8 22 0.557460
8 23 0.719973
8 24 0.585862
8 25 0.513985
8 26 0.563067
9 1 0.627023
9 2 0.984624
9 3 0.730560
9 4 0.625530
9 5 0.550890
9 6 0.942552
9 7 0.550102
9 8 0.551346
9 9 0.667236
9 10 0.539701
9 11 0.649525
9 12 0.630135
9 13 0.635187
9 14 0.987051
9 15 0.810995
9 16 0.815023
9 17 0.712584
9 18 0.744412
9 19 0.500003
9 20 0.788954
9 21 0.977692
9 22 0.542056
9 23 0.818759
9 24 0.598811
9 25 0.615534
10 1 0.527738
10 2 0.723715
10 3 0.537701
10 4 0.527460
10 5 0.503636
10 6 0.631928
10 7 0.507588
10 8 0.510993
10 9 0.539701
10 10 0.523128
10 11 0.528757
10 12 0.512953
10 13 0.532477
10 14 0.717780
10 15 0.597199
10 16 0.580272
10 17 0.531605
10 18 0.557996
10 19 0.500001
10 20 0.594002
10 21 0.664477
10 22 0.505526
10 23 0.623240
10 24 0.522375
10 25 0.524150
10 26 0.578905
11 1 0.626871
11 2 0.984294
11 3 0.711174
11 4 0.623916
11 5 0.566063
11 6 0.909506
11 7 0.551417
11 8 0.527582
11 9 0.649525
11 10 0.528757
11 11 0.658575
11 12 0.644614
11 13 0.634453
11 14 0.969705
11 15 0.781038
11 16 0.768212
11 17 0.687782
11 18 0.750947
11 19 0.500002
11 20 0.780309
11 21 0.978377
11 22 0.547131
11 23 0.769943
11 24 0.606848
11 25 0.616112
12 1 0.616572
12 2 0.977240
12 3 0.689449
12 4 0.609823
12 5 0.588904
12 6 0.908983
12 7 0.559981
12 8 0.513220
12 9 0.630135
12 10 0.512953
12 11 0.644614
12 12 0.703897
12 13 0.621591
12 14 0.973465
12 15 0.782760
12 16 0.772634
12 17 0.669023
12 18 0.735725
12 19 0.500002
12 20 0.734013
12 21 0.986201
12 22 0.571280
12 23 0.719025
12 24 0.590805
12 25 0.607412
12 26 0.782821
13 1 0.613824
13 2 0.980543
13 3 0.692042
13 4 0.611680
13 5 0.548201
13 6 0.901069
13 7 0.542502
13 8 0.518410
13 9 0.635187
13 10 0.532477
13 11 0.634453
13 12 0.621591
13 13 0.624698
13 14 0.965833
13 15 0.767054
13 16 0.757477
13 17 0.673640
13 18 0.726444
13 19 0.500003
13 20 0.736121
13 21 0.961695
13 22 0.532784
13 23 0.762411
13 24 0.582941
13 25 0.604371
14 1 0.955090
14 2 1.000000
14 3 0.999160
14 4 0.957207
14 5 0.877787
14 6 1.000000
14 7 0.806509
14 8 0.684325
14 9 0.987051
14 10 0.717780
14 11 0.969705
14 12 0.973465
14 13 0.965833
14 14 1.000000
14 15 0.999717
14 16 0.999982
14 17 0.998878
14 18 0.998988
14 19 0.500009
14 20 0.999828
14 21 1.000000
14 22 0.844514
14 23 0.995331
14 24 0.974323
14 25 0.935882
15 1 0.752193
15 2 0.999998
15 3 0.899561
15 4 0.746845
15 5 0.612537
15 6 0.930125
15 7 0.569022
15 8 0.548588
15 9 0.810995
15 10 0.597199
15 11 0.781038
15 12 0.782760
15 13 0.767054
15 14 0.999717
15 15 0.992119
15 16 0.972511
15 17 0.877618
15 18 0.906004
15 19 0.500005
15 20 0.958819
15 21 0.999627
15 22 0.495972
15 23 0.980215
15 24 0.638572
15 25 0.757739
15 26 0.948525
16 1 0.744186
16 2 0.999939
16 3 0.905900
16 4 0.743320
16 5 0.625258
16 6 0.998981
16 7 0.603401
16 8 0.675454
16 9 0.815023
16 10 0.580272
16 11 0.768212
16 12 0.772634
16 13 0.757477
16 14 0.999982
16 15 0.972511
16 16 0.983133
16 17 0.893028
16 18 0.904967
16 19 0.500005
16 20 0.946307
16 21 0.999445
16 22 0.592834
16 23 0.973330
16 24 0.720310
16 25 0.732748
16 26 0.951742
17 1 0.668901
17 2 0.996457
17 4 0.663929
17 5 0.569312
17 6 0.987781
17 7 0.561213
17 8 0.570435
17 9 0.712584
17 10 0.531605
17 11 0.687782
17 12 0.669023
17 13 0.673640
17 14 0.998878
17 15 0.877618
17 16 0.893028
17 17 0.848654
17 18 0.803907
17 19 0.500002
17 20 0.838711
17 21 0.987288
17 22 0.529749
17 23 0.752423
17 24 0.632108
17 25 0.661965
17 26 0.865108
18 1 0.714265
18 2 0.998993
18 3 0.834668
18 4 0.703401
18 5 0.611959
18 6 0.973939
18 7 0.574388
18 8 0.540225
18 9 0.744412
18 10 0.557996
18 11 0.750947
18 12 0.735725
18 13 0.726444
18 14 0.998988
18 15 0.906004
18 16 0.904967
18 17 0.803907
18 18 0.906493
18 19 0.500007
18 20 0.917147
18 21 0.998393
18 22 0.573940
18 23 0.874492
18 24 0.697171
18 25 0.699649
19 1 0.500002
19 2 0.500020
19 3 0.500003
19 4 0.500002
19 5 0.500001
19 6 0.500005
19 7 0.500001
19 8 0.500001
19 9 0.500003
19 10 0.500001
19 11 0.500002
19 12 0.500002
19 13 0.500003
19 14 0.500009
19 15 0.500005
19 16 0.500005
19 17 0.500002
19 18 0.500007
19 19 0.500000
19 20 0.500003
19 21 0.500017
19 22 0.500001
19 23 0.500010
19 24 0.500002
19 25 0.500002
19 26 0.500007
20 1 0.730105
20 2 0.998522
20 3 0.873308
20 4 0.719487
20 5 0.655410
20 6 0.985970
20 7 0.590446
20 8 0.645531
20 9 0.788954
20 10 0.594002
20 11 0.780309
20 12 0.734013
20 13 0.736121
20 14 0.999828
20 15 0.958819
20 16 0.946307
20 17 0.838711
20 18 0.917147
20 19 0.500003
20 20 0.990543
20 21 0.999365
20 22 0.647723
20 23 0.950121
20 24 0.802115
20 25 0.723170
20 26 0.926488
21 1 0.954473
21 2 1.000000
21 3 0.993344
21 4 0.948790
21 5 0.848601
21 6 0.999998
21 7 0.798363
21 8 0.679993
21 9 0.977692
21 10 0.664477
21 11 0.978377
21 12 0.986201
21 13 0.961695
21 14 1.000000
21 15 0.999627
21 16 0.999445
21 17 0.987288
21 18 0.998393
21 19 0.500017
21 20 0.999365
21 21 1.000000
21 22 0.824772
21 23 0.999812
21 24 0.885668
21 25 0.940941
21 26 0.999741
22 1 0.532255
22 2 0.383788
22 3 0.537274
22 5 0.551706
22 6 0.878727
22 7 0.539202
22 8 0.557460
22 9 0.542056
22 10 0.505526
22 11 0.547131
22 12 0.571280
22 13 0.532784
22 14 0.844514
22 15 0.495972
22 16 0.592834
22 17 0.529749
22 18 0.573940
22 19 0.500001
22 20 0.647723
22 21 0.824772
22 22 0.590431
22 23 0.599944
22 24 0.586856
22 25 0.518756
22 26 0.592691
23 1 0.734820
23 2 0.999994
23 3 0.797122
23 4 0.743979
23 5 0.636390
23 6 0.973644
23 7 0.610254
23 8 0.719973
23 9 0.818759
23 10 0.623240
23 11 0.769943
23 12 0.719025
23 13 0.762411
23 14 0.995331
23 15 0.980215
23 16 0.973330
23 17 0.752423
23 18 0.874492
23 19 0.500010
23 20 0.950121
23 21 0.999812
23 22 0.599944
23 23 0.999342
23 24 0.674800
23 25 0.713024
23 26 0.945487
24 1 0.582347
24 2 0.823903
24 3 0.650608
24 4 0.578639
24 5 0.578459
24 6 0.944768
24 7 0.548276
24 8 0.585862
24 9 0.598811
24 10 0.522375
24 11 0.606848
24 12 0.590805
24 13 0.582941
24 14 0.974323
24 15 0.638572
24 16 0.720310
24 17 0.632108
24 18 0.697171
24 19 0.500002
24 20 0.802115
24 21 0.885668
24 22 0.586856
24 23 0.674800
24 24 0.667710
24 25 0.567078
25 1 0.597365
25 2 0.970934
25 3 0.678615
25 4 0.594275
25 5 0.541227
25 6 0.818474
25 7 0.531392
25 8 0.513985
25 9 0.615534
25 10 0.524150
25 11 0.616112
25 12 0.607412
25 13 0.604371
25 14 0.935882
25 15 0.757739
25 16 0.732748
25 17 0.661965
25 18 0.699649
25 19 0.500002
25 20 0.723170
25 21 0.940941
25 22 0.518756
25 23 0.713024
25 24 0.567078
25 25 0.594029
26 2 0.999916
26 6 0.997518
26 7 0.609267
26 8 0.563067
26 10 0.578905
26 12 0.782821
26 15 0.948525
26 16 0.951742
26 17 0.865108
26 19 0.500007
26 20 0.926488
26 21 0.999741
26 22 0.592691
26 23 0.945487
26 26 0.961782
