1 26 0.834011
3 17 0.916056
3 26 0.956153
4 22 0.594664
4 26 0.819289
5 26 0.841654
9 26 0.858103
11 26 0.874930
13 26 0.733338
14 26 0.967542
17 3 0.916056
18 26 0.928627
22 4 0.594664
24 26 0.869995
25 26 0.570975
26 1 0.834011
26 3 0.956153
26 4 0.819289
26 5 0.841654
26 9 0.858103
26 11 0.874930
26 13 0.733338
26 14 0.967542
26 18 0.928627
26 24 0.869995
26 25 0.570975
1 1 0.655878
1 2 0.957520
1 3 0.773467
1 4 0.648017
1 5 0.662750
1 6 0.995494
1 7 0.537282
1 8 0.635950
1 9 0.673758
1 10 0.523584
1 11 0.684004
1 12 0.630563
1 13 0.599803
1 14 0.782431
1 15 0.817812
1 16 0.841705
1 17 0.751716
1 18 0.727554
1 19 0.500003
1 20 0.696732
1 21 0.911307
1 22 0.586935
1 23 0.833733
1 24 0.682102
1 25 0.523382
2 1 0.957520
2 2 1.000000
2 3 0.998460
2 4 0.955552
2 5 0.961186
2 6 1.000000
2 7 0.655795
2 8 0.946954
2 9 0.976190
2 10 0.589843
2 11 0.974613
2 12 0.846425
2 13 0.810850
2 14 0.994199
2 15 0.999927
2 16 0.999988
2 17 0.997782
2 18 0.997129
2 19 0.500008
2 20 0.998780
2 21 1.000000
2 22 0.874030
2 23 0.999481
2 24 0.975799
2 25 0.582041
2 26 0.999578
3 1 0.773467
3 2 0.998460
3 3 0.927950
3 4 0.770523
3 5 0.783394
3 6 0.999973
3 7 0.573223
3 8 0.761156
3 9 0.804127
3 10 0.547228
3 11 0.820316
3 12 0.721681
3 13 0.674767
3 14 0.900045
3 15 0.951593
3 16 0.970570
3 18 0.833460
3 19 0.500005
3 20 0.817667
3 21 0.990980
3 22 0.677748
3 23 0.964058
3 24 0.812192
3 25 0.512164
4 1 0.648017
4 2 0.955552
4 3 0.770523
4 4 0.649665
4 5 0.656135
4 6 0.994928
4 7 0.534455
4 8 0.635750
4 9 0.667647
4 10 0.522940
4 11 0.685042
4 12 0.627262
4 13 0.597306
4 14 0.747112
4 15 0.796185
4 16 0.831118
4 17 0.752205
4 18 0.691027
4 19 0.500003
4 20 0.680255
4 21 0.904258
4 23 0.826752
4 24 0.676675
4 25 0.503267
5 1 0.662750
5 2 0.961186
5 3 0.783394
5 4 0.656135
5 5 0.674260
5 6 0.996942
5 7 0.543521
5 8 0.648906
5 9 0.682872
5 10 0.525340
5 11 0.697287
5 12 0.641397
5 13 0.604642
5 14 0.780977
5 15 0.812506
5 16 0.854203
5 17 0.760992
5 18 0.732213
5 19 0.500004
5 20 0.687893
5 21 0.915328
5 22 0.592661
5 23 0.848325
5 24 0.690550
5 25 0.524708
6 1 0.995494
6 2 1.000000
6 3 0.999973
6 4 0.994928
6 5 0.996942
6 6 1.000000
6 7 0.784350
6 8 0.992375
6 9 0.998015
6 10 0.687536
6 11 0.998804
6 12 0.985903
6 13 0.965447
6 14 0.999955
6 15 0.999997
6 16 1.000000
6 17 0.999928
6 18 0.999752
6 19 0.500033
6 20 0.998313
6 21 1.000000
6 22 0.957585
6 23 0.999999
6 24 0.998420
6 25 0.666427
6 26 0.999998
7 1 0.537282
7 2 0.655795
7 3 0.573223
7 4 0.534455
7 5 0.543521
7 6 0.784350
7 7 0.535266
7 8 0.539780
7 9 0.547856
7 10 0.507849
7 11 0.556036
7 12 0.519332
7 13 0.513943
7 14 0.555035
7 15 0.590291
7 16 0.646089
7 17 0.568011
7 18 0.548708
7 19 0.500002
7 20 0.580633
7 21 0.685300
7 22 0.520362
7 23 0.521288
7 24 0.547794
7 25 0.523549
7 26 0.592663
8 1 0.635950
8 2 0.946954
8 3 0.761156
8 4 0.635750
8 5 0.648906
8 6 0.992375
8 7 0.539780
8 8 0.677889
8 9 0.659481
8 10 0.532828
8 11 0.657535
8 12 0.628027
8 13 0.576902
8 14 0.678654
8 15 0.796977
8 16 0.860029
8 17 0.751056
8 18 0.627751
8 19 0.500005
8 20 0.653787
8 21 0.907723
8 22 0.590705
8 23 0.844058
8 24 0.658697
8 25 0.494199
8 26 0.795097
9 1 0.673758
9 2 0.976190
9 3 0.804127
9 4 0.667647
9 5 0.682872
9 6 0.998015
9 7 0.547856
9 8 0.659481
9 9 0.698025
9 10 0.528751
9 11 0.704432
9 12 0.636514
9 13 0.606360
9 14 0.790450
9 15 0.859498
9 16 0.886353
9 17 0.783856
9 18 0.741450
9 19 0.500004
9 20 0.739418
9 21 0.939829
9 22 0.601788
9 23 0.846059
9 24 0.703915
9 25 0.521756
10 1 0.523584
10 2 0.589843
10 3 0.547228
10 4 0.522940
10 5 0.525340
10 6 0.687536
10 7 0.507849
10 8 0.532828
10 9 0.528751
10 10 0.510395
10 11 0.525073
10 12 0.522250
10 13 0.514674
10 14 0.528269
10 15 0.583130
10 16 0.578759
10 17 0.544928
10 18 0.512762
10 19 0.500001
10 20 0.539814
10 21 0.600107
10 22 0.515145
10 23 0.550507
10 24 0.527708
10 25 0.497930
10 26 0.555651
11 1 0.684004
11 2 0.974613
11 3 0.820316
11 4 0.685042
11 5 0.697287
11 6 0.998804
11 7 0.556036
11 8 0.657535
11 9 0.704432
11 10 0.525073
11 11 0.774332
11 12 0.658907
11 13 0.614919
11 14 0.823855
11 15 0.795513
11 16 0.853978
11 17 0.797241
11 18 0.733480
11 19 0.500003
11 20 0.661491
11 21 0.931745
11 22 0.613264
11 23 0.886775
11 24 0.717634
11 25 0.530006
12 1 0.630563
12 2 0.846425
12 3 0.721681
12 4 0.627262
12 5 0.641397
12 6 0.985903
12 7 0.519332
12 8 0.628027
12 9 0.636514
12 10 0.522250
12 11 0.658907
12 12 0.669092
12 13 0.606997
12 14 0.736260
12 15 0.676455
12 16 0.719010
12 17 0.698939
12 18 0.657940
12 19 0.500004
12 20 0.565730
12 21 0.842104
12 22 0.577559
12 23 0.848387
12 24 0.651839
12 25 0.497467
12 26 0.788181
13 1 0.599803
13 2 0.810850
13 3 0.674767
13 4 0.597306
13 5 0.604642
13 6 0.965447
13 7 0.513943
13 8 0.576902
13 9 0.606360
13 10 0.514674
13 11 0.614919
13 12 0.606997
13 13 0.584987
13 14 0.706312
13 15 0.680682
13 16 0.681413
13 17 0.653968
13 18 0.662556
13 19 0.500003
13 20 0.591449
13 21 0.769424
13 22 0.556146
13 23 0.740746
13 24 0.618118
13 25 0.507604
14 1 0.782431
14 2 0.994199
14 3 0.900045
14 4 0.747112
14 5 0.780977
14 6 0.999955
14 7 0.555035
14 8 0.678654
14 9 0.790450
14 10 0.528269
14 11 0.823855
14 12 0.736260
14 13 0.706312
14 14 0.975204
14 15 0.939058
14 16 0.919133
14 17 0.863986
14 18 0.939525
14 19 0.500005
14 20 0.812468
14 21 0.976553
14 22 0.618661
14 23 0.959499
14 24 0.811285
14 25 0.631725
15 1 0.817812
15 2 0.999927
15 3 0.951593
15 4 0.796185
15 5 0.812506
15 6 0.999997
15 7 0.590291
15 8 0.796977
15 9 0.859498
15 10 0.583130
15 11 0.795513
15 12 0.676455
15 13 0.680682
15 14 0.939058
15 15 0.997705
15 16 0.995815
15 17 0.941566
15 18 0.931946
15 19 0.500012
15 20 0.979223
15 21 0.999194
15 22 0.690107
15 23 0.913723
15 24 0.853534
15 25 0.552938
15 26 0.977557
16 1 0.841705
16 2 0.999988
16 3 0.970570
16 4 0.831118
16 5 0.854203
16 6 1.000000
16 7 0.646089
16 8 0.860029
16 9 0.886353
16 10 0.578759
16 11 0.853978
16 12 0.719010
16 13 0.681413
16 14 0.919133
16 15 0.995815
16 16 0.998839
16 17 0.966060
16 18 0.934022
16 19 0.500014
16 20 0.969585
16 21 0.999720
16 22 0.734735
16 23 0.967571
16 24 0.879516
16 25 0.570923
16 26 0.984555
17 1 0.751716
17 2 0.997782
17 4 0.752205
17 5 0.760992
17 6 0.999928
17 7 0.568011
17 8 0.751056
17 9 0.783856
17 10 0.544928
17 11 0.797241
17 12 0.698939
17 13 0.653968
17 14 0.863986
17 15 0.941566
17 16 0.966060
17 17 0.906574
17 18 0.790241
17 19 0.500004
17 20 0.797374
17 21 0.988576
17 22 0.669386
17 23 0.954170
17 24 0.789848
17 25 0.496369
17 26 0.941730
18 1 0.727554
18 2 0.997129
18 3 0.833460
18 4 0.691027
18 5 0.732213
18 6 0.999752
18 7 0.548708
18 8 0.627751
18 9 0.741450
18 10 0.512762
18 11 0.733480
18 12 0.657940
18 13 0.662556
18 14 0.939525
18 15 0.931946
18 16 0.934022
18 17 0.790241
18 18 0.968140
18 19 0.500008
18 20 0.860985
18 21 0.970720
18 22 0.584177
18 23 0.880119
18 24 0.753913
18 25 0.662432
19 1 0.500003
19 2 0.500008
19 3 0.500005
19 4 0.500003
19 5 0.500004
19 6 0.500033
19 7 0.500002
19 8 0.500005
19 9 0.500004
19 10 0.500001
19 11 0.500003
19 12 0.500004
19 13 0.500003
19 14 0.500005
19 15 0.500012
19 16 0.500014
19 17 0.500004
19 18 0.500008
19 19 0.500000
19 20 0.500007
19 21 0.500014
19 22 0.500002
19 23 0.500002
19 24 0.500004
19 25 0.500002
19 26 0.500008
20 1 0.696732
20 2 0.998780
20 3 0.817667
20 4 0.680255
20 5 0.687893
20 6 0.998313
20 7 0.580633
20 8 0.653787
20 9 0.739418
20 10 0.539814
20 11 0.661491
20 12 0.565730
20 13 0.591449
20 14 0.812468
20 15 0.979223
20 16 0.969585
20 17 0.797374
20 18 0.860985
20 19 0.500007
20 20 0.974437
20 21 0.995341
20 22 0.612231
20 23 0.520082
20 24 0.736362
20 25 0.551506
20 26 0.890512
21 1 0.911307
21 2 1.000000
21 3 0.990980
21 4 0.904258
21 5 0.915328
21 6 1.000000
21 7 0.685300
21 8 0.907723
21 9 0.939829
21 10 0.600107
21 11 0.931745
21 12 0.842104
21 13 0.769424
21 14 0.976553
21 15 0.999194
21 16 0.999720
21 17 0.988576
21 18 0.970720
21 19 0.500014
21 20 0.995341
21 21 0.999996
21 22 0.810818
21 23 0.988695
21 24 0.942885
21 25 0.552411
21 26 0.997203
22 1 0.586935
22 2 0.874030
22 3 0.677748
22 5 0.592661
22 6 0.957585
22 7 0.520362
22 8 0.590705
22 9 0.601788
22 10 0.515145
22 11 0.613264
22 12 0.577559
22 13 0.556146
22 14 0.618661
22 15 0.690107
22 16 0.734735
22 17 0.669386
22 18 0.584177
22 19 0.500002
22 20 0.612231
22 21 0.810818
22 22 0.565693
22 23 0.715333
22 24 0.607094
22 25 0.485473
22 26 0.702442
23 1 0.833733
23 2 0.999481
23 3 0.964058
23 4 0.826752
23 5 0.848325
23 6 0.999999
23 7 0.521288
23 8 0.844058
23 9 0.846059
23 10 0.550507
23 11 0.886775
23 12 0.848387
23 13 0.740746
23 14 0.959499
23 15 0.913723
23 16 0.967571
23 17 0.954170
23 18 0.880119
23 19 0.500002
23 20 0.520082
23 21 0.988695
23 22 0.715333
23 23 0.999001
23 24 0.861765
23 25 0.494770
23 26 0.982359
24 1 0.682102
24 2 0.975799
24 3 0.812192
24 4 0.676675
24 5 0.690550
24 6 0.998420
24 7 0.547794
24 8 0.658697
24 9 0.703915
24 10 0.527708
24 11 0.717634
24 12 0.651839
24 13 0.618118
24 14 0.811285
24 15 0.853534
24 16 0.879516
24 17 0.789848
24 18 0.753913
24 19 0.500004
24 20 0.736362
24 21 0.942885
24 22 0.607094
24 23 0.861765
24 24 0.714344
24 25 0.523099
25 1 0.523382
25 2 0.582041
25 3 0.512164
25 4 0.503267
25 5 0.524708
25 6 0.666427
25 7 0.523549
25 8 0.494199
25 9 0.521756
25 10 0.497930
25 11 0.530006
25 12 0.497467
25 13 0.507604
25 14 0.631725
25 15 0.552938
25 16 0.570923
25 17 0.496369
25 18 0.662432
25 19 0.500002
25 20 0.551506
25 21 0.552411
25 22 0.485473
25 23 0.494770
25 24 0.523099
25 25 0.578265
26 2 0.999578
26 6 0.999998
26 7 0.592663
26 8 0.795097
26 10 0.555651
26 12 0.788181
26 15 0.977557
26 16 0.984555
26 17 0.941730
26 19 0.500008
26 20 0.890512
26 21 0.997203
26 22 0.702442
26 23 0.982359
26 26 0.983802
