1 26 0.519596
3 17 0.870285
3 26 0.826162
4 22 0.552795
4 26 0.647473
5 26 0.649509
9 26 0.612025
11 26 0.828747
13 26 0.661731
14 26 0.956138
17 3 0.870285
18 26 0.717363
22 4 0.552795
24 26 0.636393
25 26 0.639848
26 1 0.519596
26 3 0.826162
26 4 0.647473
26 5 0.649509
26 9 0.612025
26 11 0.828747
26 13 0.661731
26 14 0.956138
26 18 0.717363
26 24 0.636393
26 25 0.639848
1 1 0.506681
1 2 0.607346
1 3 0.519617
1 4 0.510049
1 5 0.505667
1 6 0.648121
1 7 0.497310
1 8 0.532383
1 9 0.515539
1 10 0.508641
1 11 0.537099
1 12 0.519127
1 13 0.507451
1 14 0.564724
1 15 0.556380
1 16 0.544422
1 17 0.522011
1 18 0.505393
1 19 0.500001
1 20 0.536236
1 21 0.541256
1 22 0.510295
1 23 0.560164
1 24 0.503849
1 25 0.508954
2 1 0.607346
2 2 0.999985
2 3 0.932675
2 4 0.746991
2 5 0.738194
2 6 1.000000
2 7 0.542179
2 8 0.938248
2 9 0.738425
2 10 0.647351
2 11 0.979549
2 12 0.784811
2 13 0.750211
2 14 0.999908
2 15 0.990224
2 16 0.989381
2 17 0.937474
2 18 0.781208
2 19 0.500014
2 20 0.967285
2 21 0.988329
2 22 0.693023
2 23 0.999330
2 24 0.702666
2 25 0.763830
2 26 0.927251
3 1 0.519617
3 2 0.932675
3 3 0.873025
3 4 0.666066
3 5 0.673675
3 6 0.997791
3 7 0.501634
3 8 0.717114
3 9 0.632421
3 10 0.524175
3 11 0.860106
3 12 0.650925
3 13 0.685874
3 14 0.980547
3 15 0.843047
3 16 0.873293
3 18 0.750247
3 19 0.500005
3 20 0.878868
3 21 0.980437
3 22 0.595759
3 23 0.979414
3 24 0.658067
3 25 0.661584
4 1 0.510049
4 2 0.746991
4 3 0.666066
4 4 0.575620
4 5 0.565560
4 6 0.947590
4 7 0.491919
4 8 0.619660
4 9 0.546248
4 10 0.517517
4 11 0.683805
4 12 0.577737
4 13 0.573178
4 14 0.750263
4 15 0.649392
4 16 0.709117
4 17 0.664690
4 18 0.597947
4 19 0.500002
4 20 0.712919
4 21 0.835219
4 23 0.800637
4 24 0.561203
4 25 0.561551
5 1 0.505667
5 2 0.738194
5 3 0.673675
5 4 0.565560
5 5 0.577326
5 6 0.910495
5 7 0.512083
5 8 0.586786
5 9 0.554885
5 10 0.506674
5 11 0.655809
5 12 0.551302
5 13 0.578558
5 14 0.864201
5 15 0.672316
5 16 0.692062
5 17 0.667970
5 18 0.612667
5 19 0.500002
5 20 0.680644
5 21 0.802972
5 22 0.533523
5 23 0.827704
5 24 0.566494
5 25 0.566442
6 1 0.648121
6 2 1.000000
6 3 0.997791
6 4 0.947590
6 5 0.910495
6 6 1.000000
6 7 0.423304
6 8 0.997407
6 9 0.814654
6 10 0.742268
6 11 0.999713
6 12 0.959845
6 13 0.935013
6 14 0.999993
6 15 0.999001
6 16 0.999897
6 17 0.997880
6 18 0.962928
6 19 0.500028
6 20 0.999911
6 21 0.999999
6 22 0.901397
6 23 0.999999
6 24 0.899341
6 25 0.910114
6 26 0.996629
7 1 0.497310
7 2 0.542179
7 3 0.501634
7 4 0.491919
7 5 0.512083
7 6 0.423304
7 7 0.534994
7 8 0.485242
7 9 0.513317
7 10 0.493176
7 11 0.479041
7 12 0.477370
7 13 0.502563
7 14 0.849847
7 15 0.558344
7 16 0.465643
7 17 0.495268
7 18 0.517836
7 19 0.499999
7 20 0.479958
7 21 0.425074
7 22 0.483375
7 23 0.564729
7 24 0.506384
7 25 0.502657
7 26 0.499933
8 1 0.532383
8 2 0.938248
8 3 0.717114
8 4 0.619660
8 5 0.586786
8 6 0.997407
8 7 0.485242
8 8 0.803753
8 9 0.584922
8 10 0.568329
8 11 0.806775
8 12 0.696680
8 13 0.608135
8 14 0.937270
8 15 0.847615
8 16 0.852416
8 17 0.715657
8 18 0.658287
8 19 0.500006
8 20 0.870897
8 21 0.913488
8 22 0.594253
8 23 0.924574
8 24 0.589299
8 25 0.584629
8 26 0.720573
9 1 0.515539
9 2 0.738425
9 3 0.632421
9 4 0.546248
9 5 0.554885
9 6 0.814654
9 7 0.513317
9 8 0.584922
9 9 0.637408
9 10 0.508988
9 11 0.602411
9 12 0.575776
9 13 0.555024
9 14 0.959144
9 15 0.765134
9 16 0.647333
9 17 0.630001
9 18 0.589374
9 19 0.500002
9 20 0.655989
9 21 0.780937
9 22 0.523700
9 23 0.837436
9 24 0.543992
9 25 0.550108
10 1 0.508641
10 2 0.647351
10 3 0.524175
10 4 0.517517
10 5 0.506674
10 6 0.742268
10 7 0.493176
10 8 0.568329
10 9 0.508988
10 10 0.518817
10 11 0.561453
10 12 0.541166
10 13 0.511363
10 14 0.559625
10 15 0.579030
10 16 0.586133
10 17 0.525811
10 18 0.518386
10 19 0.500001
10 20 0.583581
10 21 0.565553
10 22 0.517657
10 23 0.578331
10 24 0.506819
10 25 0.510204
10 26 0.529814
11 1 0.537099
11 2 0.979549
11 3 0.860106
11 4 0.683805
11 5 0.655809
11 6 0.999713
11 7 0.479041
11 8 0.806775
11 9 0.602411
11 10 0.561453
11 11 0.915554
11 12 0.692105
11 13 0.674987
11 14 0.945714
11 15 0.855335
11 16 0.893905
11 17 0.863668
11 18 0.712994
11 19 0.500006
11 20 0.894329
11 21 0.987052
11 22 0.637933
11 23 0.977779
11 24 0.648687
11 25 0.654483
12 1 0.519127
12 2 0.784811
12 3 0.650925
12 4 0.577737
12 5 0.551302
12 6 0.959845
12 7 0.477370
12 8 0.696680
12 9 0.575776
12 10 0.541166
12 11 0.692105
12 12 0.660353
12 13 0.570729
12 14 0.814071
12 15 0.745602
12 16 0.757584
12 17 0.649918
12 18 0.613848
12 19 0.500005
12 20 0.771700
12 21 0.852023
12 22 0.559584
12 23 0.809771
12 24 0.556548
12 25 0.554412
12 26 0.647700
13 1 0.507451
13 2 0.750211
13 3 0.685874
13 4 0.573178
13 5 0.578558
13 6 0.935013
13 7 0.502563
13 8 0.608135
13 9 0.555024
13 10 0.511363
13 11 0.674987
13 12 0.570729
13 13 0.585083
13 14 0.833875
13 15 0.678045
13 16 0.713977
13 17 0.681197
13 18 0.618781
13 19 0.500003
13 20 0.707999
13 21 0.829937
13 22 0.540900
13 23 0.835988
13 24 0.571329
13 25 0.570858
14 1 0.564724
14 2 0.999908
14 3 0.980547
14 4 0.750263
14 5 0.864201
14 6 0.999993
14 7 0.849847
14 8 0.937270
14 9 0.959144
14 10 0.559625
14 11 0.945714
14 12 0.814071
14 13 0.833875
14 14 1.000000
14 15 0.999900
14 16 0.836468
14 17 0.972878
14 18 0.966022
14 19 0.500003
14 20 0.996036
14 21 0.991505
14 22 0.531467
14 23 0.999998
14 24 0.836387
14 25 0.786086
15 1 0.556380
15 2 0.990224
15 3 0.843047
15 4 0.649392
15 5 0.672316
15 6 0.999001
15 7 0.558344
15 8 0.847615
15 9 0.765134
15 10 0.579030
15 11 0.855335
15 12 0.745602
15 13 0.678045
15 14 0.999900
15 15 0.984750
15 16 0.928382
15 17 0.835595
15 18 0.782280
15 19 0.500009
15 20 0.931256
15 21 0.953790
15 22 0.579767
15 23 0.994257
15 24 0.637407
15 25 0.655652
15 26 0.820114
16 1 0.544422
16 2 0.989381
16 3 0.873293
16 4 0.709117
16 5 0.692062
16 6 0.999897
16 7 0.465643
16 8 0.852416
16 9 0.647333
16 10 0.586133
16 11 0.893905
16 12 0.757584
16 13 0.713977
16 14 0.836468
16 15 0.928382
16 16 0.986498
16 17 0.868050
16 18 0.796060
16 19 0.500011
16 20 0.958270
16 21 0.980131
16 22 0.648161
16 23 0.989032
16 24 0.661845
16 25 0.697601
16 26 0.871792
17 1 0.522011
17 2 0.937474
17 4 0.664690
17 5 0.667970
17 6 0.997880
17 7 0.495268
17 8 0.715657
17 9 0.630001
17 10 0.525811
17 11 0.863668
17 12 0.649918
17 13 0.681197
17 14 0.972878
17 15 0.835595
17 16 0.868050
17 17 0.869197
17 18 0.737690
17 19 0.500006
17 20 0.871124
17 21 0.980513
17 22 0.598843
17 23 0.977421
17 24 0.652978
17 25 0.659481
17 26 0.822233
18 1 0.505393
18 2 0.781208
18 3 0.750247
18 4 0.597947
18 5 0.612667
18 6 0.962928
18 7 0.517836
18 8 0.658287
18 9 0.589374
18 10 0.518386
18 11 0.712994
18 12 0.613848
18 13 0.618781
18 14 0.966022
18 15 0.782280
18 16 0.796060
18 17 0.737690
18 18 0.705102
18 19 0.500003
18 20 0.811804
18 21 0.895776
18 22 0.543140
18 23 0.922749
18 24 0.602610
18 25 0.594042
19 1 0.500001
19 2 0.500014
19 3 0.500005
19 4 0.500002
19 5 0.500002
19 6 0.500028
19 7 0.499999
19 8 0.500006
19 9 0.500002
19 10 0.500001
19 11 0.500006
19 12 0.500005
19 13 0.500003
19 14 0.500003
19 15 0.500009
19 16 0.500011
19 17 0.500006
19 18 0.500003
19 19 0.500000
19 20 0.500010
19 21 0.500008
19 22 0.500002
19 23 0.500011
19 24 0.500002
19 25 0.500002
19 26 0.500005
20 1 0.536236
20 2 0.967285
20 3 0.878868
20 4 0.712919
20 5 0.680644
20 6 0.999911
20 7 0.479958
20 8 0.870897
20 9 0.655989
20 10 0.583581
20 11 0.894329
20 12 0.771700
20 13 0.707999
20 14 0.996036
20 15 0.931256
20 16 0.958270
20 17 0.871124
20 18 0.811804
20 19 0.500010
20 20 0.980294
20 21 0.983339
20 22 0.645159
20 23 0.988759
20 24 0.674304
20 25 0.668054
20 26 0.856265
21 1 0.541256
21 2 0.988329
21 3 0.980437
21 4 0.835219
21 5 0.802972
21 6 0.999999
21 7 0.425074
21 8 0.913488
21 9 0.780937
21 10 0.565553
21 11 0.987052
21 12 0.852023
21 13 0.829937
21 14 0.991505
21 15 0.953790
21 16 0.980131
21 17 0.980513
21 18 0.895776
21 19 0.500008
21 20 0.983339
21 21 0.999983
21 22 0.752516
21 23 0.999532
21 24 0.797477
21 25 0.781185
21 26 0.964187
22 1 0.510295
22 2 0.693023
22 3 0.595759
22 5 0.533523
22 6 0.901397
22 7 0.483375
22 8 0.594253
22 9 0.523700
22 10 0.517657
22 11 0.637933
22 12 0.559584
22 13 0.540900
22 14 0.531467
22 15 0.579767
22 16 0.648161
22 17 0.598843
22 18 0.543140
22 19 0.500002
22 20 0.645159
22 21 0.752516
22 22 0.546185
22 23 0.677054
22 24 0.532870
22 25 0.535699
22 26 0.590774
23 1 0.560164
23 2 0.999330
23 3 0.979414
23 4 0.800637
23 5 0.827704
23 6 0.999999
23 7 0.564729
23 8 0.924574
23 9 0.837436
23 10 0.578331
23 11 0.977779
23 12 0.809771
23 13 0.835988
23 14 0.999998
23 15 0.994257
23 16 0.989032
23 17 0.977421
23 18 0.922749
23 19 0.500011
23 20 0.988759
23 21 0.999532
23 22 0.677054
23 23 0.999936
23 24 0.797966
23 25 0.802813
23 26 0.964120
24 1 0.503849
24 2 0.702666
24 3 0.658067
24 4 0.561203
24 5 0.566494
24 6 0.899341
24 7 0.506384
24 8 0.589299
24 9 0.543992
24 10 0.506819
24 11 0.648687
24 12 0.556548
24 13 0.571329
24 14 0.836387
24 15 0.637407
24 16 0.661845
24 17 0.652978
24 18 0.602610
24 19 0.500002
24 20 0.674304
24 21 0.797477
24 22 0.532870
24 23 0.797966
24 24 0.563335
24 25 0.557775
25 1 0.508954
25 2 0.763830
25 3 0.661584
25 4 0.561551
25 5 0.566442
25 6 0.910114
25 7 0.502657
25 8 0.584629
25 9 0.550108
25 10 0.510204
25 11 0.654483
25 12 0.554412
25 13 0.570858
25 14 0.786086
25 15 0.655652
25 16 0.697601
25 17 0.659481
25 18 0.594042
25 19 0.500002
25 20 0.668054
25 21 0.781185
25 22 0.535699
25 23 0.802813
25 24 0.557775
25 25 0.564373
26 2 0.927251
26 6 0.996629
26 7 0.499933
26 8 0.720573
26 10 0.529814
26 12 0.647700
26 15 0.820114
26 16 0.871792
26 17 0.822233
26 19 0.500005
26 20 0.856265
26 21 0.964187
26 22 0.590774
26 23 0.964120
26 26 0.794531
