1 26 0.563434
3 17 0.913773
3 26 0.944700
4 22 0.544014
4 26 0.768921
5 26 0.723974
9 26 0.889642
11 26 0.886035
13 26 0.867036
14 26 0.960103
17 3 0.913773
18 26 0.942831
22 4 0.544014
24 26 0.881784
25 26 0.501918
26 1 0.563434
26 3 0.944700
26 4 0.768921
26 5 0.723974
26 9 0.889642
26 11 0.886035
26 13 0.867036
26 14 0.960103
26 18 0.942831
26 24 0.881784
26 25 0.501918
1 1 0.510787
1 2 0.715586
1 3 0.556708
1 4 0.507971
1 5 0.513668
1 6 0.647125
1 7 0.524104
1 8 0.520856
1 9 0.529175
1 10 0.508477
1 11 0.525504
1 12 0.514604
1 13 0.518863
1 14 0.545097
1 15 0.565957
1 16 0.559230
1 17 0.556708
1 18 0.539018
1 19 0.500001
1 20 0.561913
1 21 0.613346
1 22 0.498308
1 23 0.604295
1 24 0.525343
1 25 0.518176
2 1 0.715586
2 2 1.000000
2 3 0.999126
2 4 0.885652
2 5 0.872194
2 6 1.000000
2 7 0.953076
2 8 0.968384
2 9 0.989719
2 10 0.706208
2 11 0.981570
2 12 0.872212
2 13 0.977062
2 14 0.998279
2 15 0.999039
2 16 0.999601
2 17 0.999126
2 18 0.998170
2 19 0.500021
2 20 0.999708
2 21 1.000000
2 22 0.615483
2 23 0.999997
2 24 0.986501
2 25 0.736815
2 26 0.999948
3 1 0.556708
3 2 0.999126
3 3 0.913773
3 4 0.663022
3 5 0.693541
3 6 0.994259
3 7 0.694831
3 8 0.715112
3 9 0.785978
3 10 0.537871
3 11 0.788121
3 12 0.641291
3 13 0.754430
3 14 0.851212
3 15 0.820870
3 16 0.903074
3 18 0.835721
3 19 0.500003
3 20 0.794317
3 21 0.996400
3 22 0.564858
3 23 0.980167
3 24 0.762875
3 25 0.566859
4 1 0.507971
4 2 0.885652
4 3 0.663022
4 4 0.591499
4 5 0.568382
4 6 0.910055
4 7 0.555854
4 8 0.581048
4 9 0.630250
4 10 0.507842
4 11 0.635921
4 12 0.541779
4 13 0.627389
4 14 0.690612
4 15 0.580404
4 16 0.697100
4 17 0.663022
4 18 0.670248
4 19 0.499999
4 20 0.624555
4 21 0.903231
4 23 0.750432
4 24 0.629482
4 25 0.481111
5 1 0.513668
5 2 0.872194
5 3 0.693541
5 4 0.568382
5 5 0.605741
5 6 0.802217
5 7 0.573215
5 8 0.551423
5 9 0.613975
5 10 0.505489
5 11 0.620089
5 12 0.557015
5 13 0.603611
5 14 0.649397
5 15 0.582869
5 16 0.671376
5 17 0.693541
5 18 0.605426
5 19 0.500000
5 20 0.526189
5 21 0.865379
5 22 0.534891
5 23 0.766837
5 24 0.597197
5 25 0.523259
6 1 0.647125
6 2 1.000000
6 3 0.994259
6 4 0.910055
6 5 0.802217
6 6 1.000000
6 7 0.906981
6 8 0.946170
6 9 0.987098
6 10 0.652819
6 11 0.980179
6 12 0.805642
6 13 0.977262
6 14 0.998283
6 15 0.991200
6 16 0.999263
6 17 0.994259
6 18 0.997774
6 19 0.500009
6 20 0.999511
6 21 1.000000
6 22 0.668478
6 23 0.999951
6 24 0.987353
6 25 0.531865
6 26 0.999922
7 1 0.524104
7 2 0.953076
7 3 0.694831
7 4 0.555854
7 5 0.573215
7 6 0.906981
7 7 0.605659
7 8 0.576236
7 9 0.620331
7 10 0.525411
7 11 0.615720
7 12 0.561884
7 13 0.602869
7 14 0.661836
7 15 0.641433
7 16 0.679504
7 17 0.694831
7 18 0.637847
7 19 0.500001
7 20 0.657301
7 21 0.831570
7 22 0.514889
7 23 0.795499
7 24 0.610570
7 25 0.545167
7 26 0.736883
8 1 0.520856
8 2 0.968384
8 3 0.715112
8 4 0.581048
8 5 0.551423
8 6 0.946170
8 7 0.576236
8 8 0.646163
8 9 0.651160
8 10 0.516684
8 11 0.640888
8 12 0.556974
8 13 0.635792
8 14 0.702259
8 15 0.697752
8 16 0.749682
8 17 0.715112
8 18 0.717859
8 19 0.500001
8 20 0.734519
8 21 0.948001
8 22 0.529290
8 23 0.853470
8 24 0.645141
8 25 0.497256
8 26 0.806946
9 1 0.529175
9 2 0.989719
9 3 0.785978
9 4 0.630250
9 5 0.613975
9 6 0.987098
9 7 0.620331
9 8 0.651160
9 9 0.725473
9 10 0.521724
9 11 0.714853
9 12 0.589135
9 13 0.701512
9 14 0.795356
9 15 0.721515
9 16 0.831985
9 17 0.785978
9 18 0.771623
9 19 0.500001
9 20 0.775035
9 21 0.979801
9 22 0.550415
9 23 0.916842
9 24 0.714430
9 25 0.504742
10 1 0.508477
10 2 0.706208
10 3 0.537871
10 4 0.507842
10 5 0.505489
10 6 0.652819
10 7 0.525411
10 8 0.516684
10 9 0.521724
10 10 0.514427
10 11 0.517206
10 12 0.509279
10 13 0.515526
10 14 0.548630
10 15 0.561597
10 16 0.531707
10 17 0.537871
10 18 0.540671
10 19 0.500000
10 20 0.576884
10 21 0.527827
10 22 0.497207
10 23 0.553266
10 24 0.522696
10 25 0.508959
10 26 0.552261
11 1 0.525504
11 2 0.981570
11 3 0.788121
11 4 0.635921
11 5 0.620089
11 6 0.980179
11 7 0.615720
11 8 0.640888
11 9 0.714853
11 10 0.517206
11 11 0.725577
11 12 0.586704
11 13 0.699296
11 14 0.797213
11 15 0.674906
11 16 0.820996
11 17 0.788121
11 18 0.759642
11 19 0.499999
11 20 0.713794
11 21 0.979112
11 22 0.558965
11 23 0.906815
11 24 0.706522
11 25 0.502200
12 1 0.514604
12 2 0.872212
12 3 0.641291
12 4 0.541779
12 5 0.557015
12 6 0.805642
12 7 0.561884
12 8 0.556974
12 9 0.589135
12 10 0.509279
12 11 0.586704
12 12 0.550636
12 13 0.575558
12 14 0.616207
12 15 0.602613
12 16 0.640635
12 17 0.641291
12 18 0.593374
12 19 0.500001
12 20 0.598906
12 21 0.807753
12 22 0.514113
12 23 0.749806
12 24 0.578638
12 25 0.517563
12 26 0.679221
13 1 0.518863
13 2 0.977062
13 3 0.754430
13 4 0.627389
13 5 0.603611
13 6 0.977262
13 7 0.602869
13 8 0.635792
13 9 0.701512
13 10 0.515526
13 11 0.699296
13 12 0.575558
13 13 0.690629
13 14 0.768110
13 15 0.665284
13 16 0.794197
13 17 0.754430
13 18 0.750344
13 19 0.500000
13 20 0.721034
13 21 0.970369
13 22 0.556022
13 23 0.876830
13 24 0.695587
13 25 0.497513
14 1 0.545097
14 2 0.998279
14 3 0.851212
14 4 0.690612
14 5 0.649397
14 6 0.998283
14 7 0.661836
14 8 0.702259
14 9 0.795356
14 10 0.548630
14 11 0.797213
14 12 0.616207
14 13 0.768110
14 14 0.922281
14 15 0.836735
14 16 0.902811
14 17 0.851212
14 18 0.865509
14 19 0.499999
14 20 0.882771
14 21 0.993050
14 22 0.570842
14 23 0.950391
14 24 0.790711
14 25 0.478632
15 1 0.565957
15 2 0.999039
15 3 0.820870
15 4 0.580404
15 5 0.582869
15 6 0.991200
15 7 0.641433
15 8 0.697752
15 9 0.721515
15 10 0.561597
15 11 0.674906
15 12 0.602613
15 13 0.665284
15 14 0.836735
15 15 0.928301
15 16 0.841604
15 17 0.820870
15 18 0.810147
15 19 0.500005
15 20 0.915450
15 21 0.980027
15 22 0.501948
15 23 0.948658
15 24 0.698327
15 25 0.563405
15 26 0.902657
16 1 0.559230
16 2 0.999601
16 3 0.903074
16 4 0.697100
16 5 0.671376
16 6 0.999263
16 7 0.679504
16 8 0.749682
16 9 0.831985
16 10 0.531707
16 11 0.820996
16 12 0.640635
16 13 0.794197
16 14 0.902811
16 15 0.841604
16 16 0.950914
16 17 0.903074
16 18 0.884406
16 19 0.500004
16 20 0.888588
16 21 0.999058
16 22 0.573889
16 23 0.986702
16 24 0.817243
16 25 0.526937
16 26 0.969460
17 1 0.556708
17 2 0.999126
17 4 0.663022
17 5 0.693541
17 6 0.994259
17 7 0.694831
17 8 0.715112
17 9 0.785978
17 10 0.537871
17 11 0.788121
17 12 0.641291
17 13 0.754430
17 14 0.851212
17 15 0.820870
17 16 0.903074
17 17 0.913773
17 18 0.835721
17 19 0.500003
17 20 0.794317
17 21 0.996400
17 22 0.564858
17 23 0.980167
17 24 0.762875
17 25 0.566859
17 26 0.944700
18 1 0.539018
18 2 0.998170
18 3 0.835721
18 4 0.670248
18 5 0.605426
18 6 0.997774
18 7 0.637847
18 8 0.717859
18 9 0.771623
18 10 0.540671
18 11 0.759642
18 12 0.593374
18 13 0.750344
18 14 0.865509
18 15 0.810147
18 16 0.884406
18 17 0.835721
18 18 0.866191
18 19 0.500002
18 20 0.879658
18 21 0.993894
18 22 0.563909
18 23 0.945952
18 24 0.772352
18 25 0.486181
19 1 0.500001
19 2 0.500021
19 3 0.500003
19 4 0.499999
19 5 0.500000
19 6 0.500009
19 7 0.500001
19 8 0.500001
19 9 0.500001
19 10 0.500000
19 11 0.499999
19 12 0.500001
19 13 0.500000
19 14 0.499999
19 15 0.500005
19 16 0.500004
19 17 0.500003
19 18 0.500002
19 19 0.500000
19 20 0.500006
19 21 0.500006
19 22 0.499999
19 23 0.500010
19 24 0.500001
19 25 0.500002
19 26 0.500001
20 1 0.561913
20 2 0.999708
20 3 0.794317
20 4 0.624555
20 5 0.526189
20 6 0.999511
20 7 0.657301
20 8 0.734519
20 9 0.775035
20 10 0.576884
20 11 0.713794
20 12 0.598906
20 13 0.721034
20 14 0.882771
20 15 0.915450
20 16 0.888588
20 17 0.794317
20 18 0.879658
20 19 0.500006
20 20 0.971681
20 21 0.984726
20 22 0.505651
20 23 0.959188
20 24 0.776973
20 25 0.491536
20 26 0.939871
21 1 0.613346
21 2 1.000000
21 3 0.996400
21 4 0.903231
21 5 0.865379
21 6 1.000000
21 7 0.831570
21 8 0.948001
21 9 0.979801
21 10 0.527827
21 11 0.979112
21 12 0.807753
21 13 0.970369
21 14 0.993050
21 15 0.980027
21 16 0.999058
21 17 0.996400
21 18 0.993894
21 19 0.500006
21 20 0.984726
21 21 1.000000
21 22 0.734964
21 23 0.999979
21 24 0.974050
21 25 0.523582
21 26 0.999817
22 1 0.498308
22 2 0.615483
22 3 0.564858
22 5 0.534891
22 6 0.668478
22 7 0.514889
22 8 0.529290
22 9 0.550415
22 10 0.497207
22 11 0.558965
22 12 0.514113
22 13 0.556022
22 14 0.570842
22 15 0.501948
22 16 0.573889
22 17 0.564858
22 18 0.563909
22 19 0.499999
22 20 0.505651
22 21 0.734964
22 22 0.526943
22 23 0.588436
22 24 0.550293
22 25 0.486665
22 26 0.615096
23 1 0.604295
23 2 0.999997
23 3 0.980167
23 4 0.750432
23 5 0.766837
23 6 0.999951
23 7 0.795499
23 8 0.853470
23 9 0.916842
23 10 0.553266
23 11 0.906815
23 12 0.749806
23 13 0.876830
23 14 0.950391
23 15 0.948658
23 16 0.986702
23 17 0.980167
23 18 0.945952
23 19 0.500010
23 20 0.959188
23 21 0.999979
23 22 0.588436
23 23 0.999612
23 24 0.893688
23 25 0.592935
23 26 0.993430
24 1 0.525343
24 2 0.986501
24 3 0.762875
24 4 0.629482
24 5 0.597197
24 6 0.987353
24 7 0.610570
24 8 0.645141
24 9 0.714430
24 10 0.522696
24 11 0.706522
24 12 0.578638
24 13 0.695587
24 14 0.790711
24 15 0.698327
24 16 0.817243
24 17 0.762875
24 18 0.772352
24 19 0.500001
24 20 0.776973
24 21 0.974050
24 22 0.550293
24 23 0.893688
24 24 0.710602
24 25 0.494826
25 1 0.518176
25 2 0.736815
25 3 0.566859
25 4 0.481111
25 5 0.523259
25 6 0.531865
25 7 0.545167
25 8 0.497256
25 9 0.504742
25 10 0.508959
25 11 0.502200
25 12 0.517563
25 13 0.497513
25 14 0.478632
25 15 0.563405
25 16 0.526937
25 17 0.566859
25 18 0.486181
25 19 0.500002
25 20 0.491536
25 21 0.523582
25 22 0.486665
25 23 0.592935
25 24 0.494826
25 25 0.605367
26 2 0.999948
26 6 0.999922
26 7 0.736883
26 8 0.806946
26 10 0.552261
26 12 0.679221
26 15 0.902657
26 16 0.969460
26 17 0.944700
26 19 0.500001
26 20 0.939871
26 21 0.999817
26 22 0.615096
26 23 0.993430
26 26 0.991053
