1 26 0.622212
3 17 0.540590
3 26 0.734380
4 22 0.514368
4 26 0.590797
5 26 0.515872
9 26 0.573995
11 26 0.550750
13 26 0.639958
14 26 0.766566
17 3 0.540590
18 26 0.743966
22 4 0.514368
24 26 0.624795
25 26 0.632290
26 1 0.622212
26 3 0.734380
26 4 0.590797
26 5 0.515872
26 9 0.573995
26 11 0.550750
26 13 0.639958
26 14 0.766566
26 18 0.743966
26 24 0.624795
26 25 0.632290
1 1 0.544941
1 2 0.735280
1 3 0.595744
1 4 0.535666
1 5 0.504138
1 6 0.577363
1 7 0.502562
1 8 0.530572
1 9 0.529095
1 10 0.501536
1 11 0.528065
1 12 0.508290
1 13 0.550727
1 14 0.589814
1 15 0.555767
1 16 0.598942
1 17 0.529111
1 18 0.593055
1 19 0.500001
1 20 0.593853
1 21 0.665939
1 22 0.508119
1 23 0.758158
1 24 0.546063
1 25 0.546239
2 1 0.735280
2 2 0.999981
2 3 0.938432
2 4 0.677871
2 5 0.481782
2 6 0.220096
2 7 0.510185
2 8 0.886586
2 9 0.736627
2 10 0.565730
2 11 0.495311
2 12 0.611740
2 13 0.737745
2 14 0.612939
2 15 0.921422
2 16 0.964972
2 17 0.482403
2 18 0.905202
2 19 0.499995
2 20 0.954637
2 21 0.997407
2 22 0.558680
2 23 0.999812
2 24 0.727662
2 25 0.720130
2 26 0.934103
3 1 0.595744
3 2 0.938432
3 3 0.741753
3 4 0.577997
3 5 0.506106
3 6 0.576854
3 7 0.516277
3 8 0.584734
3 9 0.565504
3 10 0.507494
3 11 0.548993
3 12 0.537140
3 13 0.610439
3 14 0.629642
3 15 0.678223
3 16 0.778804
3 18 0.714675
3 19 0.499999
3 20 0.724905
3 21 0.777690
3 22 0.512658
3 23 0.953716
3 24 0.597524
3 25 0.593771
4 1 0.535666
4 2 0.677871
4 3 0.577997
4 4 0.537623
4 5 0.503788
4 6 0.584646
4 7 0.506724
4 8 0.527081
4 9 0.533995
4 10 0.501309
4 11 0.542753
4 12 0.509805
4 13 0.539411
4 14 0.573342
4 15 0.534324
4 16 0.583573
4 17 0.555357
4 18 0.577910
4 19 0.500000
4 20 0.566125
4 21 0.629289
4 23 0.716934
4 24 0.537664
4 25 0.534245
5 1 0.504138
5 2 0.481782
5 3 0.506106
5 4 0.503788
5 5 0.530643
5 6 0.489206
5 7 0.507930
5 8 0.494750
5 9 0.529867
5 10 0.499204
5 11 0.534106
5 12 0.511229
5 13 0.509018
5 14 0.567616
5 15 0.492285
5 16 0.539102
5 17 0.517212
5 18 0.504622
5 19 0.500001
5 20 0.485070
5 21 0.490539
5 22 0.494065
5 23 0.522885
5 24 0.503845
5 25 0.507118
6 1 0.577363
6 2 0.220096
6 3 0.576854
6 4 0.584646
6 5 0.489206
6 6 0.961327
6 7 0.492955
6 8 0.358276
6 9 0.471204
6 10 0.475185
6 11 0.670309
6 12 0.470105
6 13 0.603062
6 14 0.794941
6 15 0.441525
6 16 0.471315
6 17 0.706962
6 18 0.656727
6 19 0.500006
6 20 0.598367
6 21 0.504139
6 22 0.531236
6 23 0.666747
6 24 0.588654
6 25 0.594900
6 26 0.728773
7 1 0.502562
7 2 0.510185
7 3 0.516277
7 4 0.506724
7 5 0.507930
7 6 0.492955
7 7 0.511529
7 8 0.501409
7 9 0.513598
7 10 0.499769
7 11 0.527122
7 12 0.507361
7 13 0.504311
7 14 0.508626
7 15 0.506769
7 16 0.543552
7 17 0.507240
7 18 0.503864
7 19 0.500000
7 20 0.495165
7 21 0.482727
7 22 0.501486
7 23 0.540603
7 24 0.503292
7 25 0.501179
7 26 0.498899
8 1 0.530572
8 2 0.886586
8 3 0.584734
8 4 0.527081
8 5 0.494750
8 6 0.358276
8 7 0.501409
8 8 0.664232
8 9 0.554609
8 10 0.532976
8 11 0.498128
8 12 0.534993
8 13 0.521797
8 14 0.447209
8 15 0.595513
8 16 0.654342
8 17 0.464297
8 18 0.549148
8 19 0.499998
8 20 0.656036
8 21 0.782470
8 22 0.522193
8 23 0.773403
8 24 0.524679
8 25 0.517904
8 26 0.558521
9 1 0.529095
9 2 0.736627
9 3 0.565504
9 4 0.533995
9 5 0.529867
9 6 0.471204
9 7 0.513598
9 8 0.554609
9 9 0.605736
9 10 0.505871
9 11 0.581359
9 12 0.526984
9 13 0.526560
9 14 0.581324
9 15 0.561894
9 16 0.590826
9 17 0.590324
9 18 0.558550
9 19 0.500000
9 20 0.517600
9 21 0.758380
9 22 0.514581
9 23 0.755452
9 24 0.527448
9 25 0.524857
10 1 0.501536
10 2 0.565730
10 3 0.507494
10 4 0.501309
10 5 0.499204
10 6 0.475185
10 7 0.499769
10 8 0.532976
10 9 0.505871
10 10 0.513201
10 11 0.483137
10 12 0.509974
10 13 0.499293
10 14 0.489405
10 15 0.503977
10 16 0.528082
10 17 0.487785
10 18 0.500207
10 19 0.500000
10 20 0.527874
10 21 0.533698
10 22 0.502283
10 23 0.522115
10 24 0.499550
10 25 0.498291
10 26 0.500293
11 1 0.528065
11 2 0.495311
11 3 0.548993
11 4 0.542753
11 5 0.534106
11 6 0.670309
11 7 0.527122
11 8 0.498128
11 9 0.581359
11 10 0.483137
11 11 0.797743
11 12 0.515642
11 13 0.534590
11 14 0.597423
11 15 0.677060
11 16 0.567062
11 17 0.609681
11 18 0.508157
11 19 0.500001
11 20 0.500232
11 21 0.655285
11 22 0.522565
11 23 0.780695
11 24 0.527411
11 25 0.533125
12 1 0.508290
12 2 0.611740
12 3 0.537140
12 4 0.509805
12 5 0.511229
12 6 0.470105
12 7 0.507361
12 8 0.534993
12 9 0.526984
12 10 0.509974
12 11 0.515642
12 12 0.523826
12 13 0.510819
12 14 0.505614
12 15 0.540276
12 16 0.586709
12 17 0.504154
12 18 0.524376
12 19 0.499999
12 20 0.548680
12 21 0.528913
12 22 0.501120
12 23 0.618223
12 24 0.506387
12 25 0.504715
12 26 0.514228
13 1 0.550727
13 2 0.737745
13 3 0.610439
13 4 0.539411
13 5 0.509018
13 6 0.603062
13 7 0.504311
13 8 0.521797
13 9 0.526560
13 10 0.499293
13 11 0.534590
13 12 0.510819
13 13 0.561554
13 14 0.612529
13 15 0.563103
13 16 0.623296
13 17 0.527148
13 18 0.609521
13 19 0.500001
13 20 0.609819
13 21 0.636068
13 22 0.505124
13 23 0.778949
13 24 0.552432
13 25 0.554672
14 1 0.589814
14 2 0.612939
14 3 0.629642
14 4 0.573342
14 5 0.567616
14 6 0.794941
14 7 0.508626
14 8 0.447209
14 9 0.581324
14 10 0.489405
14 11 0.597423
14 12 0.505614
14 13 0.612529
14 14 0.852220
14 15 0.437018
14 16 0.610156
14 17 0.647673
14 18 0.670080
14 19 0.500007
14 20 0.550516
14 21 0.715951
14 22 0.501721
14 23 0.796967
14 24 0.595250
14 25 0.608544
15 1 0.555767
15 2 0.921422
15 3 0.678223
15 4 0.534324
15 5 0.492285
15 6 0.441525
15 7 0.506769
15 8 0.595513
15 9 0.561894
15 10 0.503977
15 11 0.677060
15 12 0.540276
15 13 0.563103
15 14 0.437018
15 15 0.881109
15 16 0.672199
15 17 0.474279
15 18 0.606141
15 19 0.499998
15 20 0.715351
15 21 0.718099
15 22 0.503523
15 23 0.962778
15 24 0.546956
15 25 0.552159
15 26 0.606668
16 1 0.598942
16 2 0.964972
16 3 0.778804
16 4 0.583573
16 5 0.539102
16 6 0.471315
16 7 0.543552
16 8 0.654342
16 9 0.590826
16 10 0.528082
16 11 0.567062
16 12 0.586709
16 13 0.623296
16 14 0.610156
16 15 0.672199
16 16 0.915521
16 17 0.470239
16 18 0.721606
16 19 0.499998
16 20 0.790566
16 21 0.730551
16 22 0.506164
16 23 0.960446
16 24 0.599848
16 25 0.590353
16 26 0.720038
17 1 0.529111
17 2 0.482403
17 4 0.555357
17 5 0.517212
17 6 0.706962
17 7 0.507240
17 8 0.464297
17 9 0.590324
17 10 0.487785
17 11 0.609681
17 12 0.504154
17 13 0.527148
17 14 0.647673
17 15 0.474279
17 16 0.470239
17 17 0.719247
17 18 0.583280
17 19 0.500000
17 20 0.448014
17 21 0.677067
17 22 0.529452
17 23 0.678885
17 24 0.534623
17 25 0.526795
17 26 0.580736
18 1 0.593055
18 2 0.905202
18 3 0.714675
18 4 0.577910
18 5 0.504622
18 6 0.656727
18 7 0.503864
18 8 0.549148
18 9 0.558550
18 10 0.500207
18 11 0.508157
18 12 0.524376
18 13 0.609521
18 14 0.670080
18 15 0.606141
18 16 0.721606
18 17 0.583280
18 18 0.723928
18 19 0.500001
18 20 0.702429
18 21 0.761043
18 22 0.513647
18 23 0.926293
18 24 0.597098
18 25 0.595560
19 1 0.500001
19 2 0.499995
19 3 0.499999
19 4 0.500000
19 5 0.500001
19 6 0.500006
19 7 0.500000
19 8 0.499998
19 9 0.500000
19 10 0.500000
19 11 0.500001
19 12 0.499999
19 13 0.500001
19 14 0.500007
19 15 0.499998
19 16 0.499998
19 17 0.500000
19 18 0.500001
19 19 0.500000
19 20 0.499999
19 21 0.499998
19 22 0.499999
19 23 0.499997
19 24 0.500001
19 25 0.500001
19 26 0.500003
20 1 0.593853
20 2 0.954637
20 3 0.724905
20 4 0.566125
20 5 0.485070
20 6 0.598367
20 7 0.495165
20 8 0.656036
20 9 0.517600
20 10 0.527874
20 11 0.500232
20 12 0.548680
20 13 0.609819
20 14 0.550516
20 15 0.715351
20 16 0.790566
20 17 0.448014
20 18 0.702429
20 19 0.499999
20 20 0.839245
20 21 0.758361
20 22 0.515944
20 23 0.949260
20 24 0.590020
20 25 0.589174
20 26 0.727570
21 1 0.665939
21 2 0.997407
21 3 0.777690
21 4 0.629289
21 5 0.490539
21 6 0.504139
21 7 0.482727
21 8 0.782470
21 9 0.758380
21 10 0.533698
21 11 0.655285
21 12 0.528913
21 13 0.636068
21 14 0.715951
21 15 0.718099
21 16 0.730551
21 17 0.677067
21 18 0.761043
21 19 0.499998
21 20 0.758361
21 21 0.999207
21 22 0.577691
21 23 0.992405
21 24 0.657857
21 25 0.652058
21 26 0.875949
22 1 0.508119
22 2 0.558680
22 3 0.512658
22 5 0.494065
22 6 0.531236
22 7 0.501486
22 8 0.522193
22 9 0.514581
22 10 0.502283
22 11 0.522565
22 12 0.501120
22 13 0.505124
22 14 0.501721
22 15 0.503523
22 16 0.506164
22 17 0.529452
22 18 0.513647
22 19 0.499999
22 20 0.515944
22 21 0.577691
22 22 0.513155
22 23 0.553744
22 24 0.508567
22 25 0.504957
22 26 0.516155
23 1 0.758158
23 2 0.999812
23 3 0.953716
23 4 0.716934
23 5 0.522885
23 6 0.666747
23 7 0.540603
23 8 0.773403
23 9 0.755452
23 10 0.522115
23 11 0.780695
23 12 0.618223
23 13 0.778949
23 14 0.796967
23 15 0.962778
23 16 0.960446
23 17 0.678885
23 18 0.926293
23 19 0.499997
23 20 0.949260
23 21 0.992405
23 22 0.553744
23 23 0.999961
23 24 0.754275
23 25 0.749214
23 26 0.949308
24 1 0.546063
24 2 0.727662
24 3 0.597524
24 4 0.537664
24 5 0.503845
24 6 0.588654
24 7 0.503292
24 8 0.524679
24 9 0.527448
24 10 0.499550
24 11 0.527411
24 12 0.506387
24 13 0.552432
24 14 0.595250
24 15 0.546956
24 16 0.599848
24 17 0.534623
24 18 0.597098
24 19 0.500001
24 20 0.590020
24 21 0.657857
24 22 0.508567
24 23 0.754275
24 24 0.548101
24 25 0.547636
25 1 0.546239
25 2 0.720130
25 3 0.593771
25 4 0.534245
25 5 0.507118
25 6 0.594900
25 7 0.501179
25 8 0.517904
25 9 0.524857
25 10 0.498291
25 11 0.533125
25 12 0.504715
25 13 0.554672
25 14 0.608544
25 15 0.552159
25 16 0.590353
25 17 0.526795
25 18 0.595560
25 19 0.500001
25 20 0.589174
25 21 0.652058
25 22 0.504957
25 23 0.749214
25 24 0.547636
25 25 0.551404
26 2 0.934103
26 6 0.728773
26 7 0.498899
26 8 0.558521
26 10 0.500293
26 12 0.514228
26 15 0.606668
26 16 0.720038
26 17 0.580736
26 19 0.500003
26 20 0.727570
26 21 0.875949
26 22 0.516155
26 23 0.949308
26 26 0.817094
