1 26 0.758909
3 17 0.944249
3 26 0.985044
4 22 0.543219
4 26 0.630573
5 26 0.751493
9 26 0.800315
11 26 0.820235
13 26 0.781054
14 26 0.935357
17 3 0.944249
18 26 0.915437
22 4 0.543219
24 26 0.772372
25 26 0.761707
26 1 0.758909
26 3 0.985044
26 4 0.630573
26 5 0.751493
26 9 0.800315
26 11 0.820235
26 13 0.781054
26 14 0.935357
26 18 0.915437
26 24 0.772372
26 25 0.761707
1 1 0.600830
1 2 0.938911
1 3 0.811940
1 4 0.545913
1 5 0.596540
1 6 0.867632
1 7 0.550052
1 8 0.528897
1 9 0.621547
1 10 0.532418
1 11 0.627591
1 12 0.593076
1 13 0.610438
1 14 0.721711
1 15 0.731841
1 16 0.671146
1 17 0.659712
1 18 0.696003
1 19 0.500003
1 20 0.702563
1 21 0.938143
1 22 0.545913
1 23 0.705884
1 24 0.606649
1 25 0.592358
2 1 0.938911
2 2 1.000000
2 3 0.999888
2 4 0.730390
2 5 0.941832
2 6 1.000000
2 7 0.908236
2 8 0.849569
2 9 0.973142
2 10 0.666013
2 11 0.978439
2 12 0.959739
2 13 0.960596
2 14 0.983206
2 15 0.999763
2 16 0.986248
2 17 0.978668
2 18 0.999007
2 19 0.499998
2 20 0.998899
2 21 1.000000
2 22 0.730390
2 23 0.999712
2 24 0.959205
2 25 0.965291
2 26 0.999757
3 1 0.811940
3 2 0.999888
3 3 0.999943
3 4 0.698248
3 5 0.785103
3 6 0.999641
3 7 0.727650
3 8 0.506173
3 9 0.866416
3 10 0.640576
3 11 0.892370
3 12 0.920756
3 13 0.838366
3 14 0.977511
3 15 0.994709
3 16 0.971385
3 18 0.956791
3 19 0.500013
3 20 0.992686
3 21 0.999991
3 22 0.698248
3 23 0.994694
3 24 0.822473
3 25 0.905142
4 1 0.545913
4 2 0.730390
4 3 0.698248
4 4 0.543219
4 5 0.546144
4 6 0.823145
4 7 0.510193
4 8 0.519327
4 9 0.547717
4 10 0.516664
4 11 0.588043
4 12 0.545045
4 13 0.553944
4 14 0.604497
4 15 0.589454
4 16 0.603192
4 17 0.576854
4 18 0.592140
4 19 0.500001
4 20 0.593161
4 21 0.735331
4 23 0.643183
4 24 0.548884
4 25 0.555783
5 1 0.596540
5 2 0.941832
5 3 0.785103
5 4 0.546144
5 5 0.595814
5 6 0.874161
5 7 0.546801
5 8 0.537174
5 9 0.614816
5 10 0.530699
5 11 0.624468
5 12 0.583707
5 13 0.607075
5 14 0.706689
5 15 0.709400
5 16 0.666766
5 17 0.651232
5 18 0.693910
5 19 0.500003
5 20 0.690326
5 21 0.920623
5 22 0.546144
5 23 0.698624
5 24 0.605003
5 25 0.587139
6 1 0.867632
6 2 1.000000
6 3 0.999641
6 4 0.823145
6 5 0.874161
6 6 1.000000
6 7 0.752176
6 8 0.837287
6 9 0.900575
6 10 0.596119
6 11 0.975086
6 12 0.925312
6 13 0.908899
6 14 0.985637
6 15 0.998524
6 16 0.992249
6 17 0.977853
6 18 0.973126
6 19 0.500019
6 20 0.995990
6 21 0.999988
6 22 0.823145
6 23 0.988946
6 24 0.897492
6 25 0.904352
6 26 0.996657
7 1 0.550052
7 2 0.908236
7 3 0.727650
7 4 0.510193
7 5 0.546801
7 6 0.752176
7 7 0.561103
7 8 0.531234
7 9 0.571709
7 10 0.512399
7 11 0.558489
7 12 0.596465
7 13 0.556638
7 14 0.614373
7 15 0.711928
7 16 0.616119
7 17 0.603317
7 18 0.605340
7 19 0.500002
7 20 0.675382
7 21 0.850459
7 22 0.510193
7 23 0.623173
7 24 0.558352
7 25 0.571867
7 26 0.645130
8 1 0.528897
8 2 0.849569
8 3 0.506173
8 4 0.519327
8 5 0.537174
8 6 0.837287
8 7 0.531234
8 8 0.616915
8 9 0.529316
8 10 0.503541
8 11 0.580350
8 12 0.533860
8 13 0.538126
8 14 0.531229
8 15 0.570643
8 16 0.610171
8 17 0.588607
8 18 0.564354
8 19 0.500000
8 20 0.580916
8 21 0.602277
8 22 0.519327
8 23 0.487292
8 24 0.545648
8 25 0.536709
8 26 0.596364
9 1 0.621547
9 2 0.973142
9 3 0.866416
9 4 0.547717
9 5 0.614816
9 6 0.900575
9 7 0.571709
9 8 0.529316
9 9 0.654279
9 10 0.535382
9 11 0.640835
9 12 0.617548
9 13 0.633287
9 14 0.757903
9 15 0.812269
9 16 0.699069
9 17 0.692998
9 18 0.732328
9 19 0.500004
9 20 0.762601
9 21 0.969644
9 22 0.547717
9 23 0.743993
9 24 0.628680
9 25 0.611459
10 1 0.532418
10 2 0.666013
10 3 0.640576
10 4 0.516664
10 5 0.530699
10 6 0.596119
10 7 0.512399
10 8 0.503541
10 9 0.535382
10 10 0.518645
10 11 0.542641
10 12 0.536406
10 13 0.533566
10 14 0.585659
10 15 0.551168
10 16 0.564600
10 17 0.556205
10 18 0.571315
10 19 0.500001
10 20 0.591698
10 21 0.707480
10 22 0.516664
10 23 0.591355
10 24 0.533556
10 25 0.539828
10 26 0.592432
11 1 0.627591
11 2 0.978439
11 3 0.892370
11 4 0.588043
11 5 0.624468
11 6 0.975086
11 7 0.558489
11 8 0.580350
11 9 0.640835
11 10 0.542641
11 11 0.718863
11 12 0.637157
11 13 0.645430
11 14 0.756597
11 15 0.762635
11 16 0.754313
11 17 0.710792
11 18 0.744256
11 19 0.500003
11 20 0.747673
11 21 0.966395
11 22 0.588043
11 23 0.784733
11 24 0.638248
11 25 0.646655
12 1 0.593076
12 2 0.959739
12 3 0.920756
12 4 0.545045
12 5 0.583707
12 6 0.925312
12 7 0.596465
12 8 0.533860
12 9 0.617548
12 10 0.536406
12 11 0.637157
12 12 0.771652
12 13 0.605436
12 14 0.762015
12 15 0.856761
12 16 0.729385
12 17 0.715174
12 18 0.685966
12 19 0.500004
12 20 0.814426
12 21 0.974557
12 22 0.545045
12 23 0.791395
12 24 0.596991
12 25 0.703134
12 26 0.769419
13 1 0.610438
13 2 0.960596
13 3 0.838366
13 4 0.553944
13 5 0.607075
13 6 0.908899
13 7 0.556638
13 8 0.538126
13 9 0.633287
13 10 0.533566
13 11 0.645430
13 12 0.605436
13 13 0.623091
13 14 0.734502
13 15 0.756910
13 16 0.689161
13 17 0.673795
13 18 0.715848
13 19 0.500003
13 20 0.719632
13 21 0.950466
13 22 0.553944
13 23 0.735509
13 24 0.618215
13 25 0.606025
14 1 0.721711
14 2 0.983206
14 3 0.977511
14 4 0.604497
14 5 0.706689
14 6 0.985637
14 7 0.614373
14 8 0.531229
14 9 0.757903
14 10 0.585659
14 11 0.756597
14 12 0.762015
14 13 0.734502
14 14 0.938297
14 15 0.924142
14 16 0.857628
14 17 0.850482
14 18 0.851658
14 19 0.500011
14 20 0.907071
14 21 0.998435
14 22 0.604497
14 23 0.873121
14 24 0.725433
14 25 0.720958
15 1 0.731841
15 2 0.999763
15 3 0.994709
15 4 0.589454
15 5 0.709400
15 6 0.998524
15 7 0.711928
15 8 0.570643
15 9 0.812269
15 10 0.551168
15 11 0.762635
15 12 0.856761
15 13 0.756910
15 14 0.924142
15 15 0.995075
15 16 0.893302
15 17 0.895661
15 18 0.871408
15 19 0.500013
15 20 0.978302
15 21 0.999823
15 22 0.589454
15 23 0.918392
15 24 0.741238
15 25 0.785545
15 26 0.949437
16 1 0.671146
16 2 0.986248
16 3 0.971385
16 4 0.603192
16 5 0.666766
16 6 0.992249
16 7 0.616119
16 8 0.610171
16 9 0.699069
16 10 0.564600
16 11 0.754313
16 12 0.729385
16 13 0.689161
16 14 0.857628
16 15 0.893302
16 16 0.885741
16 17 0.823951
16 18 0.803455
16 19 0.500007
16 20 0.902434
16 21 0.991251
16 22 0.603192
16 23 0.833638
16 24 0.693975
16 25 0.708912
16 26 0.881886
17 1 0.659712
17 2 0.978668
17 4 0.576854
17 5 0.651232
17 6 0.977853
17 7 0.603317
17 8 0.588607
17 9 0.692998
17 10 0.556205
17 11 0.710792
17 12 0.715174
17 13 0.673795
17 14 0.850482
17 15 0.895661
17 16 0.823951
17 17 0.808288
17 18 0.776147
17 19 0.500007
17 20 0.879358
17 21 0.991754
17 22 0.576854
17 23 0.791615
17 24 0.670403
17 25 0.673204
17 26 0.868675
18 1 0.696003
18 2 0.999007
18 3 0.956791
18 4 0.592140
18 5 0.693910
18 6 0.973126
18 7 0.605340
18 8 0.564354
18 9 0.732328
18 10 0.571315
18 11 0.744256
18 12 0.685966
18 13 0.715848
18 14 0.851658
18 15 0.871408
18 16 0.803455
18 17 0.776147
18 18 0.870032
18 19 0.500004
18 20 0.861824
18 21 0.995721
18 22 0.592140
18 23 0.898642
18 24 0.712750
18 25 0.706050
19 1 0.500003
19 2 0.499998
19 3 0.500013
19 4 0.500001
19 5 0.500003
19 6 0.500019
19 7 0.500002
19 8 0.500000
19 9 0.500004
19 10 0.500001
19 11 0.500003
19 12 0.500004
19 13 0.500003
19 14 0.500011
19 15 0.500013
19 16 0.500007
19 17 0.500007
19 18 0.500004
19 19 0.500000
19 20 0.500009
19 21 0.500017
19 22 0.500001
19 23 0.500005
19 24 0.500003
19 25 0.500002
19 26 0.500008
20 1 0.702563
20 2 0.998899
20 3 0.992686
20 4 0.593161
20 5 0.690326
20 6 0.995990
20 7 0.675382
20 8 0.580916
20 9 0.762601
20 10 0.591698
20 11 0.747673
20 12 0.814426
20 13 0.719632
20 14 0.907071
20 15 0.978302
20 16 0.902434
20 17 0.879358
20 18 0.861824
20 19 0.500009
20 20 0.987751
20 21 0.998938
20 22 0.593161
20 23 0.900486
20 24 0.723168
20 25 0.783126
20 26 0.930042
21 1 0.938143
21 2 1.000000
21 3 0.999991
21 4 0.735331
21 5 0.920623
21 6 0.999988
21 7 0.850459
21 8 0.602277
21 9 0.969644
21 10 0.707480
21 11 0.966395
21 12 0.974557
21 13 0.950466
21 14 0.998435
21 15 0.999823
21 16 0.991251
21 17 0.991754
21 18 0.995721
21 19 0.500017
21 20 0.998938
21 21 1.000000
21 22 0.735331
21 23 0.998958
21 24 0.939029
21 25 0.949222
21 26 0.999561
22 1 0.545913
22 2 0.730390
22 3 0.698248
22 5 0.546144
22 6 0.823145
22 7 0.510193
22 8 0.519327
22 9 0.547717
22 10 0.516664
22 11 0.588043
22 12 0.545045
22 13 0.553944
22 14 0.604497
22 15 0.589454
22 16 0.603192
22 17 0.576854
22 18 0.592140
22 19 0.500001
22 20 0.593161
22 21 0.735331
22 22 0.543219
22 23 0.643183
22 24 0.548884
22 25 0.555783
22 26 0.630573
23 1 0.705884
23 2 0.999712
23 3 0.994694
23 4 0.643183
23 5 0.698624
23 6 0.988946
23 7 0.623173
23 8 0.487292
23 9 0.743993
23 10 0.591355
23 11 0.784733
23 12 0.791395
23 13 0.735509
23 14 0.873121
23 15 0.918392
23 16 0.833638
23 17 0.791615
23 18 0.898642
23 19 0.500005
23 20 0.900486
23 21 0.998958
23 22 0.643183
23 23 0.991485
23 24 0.709568
23 25 0.789596
23 26 0.934795
24 1 0.606649
24 2 0.959205
24 3 0.822473
24 4 0.548884
24 5 0.605003
24 6 0.897492
24 7 0.558352
24 8 0.545648
24 9 0.628680
24 10 0.533556
24 11 0.638248
24 12 0.596991
24 13 0.618215
24 14 0.725433
24 15 0.741238
24 16 0.693975
24 17 0.670403
24 18 0.712750
24 19 0.500003
24 20 0.723168
24 21 0.939029
24 22 0.548884
24 23 0.709568
24 24 0.617935
24 25 0.601317
25 1 0.592358
25 2 0.965291
25 3 0.905142
25 4 0.555783
25 5 0.587139
25 6 0.904352
25 7 0.571867
25 8 0.536709
25 9 0.611459
25 10 0.539828
25 11 0.646655
25 12 0.703134
25 13 0.606025
25 14 0.720958
25 15 0.785545
25 16 0.708912
25 17 0.673204
25 18 0.706050
25 19 0.500002
25 20 0.783126
25 21 0.949222
25 22 0.555783
25 23 0.789596
25 24 0.601317
25 25 0.691332
26 2 0.999757
26 6 0.996657
26 7 0.645130
26 8 0.596364
26 10 0.592432
26 12 0.769419
26 15 0.949437
26 16 0.881886
26 17 0.868675
26 19 0.500008
26 20 0.930042
26 21 0.999561
26 22 0.630573
26 23 0.934795
26 26 0.964348
