1 26 0.793059
3 17 0.897956
3 26 0.929362
4 22 0.591317
4 26 0.722341
5 26 0.796454
9 26 0.633398
11 26 0.931190
13 26 0.814268
14 26 0.971355
17 3 0.897956
18 26 0.987777
22 4 0.591317
24 26 0.832479
25 26 0.805581
26 1 0.793059
26 3 0.929362
26 4 0.722341
26 5 0.796454
26 9 0.633398
26 11 0.931190
26 13 0.814268
26 14 0.971355
26 18 0.987777
26 24 0.832479
26 25 0.805581
1 1 0.630403
1 2 0.914891
1 3 0.727185
1 4 0.593044
1 5 0.632242
1 6 0.993282
1 7 0.545866
1 8 0.596670
1 9 0.550534
1 10 0.519262
1 11 0.728152
1 12 0.619417
1 13 0.642042
1 14 0.800833
1 15 0.619018
1 16 0.747904
1 17 0.692580
1 18 0.836676
1 19 0.500002
1 20 0.683697
1 21 0.787791
1 22 0.593044
1 23 0.710258
1 24 0.654136
1 25 0.637048
2 1 0.914891
2 2 1.000000
2 3 0.995354
2 4 0.835003
2 5 0.915948
2 6 1.000000
2 7 0.743588
2 8 0.930243
2 9 0.811840
2 10 0.707740
2 11 0.998181
2 12 0.958499
2 13 0.938868
2 14 0.998082
2 15 0.991451
2 16 0.998827
2 17 0.992346
2 18 0.999978
2 19 0.500023
2 20 0.997400
2 21 0.998314
2 22 0.835003
2 23 0.998619
2 24 0.943202
2 25 0.928001
2 26 0.998270
3 1 0.727185
3 2 0.995354
3 3 0.915592
3 4 0.680637
3 5 0.735225
3 6 0.999930
3 7 0.618428
3 8 0.738342
3 9 0.646465
3 10 0.567531
3 11 0.910871
3 12 0.773837
3 13 0.753165
3 14 0.929030
3 15 0.642503
3 16 0.910850
3 18 0.985635
3 19 0.500008
3 20 0.807876
3 21 0.922370
3 22 0.680637
3 23 0.930607
3 24 0.768854
3 25 0.739697
4 1 0.593044
4 2 0.835003
4 3 0.680637
4 4 0.591317
4 5 0.591171
4 6 0.979788
4 7 0.539710
4 8 0.589685
4 9 0.538022
4 10 0.530337
4 11 0.734240
4 12 0.605614
4 13 0.602764
4 14 0.721870
4 15 0.551686
4 16 0.708391
4 17 0.657990
4 18 0.772494
4 19 0.500002
4 20 0.647667
4 21 0.783133
4 23 0.712770
4 24 0.611288
4 25 0.600517
5 1 0.632242
5 2 0.915948
5 3 0.735225
5 4 0.591171
5 5 0.639716
5 6 0.992300
5 7 0.550592
5 8 0.594667
5 9 0.556030
5 10 0.518601
5 11 0.722969
5 12 0.625516
5 13 0.645887
5 14 0.799801
5 15 0.610842
5 16 0.727943
5 17 0.701228
5 18 0.837821
5 19 0.500003
5 20 0.656839
5 21 0.745435
5 22 0.591171
5 23 0.708005
5 24 0.657108
5 25 0.638552
6 1 0.993282
6 2 1.000000
6 3 0.999930
6 4 0.979788
6 5 0.992300
6 6 1.000000
6 7 0.839515
6 8 0.978080
6 9 0.837198
6 10 0.697146
6 11 0.999970
6 12 0.989368
6 13 0.995683
6 14 0.999998
6 15 0.973344
6 16 0.999981
6 17 0.999701
6 18 1.000000
6 19 0.500021
6 20 0.999129
6 21 1.000000
6 22 0.979788
6 23 0.999895
6 24 0.997593
6 25 0.995042
6 26 0.999997
7 1 0.545866
7 2 0.743588
7 3 0.618428
7 4 0.539710
7 5 0.550592
7 6 0.839515
7 7 0.532994
7 8 0.552014
7 9 0.534767
7 10 0.519892
7 11 0.624148
7 12 0.580883
7 13 0.554062
7 14 0.609831
7 15 0.519302
7 16 0.624626
7 17 0.610725
7 18 0.701478
7 19 0.500002
7 20 0.578930
7 21 0.640141
7 22 0.539710
7 23 0.628762
7 24 0.555598
7 25 0.552361
7 26 0.619311
8 1 0.596670
8 2 0.930243
8 3 0.738342
8 4 0.589685
8 5 0.594667
8 6 0.978080
8 7 0.552014
8 8 0.662557
8 9 0.583683
8 10 0.541243
8 11 0.758897
8 12 0.652584
8 13 0.607970
8 14 0.743831
8 15 0.583214
8 16 0.777857
8 17 0.724179
8 18 0.870464
8 19 0.500005
8 20 0.707456
8 21 0.786920
8 22 0.589685
8 23 0.831087
8 24 0.618157
8 25 0.601020
8 26 0.736175
9 1 0.550534
9 2 0.811840
9 3 0.646465
9 4 0.538022
9 5 0.556030
9 6 0.837198
9 7 0.534767
9 8 0.583683
9 9 0.577548
9 10 0.523190
9 11 0.615139
9 12 0.579419
9 13 0.558733
9 14 0.643940
9 15 0.525973
9 16 0.664579
9 17 0.637953
9 18 0.758506
9 19 0.500003
9 20 0.603591
9 21 0.526163
9 22 0.538022
9 23 0.698520
9 24 0.565180
9 25 0.551340
10 1 0.519262
10 2 0.707740
10 3 0.567531
10 4 0.530337
10 5 0.518601
10 6 0.697146
10 7 0.519892
10 8 0.541243
10 9 0.523190
10 10 0.532526
10 11 0.612467
10 12 0.554972
10 13 0.524096
10 14 0.549077
10 15 0.547978
10 16 0.600711
10 17 0.569201
10 18 0.615385
10 19 0.500002
10 20 0.616350
10 21 0.648676
10 22 0.530337
10 23 0.629212
10 24 0.520248
10 25 0.525450
10 26 0.558503
11 1 0.728152
11 2 0.998181
11 3 0.910871
11 4 0.734240
11 5 0.722969
11 6 0.999970
11 7 0.624148
11 8 0.758897
11 9 0.615139
11 10 0.612467
11 11 0.980870
11 12 0.811954
11 13 0.762142
11 14 0.918949
11 15 0.680518
11 16 0.943556
11 17 0.893845
11 18 0.982316
11 19 0.500008
11 20 0.876213
11 21 0.952743
11 22 0.734240
11 23 0.955799
11 24 0.770506
11 25 0.750881
12 1 0.619417
12 2 0.958499
12 3 0.773837
12 4 0.605614
12 5 0.625516
12 6 0.989368
12 7 0.580883
12 8 0.652584
12 9 0.579419
12 10 0.554972
12 11 0.811954
12 12 0.722160
12 13 0.637348
12 14 0.771748
12 15 0.636868
12 16 0.818785
12 17 0.757991
12 18 0.901376
12 19 0.500006
12 20 0.757780
12 21 0.877083
12 22 0.605614
12 23 0.817828
12 24 0.639577
12 25 0.634987
12 26 0.784364
13 1 0.642042
13 2 0.938868
13 3 0.753165
13 4 0.602764
13 5 0.645887
13 6 0.995683
13 7 0.554062
13 8 0.607970
13 9 0.558733
13 10 0.524096
13 11 0.762142
13 12 0.637348
13 13 0.656728
13 14 0.817633
13 15 0.624096
13 16 0.765837
13 17 0.719043
13 18 0.864838
13 19 0.500003
13 20 0.691891
13 21 0.791075
13 22 0.602764
13 23 0.737452
13 24 0.668644
13 25 0.649951
14 1 0.800833
14 2 0.998082
14 3 0.929030
14 4 0.721870
14 5 0.799801
14 6 0.999998
14 7 0.609831
14 8 0.743831
14 9 0.643940
14 10 0.549077
14 11 0.918949
14 12 0.771748
14 13 0.817633
14 14 0.977960
14 15 0.805470
14 16 0.954463
14 17 0.893670
14 18 0.988415
14 19 0.500007
14 20 0.907177
14 21 0.970662
14 22 0.721870
14 23 0.919705
14 24 0.839439
14 25 0.809462
15 1 0.619018
15 2 0.991451
15 3 0.642503
15 4 0.551686
15 5 0.610842
15 6 0.973344
15 7 0.519302
15 8 0.583214
15 9 0.525973
15 10 0.547978
15 11 0.680518
15 12 0.636868
15 13 0.624096
15 14 0.805470
15 15 0.960730
15 16 0.807766
15 17 0.600388
15 18 0.790129
15 19 0.500005
15 20 0.934555
15 21 0.912883
15 22 0.551686
15 23 0.654064
15 24 0.614258
15 25 0.622686
15 26 0.776945
16 1 0.747904
16 2 0.998827
16 3 0.910850
16 4 0.708391
16 5 0.727943
16 6 0.999981
16 7 0.624626
16 8 0.777857
16 9 0.664579
16 10 0.600711
16 11 0.943556
16 12 0.818785
16 13 0.765837
16 14 0.954463
16 15 0.807766
16 16 0.984659
16 17 0.885061
16 18 0.990965
16 19 0.500009
16 20 0.966723
16 21 0.987000
16 22 0.708391
16 23 0.953604
16 24 0.781448
16 25 0.768899
16 26 0.944100
17 1 0.692580
17 2 0.992346
17 4 0.657990
17 5 0.701228
17 6 0.999701
17 7 0.610725
17 8 0.724179
17 9 0.637953
17 10 0.569201
17 11 0.893845
17 12 0.757991
17 13 0.719043
17 14 0.893670
17 15 0.600388
17 16 0.885061
17 17 0.884828
17 18 0.980787
17 19 0.500008
17 20 0.771873
17 21 0.897479
17 22 0.657990
17 23 0.922992
17 24 0.731685
17 25 0.705285
17 26 0.898254
18 1 0.836676
18 2 0.999978
18 3 0.985635
18 4 0.772494
18 5 0.837821
18 6 1.000000
18 7 0.701478
18 8 0.870464
18 9 0.758506
18 10 0.615385
18 11 0.982316
18 12 0.901376
18 13 0.864838
18 14 0.988415
18 15 0.790129
18 16 0.990965
18 17 0.980787
18 18 0.999872
18 19 0.500016
18 20 0.940199
18 21 0.990120
18 22 0.772494
18 23 0.990683
18 24 0.881915
18 25 0.851849
19 1 0.500002
19 2 0.500023
19 3 0.500008
19 4 0.500002
19 5 0.500003
19 6 0.500021
19 7 0.500002
19 8 0.500005
19 9 0.500003
19 10 0.500002
19 11 0.500008
19 12 0.500006
19 13 0.500003
19 14 0.500007
19 15 0.500005
19 16 0.500009
19 17 0.500008
19 18 0.500016
19 19 0.500000
19 20 0.500009
19 21 0.500013
19 22 0.500002
19 23 0.500012
19 24 0.500003
19 25 0.500003
19 26 0.500007
20 1 0.683697
20 2 0.997400
20 3 0.807876
20 4 0.647667
20 5 0.656839
20 6 0.999129
20 7 0.578930
20 8 0.707456
20 9 0.603591
20 10 0.616350
20 11 0.876213
20 12 0.757780
20 13 0.691891
20 14 0.907177
20 15 0.934555
20 16 0.966723
20 17 0.771873
20 18 0.940199
20 19 0.500009
20 20 0.984574
20 21 0.991310
20 22 0.647667
20 23 0.900611
20 24 0.689711
20 25 0.705678
20 26 0.882463
21 1 0.787791
21 2 0.998314
21 3 0.922370
21 4 0.783133
21 5 0.745435
21 6 1.000000
21 7 0.640141
21 8 0.786920
21 9 0.526163
21 10 0.648676
21 11 0.952743
21 12 0.877083
21 13 0.791075
21 14 0.970662
21 15 0.912883
21 16 0.987000
21 17 0.897479
21 18 0.990120
21 19 0.500013
21 20 0.991310
21 21 0.999995
21 22 0.783133
21 23 0.947623
21 24 0.790912
21 25 0.828582
21 26 0.967926
22 1 0.593044
22 2 0.835003
22 3 0.680637
22 5 0.591171
22 6 0.979788
22 7 0.539710
22 8 0.589685
22 9 0.538022
22 10 0.530337
22 11 0.734240
22 12 0.605614
22 13 0.602764
22 14 0.721870
22 15 0.551686
22 16 0.708391
22 17 0.657990
22 18 0.772494
22 19 0.500002
22 20 0.647667
22 21 0.783133
22 22 0.591317
22 23 0.712770
22 24 0.611288
22 25 0.600517
22 26 0.722341
23 1 0.710258
23 2 0.998619
23 3 0.930607
23 4 0.712770
23 5 0.708005
23 6 0.999895
23 7 0.628762
23 8 0.831087
23 9 0.698520
23 10 0.629212
23 11 0.955799
23 12 0.817828
23 13 0.737452
23 14 0.919705
23 15 0.654064
23 16 0.953604
23 17 0.922992
23 18 0.990683
23 19 0.500012
23 20 0.900611
23 21 0.947623
23 22 0.712770
23 23 0.984697
23 24 0.751620
23 25 0.722085
23 26 0.919500
24 1 0.654136
24 2 0.943202
24 3 0.768854
24 4 0.611288
24 5 0.657108
24 6 0.997593
24 7 0.555598
24 8 0.618157
24 9 0.565180
24 10 0.520248
24 11 0.770506
24 12 0.639577
24 13 0.668644
24 14 0.839439
24 15 0.614258
24 16 0.781448
24 17 0.731685
24 18 0.881915
24 19 0.500003
24 20 0.689711
24 21 0.790912
24 22 0.611288
24 23 0.751620
24 24 0.684763
24 25 0.660863
25 1 0.637048
25 2 0.928001
25 3 0.739697
25 4 0.600517
25 5 0.638552
25 6 0.995042
25 7 0.552361
25 8 0.601020
25 9 0.551340
25 10 0.525450
25 11 0.750881
25 12 0.634987
25 13 0.649951
25 14 0.809462
25 15 0.622686
25 16 0.768899
25 17 0.705285
25 18 0.851849
25 19 0.500003
25 20 0.705678
25 21 0.828582
25 22 0.600517
25 23 0.722085
25 24 0.660863
25 25 0.646988
26 2 0.998270
26 6 0.999997
26 7 0.619311
26 8 0.736175
26 10 0.558503
26 12 0.784364
26 15 0.776945
26 16 0.944100
26 17 0.898254
26 19 0.500007
26 20 0.882463
26 21 0.967926
26 22 0.722341
26 23 0.919500
26 26 0.968404
