1 26 0.822619
3 17 0.961147
3 26 0.968201
4 22 0.593130
4 26 0.816489
5 26 0.813559
9 26 0.709452
11 26 0.915260
13 26 0.659470
14 26 0.997023
17 3 0.961147
18 26 0.930242
22 4 0.593130
24 26 0.825466
25 26 0.567980
26 1 0.822619
26 3 0.968201
26 4 0.816489
26 5 0.813559
26 9 0.709452
26 11 0.915260
26 13 0.659470
26 14 0.997023
26 18 0.930242
26 24 0.825466
26 25 0.567980
1 1 0.661553
1 2 0.940873
1 3 0.817808
1 4 0.656701
1 5 0.655173
1 6 0.933280
1 7 0.553859
1 8 0.622383
1 9 0.596548
1 10 0.556202
1 11 0.737837
1 12 0.555394
1 13 0.566250
1 14 0.925641
1 15 0.758772
1 16 0.708861
1 17 0.798891
1 18 0.749284
1 19 0.500002
1 20 0.728756
1 21 0.940803
1 22 0.593901
1 23 0.842386
1 24 0.661895
1 25 0.525163
2 1 0.940873
2 2 0.999999
2 3 0.997616
2 4 0.938833
2 5 0.935626
2 6 0.999999
2 7 0.700218
2 8 0.883118
2 9 0.863621
2 10 0.730215
2 11 0.984679
2 12 0.758422
2 13 0.825837
2 14 0.999998
2 15 0.995829
2 16 0.981329
2 17 0.996044
2 18 0.990451
2 19 0.500008
2 20 0.987484
2 21 0.999991
2 22 0.854860
2 23 0.997209
2 24 0.940489
2 25 0.670120
2 26 0.998364
3 1 0.817808
3 2 0.997616
3 3 0.969875
3 4 0.810828
3 5 0.809407
3 6 0.996430
3 7 0.623075
3 8 0.760913
3 9 0.696319
3 10 0.628283
3 11 0.911679
3 12 0.639752
3 13 0.633684
3 14 0.994254
3 15 0.932605
3 16 0.889494
3 18 0.916216
3 19 0.500004
3 20 0.906547
3 21 0.998198
3 22 0.685182
3 23 0.976359
3 24 0.819812
3 25 0.538894
4 1 0.656701
4 2 0.938833
4 3 0.810828
4 4 0.653282
4 5 0.651487
4 6 0.932635
4 7 0.554602
4 8 0.619724
4 9 0.593537
4 10 0.555600
4 11 0.731315
4 12 0.560781
4 13 0.570004
4 14 0.923080
4 15 0.753093
4 16 0.710139
4 17 0.792064
4 18 0.743069
4 19 0.500002
4 20 0.726725
4 21 0.939252
4 23 0.831748
4 24 0.658017
4 25 0.527851
5 1 0.655173
5 2 0.935626
5 3 0.809407
5 4 0.651487
5 5 0.650314
5 6 0.926968
5 7 0.553659
5 8 0.617129
5 9 0.593781
5 10 0.553702
5 11 0.729586
5 12 0.558060
5 13 0.567484
5 14 0.916472
5 15 0.752358
5 16 0.707787
5 17 0.790930
5 18 0.738928
5 19 0.500002
5 20 0.722512
5 21 0.936337
5 22 0.588790
5 23 0.827308
5 24 0.656140
5 25 0.525849
6 1 0.933280
6 2 0.999999
6 3 0.996430
6 4 0.932635
6 5 0.926968
6 6 1.000000
6 7 0.725582
6 8 0.906422
6 9 0.898194
6 10 0.725838
6 11 0.978400
6 12 0.732104
6 13 0.858451
6 14 1.000000
6 15 0.996417
6 16 0.970576
6 17 0.994237
6 18 0.989254
6 19 0.500000
6 20 0.990214
6 21 0.999845
6 22 0.893304
6 23 0.997846
6 24 0.939604
6 25 0.689215
6 26 0.997973
7 1 0.553859
7 2 0.700218
7 3 0.623075
7 4 0.554602
7 5 0.553659
7 6 0.725582
7 7 0.533881
7 8 0.544240
7 9 0.529734
7 10 0.518600
7 11 0.585166
7 12 0.529371
7 13 0.526500
7 14 0.765055
7 15 0.583914
7 16 0.577634
7 17 0.615519
7 18 0.573714
7 19 0.500000
7 20 0.563556
7 21 0.710641
7 22 0.535266
7 23 0.635612
7 24 0.560426
7 25 0.503047
7 26 0.624495
8 1 0.622383
8 2 0.883118
8 3 0.760913
8 4 0.619724
8 5 0.617129
8 6 0.906422
8 7 0.544240
8 8 0.629726
8 9 0.559558
8 10 0.554437
8 11 0.689410
8 12 0.570370
8 13 0.561557
8 14 0.788246
8 15 0.687106
8 16 0.667864
8 17 0.743753
8 18 0.700887
8 19 0.500002
8 20 0.712989
8 21 0.873836
8 22 0.583412
8 23 0.799907
8 24 0.626938
8 25 0.526310
8 26 0.762708
9 1 0.596548
9 2 0.863621
9 3 0.696319
9 4 0.593537
9 5 0.593781
9 6 0.898194
9 7 0.529734
9 8 0.559558
9 9 0.607321
9 10 0.518418
9 11 0.639926
9 12 0.517824
9 13 0.566985
9 14 0.891867
9 15 0.705407
9 16 0.605768
9 17 0.682689
9 18 0.645149
9 19 0.499999
9 20 0.615891
9 21 0.765892
9 22 0.558533
9 23 0.659437
9 24 0.591942
9 25 0.530459
10 1 0.556202
10 2 0.730215
10 3 0.628283
10 4 0.555600
10 5 0.553702
10 6 0.725838
10 7 0.518600
10 8 0.554437
10 9 0.518418
10 10 0.531282
10 11 0.588127
10 12 0.537971
10 13 0.525229
10 14 0.661934
10 15 0.591205
10 16 0.571105
10 17 0.616756
10 18 0.605449
10 19 0.500002
10 20 0.622635
10 21 0.729567
10 22 0.540666
10 23 0.652926
10 24 0.559962
10 25 0.512834
10 26 0.629208
11 1 0.737837
11 2 0.984679
11 3 0.911679
11 4 0.731315
11 5 0.729586
11 6 0.978400
11 7 0.585166
11 8 0.689410
11 9 0.639926
11 10 0.588127
11 11 0.837393
11 12 0.604013
11 13 0.608866
11 14 0.969398
11 15 0.843733
11 16 0.794645
11 17 0.895418
11 18 0.841172
11 19 0.500003
11 20 0.816127
11 21 0.986216
11 22 0.641255
11 23 0.926236
11 24 0.738921
11 25 0.541202
12 1 0.555394
12 2 0.758422
12 3 0.639752
12 4 0.560781
12 5 0.558060
12 6 0.732104
12 7 0.529371
12 8 0.570370
12 9 0.517824
12 10 0.537971
12 11 0.604013
12 12 0.623717
12 13 0.570679
12 14 0.500605
12 15 0.609458
12 16 0.621920
12 17 0.630093
12 18 0.601780
12 19 0.500003
12 20 0.602292
12 21 0.791724
12 22 0.546058
12 23 0.541829
12 24 0.565032
12 25 0.520304
12 26 0.642589
13 1 0.566250
13 2 0.825837
13 3 0.633684
13 4 0.570004
13 5 0.567484
13 6 0.858451
13 7 0.526500
13 8 0.561557
13 9 0.566985
13 10 0.525229
13 11 0.608866
13 12 0.570679
13 13 0.602483
13 14 0.755976
13 15 0.623999
13 16 0.581744
13 17 0.623518
13 18 0.602398
13 19 0.500002
13 20 0.630790
13 21 0.717766
13 22 0.556126
13 23 0.552378
13 24 0.564495
13 25 0.562128
14 1 0.925641
14 2 0.999998
14 3 0.994254
14 4 0.923080
14 5 0.916472
14 6 1.000000
14 7 0.765055
14 8 0.788246
14 9 0.891867
14 10 0.661934
14 11 0.969398
14 12 0.500605
14 13 0.755976
14 14 1.000000
14 15 0.995720
14 16 0.970163
14 17 0.991256
14 18 0.981448
14 19 0.499993
14 20 0.952931
14 21 0.999816
14 22 0.873027
14 23 0.997017
14 24 0.932403
14 25 0.649067
15 1 0.758772
15 2 0.995829
15 3 0.932605
15 4 0.753093
15 5 0.752358
15 6 0.996417
15 7 0.583914
15 8 0.687106
15 9 0.705407
15 10 0.591205
15 11 0.843733
15 12 0.609458
15 13 0.623999
15 14 0.995720
15 15 0.942320
15 16 0.854539
15 17 0.919755
15 18 0.857278
15 19 0.500001
15 20 0.834776
15 21 0.991594
15 22 0.639002
15 23 0.884058
15 24 0.758444
15 25 0.509496
15 26 0.930042
16 1 0.708861
16 2 0.981329
16 3 0.889494
16 4 0.710139
16 5 0.707787
16 6 0.970576
16 7 0.577634
16 8 0.667864
16 9 0.605768
16 10 0.571105
16 11 0.794645
16 12 0.621920
16 13 0.581744
16 14 0.970163
16 15 0.854539
16 16 0.906437
16 17 0.875748
16 18 0.801819
16 19 0.500004
16 20 0.744009
16 21 0.993744
16 22 0.606941
16 23 0.900915
16 24 0.712073
16 25 0.502109
16 26 0.890140
17 1 0.798891
17 2 0.996044
17 4 0.792064
17 5 0.790930
17 6 0.994237
17 7 0.615519
17 8 0.743753
17 9 0.682689
17 10 0.616756
17 11 0.895418
17 12 0.630093
17 13 0.623518
17 14 0.991256
17 15 0.919755
17 16 0.875748
17 17 0.951430
17 18 0.894502
17 19 0.500003
17 20 0.886296
17 21 0.997049
17 22 0.665209
17 23 0.966926
17 24 0.800553
17 25 0.530406
17 26 0.958020
18 1 0.749284
18 2 0.990451
18 3 0.916216
18 4 0.743069
18 5 0.738928
18 6 0.989254
18 7 0.573714
18 8 0.700887
18 9 0.645149
18 10 0.605449
18 11 0.841172
18 12 0.601780
18 13 0.602398
18 14 0.981448
18 15 0.857278
18 16 0.801819
18 17 0.894502
18 18 0.903136
18 19 0.500005
18 20 0.870620
18 21 0.989349
18 22 0.689222
18 23 0.955354
18 24 0.753917
18 25 0.572669
19 1 0.500002
19 2 0.500008
19 3 0.500004
19 4 0.500002
19 5 0.500002
19 6 0.500000
19 7 0.500000
19 8 0.500002
19 9 0.499999
19 10 0.500002
19 11 0.500003
19 12 0.500003
19 13 0.500002
19 14 0.499993
19 15 0.500001
19 16 0.500004
19 17 0.500003
19 18 0.500005
19 19 0.500000
19 20 0.500006
19 21 0.500014
19 22 0.500001
19 23 0.500002
19 24 0.500002
19 25 0.500002
19 26 0.500004
20 1 0.728756
20 2 0.987484
20 3 0.906547
20 4 0.726725
20 5 0.722512
20 6 0.990214
20 7 0.563556
20 8 0.712989
20 9 0.615891
20 10 0.622635
20 11 0.816127
20 12 0.602292
20 13 0.630790
20 14 0.952931
20 15 0.834776
20 16 0.744009
20 17 0.886296
20 18 0.870620
20 19 0.500006
20 20 0.944376
20 21 0.978203
20 22 0.648843
20 23 0.940429
20 24 0.728691
20 25 0.619995
20 26 0.905444
21 1 0.940803
21 2 0.999991
21 3 0.998198
21 4 0.939252
21 5 0.936337
21 6 0.999845
21 7 0.710641
21 8 0.873836
21 9 0.765892
21 10 0.729567
21 11 0.986216
21 12 0.791724
21 13 0.717766
21 14 0.999816
21 15 0.991594
21 16 0.993744
21 17 0.997049
21 18 0.989349
21 19 0.500014
21 20 0.978203
21 21 1.000000
21 22 0.799637
21 23 0.998863
21 24 0.940680
21 25 0.535267
21 26 0.998287
22 1 0.593901
22 2 0.854860
22 3 0.685182
22 5 0.588790
22 6 0.893304
22 7 0.535266
22 8 0.583412
22 9 0.558533
22 10 0.540666
22 11 0.641255
22 12 0.546058
22 13 0.556126
22 14 0.873027
22 15 0.639002
22 16 0.606941
22 17 0.665209
22 18 0.689222
22 19 0.500001
22 20 0.648843
22 21 0.799637
22 22 0.596183
22 23 0.757902
22 24 0.601330
22 25 0.536307
22 26 0.718395
23 1 0.842386
23 2 0.997209
23 3 0.976359
23 4 0.831748
23 5 0.827308
23 6 0.997846
23 7 0.635612
23 8 0.799907
23 9 0.659437
23 10 0.652926
23 11 0.926236
23 12 0.541829
23 13 0.552378
23 14 0.997017
23 15 0.884058
23 16 0.900915
23 17 0.966926
23 18 0.955354
23 19 0.500002
23 20 0.940429
23 21 0.998863
23 22 0.757902
23 23 0.998698
23 24 0.851755
23 25 0.535151
23 26 0.979646
24 1 0.661895
24 2 0.940489
24 3 0.819812
24 4 0.658017
24 5 0.656140
24 6 0.939604
24 7 0.560426
24 8 0.626938
24 9 0.591942
24 10 0.559962
24 11 0.738921
24 12 0.565032
24 13 0.564495
24 14 0.932403
24 15 0.758444
24 16 0.712073
24 17 0.800553
24 18 0.753917
24 19 0.500002
24 20 0.728691
24 21 0.940680
24 22 0.601330
24 23 0.851755
24 24 0.667246
24 25 0.519145
25 1 0.525163
25 2 0.670120
25 3 0.538894
25 4 0.527851
25 5 0.525849
25 6 0.689215
25 7 0.503047
25 8 0.526310
25 9 0.530459
25 10 0.512834
25 11 0.541202
25 12 0.520304
25 13 0.562128
25 14 0.649067
25 15 0.509496
25 16 0.502109
25 17 0.530406
25 18 0.572669
25 19 0.500002
25 20 0.619995
25 21 0.535267
25 22 0.536307
25 23 0.535151
25 24 0.519145
25 25 0.577962
26 2 0.998364
26 6 0.997973
26 7 0.624495
26 8 0.762708
26 10 0.629208
26 12 0.642589
26 15 0.930042
26 16 0.890140
26 17 0.958020
26 19 0.500004
26 20 0.905444
26 21 0.998287
26 22 0.718395
26 23 0.979646
26 26 0.972269
