1 26 0.655333
3 17 0.818762
3 26 0.584923
4 22 0.512487
4 26 0.612909
5 26 0.638473
9 26 0.680228
11 26 0.580609
13 26 0.613810
14 26 0.799287
17 3 0.818762
18 26 0.803877
22 4 0.512487
24 26 0.541716
25 26 0.667487
26 1 0.655333
26 3 0.584923
26 4 0.612909
26 5 0.638473
26 9 0.680228
26 11 0.580609
26 13 0.613810
26 14 0.799287
26 18 0.803877
26 24 0.541716
26 25 0.667487
1 1 0.568710
1 2 0.662705
1 3 0.530523
1 4 0.548821
1 5 0.560863
1 6 0.691380
1 7 0.492105
1 8 0.581194
1 9 0.581574
1 10 0.509280
1 11 0.533361
1 12 0.520132
1 13 0.542930
1 14 0.644378
1 15 0.520042
1 16 0.631295
1 17 0.530523
1 18 0.643982
1 19 0.500001
1 20 0.623653
1 21 0.717176
1 22 0.506407
1 23 0.589237
1 24 0.512146
1 25 0.573431
2 1 0.662705
2 2 0.999287
2 3 0.495619
2 4 0.606596
2 5 0.630194
2 6 0.953076
2 7 0.505047
2 8 0.756839
2 9 0.646016
2 10 0.602321
2 11 0.614942
2 12 0.690273
2 13 0.655841
2 14 0.718154
2 15 0.519985
2 16 0.945116
2 17 0.495619
2 18 0.872766
2 19 0.500005
2 20 0.878424
2 21 0.954886
2 22 0.525455
2 23 0.408731
2 24 0.600374
2 25 0.639125
2 26 0.832749
3 1 0.530523
3 2 0.495619
3 3 0.818762
3 4 0.542984
3 5 0.529807
3 6 0.822179
3 7 0.520178
3 8 0.504413
3 9 0.521318
3 10 0.486739
3 11 0.676486
3 12 0.610762
3 13 0.637306
3 14 0.544235
3 15 0.441530
3 16 0.638098
3 18 0.620467
3 19 0.500001
3 20 0.685459
3 21 0.659891
3 22 0.527731
3 23 0.759705
3 24 0.603297
3 25 0.534834
4 1 0.548821
4 2 0.606596
4 3 0.542984
4 4 0.542586
4 5 0.543212
4 6 0.626529
4 7 0.495063
4 8 0.564580
4 9 0.557157
4 10 0.507508
4 11 0.535108
4 12 0.532686
4 13 0.546688
4 14 0.602773
4 15 0.524419
4 16 0.605347
4 17 0.542984
4 18 0.613178
4 19 0.500001
4 20 0.624719
4 21 0.652252
4 23 0.587536
4 24 0.519650
4 25 0.551899
5 1 0.560863
5 2 0.630194
5 3 0.529807
5 4 0.543212
5 5 0.556171
5 6 0.645560
5 7 0.493874
5 8 0.573278
5 9 0.573705
5 10 0.507357
5 11 0.524183
5 12 0.514587
5 13 0.535562
5 14 0.624889
5 15 0.512464
5 16 0.624219
5 17 0.529807
5 18 0.632966
5 19 0.500001
5 20 0.609310
5 21 0.688490
5 22 0.504861
5 23 0.594739
5 24 0.504095
5 25 0.565143
6 1 0.691380
6 2 0.953076
6 3 0.822179
6 4 0.626529
6 5 0.645560
6 6 0.999984
6 7 0.534457
6 8 0.635729
6 9 0.675567
6 10 0.482491
6 11 0.631932
6 12 0.755319
6 13 0.745804
6 14 0.859493
6 15 0.807639
6 16 0.858481
6 17 0.822179
6 18 0.775584
6 19 0.500004
6 20 0.636811
6 21 0.981715
6 22 0.544072
6 23 0.592614
6 24 0.781234
6 25 0.721866
6 26 0.882402
7 1 0.492105
7 2 0.505047
7 3 0.520178
7 4 0.495063
7 5 0.493874
7 6 0.534457
7 7 0.511249
7 8 0.493855
7 9 0.488986
7 10 0.497837
7 11 0.479495
7 12 0.510434
7 13 0.506129
7 14 0.480121
7 15 0.523388
7 16 0.510965
7 17 0.520178
7 18 0.490111
7 19 0.500000
7 20 0.489601
7 21 0.417377
7 22 0.500412
7 23 0.510386
7 24 0.518426
7 25 0.492782
7 26 0.485157
8 1 0.581194
8 2 0.756839
8 3 0.504413
8 4 0.564580
8 5 0.573278
8 6 0.635729
8 7 0.493855
8 8 0.641816
8 9 0.596501
8 10 0.520569
8 11 0.511095
8 12 0.539850
8 13 0.560579
8 14 0.642961
8 15 0.554729
8 16 0.700653
8 17 0.504413
8 18 0.702106
8 19 0.500001
8 20 0.693213
8 21 0.713187
8 22 0.513998
8 23 0.626563
8 24 0.517314
8 25 0.585312
8 26 0.682621
9 1 0.581574
9 2 0.646016
9 3 0.521318
9 4 0.557157
9 5 0.573705
9 6 0.675567
9 7 0.488986
9 8 0.596501
9 9 0.601984
9 10 0.509330
9 11 0.529189
9 12 0.505337
9 13 0.539528
9 14 0.672483
9 15 0.523744
9 16 0.636850
9 17 0.521318
9 18 0.665714
9 19 0.500001
9 20 0.635806
9 21 0.732136
9 22 0.504642
9 23 0.618442
9 24 0.501479
9 25 0.588315
10 1 0.509280
10 2 0.602321
10 3 0.486739
10 4 0.507508
10 5 0.507357
10 6 0.482491
10 7 0.497837
10 8 0.520569
10 9 0.509330
10 10 0.509584
10 11 0.512206
10 12 0.508921
10 13 0.507204
10 14 0.512487
10 15 0.499246
10 16 0.540935
10 17 0.486739
10 18 0.530155
10 19 0.500000
10 20 0.544682
10 21 0.551188
10 22 0.502517
10 23 0.495691
10 24 0.499911
10 25 0.506597
10 26 0.521840
11 1 0.533361
11 2 0.614942
11 3 0.676486
11 4 0.535108
11 5 0.524183
11 6 0.631932
11 7 0.479495
11 8 0.511095
11 9 0.529189
11 10 0.512206
11 11 0.804305
11 12 0.554915
11 13 0.585567
11 14 0.554057
11 15 0.330481
11 16 0.626226
11 17 0.676486
11 18 0.586534
11 19 0.500004
11 20 0.701584
11 21 0.915222
11 22 0.522304
11 23 0.650055
11 24 0.531462
11 25 0.523608
12 1 0.520132
12 2 0.690273
12 3 0.610762
12 4 0.532686
12 5 0.514587
12 6 0.755319
12 7 0.510434
12 8 0.539850
12 9 0.505337
12 10 0.508921
12 11 0.554915
12 12 0.613934
12 13 0.588325
12 14 0.526448
12 15 0.563893
12 16 0.640419
12 17 0.610762
12 18 0.578227
12 19 0.500001
12 20 0.666918
12 21 0.636143
12 22 0.528179
12 23 0.549821
12 24 0.577668
12 25 0.519265
12 26 0.561025
13 1 0.542930
13 2 0.655841
13 3 0.637306
13 4 0.546688
13 5 0.535562
13 6 0.745804
13 7 0.506129
13 8 0.560579
13 9 0.539528
13 10 0.507204
13 11 0.585567
13 12 0.588325
13 13 0.599002
13 14 0.574703
13 15 0.538867
13 16 0.651282
13 17 0.637306
13 18 0.629028
13 19 0.500001
13 20 0.692427
13 21 0.674224
13 22 0.525940
13 23 0.641897
13 24 0.572269
13 25 0.546706
14 1 0.644378
14 2 0.718154
14 3 0.544235
14 4 0.602773
14 5 0.624889
14 6 0.859493
14 7 0.480121
14 8 0.642961
14 9 0.672483
14 10 0.512487
14 11 0.554057
14 12 0.526448
14 13 0.574703
14 14 0.824058
14 15 0.583937
14 16 0.682829
14 17 0.544235
14 18 0.741204
14 19 0.500002
14 20 0.722207
14 21 0.871688
14 22 0.509909
14 23 0.687048
14 24 0.536107
14 25 0.657857
15 1 0.520042
15 2 0.519985
15 3 0.441530
15 4 0.524419
15 5 0.512464
15 6 0.807639
15 7 0.523388
15 8 0.554729
15 9 0.523744
15 10 0.499246
15 11 0.330481
15 12 0.563893
15 13 0.538867
15 14 0.583937
15 15 0.792081
15 16 0.529830
15 17 0.441530
15 18 0.514432
15 19 0.499999
15 20 0.571463
15 21 0.336130
15 22 0.515882
15 23 0.516754
15 24 0.588166
15 25 0.539446
15 26 0.568085
16 1 0.631295
16 2 0.945116
16 3 0.638098
16 4 0.605347
16 5 0.624219
16 6 0.858481
16 7 0.510965
16 8 0.700653
16 9 0.636850
16 10 0.540935
16 11 0.626226
16 12 0.640419
16 13 0.651282
16 14 0.682829
16 15 0.529830
16 16 0.903303
16 17 0.638098
16 18 0.828681
16 19 0.500002
16 20 0.827380
16 21 0.893855
16 22 0.533412
16 23 0.699861
16 24 0.568555
16 25 0.628701
16 26 0.787589
17 1 0.530523
17 2 0.495619
17 4 0.542984
17 5 0.529807
17 6 0.822179
17 7 0.520178
17 8 0.504413
17 9 0.521318
17 10 0.486739
17 11 0.676486
17 12 0.610762
17 13 0.637306
17 14 0.544235
17 15 0.441530
17 16 0.638098
17 17 0.818762
17 18 0.620467
17 19 0.500001
17 20 0.685459
17 21 0.659891
17 22 0.527731
17 23 0.759705
17 24 0.603297
17 25 0.534834
17 26 0.584923
18 1 0.643982
18 2 0.872766
18 3 0.620467
18 4 0.613178
18 5 0.632966
18 6 0.775584
18 7 0.490111
18 8 0.702106
18 9 0.665714
18 10 0.530155
18 11 0.586534
18 12 0.578227
18 13 0.629028
18 14 0.741204
18 15 0.514432
18 16 0.828681
18 17 0.620467
18 18 0.830893
18 19 0.500002
18 20 0.820519
18 21 0.866166
18 22 0.524286
18 23 0.761096
18 24 0.535399
18 25 0.650151
19 1 0.500001
19 2 0.500005
19 3 0.500001
19 4 0.500001
19 5 0.500001
19 6 0.500004
19 7 0.500000
19 8 0.500001
19 9 0.500001
19 10 0.500000
19 11 0.500004
19 12 0.500001
19 13 0.500001
19 14 0.500002
19 15 0.499999
19 16 0.500002
19 17 0.500001
19 18 0.500002
19 19 0.500000
19 20 0.500003
19 21 0.500008
19 22 0.500000
19 23 0.500001
19 24 0.500001
19 25 0.500001
19 26 0.500002
20 1 0.623653
20 2 0.878424
20 3 0.685459
20 4 0.624719
20 5 0.609310
20 6 0.636811
20 7 0.489601
20 8 0.693213
20 9 0.635806
20 10 0.544682
20 11 0.701584
20 12 0.666918
20 13 0.692427
20 14 0.722207
20 15 0.571463
20 16 0.827380
20 17 0.685459
20 18 0.820519
20 19 0.500003
20 20 0.942974
20 21 0.921491
20 22 0.556847
20 23 0.838944
20 24 0.593462
20 25 0.626643
20 26 0.791743
21 1 0.717176
21 2 0.954886
21 3 0.659891
21 4 0.652252
21 5 0.688490
21 6 0.981715
21 7 0.417377
21 8 0.713187
21 9 0.732136
21 10 0.551188
21 11 0.915222
21 12 0.636143
21 13 0.674224
21 14 0.871688
21 15 0.336130
21 16 0.893855
21 17 0.659891
21 18 0.866166
21 19 0.500008
21 20 0.921491
21 21 0.999760
21 22 0.540510
21 23 0.799867
21 24 0.505679
21 25 0.715744
21 26 0.907166
22 1 0.506407
22 2 0.525455
22 3 0.527731
22 5 0.504861
22 6 0.544072
22 7 0.500412
22 8 0.513998
22 9 0.504642
22 10 0.502517
22 11 0.522304
22 12 0.528179
22 13 0.525940
22 14 0.509909
22 15 0.515882
22 16 0.533412
22 17 0.527731
22 18 0.524286
22 19 0.500000
22 20 0.556847
22 21 0.540510
22 22 0.510493
22 23 0.527190
22 24 0.517204
22 25 0.506434
22 26 0.519193
23 1 0.589237
23 2 0.408731
23 3 0.759705
23 4 0.587536
23 5 0.594739
23 6 0.592614
23 7 0.510386
23 8 0.626563
23 9 0.618442
23 10 0.495691
23 11 0.650055
23 12 0.549821
23 13 0.641897
23 14 0.687048
23 15 0.516754
23 16 0.699861
23 17 0.759705
23 18 0.761096
23 19 0.500001
23 20 0.838944
23 21 0.799867
23 22 0.527190
23 23 0.953931
23 24 0.570787
23 25 0.610285
23 26 0.736566
24 1 0.512146
24 2 0.600374
24 3 0.603297
24 4 0.519650
24 5 0.504095
24 6 0.781234
24 7 0.518426
24 8 0.517314
24 9 0.501479
24 10 0.499911
24 11 0.531462
24 12 0.577668
24 13 0.572269
24 14 0.536107
24 15 0.588166
24 16 0.568555
24 17 0.603297
24 18 0.535399
24 19 0.500001
24 20 0.593462
24 21 0.505679
24 22 0.517204
24 23 0.570787
24 24 0.595464
24 25 0.517036
25 1 0.573431
25 2 0.639125
25 3 0.534834
25 4 0.551899
25 5 0.565143
25 6 0.721866
25 7 0.492782
25 8 0.585312
25 9 0.588315
25 10 0.506597
25 11 0.523608
25 12 0.519265
25 13 0.546706
25 14 0.657857
25 15 0.539446
25 16 0.628701
25 17 0.534834
25 18 0.650151
25 19 0.500001
25 20 0.626643
25 21 0.715744
25 22 0.506434
25 23 0.610285
25 24 0.517036
25 25 0.581192
26 2 0.832749
26 6 0.882402
26 7 0.485157
26 8 0.682621
26 10 0.521840
26 12 0.561025
26 15 0.568085
26 16 0.787589
26 17 0.584923
26 19 0.500002
26 20 0.791743
26 21 0.907166
26 22 0.519193
26 23 0.736566
26 26 0.824662
