1 26 0.527371
3 17 0.777326
3 26 0.769380
4 22 0.536789
4 26 0.619797
5 26 0.652974
9 26 0.651661
11 26 0.696860
13 26 0.639088
14 26 0.768901
17 3 0.777326
18 26 0.714891
22 4 0.536789
24 26 0.649482
25 26 0.538956
26 1 0.527371
26 3 0.769380
26 4 0.619797
26 5 0.652974
26 9 0.651661
26 11 0.696860
26 13 0.639088
26 14 0.768901
26 18 0.714891
26 24 0.649482
26 25 0.538956
1 1 0.507698
1 2 0.539323
1 3 0.515433
1 4 0.509985
1 5 0.507460
1 6 0.604999
1 7 0.504923
1 8 0.525882
1 9 0.510190
1 10 0.505729
1 11 0.517929
1 12 0.495998
1 13 0.511402
1 14 0.516071
1 15 0.536787
1 16 0.542845
1 17 0.514607
1 18 0.518551
1 19 0.500000
1 20 0.523632
1 21 0.508693
1 22 0.507934
1 23 0.520947
1 24 0.508143
1 25 0.502537
2 1 0.539323
2 2 0.999605
2 3 0.812697
2 4 0.679329
2 5 0.690809
2 6 0.971546
2 7 0.662935
2 8 0.834053
2 9 0.658907
2 10 0.577176
2 11 0.935337
2 12 0.753973
2 13 0.734793
2 14 0.610075
2 15 0.861714
2 16 0.814899
2 17 0.812237
2 18 0.758722
2 19 0.500007
2 20 0.773917
2 21 0.995294
2 22 0.642571
2 23 0.932939
2 24 0.666338
2 25 0.636226
2 26 0.846616
3 1 0.515433
3 2 0.812697
3 3 0.770570
3 4 0.587131
3 5 0.615338
3 6 0.987144
3 7 0.544919
3 8 0.689923
3 9 0.620502
3 10 0.521078
3 11 0.788222
3 12 0.613075
3 13 0.636350
3 14 0.673287
3 15 0.686788
3 16 0.835620
3 18 0.636041
3 19 0.500005
3 20 0.512725
3 21 0.932986
3 22 0.549237
3 23 0.700621
3 24 0.604163
3 25 0.529062
4 1 0.509985
4 2 0.679329
4 3 0.587131
4 4 0.548974
4 5 0.547999
4 6 0.838108
4 7 0.520845
4 8 0.572232
4 9 0.546416
4 10 0.512210
4 11 0.577320
4 12 0.548568
4 13 0.554861
4 14 0.574630
4 15 0.591695
4 16 0.609687
4 17 0.583700
4 18 0.559975
4 19 0.500002
4 20 0.545769
4 21 0.717418
4 23 0.596723
4 24 0.546912
4 25 0.511530
5 1 0.507460
5 2 0.690809
5 3 0.615338
5 4 0.547999
5 5 0.565294
5 6 0.880998
5 7 0.524903
5 8 0.584612
5 9 0.561756
5 10 0.510651
5 11 0.591178
5 12 0.561782
5 13 0.558866
5 14 0.618921
5 15 0.590908
5 16 0.634508
5 17 0.608172
5 18 0.574927
5 19 0.500002
5 20 0.535662
5 21 0.751272
5 22 0.525009
5 23 0.612586
5 24 0.559917
5 25 0.514980
6 1 0.604999
6 2 0.971546
6 3 0.987144
6 4 0.838108
6 5 0.880998
6 6 1.000000
6 7 0.633163
6 8 0.958970
6 9 0.894431
6 10 0.627404
6 11 0.980802
6 12 0.861947
6 13 0.901274
6 14 0.983141
6 15 0.991406
6 16 0.998793
6 17 0.987088
6 18 0.844714
6 19 0.500023
6 20 0.716523
6 21 0.999915
6 22 0.737632
6 23 0.898535
6 24 0.870005
6 25 0.558584
6 26 0.994773
7 1 0.504923
7 2 0.662935
7 3 0.544919
7 4 0.520845
7 5 0.524903
7 6 0.633163
7 7 0.524125
7 8 0.545401
7 9 0.521858
7 10 0.513520
7 11 0.565077
7 12 0.529380
7 13 0.531758
7 14 0.522367
7 15 0.549126
7 16 0.555459
7 17 0.544119
7 18 0.540644
7 19 0.500000
7 20 0.545426
7 21 0.613377
7 22 0.514612
7 23 0.583688
7 24 0.523530
7 25 0.506210
7 26 0.559123
8 1 0.525882
8 2 0.834053
8 3 0.689923
8 4 0.572232
8 5 0.584612
8 6 0.958970
8 7 0.545401
8 8 0.703237
8 9 0.586874
8 10 0.525022
8 11 0.712722
8 12 0.576127
8 13 0.599827
8 14 0.630027
8 15 0.646618
8 16 0.754342
8 17 0.692370
8 18 0.617880
8 19 0.500004
8 20 0.547932
8 21 0.816186
8 22 0.546881
8 23 0.708034
8 24 0.580228
8 25 0.509262
8 26 0.713564
9 1 0.510190
9 2 0.658907
9 3 0.620502
9 4 0.546416
9 5 0.561756
9 6 0.894431
9 7 0.521858
9 8 0.586874
9 9 0.563044
9 10 0.511696
9 11 0.603876
9 12 0.548560
9 13 0.561871
9 14 0.620229
9 15 0.602246
9 16 0.661590
9 17 0.615134
9 18 0.572454
9 19 0.500002
9 20 0.531998
9 21 0.733607
9 22 0.523684
9 23 0.600127
9 24 0.555968
9 25 0.514134
10 1 0.505729
10 2 0.577176
10 3 0.521078
10 4 0.512210
10 5 0.510651
10 6 0.627404
10 7 0.513520
10 8 0.525022
10 9 0.511696
10 10 0.514281
10 11 0.538939
10 12 0.507951
10 13 0.520301
10 14 0.511962
10 15 0.556403
10 16 0.552867
10 17 0.521337
10 18 0.520210
10 19 0.500000
10 20 0.544980
10 21 0.543401
10 22 0.510474
10 23 0.538960
10 24 0.511063
10 25 0.500437
10 26 0.531581
11 1 0.517929
11 2 0.935337
11 3 0.788222
11 4 0.577320
11 5 0.591178
11 6 0.980802
11 7 0.565077
11 8 0.712722
11 9 0.603876
11 10 0.538939
11 11 0.917929
11 12 0.631343
11 13 0.677845
11 14 0.557829
11 15 0.772234
11 16 0.879872
11 17 0.811026
11 18 0.562024
11 19 0.500003
11 20 0.517285
11 21 0.965202
11 22 0.556985
11 23 0.694098
11 24 0.563468
11 25 0.553334
12 1 0.495998
12 2 0.753973
12 3 0.613075
12 4 0.548568
12 5 0.561782
12 6 0.861947
12 7 0.529380
12 8 0.576127
12 9 0.548560
12 10 0.507951
12 11 0.631343
12 12 0.634544
12 13 0.553760
12 14 0.584718
12 15 0.544740
12 16 0.548980
12 17 0.611044
12 18 0.541007
12 19 0.500002
12 20 0.552391
12 21 0.882562
12 22 0.531633
12 23 0.660472
12 24 0.557392
12 25 0.533808
12 26 0.623282
13 1 0.511402
13 2 0.734793
13 3 0.636350
13 4 0.554861
13 5 0.558866
13 6 0.901274
13 7 0.531758
13 8 0.599827
13 9 0.561871
13 10 0.520301
13 11 0.677845
13 12 0.553760
13 13 0.591479
13 14 0.579549
13 15 0.649024
13 16 0.708238
13 17 0.640663
13 18 0.553603
13 19 0.500002
13 20 0.523962
13 21 0.766355
13 22 0.540604
13 23 0.595203
13 24 0.549483
13 25 0.507469
14 1 0.516071
14 2 0.610075
14 3 0.673287
14 4 0.574630
14 5 0.618921
14 6 0.983141
14 7 0.522367
14 8 0.630027
14 9 0.620229
14 10 0.511962
14 11 0.557829
14 12 0.584718
14 13 0.579549
14 14 0.801983
14 15 0.636003
14 16 0.718432
14 17 0.642344
14 18 0.614841
14 19 0.500003
14 20 0.559834
14 21 0.776123
14 22 0.517072
14 23 0.650231
14 24 0.605492
14 25 0.525691
15 1 0.536787
15 2 0.861714
15 3 0.686788
15 4 0.591695
15 5 0.590908
15 6 0.991406
15 7 0.549126
15 8 0.646618
15 9 0.602246
15 10 0.556403
15 11 0.772234
15 12 0.544740
15 13 0.649024
15 14 0.636003
15 15 0.867151
15 16 0.863873
15 17 0.692055
15 18 0.561676
15 19 0.500003
15 20 0.616827
15 21 0.833243
15 22 0.575052
15 23 0.548737
15 24 0.575720
15 25 0.525327
15 26 0.714870
16 1 0.542845
16 2 0.814899
16 3 0.835620
16 4 0.609687
16 5 0.634508
16 6 0.998793
16 7 0.555459
16 8 0.754342
16 9 0.661590
16 10 0.552867
16 11 0.879872
16 12 0.548980
16 13 0.708238
16 14 0.718432
16 15 0.863873
16 16 0.961339
16 17 0.848774
16 18 0.649622
16 19 0.500005
16 20 0.519550
16 21 0.922948
16 22 0.569502
16 23 0.628252
16 24 0.614489
16 25 0.512257
16 26 0.825652
17 1 0.514607
17 2 0.812237
17 4 0.583700
17 5 0.608172
17 6 0.987088
17 7 0.544119
17 8 0.692370
17 9 0.615134
17 10 0.521337
17 11 0.811026
17 12 0.611044
17 13 0.640663
17 14 0.642344
17 15 0.692055
17 16 0.848774
17 17 0.789829
17 18 0.624970
17 19 0.500005
17 20 0.492056
17 21 0.937795
17 22 0.551495
17 23 0.687274
17 24 0.597458
17 25 0.525815
17 26 0.757810
18 1 0.518551
18 2 0.758722
18 3 0.636041
18 4 0.559975
18 5 0.574927
18 6 0.844714
18 7 0.540644
18 8 0.617880
18 9 0.572454
18 10 0.520210
18 11 0.562024
18 12 0.541007
18 13 0.553603
18 14 0.614841
18 15 0.561676
18 16 0.649622
18 17 0.624970
18 18 0.691416
18 19 0.500003
18 20 0.636557
18 21 0.773126
18 22 0.530526
18 23 0.735354
18 24 0.583242
18 25 0.532318
19 1 0.500000
19 2 0.500007
19 3 0.500005
19 4 0.500002
19 5 0.500002
19 6 0.500023
19 7 0.500000
19 8 0.500004
19 9 0.500002
19 10 0.500000
19 11 0.500003
19 12 0.500002
19 13 0.500002
19 14 0.500003
19 15 0.500003
19 16 0.500005
19 17 0.500005
19 18 0.500003
19 19 0.500000
19 20 0.500000
19 21 0.500012
19 22 0.500001
19 23 0.500004
19 24 0.500002
19 25 0.500000
19 26 0.500006
20 1 0.523632
20 2 0.773917
20 3 0.512725
20 4 0.545769
20 5 0.535662
20 6 0.716523
20 7 0.545426
20 8 0.547932
20 9 0.531998
20 10 0.544980
20 11 0.517285
20 12 0.552391
20 13 0.523962
20 14 0.559834
20 15 0.616827
20 16 0.519550
20 17 0.492056
20 18 0.636557
20 19 0.500000
20 20 0.791886
20 21 0.771992
20 22 0.532633
20 23 0.745754
20 24 0.547570
20 25 0.563658
20 26 0.618645
21 1 0.508693
21 2 0.995294
21 3 0.932986
21 4 0.717418
21 5 0.751272
21 6 0.999915
21 7 0.613377
21 8 0.816186
21 9 0.733607
21 10 0.543401
21 11 0.965202
21 12 0.882562
21 13 0.766355
21 14 0.776123
21 15 0.833243
21 16 0.922948
21 17 0.937795
21 18 0.773126
21 19 0.500012
21 20 0.771992
21 21 0.999975
21 22 0.652226
21 23 0.948457
21 24 0.737044
21 25 0.718326
21 26 0.929931
22 1 0.507934
22 2 0.642571
22 3 0.549237
22 5 0.525009
22 6 0.737632
22 7 0.514612
22 8 0.546881
22 9 0.523684
22 10 0.510474
22 11 0.556985
22 12 0.531633
22 13 0.540604
22 14 0.517072
22 15 0.575052
22 16 0.569502
22 17 0.551495
22 18 0.530526
22 19 0.500001
22 20 0.532633
22 21 0.652226
22 22 0.536255
22 23 0.556248
22 24 0.526852
22 25 0.504328
22 26 0.565531
23 1 0.520947
23 2 0.932939
23 3 0.700621
23 4 0.596723
23 5 0.612586
23 6 0.898535
23 7 0.583688
23 8 0.708034
23 9 0.600127
23 10 0.538960
23 11 0.694098
23 12 0.660472
23 13 0.595203
23 14 0.650231
23 15 0.548737
23 16 0.628252
23 17 0.687274
23 18 0.735354
23 19 0.500004
23 20 0.745754
23 21 0.948457
23 22 0.556248
23 23 0.897066
23 24 0.619223
23 25 0.569808
23 26 0.775041
24 1 0.508143
24 2 0.666338
24 3 0.604163
24 4 0.546912
24 5 0.559917
24 6 0.870005
24 7 0.523530
24 8 0.580228
24 9 0.555968
24 10 0.511063
24 11 0.563468
24 12 0.557392
24 13 0.549483
24 14 0.605492
24 15 0.575720
24 16 0.614489
24 17 0.597458
24 18 0.583242
24 19 0.500002
24 20 0.547570
24 21 0.737044
24 22 0.526852
24 23 0.619223
24 24 0.559839
24 25 0.513258
25 1 0.502537
25 2 0.636226
25 3 0.529062
25 4 0.511530
25 5 0.514980
25 6 0.558584
25 7 0.506210
25 8 0.509262
25 9 0.514134
25 10 0.500437
25 11 0.553334
25 12 0.533808
25 13 0.507469
25 14 0.525691
25 15 0.525327
25 16 0.512257
25 17 0.525815
25 18 0.532318
25 19 0.500000
25 20 0.563658
25 21 0.718326
25 22 0.504328
25 23 0.569808
25 24 0.513258
25 25 0.552293
26 2 0.846616
26 6 0.994773
26 7 0.559123
26 8 0.713564
26 10 0.531581
26 12 0.623282
26 15 0.714870
26 16 0.825652
26 17 0.757810
26 19 0.500006
26 20 0.618645
26 21 0.929931
26 22 0.565531
26 23 0.775041
26 26 0.842798
