1 26 0.690437
3 17 0.589488
3 26 0.818451
4 22 0.536031
4 26 0.681155
5 26 0.703708
9 26 0.664022
11 26 0.816636
13 26 0.707031
14 26 0.826437
17 3 0.589488
18 26 0.798791
22 4 0.536031
24 26 0.647748
25 26 0.638498
26 1 0.690437
26 3 0.818451
26 4 0.681155
26 5 0.703708
26 9 0.664022
26 11 0.816636
26 13 0.707031
26 14 0.826437
26 18 0.798791
26 24 0.647748
26 25 0.638498
1 1 0.578947
1 2 0.703714
1 3 0.646147
1 4 0.574494
1 5 0.583248
1 6 0.906090
1 7 0.527884
1 8 0.536649
1 9 0.563225
1 10 0.500464
1 11 0.626166
1 12 0.552886
1 13 0.585444
1 14 0.639378
1 15 0.652646
1 16 0.625581
1 17 0.562615
1 18 0.636352
1 19 0.500002
1 20 0.626497
1 21 0.842121
1 22 0.531441
1 23 0.775863
1 24 0.554484
1 25 0.550325
2 1 0.703714
2 2 0.995749
2 3 0.851191
2 4 0.673153
2 5 0.727747
2 6 0.999785
2 7 0.585512
2 8 0.686831
2 9 0.729518
2 10 0.482163
2 11 0.787697
2 12 0.673969
2 13 0.722222
2 14 0.734852
2 15 0.881736
2 16 0.883987
2 17 0.624019
2 18 0.810916
2 19 0.500003
2 20 0.663354
2 21 0.994240
2 22 0.596749
2 23 0.994004
2 24 0.692496
2 25 0.630659
2 26 0.918486
3 1 0.646147
3 2 0.851191
3 3 0.771670
3 4 0.638643
3 5 0.656273
3 6 0.989787
3 7 0.550590
3 8 0.568103
3 9 0.614272
3 10 0.493695
3 11 0.724106
3 12 0.588183
3 13 0.656835
3 14 0.717441
3 15 0.782242
3 16 0.743451
3 18 0.731325
3 19 0.500002
3 20 0.667572
3 21 0.954341
3 22 0.563845
3 23 0.924634
3 24 0.599085
3 25 0.581081
4 1 0.574494
4 2 0.673153
4 3 0.638643
4 4 0.576371
4 5 0.578842
4 6 0.909378
4 7 0.527903
4 8 0.535566
4 9 0.563637
4 10 0.502412
4 11 0.635408
4 12 0.553961
4 13 0.580799
4 14 0.644685
4 15 0.640278
4 16 0.618008
4 17 0.577650
4 18 0.620210
4 19 0.500002
4 20 0.614055
4 21 0.817254
4 23 0.772253
4 24 0.554108
4 25 0.548989
5 1 0.583248
5 2 0.727747
5 3 0.656273
5 4 0.578842
5 5 0.591131
5 6 0.924659
5 7 0.530907
5 8 0.538858
5 9 0.566147
5 10 0.498840
5 11 0.641728
5 12 0.564150
5 13 0.591987
5 14 0.643265
5 15 0.660374
5 16 0.639932
5 17 0.563501
5 18 0.640131
5 19 0.500002
5 20 0.627189
5 21 0.862438
5 22 0.534964
5 23 0.803752
5 24 0.560939
5 25 0.553958
6 1 0.906090
6 2 0.999785
6 3 0.989787
6 4 0.909378
6 5 0.924659
6 6 1.000000
6 7 0.773695
6 8 0.836324
6 9 0.912792
6 10 0.528061
6 11 0.990689
6 12 0.875427
6 13 0.924853
6 14 0.974723
6 15 0.995727
6 16 0.996225
6 17 0.903370
6 18 0.968449
6 19 0.500018
6 20 0.957120
6 21 0.999990
6 22 0.791497
6 23 0.999989
6 24 0.903459
6 25 0.834507
6 26 0.997825
7 1 0.527884
7 2 0.585512
7 3 0.550590
7 4 0.527903
7 5 0.530907
7 6 0.773695
7 7 0.526262
7 8 0.524829
7 9 0.536028
7 10 0.508361
7 11 0.564000
7 12 0.538727
7 13 0.531346
7 14 0.552310
7 15 0.561115
7 16 0.575438
7 17 0.547444
7 18 0.540492
7 19 0.500001
7 20 0.574320
7 21 0.652434
7 22 0.517171
7 23 0.623088
7 24 0.547327
7 25 0.531759
7 26 0.578421
8 1 0.536649
8 2 0.686831
8 3 0.568103
8 4 0.535566
8 5 0.538858
8 6 0.836324
8 7 0.524829
8 8 0.601535
8 9 0.562459
8 10 0.494268
8 11 0.590653
8 12 0.578195
8 13 0.537080
8 14 0.566475
8 15 0.520364
8 16 0.613607
8 17 0.617072
8 18 0.528507
8 19 0.500001
8 20 0.492964
8 21 0.658214
8 22 0.525972
8 23 0.782739
8 24 0.559627
8 25 0.535544
8 26 0.601403
9 1 0.563225
9 2 0.729518
9 3 0.614272
9 4 0.563637
9 5 0.566147
9 6 0.912792
9 7 0.536028
9 8 0.562459
9 9 0.616697
9 10 0.502761
9 11 0.650307
9 12 0.580652
9 13 0.569577
9 14 0.619626
9 15 0.665770
9 16 0.604894
9 17 0.581986
9 18 0.597667
9 19 0.500003
9 20 0.593802
9 21 0.750948
9 22 0.534894
9 23 0.738261
9 24 0.559039
9 25 0.569421
10 1 0.500464
10 2 0.482163
10 3 0.493695
10 4 0.502412
10 5 0.498840
10 6 0.528061
10 7 0.508361
10 8 0.494268
10 9 0.502761
10 10 0.514929
10 11 0.502835
10 12 0.507797
10 13 0.499176
10 14 0.519102
10 15 0.495378
10 16 0.501136
10 17 0.521071
10 18 0.507337
10 19 0.500001
10 20 0.545568
10 21 0.524931
10 22 0.501561
10 23 0.462794
10 24 0.511533
10 25 0.505179
10 26 0.505148
11 1 0.626166
11 2 0.787697
11 3 0.724106
11 4 0.635408
11 5 0.641728
11 6 0.990689
11 7 0.564000
11 8 0.590653
11 9 0.650307
11 10 0.502835
11 11 0.862999
11 12 0.709929
11 13 0.646444
11 14 0.806462
11 15 0.710940
11 16 0.661833
11 17 0.649445
11 18 0.668965
11 19 0.500006
11 20 0.661424
11 21 0.927899
11 22 0.571716
11 23 0.905390
11 24 0.572420
11 25 0.645367
12 1 0.552886
12 2 0.673969
12 3 0.588183
12 4 0.553961
12 5 0.564150
12 6 0.875427
12 7 0.538727
12 8 0.578195
12 9 0.580652
12 10 0.507797
12 11 0.709929
12 12 0.665715
12 13 0.565232
12 14 0.654408
12 15 0.516892
12 16 0.590425
12 17 0.642445
12 18 0.560516
12 19 0.500004
12 20 0.572461
12 21 0.803280
12 22 0.531918
12 23 0.793705
12 24 0.560143
12 25 0.578677
12 26 0.663178
13 1 0.585444
13 2 0.722222
13 3 0.656835
13 4 0.580799
13 5 0.591987
13 6 0.924853
13 7 0.531346
13 8 0.537080
13 9 0.569577
13 10 0.499176
13 11 0.646444
13 12 0.565232
13 13 0.595316
13 14 0.649067
13 15 0.669870
13 16 0.639174
13 17 0.566700
13 18 0.648397
13 19 0.500002
13 20 0.644632
13 21 0.867829
13 22 0.534531
13 23 0.800023
13 24 0.558024
13 25 0.559765
14 1 0.639378
14 2 0.734852
14 3 0.717441
14 4 0.644685
14 5 0.643265
14 6 0.974723
14 7 0.552310
14 8 0.566475
14 9 0.619626
14 10 0.519102
14 11 0.806462
14 12 0.654408
14 13 0.649067
14 14 0.863240
14 15 0.638172
14 16 0.597407
14 17 0.686750
14 18 0.722219
14 19 0.500006
14 20 0.793817
14 21 0.949537
14 22 0.557775
14 23 0.875687
14 24 0.604048
14 25 0.628386
15 1 0.652646
15 2 0.881736
15 3 0.782242
15 4 0.640278
15 5 0.660374
15 6 0.995727
15 7 0.561115
15 8 0.520364
15 9 0.665770
15 10 0.495378
15 11 0.710940
15 12 0.516892
15 13 0.669870
15 14 0.638172
15 15 0.936235
15 16 0.793022
15 17 0.426287
15 18 0.793993
15 19 0.500001
15 20 0.762337
15 21 0.957972
15 22 0.560227
15 23 0.807227
15 24 0.529933
15 25 0.602391
15 26 0.820299
16 1 0.625581
16 2 0.883987
16 3 0.743451
16 4 0.618008
16 5 0.639932
16 6 0.996225
16 7 0.575438
16 8 0.613607
16 9 0.604894
16 10 0.501136
16 11 0.661833
16 12 0.590425
16 13 0.639174
16 14 0.597407
16 15 0.793022
16 16 0.868191
16 17 0.634185
16 18 0.704848
16 19 0.500003
16 20 0.703159
16 21 0.952292
16 22 0.570409
16 23 0.943805
16 24 0.649275
16 25 0.565787
16 26 0.790060
17 1 0.562615
17 2 0.624019
17 4 0.577650
17 5 0.563501
17 6 0.903370
17 7 0.547444
17 8 0.617072
17 9 0.581986
17 10 0.521071
17 11 0.649445
17 12 0.642445
17 13 0.566700
17 14 0.686750
17 15 0.426287
17 16 0.634185
17 17 0.785411
17 18 0.547382
17 19 0.500006
17 20 0.600235
17 21 0.786808
17 22 0.552260
17 23 0.883006
17 24 0.634941
17 25 0.565844
17 26 0.663043
18 1 0.636352
18 2 0.810916
18 3 0.731325
18 4 0.620210
18 5 0.640131
18 6 0.968449
18 7 0.540492
18 8 0.528507
18 9 0.597667
18 10 0.507337
18 11 0.668965
18 12 0.560516
18 13 0.648397
18 14 0.722219
18 15 0.793993
18 16 0.704848
18 17 0.547382
18 18 0.777758
18 19 0.500002
18 20 0.809854
18 21 0.962355
18 22 0.535334
18 23 0.817407
18 24 0.567289
18 25 0.587746
19 1 0.500002
19 2 0.500003
19 3 0.500002
19 4 0.500002
19 5 0.500002
19 6 0.500018
19 7 0.500001
19 8 0.500001
19 9 0.500003
19 10 0.500001
19 11 0.500006
19 12 0.500004
19 13 0.500002
19 14 0.500006
19 15 0.500001
19 16 0.500003
19 17 0.500006
19 18 0.500002
19 19 0.500000
19 20 0.500004
19 21 0.500008
19 22 0.500001
19 23 0.500009
19 24 0.500002
19 25 0.500002
19 26 0.500005
20 1 0.626497
20 2 0.663354
20 3 0.667572
20 4 0.614055
20 5 0.627189
20 6 0.957120
20 7 0.574320
20 8 0.492964
20 9 0.593802
20 10 0.545568
20 11 0.661424
20 12 0.572461
20 13 0.644632
20 14 0.793817
20 15 0.762337
20 16 0.703159
20 17 0.600235
20 18 0.809854
20 19 0.500004
20 20 0.960056
20 21 0.970397
20 22 0.520689
20 23 0.630360
20 24 0.652223
20 25 0.638054
20 26 0.795928
21 1 0.842121
21 2 0.994240
21 3 0.954341
21 4 0.817254
21 5 0.862438
21 6 0.999990
21 7 0.652434
21 8 0.658214
21 9 0.750948
21 10 0.524931
21 11 0.927899
21 12 0.803280
21 13 0.867829
21 14 0.949537
21 15 0.957972
21 16 0.952292
21 17 0.786808
21 18 0.962355
21 19 0.500008
21 20 0.970397
21 21 0.999981
21 22 0.641830
21 23 0.998687
21 24 0.760272
21 25 0.746186
21 26 0.987454
22 1 0.531441
22 2 0.596749
22 3 0.563845
22 5 0.534964
22 6 0.791497
22 7 0.517171
22 8 0.525972
22 9 0.534894
22 10 0.501561
22 11 0.571716
22 12 0.531918
22 13 0.534531
22 14 0.557775
22 15 0.560227
22 16 0.570409
22 17 0.552260
22 18 0.535334
22 19 0.500001
22 20 0.520689
22 21 0.641830
22 22 0.523257
22 23 0.673551
22 24 0.533857
22 25 0.521467
22 26 0.582615
23 1 0.775863
23 2 0.994004
23 3 0.924634
23 4 0.772253
23 5 0.803752
23 6 0.999989
23 7 0.623088
23 8 0.782739
23 9 0.738261
23 10 0.462794
23 11 0.905390
23 12 0.793705
23 13 0.800023
23 14 0.875687
23 15 0.807227
23 16 0.943805
23 17 0.883006
23 18 0.817407
23 19 0.500009
23 20 0.630360
23 21 0.998687
23 22 0.673551
23 23 0.999836
23 24 0.806239
23 25 0.668537
23 26 0.964751
24 1 0.554484
24 2 0.692496
24 3 0.599085
24 4 0.554108
24 5 0.560939
24 6 0.903459
24 7 0.547327
24 8 0.559627
24 9 0.559039
24 10 0.511533
24 11 0.572420
24 12 0.560143
24 13 0.558024
24 14 0.604048
24 15 0.529933
24 16 0.649275
24 17 0.634941
24 18 0.567289
24 19 0.500002
24 20 0.652223
24 21 0.760272
24 22 0.533857
24 23 0.806239
24 24 0.646455
24 25 0.546676
25 1 0.550325
25 2 0.630659
25 3 0.581081
25 4 0.548989
25 5 0.553958
25 6 0.834507
25 7 0.531759
25 8 0.535544
25 9 0.569421
25 10 0.505179
25 11 0.645367
25 12 0.578677
25 13 0.559765
25 14 0.628386
25 15 0.602391
25 16 0.565787
25 17 0.565844
25 18 0.587746
25 19 0.500002
25 20 0.638054
25 21 0.746186
25 22 0.521467
25 23 0.668537
25 24 0.546676
25 25 0.572240
26 2 0.918486
26 6 0.997825
26 7 0.578421
26 8 0.601403
26 10 0.505148
26 12 0.663178
26 15 0.820299
26 16 0.790060
26 17 0.663043
26 19 0.500005
26 20 0.795928
26 21 0.987454
26 22 0.582615
26 23 0.964751
26 26 0.891603
