1 26 0.808778
3 17 0.787011
3 26 0.914139
4 22 0.562068
4 26 0.795453
5 26 0.678087
9 26 0.825076
11 26 0.852289
13 26 0.815223
14 26 0.979510
17 3 0.787011
18 26 0.996055
22 4 0.562068
24 26 0.679205
25 26 0.794967
26 1 0.808778
26 3 0.914139
26 4 0.795453
26 5 0.678087
26 9 0.825076
26 11 0.852289
26 13 0.815223
26 14 0.979510
26 18 0.996055
26 24 0.679205
26 25 0.794967
1 1 0.632353
1 2 0.970254
1 3 0.710250
1 4 0.623509
1 5 0.563700
1 6 0.957277
1 7 0.533414
1 8 0.622891
1 9 0.641411
1 10 0.529092
1 11 0.659906
1 12 0.647471
1 13 0.636186
1 14 0.801491
1 15 0.725975
1 16 0.798975
1 17 0.680769
1 18 0.881299
1 19 0.500004
1 20 0.749869
1 21 0.961638
1 22 0.561094
1 23 0.848820
1 24 0.563994
1 25 0.625557
2 1 0.970254
2 2 1.000000
2 3 0.997084
2 4 0.965482
2 5 0.913030
2 6 1.000000
2 7 0.675763
2 8 0.956377
2 9 0.977000
2 10 0.643281
2 11 0.983158
2 12 0.993910
2 13 0.975617
2 14 0.999776
2 15 0.998729
2 16 0.999675
2 17 0.973725
2 18 0.999999
2 19 0.500026
2 20 0.999765
2 21 1.000000
2 22 0.857665
2 23 0.999995
2 24 0.909177
2 25 0.959580
2 26 0.999907
3 1 0.710250
3 2 0.997084
3 3 0.844657
3 4 0.697991
3 5 0.590453
3 6 0.991522
3 7 0.554828
3 8 0.730618
3 9 0.726291
3 10 0.535940
3 11 0.762904
3 12 0.710695
3 13 0.718946
3 14 0.888285
3 15 0.791867
3 16 0.931147
3 18 0.973956
3 19 0.500006
3 20 0.855496
3 21 0.991242
3 22 0.595680
3 23 0.968775
3 24 0.625654
3 25 0.706426
4 1 0.623509
4 2 0.965482
4 3 0.697991
4 4 0.619835
4 5 0.566905
4 6 0.954843
4 7 0.531249
4 8 0.627507
4 9 0.633022
4 10 0.527979
4 11 0.650180
4 12 0.652872
4 13 0.629542
4 14 0.789883
4 15 0.724882
4 16 0.790884
4 17 0.670085
4 18 0.878580
4 19 0.500004
4 20 0.749121
4 21 0.953778
4 23 0.840961
4 24 0.564564
4 25 0.616649
5 1 0.563700
5 2 0.913030
5 3 0.590453
5 4 0.566905
5 5 0.589847
5 6 0.894472
5 7 0.517926
5 8 0.571727
5 9 0.575940
5 10 0.522330
5 11 0.564971
5 12 0.630421
5 13 0.567827
5 14 0.691551
5 15 0.665005
5 16 0.632903
5 17 0.566108
5 18 0.755246
5 19 0.500003
5 20 0.696513
5 21 0.842239
5 22 0.541260
5 23 0.687241
5 24 0.561042
5 25 0.554115
6 1 0.957277
6 2 1.000000
6 3 0.991522
6 4 0.954843
6 5 0.894472
6 6 1.000000
6 7 0.652676
6 8 0.973787
6 9 0.969616
6 10 0.663688
6 11 0.976924
6 12 0.993305
6 13 0.965324
6 14 0.999855
6 15 0.998272
6 16 0.999694
6 17 0.989095
6 18 0.999998
6 19 0.500029
6 20 0.999400
6 21 1.000000
6 22 0.835066
6 23 0.999899
6 24 0.891993
6 25 0.941021
6 26 0.999812
7 1 0.533414
7 2 0.675763
7 3 0.554828
7 4 0.531249
7 5 0.517926
7 6 0.652676
7 7 0.519510
7 8 0.534888
7 9 0.535426
7 10 0.513070
7 11 0.539576
7 12 0.536267
7 13 0.532943
7 14 0.584762
7 15 0.597925
7 16 0.611140
7 17 0.539418
7 18 0.597642
7 19 0.500001
7 20 0.634437
7 21 0.666704
7 22 0.516125
7 23 0.616635
7 24 0.528457
7 25 0.532918
7 26 0.589217
8 1 0.622891
8 2 0.956377
8 3 0.730618
8 4 0.627507
8 5 0.571727
8 6 0.973787
8 7 0.534888
8 8 0.718975
8 9 0.642916
8 10 0.527498
8 11 0.667750
8 12 0.662195
8 13 0.634223
8 14 0.775792
8 15 0.726484
8 16 0.876154
8 17 0.709058
8 18 0.927097
8 19 0.500005
8 20 0.817090
8 21 0.923362
8 22 0.565174
8 23 0.900934
8 24 0.617435
8 25 0.620928
8 26 0.800252
9 1 0.641411
9 2 0.977000
9 3 0.726291
9 4 0.633022
9 5 0.575940
9 6 0.969616
9 7 0.535426
9 8 0.642916
9 9 0.654056
9 10 0.531816
9 11 0.671537
9 12 0.660030
9 13 0.646260
9 14 0.816511
9 15 0.738917
9 16 0.822361
9 17 0.696533
9 18 0.900148
9 19 0.500005
9 20 0.762221
9 21 0.966774
9 22 0.565866
9 23 0.865358
9 24 0.573973
9 25 0.634511
10 1 0.529092
10 2 0.643281
10 3 0.535940
10 4 0.527979
10 5 0.522330
10 6 0.663688
10 7 0.513070
10 8 0.527498
10 9 0.531816
10 10 0.518929
10 11 0.531588
10 12 0.535377
10 13 0.526744
10 14 0.588960
10 15 0.597217
10 16 0.592226
10 17 0.542150
10 18 0.569217
10 19 0.500001
10 20 0.611274
10 21 0.697025
10 22 0.516395
10 23 0.554402
10 24 0.510099
10 25 0.526913
10 26 0.580859
11 1 0.659906
11 2 0.983158
11 3 0.762904
11 4 0.650180
11 5 0.564971
11 6 0.976924
11 7 0.539576
11 8 0.667750
11 9 0.671537
11 10 0.531588
11 11 0.701592
11 12 0.668750
11 13 0.666690
11 14 0.835238
11 15 0.745285
11 16 0.866784
11 17 0.731185
11 18 0.930195
11 19 0.500005
11 20 0.779005
11 21 0.977002
11 22 0.572286
11 23 0.902530
11 24 0.577248
11 25 0.654517
12 1 0.647471
12 2 0.993910
12 3 0.710695
12 4 0.652872
12 5 0.630421
12 6 0.993305
12 7 0.536267
12 8 0.662195
12 9 0.660030
12 10 0.535377
12 11 0.668750
12 12 0.793229
12 13 0.663671
12 14 0.855054
12 15 0.815535
12 16 0.795046
12 17 0.669283
12 18 0.947772
12 19 0.500006
12 20 0.868899
12 21 0.984611
12 22 0.591303
12 23 0.876991
12 24 0.631452
12 25 0.628041
12 26 0.846283
13 1 0.636186
13 2 0.975617
13 3 0.718946
13 4 0.629542
13 5 0.567827
13 6 0.965324
13 7 0.532943
13 8 0.634223
13 9 0.646260
13 10 0.526744
13 11 0.666690
13 12 0.663671
13 13 0.643447
13 14 0.805059
13 15 0.728092
13 16 0.807317
13 17 0.685895
13 18 0.897629
13 19 0.500004
13 20 0.744748
13 21 0.963662
13 22 0.564811
13 23 0.859486
13 24 0.568244
13 25 0.629289
14 1 0.801491
14 2 0.999776
14 3 0.888285
14 4 0.789883
14 5 0.691551
14 6 0.999855
14 7 0.584762
14 8 0.775792
14 9 0.816511
14 10 0.588960
14 11 0.835238
14 12 0.855054
14 13 0.805059
14 14 0.986388
14 15 0.938781
14 16 0.956622
14 17 0.888307
14 18 0.996434
14 19 0.500010
14 20 0.957123
14 21 0.999909
14 22 0.660233
14 23 0.984707
14 24 0.671601
14 25 0.784257
15 1 0.725975
15 2 0.998729
15 3 0.791867
15 4 0.724882
15 5 0.665005
15 6 0.998272
15 7 0.597925
15 8 0.726484
15 9 0.738917
15 10 0.597217
15 11 0.745285
15 12 0.815535
15 13 0.728092
15 14 0.938781
15 15 0.959644
15 16 0.940459
15 17 0.741847
15 18 0.954432
15 19 0.500011
15 20 0.977089
15 21 0.998142
15 22 0.638829
15 23 0.939004
15 24 0.663584
15 25 0.706572
15 26 0.934103
16 1 0.798975
16 2 0.999675
16 3 0.931147
16 4 0.790884
16 5 0.632903
16 6 0.999694
16 7 0.611140
16 8 0.876154
16 9 0.822361
16 10 0.592226
16 11 0.866784
16 12 0.795046
16 13 0.807317
16 14 0.956622
16 15 0.940459
16 16 0.995657
16 17 0.904433
16 18 0.993645
16 19 0.500012
16 20 0.976907
16 21 0.999080
16 22 0.660461
16 23 0.993300
16 24 0.697289
16 25 0.794218
16 26 0.975909
17 1 0.680769
17 2 0.973725
17 4 0.670085
17 5 0.566108
17 6 0.989095
17 7 0.539418
17 8 0.709058
17 9 0.696533
17 10 0.542150
17 11 0.731185
17 12 0.669283
17 13 0.685895
17 14 0.888307
17 15 0.741847
17 16 0.904433
17 17 0.813369
17 18 0.958507
17 19 0.500005
17 20 0.757623
17 21 0.988729
17 22 0.578349
17 23 0.919401
17 24 0.570826
17 25 0.675998
17 26 0.886269
18 1 0.881299
18 2 0.999999
18 3 0.973956
18 4 0.878580
18 5 0.755246
18 6 0.999998
18 7 0.597642
18 8 0.927097
18 9 0.900148
18 10 0.569217
18 11 0.930195
18 12 0.947772
18 13 0.897629
18 14 0.996434
18 15 0.954432
18 16 0.993645
18 17 0.958507
18 18 0.999983
18 19 0.500015
18 20 0.991852
18 21 0.999994
18 22 0.719100
18 23 0.999719
18 24 0.838271
18 25 0.872087
19 1 0.500004
19 2 0.500026
19 3 0.500006
19 4 0.500004
19 5 0.500003
19 6 0.500029
19 7 0.500001
19 8 0.500005
19 9 0.500005
19 10 0.500001
19 11 0.500005
19 12 0.500006
19 13 0.500004
19 14 0.500010
19 15 0.500011
19 16 0.500012
19 17 0.500005
19 18 0.500015
19 19 0.500000
19 20 0.500013
19 21 0.500023
19 22 0.500002
19 23 0.500011
19 24 0.500003
19 25 0.500004
19 26 0.500011
20 1 0.749869
20 2 0.999765
20 3 0.855496
20 4 0.749121
20 5 0.696513
20 6 0.999400
20 7 0.634437
20 8 0.817090
20 9 0.762221
20 10 0.611274
20 11 0.779005
20 12 0.868899
20 13 0.744748
20 14 0.957123
20 15 0.977089
20 16 0.976907
20 17 0.757623
20 18 0.991852
20 19 0.500013
20 20 0.998810
20 21 0.998851
20 22 0.656772
20 23 0.992558
20 24 0.823684
20 25 0.729583
20 26 0.958297
21 1 0.961638
21 2 1.000000
21 3 0.991242
21 4 0.953778
21 5 0.842239
21 6 1.000000
21 7 0.666704
21 8 0.923362
21 9 0.966774
21 10 0.697025
21 11 0.977002
21 12 0.984611
21 13 0.963662
21 14 0.999909
21 15 0.998142
21 16 0.999080
21 17 0.988729
21 18 0.999994
21 19 0.500023
21 20 0.998851
21 21 1.000000
21 22 0.826066
21 23 0.999873
21 24 0.775523
21 25 0.950122
21 26 0.999843
22 1 0.561094
22 2 0.857665
22 3 0.595680
22 5 0.541260
22 6 0.835066
22 7 0.516125
22 8 0.565174
22 9 0.565866
22 10 0.516395
22 11 0.572286
22 12 0.591303
22 13 0.564811
22 14 0.660233
22 15 0.638829
22 16 0.660461
22 17 0.578349
22 18 0.719100
22 19 0.500002
22 20 0.656772
22 21 0.826066
22 22 0.535487
22 23 0.690106
22 24 0.534251
22 25 0.555552
22 26 0.662712
23 1 0.848820
23 2 0.999995
23 3 0.968775
23 4 0.840961
23 5 0.687241
23 6 0.999899
23 7 0.616635
23 8 0.900934
23 9 0.865358
23 10 0.554402
23 11 0.902530
23 12 0.876991
23 13 0.859486
23 14 0.984707
23 15 0.939004
23 16 0.993300
23 17 0.919401
23 18 0.999719
23 19 0.500011
23 20 0.992558
23 21 0.999873
23 22 0.690106
23 23 0.999799
23 24 0.831746
23 25 0.844593
23 26 0.990787
24 1 0.563994
24 2 0.909177
24 3 0.625654
24 4 0.564564
24 5 0.561042
24 6 0.891993
24 7 0.528457
24 8 0.617435
24 9 0.573973
24 10 0.510099
24 11 0.577248
24 12 0.631452
24 13 0.568244
24 14 0.671601
24 15 0.663584
24 16 0.697289
24 17 0.570826
24 18 0.838271
24 19 0.500003
24 20 0.823684
24 21 0.775523
24 22 0.534251
24 23 0.831746
24 24 0.638963
24 25 0.559193
25 1 0.625557
25 2 0.959580
25 3 0.706426
25 4 0.616649
25 5 0.554115
25 6 0.941021
25 7 0.532918
25 8 0.620928
25 9 0.634511
25 10 0.526913
25 11 0.654517
25 12 0.628041
25 13 0.629289
25 14 0.784257
25 15 0.706572
25 16 0.794218
25 17 0.675998
25 18 0.872087
25 19 0.500004
25 20 0.729583
25 21 0.950122
25 22 0.555552
25 23 0.844593
25 24 0.559193
25 25 0.621953
26 2 0.999907
26 6 0.999812
26 7 0.589217
26 8 0.800252
26 10 0.580859
26 12 0.846283
26 15 0.934103
26 16 0.975909
26 17 0.886269
26 19 0.500011
26 20 0.958297
26 21 0.999843
26 22 0.662712
26 23 0.990787
26 26 0.980160
