1 26 0.510816
3 17 0.970283
3 26 0.804685
4 22 0.550446
4 26 0.598575
5 26 0.571938
9 26 0.560270
11 26 0.881120
13 26 0.598801
14 26 0.911859
17 3 0.970283
18 26 0.621203
22 4 0.550446
24 26 0.601016
25 26 0.590298
26 1 0.510816
26 3 0.804685
26 4 0.598575
26 5 0.571938
26 9 0.560270
26 11 0.881120
26 13 0.598801
26 14 0.911859
26 18 0.621203
26 24 0.601016
26 25 0.590298
1 1 0.502998
1 2 0.529479
1 3 0.522101
1 4 0.505976
1 5 0.502582
1 6 0.576734
1 7 0.504935
1 8 0.504670
1 9 0.505213
1 10 0.504201
1 11 0.506888
1 12 0.512362
1 13 0.504331
1 14 0.536576
1 15 0.514755
1 16 0.507777
1 17 0.522101
1 18 0.505272
1 19 0.500001
1 20 0.537413
1 21 0.521767
1 22 0.505338
1 23 0.533638
1 24 0.506350
1 25 0.505256
2 1 0.529479
2 2 0.984903
2 3 0.930978
2 4 0.672333
2 5 0.596676
2 6 0.999967
2 7 0.621194
2 8 0.709022
2 9 0.599020
2 10 0.534573
2 11 0.977631
2 12 0.833306
2 13 0.650113
2 14 0.993919
2 15 0.733209
2 16 0.828690
2 17 0.930978
2 18 0.673328
2 19 0.500014
2 20 0.832129
2 21 0.990928
2 22 0.667736
2 23 0.982896
2 24 0.664940
2 25 0.639050
2 26 0.805756
3 1 0.522101
3 2 0.930978
3 3 0.970283
3 4 0.686657
3 5 0.593415
3 6 0.999997
3 7 0.655065
3 8 0.753413
3 9 0.595383
3 10 0.530522
3 11 0.991621
3 12 0.866476
3 13 0.647146
3 14 0.998950
3 15 0.694803
3 16 0.911700
3 18 0.626214
3 19 0.500014
3 20 0.815958
3 21 0.989884
3 22 0.693373
3 23 0.995259
3 24 0.674417
3 25 0.633009
4 1 0.505976
4 2 0.672333
4 3 0.686657
4 4 0.551253
4 5 0.529361
4 6 0.951514
4 7 0.539741
4 8 0.559093
4 9 0.528050
4 10 0.508048
4 11 0.749277
4 12 0.616269
4 13 0.543692
4 14 0.814488
4 15 0.573714
4 16 0.640442
4 17 0.686657
4 18 0.545374
4 19 0.500003
4 20 0.611690
4 21 0.786129
4 23 0.768543
4 24 0.548843
4 25 0.540112
5 1 0.502582
5 2 0.596676
5 3 0.593415
5 4 0.529361
5 5 0.527660
5 6 0.771871
5 7 0.527567
5 8 0.535060
5 9 0.519879
5 10 0.503985
5 11 0.636850
5 12 0.563739
5 13 0.534240
5 14 0.618469
5 15 0.555115
5 16 0.621811
5 17 0.593415
5 18 0.545758
5 19 0.500002
5 20 0.592959
5 21 0.713183
5 22 0.523979
5 23 0.615441
5 24 0.532858
5 25 0.530496
6 1 0.576734
6 2 0.999967
6 3 0.999997
6 4 0.951514
6 5 0.771871
6 6 1.000000
6 7 0.897833
6 8 0.988442
6 9 0.797640
6 10 0.610855
6 11 1.000000
6 12 0.999614
6 13 0.904148
6 14 1.000000
6 15 0.943460
6 16 0.999791
6 17 0.999997
6 18 0.838881
6 19 0.500057
6 20 0.995137
6 21 1.000000
6 22 0.958321
6 23 1.000000
6 24 0.937432
6 25 0.891895
6 26 0.994085
7 1 0.504935
7 2 0.621194
7 3 0.655065
7 4 0.539741
7 5 0.527567
7 6 0.897833
7 7 0.543142
7 8 0.557175
7 9 0.521903
7 10 0.508771
7 11 0.708435
7 12 0.595141
7 13 0.541250
7 14 0.749288
7 15 0.551663
7 16 0.648146
7 17 0.655065
7 18 0.538399
7 19 0.500003
7 20 0.629591
7 21 0.684585
7 22 0.536892
7 23 0.717985
7 24 0.541714
7 25 0.534458
7 26 0.581721
8 1 0.504670
8 2 0.709022
8 3 0.753413
8 4 0.559093
8 5 0.535060
8 6 0.988442
8 7 0.557175
8 8 0.669187
8 9 0.527578
8 10 0.510842
8 11 0.854955
8 12 0.655672
8 13 0.551088
8 14 0.909268
8 15 0.515955
8 16 0.775384
8 17 0.753413
8 18 0.534061
8 19 0.500007
8 20 0.628476
8 21 0.723481
8 22 0.559360
8 23 0.859674
8 24 0.560879
8 25 0.542807
8 26 0.606250
9 1 0.505213
9 2 0.599020
9 3 0.595383
9 4 0.528050
9 5 0.519879
9 6 0.797640
9 7 0.521903
9 8 0.527578
9 9 0.520461
9 10 0.506798
9 11 0.601081
9 12 0.563246
9 13 0.526176
9 14 0.641390
9 15 0.559338
9 16 0.585850
9 17 0.595383
9 18 0.532199
9 19 0.500002
9 20 0.596272
9 21 0.686437
9 22 0.524830
9 23 0.628113
9 24 0.530281
9 25 0.526108
10 1 0.504201
10 2 0.534573
10 3 0.530522
10 4 0.508048
10 5 0.503985
10 6 0.610855
10 7 0.508771
10 8 0.510842
10 9 0.506798
10 10 0.507243
10 11 0.516292
10 12 0.519169
10 13 0.506845
10 14 0.550883
10 15 0.516462
10 16 0.518026
10 17 0.530522
10 18 0.506846
10 19 0.500001
10 20 0.562282
10 21 0.513259
10 22 0.506902
10 23 0.551353
10 24 0.508752
10 25 0.507066
10 26 0.514285
11 1 0.506888
11 2 0.977631
11 3 0.991621
11 4 0.749277
11 5 0.636850
11 6 1.000000
11 7 0.708435
11 8 0.854955
11 9 0.601081
11 10 0.516292
11 11 0.999775
11 12 0.937529
11 13 0.711532
11 14 0.999961
11 15 0.652477
11 16 0.974237
11 17 0.991621
11 18 0.688665
11 19 0.500015
11 20 0.724215
11 21 0.998976
11 22 0.761342
11 23 0.999537
11 24 0.720591
11 25 0.675883
12 1 0.512362
12 2 0.833306
12 3 0.866476
12 4 0.616269
12 5 0.563739
12 6 0.999614
12 7 0.595141
12 8 0.655672
12 9 0.563246
12 10 0.519169
12 11 0.937529
12 12 0.805796
12 13 0.606305
12 14 0.977320
12 15 0.669826
12 16 0.858119
12 17 0.866476
12 18 0.594635
12 19 0.500009
12 20 0.773960
12 21 0.957732
12 22 0.614464
12 23 0.931979
12 24 0.615782
12 25 0.596531
12 26 0.716866
13 1 0.504331
13 2 0.650113
13 3 0.647146
13 4 0.543692
13 5 0.534240
13 6 0.904148
13 7 0.541250
13 8 0.551088
13 9 0.526176
13 10 0.506845
13 11 0.711532
13 12 0.606305
13 13 0.549269
13 14 0.712050
13 15 0.573815
13 16 0.663465
13 17 0.647146
13 18 0.555478
13 19 0.500003
13 20 0.635043
13 21 0.765012
13 22 0.538470
13 23 0.681439
13 24 0.546589
13 25 0.542409
14 1 0.536576
14 2 0.993919
14 3 0.998950
14 4 0.814488
14 5 0.618469
14 6 1.000000
14 7 0.749288
14 8 0.909268
14 9 0.641390
14 10 0.550883
14 11 0.999961
14 12 0.977320
14 13 0.712050
14 14 1.000000
14 15 0.708353
14 16 0.972746
14 17 0.998950
14 18 0.685118
14 19 0.500026
14 20 0.846514
14 21 0.999786
14 22 0.834050
14 23 0.999992
14 24 0.778478
14 25 0.719706
15 1 0.514755
15 2 0.733209
15 3 0.694803
15 4 0.573714
15 5 0.555115
15 6 0.943460
15 7 0.551663
15 8 0.515955
15 9 0.559338
15 10 0.516462
15 11 0.652477
15 12 0.669826
15 13 0.573815
15 14 0.708353
15 15 0.727642
15 16 0.696044
15 17 0.694803
15 18 0.603016
15 19 0.500004
15 20 0.764582
15 21 0.931149
15 22 0.563019
15 23 0.761690
15 24 0.579657
15 25 0.573865
15 26 0.667601
16 1 0.507777
16 2 0.828690
16 3 0.911700
16 4 0.640442
16 5 0.621811
16 6 0.999791
16 7 0.648146
16 8 0.775384
16 9 0.585850
16 10 0.518026
16 11 0.974237
16 12 0.858119
16 13 0.663465
16 14 0.972746
16 15 0.696044
16 16 0.980080
16 17 0.911700
16 18 0.672738
16 19 0.500014
16 20 0.865656
16 21 0.985279
16 22 0.622936
16 23 0.938617
16 24 0.663498
16 25 0.642940
16 26 0.799520
17 1 0.522101
17 2 0.930978
17 4 0.686657
17 5 0.593415
17 6 0.999997
17 7 0.655065
17 8 0.753413
17 9 0.595383
17 10 0.530522
17 11 0.991621
17 12 0.866476
17 13 0.647146
17 14 0.998950
17 15 0.694803
17 16 0.911700
17 17 0.970283
17 18 0.626214
17 19 0.500014
17 20 0.815958
17 21 0.989884
17 22 0.693373
17 23 0.995259
17 24 0.674417
17 25 0.633009
17 26 0.804685
18 1 0.505272
18 2 0.673328
18 3 0.626214
18 4 0.545374
18 5 0.545758
18 6 0.838881
18 7 0.538399
18 8 0.534061
18 9 0.532199
18 10 0.506846
18 11 0.688665
18 12 0.594635
18 13 0.555478
18 14 0.685118
18 15 0.603016
18 16 0.672738
18 17 0.626214
18 18 0.597153
18 19 0.500003
18 20 0.654702
18 21 0.869352
18 22 0.534293
18 23 0.628418
18 24 0.549223
18 25 0.551970
19 1 0.500001
19 2 0.500014
19 3 0.500014
19 4 0.500003
19 5 0.500002
19 6 0.500057
19 7 0.500003
19 8 0.500007
19 9 0.500002
19 10 0.500001
19 11 0.500015
19 12 0.500009
19 13 0.500003
19 14 0.500026
19 15 0.500004
19 16 0.500014
19 17 0.500014
19 18 0.500003
19 19 0.500000
19 20 0.500012
19 21 0.500016
19 22 0.500003
19 23 0.500015
19 24 0.500004
19 25 0.500003
19 26 0.500006
20 1 0.537413
20 2 0.832129
20 3 0.815958
20 4 0.611690
20 5 0.592959
20 6 0.995137
20 7 0.629591
20 8 0.628476
20 9 0.596272
20 10 0.562282
20 11 0.724215
20 12 0.773960
20 13 0.635043
20 14 0.846514
20 15 0.764582
20 16 0.865656
20 17 0.815958
20 18 0.654702
20 19 0.500012
20 20 0.962758
20 21 0.895364
20 22 0.584071
20 23 0.831178
20 24 0.637465
20 25 0.625284
20 26 0.744295
21 1 0.521767
21 2 0.990928
21 3 0.989884
21 4 0.786129
21 5 0.713183
21 6 1.000000
21 7 0.684585
21 8 0.723481
21 9 0.686437
21 10 0.513259
21 11 0.998976
21 12 0.957732
21 13 0.765012
21 14 0.999786
21 15 0.931149
21 16 0.985279
21 17 0.989884
21 18 0.869352
21 19 0.500016
21 20 0.895364
21 21 0.999999
21 22 0.771302
21 23 0.997582
21 24 0.775822
21 25 0.760539
21 26 0.951570
22 1 0.505338
22 2 0.667736
22 3 0.693373
22 5 0.523979
22 6 0.958321
22 7 0.536892
22 8 0.559360
22 9 0.524830
22 10 0.506902
22 11 0.761342
22 12 0.614464
22 13 0.538470
22 14 0.834050
22 15 0.563019
22 16 0.622936
22 17 0.693373
22 18 0.534293
22 19 0.500003
22 20 0.584071
22 21 0.771302
22 22 0.552513
22 23 0.789109
22 24 0.545223
22 25 0.534909
22 26 0.589836
23 1 0.533638
23 2 0.982896
23 3 0.995259
23 4 0.768543
23 5 0.615441
23 6 1.000000
23 7 0.717985
23 8 0.859674
23 9 0.628113
23 10 0.551353
23 11 0.999537
23 12 0.931979
23 13 0.681439
23 14 0.999992
23 15 0.761690
23 16 0.938617
23 17 0.995259
23 18 0.628418
23 19 0.500015
23 20 0.831178
23 21 0.997582
23 22 0.789109
23 23 0.999975
23 24 0.733302
23 25 0.662399
23 26 0.871613
24 1 0.506350
24 2 0.664940
24 3 0.674417
24 4 0.548843
24 5 0.532858
24 6 0.937432
24 7 0.541714
24 8 0.560879
24 9 0.530281
24 10 0.508752
24 11 0.720591
24 12 0.615782
24 13 0.546589
24 14 0.778478
24 15 0.579657
24 16 0.663498
24 17 0.674417
24 18 0.549223
24 19 0.500004
24 20 0.637465
24 21 0.775822
24 22 0.545223
24 23 0.733302
24 24 0.551386
24 25 0.543324
25 1 0.505256
25 2 0.639050
25 3 0.633009
25 4 0.540112
25 5 0.530496
25 6 0.891895
25 7 0.534458
25 8 0.542807
25 9 0.526108
25 10 0.507066
25 11 0.675883
25 12 0.596531
25 13 0.542409
25 14 0.719706
25 15 0.573865
25 16 0.642940
25 17 0.633009
25 18 0.551970
25 19 0.500003
25 20 0.625284
25 21 0.760539
25 22 0.534909
25 23 0.662399
25 24 0.543324
25 25 0.540244
26 2 0.805756
26 6 0.994085
26 7 0.581721
26 8 0.606250
26 10 0.514285
26 12 0.716866
26 15 0.667601
26 16 0.799520
26 17 0.804685
26 19 0.500006
26 20 0.744295
26 21 0.951570
26 22 0.589836
26 23 0.871613
26 26 0.707573
