1 26 0.822523
3 17 0.934800
3 26 0.962697
4 22 0.584843
4 26 0.826194
5 26 0.811349
9 26 0.749850
11 26 0.992762
13 26 0.766168
14 26 0.967577
17 3 0.934800
18 26 0.969918
22 4 0.584843
24 26 0.831805
25 26 0.851902
26 1 0.822523
26 3 0.962697
26 4 0.826194
26 5 0.811349
26 9 0.749850
26 11 0.992762
26 13 0.766168
26 14 0.967577
26 18 0.969918
26 24 0.831805
26 25 0.851902
1 1 0.639470
1 2 0.921815
1 3 0.769720
1 4 0.640525
1 5 0.632771
1 6 0.982179
1 7 0.547126
1 8 0.634105
1 9 0.604823
1 10 0.541865
1 11 0.857613
1 12 0.653159
1 13 0.597361
1 14 0.765405
1 15 0.784198
1 16 0.800125
1 17 0.739012
1 18 0.787343
1 19 0.500005
1 20 0.782801
1 21 0.944955
1 22 0.574477
1 23 0.906685
1 24 0.644812
1 25 0.656731
2 1 0.921815
2 2 0.999999
2 3 0.994264
2 4 0.919190
2 5 0.896914
2 6 0.999999
2 7 0.705226
2 8 0.907728
2 9 0.868035
2 10 0.699367
2 11 0.998489
2 12 0.962531
2 13 0.868019
2 14 0.990557
2 15 0.997298
2 16 0.998735
2 17 0.988801
2 18 0.996692
2 19 0.500015
2 20 0.998549
2 21 0.999987
2 22 0.723942
2 23 0.999850
2 24 0.931323
2 25 0.939112
2 26 0.998433
3 1 0.769720
3 2 0.994264
3 3 0.950551
3 4 0.774816
3 5 0.762931
3 6 0.999804
3 7 0.623192
3 8 0.788126
3 9 0.735377
3 10 0.593504
3 11 0.975054
3 12 0.796168
3 13 0.711528
3 14 0.929051
3 15 0.930465
3 16 0.962389
3 18 0.936856
3 19 0.500010
3 20 0.955739
3 21 0.995479
3 22 0.628346
3 23 0.993783
3 24 0.782674
3 25 0.798962
4 1 0.640525
4 2 0.919190
4 3 0.774816
4 4 0.644027
4 5 0.634709
4 6 0.985481
4 7 0.545388
4 8 0.638665
4 9 0.602976
4 10 0.540871
4 11 0.870300
4 12 0.653883
4 13 0.606811
4 14 0.772774
4 15 0.789492
4 16 0.807641
4 17 0.744433
4 18 0.787921
4 19 0.500006
4 20 0.789912
4 21 0.948937
4 23 0.916877
4 24 0.644650
4 25 0.659859
5 1 0.632771
5 2 0.896914
5 3 0.762931
5 4 0.634709
5 5 0.629886
5 6 0.980548
5 7 0.545545
5 8 0.631040
5 9 0.599897
5 10 0.539216
5 11 0.849207
5 12 0.641143
5 13 0.592485
5 14 0.760940
5 15 0.769463
5 16 0.790799
5 17 0.732856
5 18 0.774194
5 19 0.500005
5 20 0.767465
5 21 0.935510
5 22 0.571572
5 23 0.900874
5 24 0.637384
5 25 0.649976
6 1 0.982179
6 2 0.999999
6 3 0.999804
6 4 0.985481
6 5 0.980548
6 6 1.000000
6 7 0.832368
6 8 0.992498
6 9 0.911816
6 10 0.781751
6 11 1.000000
6 12 0.989289
6 13 0.983005
6 14 0.999962
6 15 0.999887
6 16 0.999966
6 17 0.999372
6 18 0.999841
6 19 0.500053
6 20 0.999953
6 21 1.000000
6 22 0.978762
6 23 1.000000
6 24 0.984921
6 25 0.991284
6 26 0.999991
7 1 0.547126
7 2 0.705226
7 3 0.623192
7 4 0.545388
7 5 0.545545
7 6 0.832368
7 7 0.548627
7 8 0.568856
7 9 0.544391
7 10 0.525651
7 11 0.608786
7 12 0.563379
7 13 0.553826
7 14 0.624413
7 15 0.565299
7 16 0.626004
7 17 0.614911
7 18 0.592431
7 19 0.500002
7 20 0.636265
7 21 0.603773
7 22 0.519504
7 23 0.683324
7 24 0.556128
7 25 0.551038
7 26 0.633353
8 1 0.634105
8 2 0.907728
8 3 0.788126
8 4 0.638665
8 5 0.631040
8 6 0.992498
8 7 0.568856
8 8 0.738340
8 9 0.623252
8 10 0.546527
8 11 0.863116
8 12 0.670653
8 13 0.651072
8 14 0.807869
8 15 0.808432
8 16 0.861948
8 17 0.763077
8 18 0.761429
8 19 0.500005
8 20 0.831835
8 21 0.931517
8 22 0.617343
8 23 0.908067
8 24 0.646195
8 25 0.652526
8 26 0.827892
9 1 0.604823
9 2 0.868035
9 3 0.735377
9 4 0.602976
9 5 0.599897
9 6 0.911816
9 7 0.544391
9 8 0.623252
9 9 0.632435
9 10 0.532089
9 11 0.782407
9 12 0.600628
9 13 0.553737
9 14 0.710563
9 15 0.741359
9 16 0.733265
9 17 0.712884
9 18 0.718423
9 19 0.500003
9 20 0.708161
9 21 0.889628
9 22 0.525913
9 23 0.852204
9 24 0.612325
9 25 0.615257
10 1 0.541865
10 2 0.699367
10 3 0.593504
10 4 0.540871
10 5 0.539216
10 6 0.781751
10 7 0.525651
10 8 0.546527
10 9 0.532089
10 10 0.521381
10 11 0.597971
10 12 0.558179
10 13 0.544041
10 14 0.599876
10 15 0.584180
10 16 0.616084
10 17 0.582776
10 18 0.588695
10 19 0.500001
10 20 0.627106
10 21 0.620624
10 22 0.522644
10 23 0.647026
10 24 0.545537
10 25 0.546550
10 26 0.613729
11 1 0.857613
11 2 0.998489
11 3 0.975054
11 4 0.870300
11 5 0.849207
11 6 1.000000
11 7 0.608786
11 8 0.863116
11 9 0.782407
11 10 0.597971
11 11 0.999401
11 12 0.857112
11 13 0.812432
11 14 0.981199
11 15 0.987382
11 16 0.982448
11 17 0.957505
11 18 0.982914
11 19 0.500023
11 20 0.970850
11 21 0.999977
11 22 0.804684
11 23 0.999757
11 24 0.857616
11 25 0.892691
12 1 0.653159
12 2 0.962531
12 3 0.796168
12 4 0.653883
12 5 0.641143
12 6 0.989289
12 7 0.563379
12 8 0.670653
12 9 0.600628
12 10 0.558179
12 11 0.857112
12 12 0.722296
12 13 0.642980
12 14 0.798162
12 15 0.803012
12 16 0.874039
12 17 0.767574
12 18 0.810738
12 19 0.500005
12 20 0.844968
12 21 0.950285
12 22 0.603038
12 23 0.894818
12 24 0.660557
12 25 0.672002
12 26 0.852732
13 1 0.597361
13 2 0.868019
13 3 0.711528
13 4 0.606811
13 5 0.592485
13 6 0.983005
13 7 0.553826
13 8 0.651072
13 9 0.553737
13 10 0.544041
13 11 0.812432
13 12 0.642980
13 13 0.666671
13 14 0.760210
13 15 0.739566
13 16 0.790717
13 17 0.689403
13 18 0.689241
13 19 0.500006
13 20 0.810065
13 21 0.840890
13 22 0.621363
13 23 0.870549
13 24 0.601237
13 25 0.617157
14 1 0.765405
14 2 0.990557
14 3 0.929051
14 4 0.772774
14 5 0.760940
14 6 0.999962
14 7 0.624413
14 8 0.807869
14 9 0.710563
14 10 0.599876
14 11 0.981199
14 12 0.798162
14 13 0.760210
14 14 0.964699
14 15 0.960990
14 16 0.962603
14 17 0.900826
14 18 0.924862
14 19 0.500014
14 20 0.942904
14 21 0.997556
14 22 0.754914
14 23 0.994016
14 24 0.772871
14 25 0.794536
15 1 0.784198
15 2 0.997298
15 3 0.930465
15 4 0.789492
15 5 0.769463
15 6 0.999887
15 7 0.565299
15 8 0.808432
15 9 0.741359
15 10 0.584180
15 11 0.987382
15 12 0.803012
15 13 0.739566
15 14 0.960990
15 15 0.988543
15 16 0.972554
15 17 0.896337
15 18 0.945224
15 19 0.500014
15 20 0.953625
15 21 0.999611
15 22 0.736901
15 23 0.994932
15 24 0.786803
15 25 0.811660
15 26 0.970981
16 1 0.800125
16 2 0.998735
16 3 0.962389
16 4 0.807641
16 5 0.790799
16 6 0.999966
16 7 0.626004
16 8 0.861948
16 9 0.733265
16 10 0.616084
16 11 0.982448
16 12 0.874039
16 13 0.790717
16 14 0.962603
16 15 0.972554
16 16 0.991684
16 17 0.945912
16 18 0.956221
16 19 0.500010
16 20 0.981770
16 21 0.998347
16 22 0.715025
16 23 0.994600
16 24 0.811094
16 25 0.829424
16 26 0.978120
17 1 0.739012
17 2 0.988801
17 4 0.744433
17 5 0.732856
17 6 0.999372
17 7 0.614911
17 8 0.763077
17 9 0.712884
17 10 0.582776
17 11 0.957505
17 12 0.767574
17 13 0.689403
17 14 0.900826
17 15 0.896337
17 16 0.945912
17 17 0.919190
17 18 0.910561
17 19 0.500009
17 20 0.940558
17 21 0.988802
17 22 0.602643
17 23 0.988383
17 24 0.753151
17 25 0.767359
17 26 0.943510
18 1 0.787343
18 2 0.996692
18 3 0.936856
18 4 0.787921
18 5 0.774194
18 6 0.999841
18 7 0.592431
18 8 0.761429
18 9 0.718423
18 10 0.588695
18 11 0.982914
18 12 0.810738
18 13 0.689241
18 14 0.924862
18 15 0.945224
18 16 0.956221
18 17 0.910561
18 18 0.955235
18 19 0.500011
18 20 0.943371
18 21 0.998766
18 22 0.651467
18 23 0.993428
18 24 0.795142
18 25 0.814570
19 1 0.500005
19 2 0.500015
19 3 0.500010
19 4 0.500006
19 5 0.500005
19 6 0.500053
19 7 0.500002
19 8 0.500005
19 9 0.500003
19 10 0.500001
19 11 0.500023
19 12 0.500005
19 13 0.500006
19 14 0.500014
19 15 0.500014
19 16 0.500010
19 17 0.500009
19 18 0.500011
19 19 0.500000
19 20 0.500013
19 21 0.500032
19 22 0.500007
19 23 0.500029
19 24 0.500005
19 25 0.500006
19 26 0.500016
20 1 0.782801
20 2 0.998549
20 3 0.955739
20 4 0.789912
20 5 0.767465
20 6 0.999953
20 7 0.636265
20 8 0.831835
20 9 0.708161
20 10 0.627106
20 11 0.970850
20 12 0.844968
20 13 0.810065
20 14 0.942904
20 15 0.953625
20 16 0.981770
20 17 0.940558
20 18 0.943371
20 19 0.500013
20 20 0.990107
20 21 0.990274
20 22 0.673932
20 23 0.994166
20 24 0.798787
20 25 0.816939
20 26 0.970843
21 1 0.944955
21 2 0.999987
21 3 0.995479
21 4 0.948937
21 5 0.935510
21 6 1.000000
21 7 0.603773
21 8 0.931517
21 9 0.889628
21 10 0.620624
21 11 0.999977
21 12 0.950285
21 13 0.840890
21 14 0.997556
21 15 0.999611
21 16 0.998347
21 17 0.988802
21 18 0.998766
21 19 0.500032
21 20 0.990274
21 21 1.000000
21 22 0.899574
21 23 0.999992
21 24 0.944279
21 25 0.962255
21 26 0.999571
22 1 0.574477
22 2 0.723942
22 3 0.628346
22 5 0.571572
22 6 0.978762
22 7 0.519504
22 8 0.617343
22 9 0.525913
22 10 0.522644
22 11 0.804684
22 12 0.603038
22 13 0.621363
22 14 0.754914
22 15 0.736901
22 16 0.715025
22 17 0.602643
22 18 0.651467
22 19 0.500007
22 20 0.673932
22 21 0.899574
22 22 0.673347
22 23 0.833367
22 24 0.570028
22 25 0.589808
22 26 0.733283
23 1 0.906685
23 2 0.999850
23 3 0.993783
23 4 0.916877
23 5 0.900874
23 6 1.000000
23 7 0.683324
23 8 0.908067
23 9 0.852204
23 10 0.647026
23 11 0.999757
23 12 0.894818
23 13 0.870549
23 14 0.994016
23 15 0.994932
23 16 0.994600
23 17 0.988383
23 18 0.993428
23 19 0.500029
23 20 0.994166
23 21 0.999992
23 22 0.833367
23 23 0.999989
23 24 0.910893
23 25 0.932617
23 26 0.998022
24 1 0.644812
24 2 0.931323
24 3 0.782674
24 4 0.644650
24 5 0.637384
24 6 0.984921
24 7 0.556128
24 8 0.646195
24 9 0.612325
24 10 0.545537
24 11 0.857616
24 12 0.660557
24 13 0.601237
24 14 0.772871
24 15 0.786803
24 16 0.811094
24 17 0.753151
24 18 0.795142
24 19 0.500005
24 20 0.798787
24 21 0.944279
24 22 0.570028
24 23 0.910893
24 24 0.652942
24 25 0.661737
25 1 0.656731
25 2 0.939112
25 3 0.798962
25 4 0.659859
25 5 0.649976
25 6 0.991284
25 7 0.551038
25 8 0.652526
25 9 0.615257
25 10 0.546550
25 11 0.892691
25 12 0.672002
25 13 0.617157
25 14 0.794536
25 15 0.811660
25 16 0.829424
25 17 0.767359
25 18 0.814570
25 19 0.500006
25 20 0.816939
25 21 0.962255
25 22 0.589808
25 23 0.932617
25 24 0.661737
25 25 0.678581
26 2 0.998433
26 6 0.999991
26 7 0.633353
26 8 0.827892
26 10 0.613729
26 12 0.852732
26 15 0.970981
26 16 0.978120
26 17 0.943510
26 19 0.500016
26 20 0.970843
26 21 0.999571
26 22 0.733283
26 23 0.998022
26 26 0.985644
