1 26 0.881225
3 17 0.947455
3 26 0.974113
4 22 0.587441
4 26 0.766256
5 26 0.890744
9 26 0.898946
11 26 0.941815
13 26 0.915747
14 26 0.991212
17 3 0.947455
18 26 0.999842
22 4 0.587441
24 26 0.902934
25 26 0.671715
26 1 0.881225
26 3 0.974113
26 4 0.766256
26 5 0.890744
26 9 0.898946
26 11 0.941815
26 13 0.915747
26 14 0.991212
26 18 0.999842
26 24 0.902934
26 25 0.671715
1 1 0.674976
1 2 0.983727
1 3 0.788168
1 4 0.606195
1 5 0.682915
1 6 0.972206
1 7 0.563178
1 8 0.691536
1 9 0.689322
1 10 0.542202
1 11 0.734039
1 12 0.610509
1 13 0.704292
1 14 0.850047
1 15 0.781301
1 16 0.907553
1 17 0.794684
1 18 0.957759
1 19 0.500006
1 20 0.940140
1 21 0.973272
1 22 0.624553
1 23 0.915041
1 24 0.692471
1 25 0.562969
2 1 0.983727
2 2 1.000000
2 3 0.999247
2 4 0.920252
2 5 0.986813
2 6 1.000000
2 7 0.834035
2 8 0.994719
2 9 0.985890
2 10 0.725093
2 11 0.996423
2 12 0.916470
2 13 0.992761
2 14 0.999921
2 15 0.999825
2 16 0.999999
2 17 0.999419
2 18 1.000000
2 19 0.500042
2 20 0.999999
2 21 1.000000
2 22 0.960351
2 23 0.999998
2 24 0.986629
2 25 0.920215
2 26 0.999990
3 1 0.788168
3 2 0.999247
3 3 0.924180
3 4 0.702967
3 5 0.798927
3 6 0.998350
3 7 0.615613
3 8 0.806951
3 9 0.810792
3 10 0.577711
3 11 0.864736
3 12 0.699616
3 13 0.828494
3 14 0.957163
3 15 0.902185
3 16 0.983521
3 18 0.998592
3 19 0.500012
3 20 0.994104
3 21 0.999029
3 22 0.723434
3 23 0.993725
3 24 0.812993
3 25 0.609711
4 1 0.606195
4 2 0.920252
4 3 0.702967
4 4 0.605232
4 5 0.608281
4 6 0.883565
4 7 0.530524
4 8 0.606110
4 9 0.617820
4 10 0.530846
4 11 0.654627
4 12 0.562340
4 13 0.625093
4 14 0.723609
4 15 0.677277
4 16 0.816627
4 17 0.773297
4 18 0.924564
4 19 0.500004
4 20 0.848966
4 21 0.946142
4 23 0.896568
4 24 0.614633
4 25 0.528062
5 1 0.682915
5 2 0.986813
5 3 0.798927
5 4 0.608281
5 5 0.699094
5 6 0.979242
5 7 0.568573
5 8 0.677754
5 9 0.698078
5 10 0.543823
5 11 0.742178
5 12 0.600513
5 13 0.713121
5 14 0.869381
5 15 0.770032
5 16 0.921665
5 17 0.793726
5 18 0.959059
5 19 0.500007
5 20 0.945283
5 21 0.967597
5 22 0.618411
5 23 0.896362
5 24 0.699672
5 25 0.579064
6 1 0.972206
6 2 1.000000
6 3 0.998350
6 4 0.883565
6 5 0.979242
6 6 1.000000
6 7 0.769706
6 8 0.978706
6 9 0.979879
6 10 0.680277
6 11 0.993162
6 12 0.879007
6 13 0.985384
6 14 0.999908
6 15 0.997672
6 16 0.999987
6 17 0.999143
6 18 0.999999
6 19 0.500029
6 20 0.999997
6 21 1.000000
6 22 0.924723
6 23 0.999946
6 24 0.980527
6 25 0.788234
6 26 0.999938
7 1 0.563178
7 2 0.834035
7 3 0.615613
7 4 0.530524
7 5 0.568573
7 6 0.769706
7 7 0.541946
7 8 0.555618
7 9 0.562626
7 10 0.516496
7 11 0.581115
7 12 0.520039
7 13 0.578558
7 14 0.649027
7 15 0.562037
7 16 0.671318
7 17 0.581962
7 18 0.787197
7 19 0.500003
7 20 0.738527
7 21 0.739443
7 22 0.532345
7 23 0.712999
7 24 0.567410
7 25 0.552421
7 26 0.670365
8 1 0.691536
8 2 0.994719
8 3 0.806951
8 4 0.606110
8 5 0.677754
8 6 0.978706
8 7 0.555618
8 8 0.851774
8 9 0.713226
8 10 0.547512
8 11 0.763318
8 12 0.729092
8 13 0.721473
8 14 0.838647
8 15 0.932884
8 16 0.930757
8 17 0.890756
8 18 0.956945
8 19 0.500005
8 20 0.950140
8 21 0.994917
8 22 0.681804
8 23 0.972409
8 24 0.718366
8 25 0.527299
8 26 0.908270
9 1 0.689322
9 2 0.985890
9 3 0.810792
9 4 0.617820
9 5 0.698078
9 6 0.979879
9 7 0.562626
9 8 0.713226
9 9 0.709481
9 10 0.545286
9 11 0.754146
9 12 0.631741
9 13 0.719433
9 14 0.869037
9 15 0.812155
9 16 0.925532
9 17 0.835266
9 18 0.969973
9 19 0.500007
9 20 0.953609
9 21 0.983262
9 22 0.636770
9 23 0.934877
9 24 0.711176
9 25 0.552864
10 1 0.542202
10 2 0.725093
10 3 0.577711
10 4 0.530846
10 5 0.543823
10 6 0.680277
10 7 0.516496
10 8 0.547512
10 9 0.545286
10 10 0.514724
10 11 0.559202
10 12 0.530992
10 13 0.550220
10 14 0.590329
10 15 0.575076
10 16 0.633948
10 17 0.590978
10 18 0.699818
10 19 0.500002
10 20 0.660361
10 21 0.736012
10 22 0.531426
10 23 0.672031
10 24 0.544162
10 25 0.519478
10 26 0.614117
11 1 0.734039
11 2 0.996423
11 3 0.864736
11 4 0.654627
11 5 0.742178
11 6 0.993162
11 7 0.581115
11 8 0.763318
11 9 0.754146
11 10 0.559202
11 11 0.810121
11 12 0.662755
11 13 0.770564
11 14 0.916848
11 15 0.861283
11 16 0.961770
11 17 0.894299
11 18 0.987371
11 19 0.500009
11 20 0.978013
11 21 0.994097
11 22 0.690365
11 23 0.970592
11 24 0.755544
11 25 0.583139
12 1 0.610509
12 2 0.916470
12 3 0.699616
12 4 0.562340
12 5 0.600513
12 6 0.879007
12 7 0.520039
12 8 0.729092
12 9 0.631741
12 10 0.530992
12 11 0.662755
12 12 0.685018
12 13 0.628232
12 14 0.707996
12 15 0.819870
12 16 0.797546
12 17 0.798033
12 18 0.895367
12 19 0.500004
12 20 0.852326
12 21 0.966515
12 22 0.643171
12 23 0.902254
12 24 0.632642
12 25 0.482997
12 26 0.784793
13 1 0.704292
13 2 0.992761
13 3 0.828494
13 4 0.625093
13 5 0.713121
13 6 0.985384
13 7 0.578558
13 8 0.721473
13 9 0.719433
13 10 0.550220
13 11 0.770564
13 12 0.628232
13 13 0.739012
13 14 0.885765
13 15 0.811038
13 16 0.936677
13 17 0.836099
13 18 0.977737
13 19 0.500008
13 20 0.964194
13 21 0.985096
13 22 0.651336
13 23 0.947974
13 24 0.723450
13 25 0.584923
14 1 0.850047
14 2 0.999921
14 3 0.957163
14 4 0.723609
14 5 0.869381
14 6 0.999908
14 7 0.649027
14 8 0.838647
14 9 0.869037
14 10 0.590329
14 11 0.916848
14 12 0.707996
14 13 0.885765
14 14 0.990934
14 15 0.926712
14 16 0.995189
14 17 0.958310
14 18 0.999122
14 19 0.500015
14 20 0.998176
14 21 0.999344
14 22 0.760250
14 23 0.989952
14 24 0.870393
14 25 0.660437
15 1 0.781301
15 2 0.999825
15 3 0.902185
15 4 0.677277
15 5 0.770032
15 6 0.997672
15 7 0.562037
15 8 0.932884
15 9 0.812155
15 10 0.575076
15 11 0.861283
15 12 0.819870
15 13 0.811038
15 14 0.926712
15 15 0.990160
15 16 0.987710
15 17 0.964481
15 18 0.987891
15 19 0.500008
15 20 0.986628
15 21 0.999781
15 22 0.755149
15 23 0.994000
15 24 0.808201
15 25 0.518331
15 26 0.973086
16 1 0.907553
16 2 0.999999
16 3 0.983521
16 4 0.816627
16 5 0.921665
16 6 0.999987
16 7 0.671318
16 8 0.930757
16 9 0.925532
16 10 0.633948
16 11 0.961770
16 12 0.797546
16 13 0.936677
16 14 0.995189
16 15 0.987710
16 16 0.999625
16 17 0.990152
16 18 0.999864
16 19 0.500021
16 20 0.999757
16 21 0.999987
16 22 0.828863
16 23 0.999131
16 24 0.924966
16 25 0.702012
16 26 0.998106
17 1 0.794684
17 2 0.999419
17 4 0.773297
17 5 0.793726
17 6 0.999143
17 7 0.581962
17 8 0.890756
17 9 0.835266
17 10 0.590978
17 11 0.894299
17 12 0.798033
17 13 0.836099
17 14 0.958310
17 15 0.964481
17 16 0.990152
17 17 0.995220
17 18 0.999708
17 19 0.500011
17 20 0.994694
17 21 0.999922
17 22 0.815919
17 23 0.999529
17 24 0.821744
17 25 0.551744
17 26 0.977796
18 1 0.957759
18 2 1.000000
18 3 0.998592
18 4 0.924564
18 5 0.959059
18 6 0.999999
18 7 0.787197
18 8 0.956945
18 9 0.969973
18 10 0.699818
18 11 0.987371
18 12 0.895367
18 13 0.977737
18 14 0.999122
18 15 0.987891
18 16 0.999864
18 17 0.999708
18 18 1.000000
18 19 0.500030
18 20 0.999999
18 21 1.000000
18 22 0.896868
18 23 1.000000
18 24 0.973177
18 25 0.671500
19 1 0.500006
19 2 0.500042
19 3 0.500012
19 4 0.500004
19 5 0.500007
19 6 0.500029
19 7 0.500003
19 8 0.500005
19 9 0.500007
19 10 0.500002
19 11 0.500009
19 12 0.500004
19 13 0.500008
19 14 0.500015
19 15 0.500008
19 16 0.500021
19 17 0.500011
19 18 0.500030
19 19 0.500000
19 20 0.500025
19 21 0.500028
19 22 0.500006
19 23 0.500022
19 24 0.500007
19 25 0.500005
19 26 0.500018
20 1 0.940140
20 2 0.999999
20 3 0.994104
20 4 0.848966
20 5 0.945283
20 6 0.999997
20 7 0.738527
20 8 0.950140
20 9 0.953609
20 10 0.660361
20 11 0.978013
20 12 0.852326
20 13 0.964194
20 14 0.998176
20 15 0.986628
20 16 0.999757
20 17 0.994694
20 18 0.999999
20 19 0.500025
20 20 0.999989
20 21 1.000000
20 22 0.853190
20 23 0.999975
20 24 0.959342
20 25 0.685629
20 26 0.999508
21 1 0.973272
21 2 1.000000
21 3 0.999029
21 4 0.946142
21 5 0.967597
21 6 1.000000
21 7 0.739443
21 8 0.994917
21 9 0.983262
21 10 0.736012
21 11 0.994097
21 12 0.966515
21 13 0.985096
21 14 0.999344
21 15 0.999781
21 16 0.999987
21 17 0.999922
21 18 1.000000
21 19 0.500028
21 20 1.000000
21 21 1.000000
21 22 0.939710
21 23 1.000000
21 24 0.984021
21 25 0.528608
21 26 0.999955
22 1 0.624553
22 2 0.960351
22 3 0.723434
22 5 0.618411
22 6 0.924723
22 7 0.532345
22 8 0.681804
22 9 0.636770
22 10 0.531426
22 11 0.690365
22 12 0.643171
22 13 0.651336
22 14 0.760250
22 15 0.755149
22 16 0.828863
22 17 0.815919
22 18 0.896868
22 19 0.500006
22 20 0.853190
22 21 0.939710
22 22 0.700961
22 23 0.892999
22 24 0.635588
22 25 0.537043
22 26 0.805775
23 1 0.915041
23 2 0.999998
23 3 0.993725
23 4 0.896568
23 5 0.896362
23 6 0.999946
23 7 0.712999
23 8 0.972409
23 9 0.934877
23 10 0.672031
23 11 0.970592
23 12 0.902254
23 13 0.947974
23 14 0.989952
23 15 0.994000
23 16 0.999131
23 17 0.999529
23 18 1.000000
23 19 0.500022
23 20 0.999975
23 21 1.000000
23 22 0.892999
23 23 1.000000
23 24 0.936602
23 25 0.620599
23 26 0.998853
24 1 0.692471
24 2 0.986629
24 3 0.812993
24 4 0.614633
24 5 0.699672
24 6 0.980527
24 7 0.567410
24 8 0.718366
24 9 0.711176
24 10 0.544162
24 11 0.755544
24 12 0.632642
24 13 0.723450
24 14 0.870393
24 15 0.808201
24 16 0.924966
24 17 0.821744
24 18 0.973177
24 19 0.500007
24 20 0.959342
24 21 0.984021
24 22 0.635588
24 23 0.936602
24 24 0.717870
24 25 0.549581
25 1 0.562969
25 2 0.920215
25 3 0.609711
25 4 0.528062
25 5 0.579064
25 6 0.788234
25 7 0.552421
25 8 0.527299
25 9 0.552864
25 10 0.519478
25 11 0.583139
25 12 0.482997
25 13 0.584923
25 14 0.660437
25 15 0.518331
25 16 0.702012
25 17 0.551744
25 18 0.671500
25 19 0.500005
25 20 0.685629
25 21 0.528608
25 22 0.537043
25 23 0.620599
25 24 0.549581
25 25 0.630909
26 2 0.999990
26 6 0.999938
26 7 0.670365
26 8 0.908270
26 10 0.614117
26 12 0.784793
26 15 0.973086
26 16 0.998106
26 17 0.977796
26 19 0.500018
26 20 0.999508
26 21 0.999955
26 22 0.805775
26 23 0.998853
26 26 0.996075
