1 26 0.880887
3 17 0.880761
3 26 0.958461
4 22 0.603891
4 26 0.879539
5 26 0.769526
9 26 0.912094
11 26 0.912934
13 26 0.895127
14 26 0.996696
17 3 0.880761
18 26 0.995623
22 4 0.603891
24 26 0.898224
25 26 0.835535
26 1 0.880887
26 3 0.958461
26 4 0.879539
26 5 0.769526
26 9 0.912094
26 11 0.912934
26 13 0.895127
26 14 0.996696
26 18 0.995623
26 24 0.898224
26 25 0.835535
1 1 0.689018
1 2 0.968631
1 3 0.777262
1 4 0.685882
1 5 0.616065
1 6 0.995381
1 7 0.587308
1 8 0.600326
1 9 0.717152
1 10 0.561003
1 11 0.717285
1 12 0.633671
1 13 0.700865
1 14 0.903504
1 15 0.779729
1 16 0.712605
1 17 0.720991
1 18 0.892928
1 19 0.500003
1 20 0.872058
1 21 0.974481
1 22 0.592706
1 23 0.791675
1 24 0.703204
1 25 0.654133
2 1 0.968631
2 2 1.000000
2 3 0.997115
2 4 0.966272
2 5 0.911698
2 6 1.000000
2 7 0.835284
2 8 0.912091
2 9 0.981033
2 10 0.730138
2 11 0.993127
2 12 0.907317
2 13 0.975825
2 14 0.999888
2 15 0.993640
2 16 0.982617
2 17 0.991498
2 18 0.999993
2 19 0.500019
2 20 0.999848
2 21 1.000000
2 22 0.846698
2 23 0.999893
2 24 0.978399
2 25 0.952381
2 26 0.999847
3 1 0.777262
3 2 0.997115
3 3 0.917727
3 4 0.776967
3 5 0.653122
3 6 0.999437
3 7 0.641045
3 8 0.667149
3 9 0.816297
3 10 0.583664
3 11 0.868821
3 12 0.685488
3 13 0.794903
3 14 0.968101
3 15 0.851938
3 16 0.793447
3 18 0.974944
3 19 0.500004
3 20 0.931449
3 21 0.997102
3 22 0.639759
3 23 0.961188
3 24 0.796382
3 25 0.700481
4 1 0.685882
4 2 0.966272
4 3 0.776967
4 4 0.694037
4 5 0.619266
4 6 0.996925
4 7 0.587979
4 8 0.603290
4 9 0.713619
4 10 0.563141
4 11 0.731332
4 12 0.641027
4 13 0.698056
4 14 0.904934
4 15 0.757140
4 16 0.716356
4 17 0.720541
4 18 0.863464
4 19 0.500004
4 20 0.870739
4 21 0.970576
4 23 0.808232
4 24 0.701919
4 25 0.646512
5 1 0.616065
5 2 0.911698
5 3 0.653122
5 4 0.619266
5 5 0.649144
5 6 0.979569
5 7 0.574180
5 8 0.555369
5 9 0.626241
5 10 0.556739
5 11 0.652790
5 12 0.598368
5 13 0.629765
5 14 0.784656
5 15 0.705029
5 16 0.718571
5 17 0.610862
5 18 0.849874
5 19 0.500004
5 20 0.824770
5 21 0.939100
5 22 0.567506
5 23 0.773492
5 24 0.629124
5 25 0.650402
6 1 0.995381
6 2 1.000000
6 3 0.999437
6 4 0.996925
6 5 0.979569
6 6 1.000000
6 7 0.925121
6 8 0.928902
6 9 0.998030
6 10 0.858744
6 11 0.997213
6 12 0.990741
6 13 0.996864
6 14 1.000000
6 15 0.999820
6 16 0.998566
6 17 0.994922
6 18 0.999999
6 19 0.500032
6 20 0.999998
6 21 1.000000
6 22 0.960686
6 23 0.993152
6 24 0.997327
6 25 0.992425
6 26 0.999999
7 1 0.587308
7 2 0.835284
7 3 0.641045
7 4 0.587979
7 5 0.574180
7 6 0.925121
7 7 0.553704
7 8 0.541436
7 9 0.600717
7 10 0.532927
7 11 0.621560
7 12 0.559791
7 13 0.597649
7 14 0.717439
7 15 0.651439
7 16 0.635280
7 17 0.612293
7 18 0.769671
7 19 0.500002
7 20 0.701585
7 21 0.860755
7 22 0.545442
7 23 0.671201
7 24 0.595463
7 25 0.578824
7 26 0.709206
8 1 0.600326
8 2 0.912091
8 3 0.667149
8 4 0.603290
8 5 0.555369
8 6 0.928902
8 7 0.541436
8 8 0.621072
8 9 0.616986
8 10 0.525926
8 11 0.644156
8 12 0.562366
8 13 0.604134
8 14 0.729488
8 15 0.611712
8 16 0.592682
8 17 0.639896
8 18 0.681061
8 19 0.500004
8 20 0.740716
8 21 0.890762
8 22 0.558908
8 23 0.765133
8 24 0.613423
8 25 0.556587
8 26 0.734504
9 1 0.717152
9 2 0.981033
9 3 0.816297
9 4 0.713619
9 5 0.626241
9 6 0.998030
9 7 0.600717
9 8 0.616986
9 9 0.749615
9 10 0.568245
9 11 0.749217
9 12 0.652664
9 13 0.729950
9 14 0.932186
9 15 0.812527
9 16 0.737029
9 17 0.758060
9 18 0.918230
9 19 0.500003
9 20 0.894649
9 21 0.985405
9 22 0.606742
9 23 0.818115
9 24 0.732206
9 25 0.668738
10 1 0.561003
10 2 0.730138
10 3 0.583664
10 4 0.563141
10 5 0.556739
10 6 0.858744
10 7 0.532927
10 8 0.525926
10 9 0.568245
10 10 0.536742
10 11 0.579366
10 12 0.540585
10 13 0.564694
10 14 0.657319
10 15 0.605966
10 16 0.600658
10 17 0.560837
10 18 0.683370
10 19 0.500001
10 20 0.691450
10 21 0.770614
10 22 0.535387
10 23 0.611636
10 24 0.566052
10 25 0.561103
10 26 0.648056
11 1 0.717285
11 2 0.993127
11 3 0.868821
11 4 0.731332
11 5 0.652790
11 6 0.997213
11 7 0.621560
11 8 0.644156
11 9 0.749217
11 10 0.579366
11 11 0.864814
11 12 0.660431
11 13 0.733212
11 14 0.919151
11 15 0.753712
11 16 0.787735
11 17 0.834071
11 18 0.954023
11 19 0.500007
11 20 0.897276
11 21 0.993650
11 22 0.628488
11 23 0.973087
11 24 0.736511
11 25 0.656512
12 1 0.633671
12 2 0.907317
12 3 0.685488
12 4 0.641027
12 5 0.598368
12 6 0.990741
12 7 0.559791
12 8 0.562366
12 9 0.652664
12 10 0.540585
12 11 0.660431
12 12 0.636888
12 13 0.641746
12 14 0.839864
12 15 0.702063
12 16 0.668827
12 17 0.634311
12 18 0.806660
12 19 0.500004
12 20 0.798910
12 21 0.935978
12 22 0.576076
12 23 0.729477
12 24 0.644697
12 25 0.624759
12 26 0.802668
13 1 0.700865
13 2 0.975825
13 3 0.794903
13 4 0.698056
13 5 0.629765
13 6 0.996864
13 7 0.597649
13 8 0.604134
13 9 0.729950
13 10 0.564694
13 11 0.733212
13 12 0.641746
13 13 0.715400
13 14 0.915884
13 15 0.796423
13 16 0.731936
13 17 0.737724
13 18 0.912135
13 19 0.500003
13 20 0.885289
13 21 0.980013
13 22 0.599016
13 23 0.813564
13 24 0.716403
13 25 0.667905
14 1 0.903504
14 2 0.999888
14 3 0.968101
14 4 0.904934
14 5 0.784656
14 6 1.000000
14 7 0.717439
14 8 0.729488
14 9 0.932186
14 10 0.657319
14 11 0.919151
14 12 0.839864
14 13 0.915884
14 14 0.998790
14 15 0.970613
14 16 0.921517
14 17 0.924348
14 18 0.995105
14 19 0.500009
14 20 0.995084
14 21 0.999944
14 22 0.747040
14 23 0.960059
14 24 0.918823
14 25 0.862985
15 1 0.779729
15 2 0.993640
15 3 0.851938
15 4 0.757140
15 5 0.705029
15 6 0.999820
15 7 0.651439
15 8 0.611712
15 9 0.812527
15 10 0.605966
15 11 0.753712
15 12 0.702063
15 13 0.796423
15 14 0.970613
15 15 0.932881
15 16 0.838479
15 17 0.779122
15 18 0.986851
15 19 0.500002
15 20 0.955163
15 21 0.998058
15 22 0.624809
15 23 0.728439
15 24 0.792531
15 25 0.769035
15 26 0.959439
16 1 0.712605
16 2 0.982617
16 3 0.793447
16 4 0.716356
16 5 0.718571
16 6 0.998566
16 7 0.635280
16 8 0.592682
16 9 0.737029
16 10 0.600658
16 11 0.787735
16 12 0.668827
16 13 0.731936
16 14 0.921517
16 15 0.838479
16 16 0.858303
16 17 0.731495
16 18 0.946437
16 19 0.500006
16 20 0.930213
16 21 0.994690
16 22 0.619776
16 23 0.924047
16 24 0.727523
16 25 0.717493
16 26 0.907042
17 1 0.720991
17 2 0.991498
17 4 0.720541
17 5 0.610862
17 6 0.994922
17 7 0.612293
17 8 0.639896
17 9 0.758060
17 10 0.560837
17 11 0.834071
17 12 0.634311
17 13 0.737724
17 14 0.924348
17 15 0.779122
17 16 0.731495
17 17 0.848084
17 18 0.955443
17 19 0.500003
17 20 0.864158
17 21 0.990216
17 22 0.606016
17 23 0.947110
17 24 0.738807
17 25 0.644379
17 26 0.915442
18 1 0.892928
18 2 0.999993
18 3 0.974944
18 4 0.863464
18 5 0.849874
18 6 0.999999
18 7 0.769671
18 8 0.681061
18 9 0.918230
18 10 0.683370
18 11 0.954023
18 12 0.806660
18 13 0.912135
18 14 0.995105
18 15 0.986851
18 16 0.946437
18 17 0.955443
18 18 0.999996
18 19 0.500004
18 20 0.994035
18 21 0.999998
18 22 0.698497
18 23 0.989575
18 24 0.907925
18 25 0.912411
19 1 0.500003
19 2 0.500019
19 3 0.500004
19 4 0.500004
19 5 0.500004
19 6 0.500032
19 7 0.500002
19 8 0.500004
19 9 0.500003
19 10 0.500001
19 11 0.500007
19 12 0.500004
19 13 0.500003
19 14 0.500009
19 15 0.500002
19 16 0.500006
19 17 0.500003
19 18 0.500004
19 19 0.500000
19 20 0.500012
19 21 0.500019
19 22 0.500003
19 23 0.500016
19 24 0.500004
19 25 0.500003
19 26 0.500008
20 1 0.872058
20 2 0.999848
20 3 0.931449
20 4 0.870739
20 5 0.824770
20 6 0.999998
20 7 0.701585
20 8 0.740716
20 9 0.894649
20 10 0.691450
20 11 0.897276
20 12 0.798910
20 13 0.885289
20 14 0.995084
20 15 0.955163
20 16 0.930213
20 17 0.864158
20 18 0.994035
20 19 0.500012
20 20 0.998020
20 21 0.999896
20 22 0.729269
20 23 0.985195
20 24 0.892331
20 25 0.879485
20 26 0.991784
21 1 0.974481
21 2 1.000000
21 3 0.997102
21 4 0.970576
21 5 0.939100
21 6 1.000000
21 7 0.860755
21 8 0.890762
21 9 0.985405
21 10 0.770614
21 11 0.993650
21 12 0.935978
21 13 0.980013
21 14 0.999944
21 15 0.998058
21 16 0.994690
21 17 0.990216
21 18 0.999998
21 19 0.500019
21 20 0.999896
21 21 1.000000
21 22 0.851392
21 23 0.999911
21 24 0.980871
21 25 0.966397
21 26 0.999903
22 1 0.592706
22 2 0.846698
22 3 0.639759
22 5 0.567506
22 6 0.960686
22 7 0.545442
22 8 0.558908
22 9 0.606742
22 10 0.535387
22 11 0.628488
22 12 0.576076
22 13 0.599016
22 14 0.747040
22 15 0.624809
22 16 0.619776
22 17 0.606016
22 18 0.698497
22 19 0.500003
22 20 0.729269
22 21 0.851392
22 22 0.560622
22 23 0.671797
22 24 0.603092
22 25 0.572810
22 26 0.725665
23 1 0.791675
23 2 0.999893
23 3 0.961188
23 4 0.808232
23 5 0.773492
23 6 0.993152
23 7 0.671201
23 8 0.765133
23 9 0.818115
23 10 0.611636
23 11 0.973087
23 12 0.729477
23 13 0.813564
23 14 0.960059
23 15 0.728439
23 16 0.924047
23 17 0.947110
23 18 0.989575
23 19 0.500016
23 20 0.985195
23 21 0.999911
23 22 0.671797
23 23 0.999985
23 24 0.819928
23 25 0.769038
23 26 0.962074
24 1 0.703204
24 2 0.978399
24 3 0.796382
24 4 0.701919
24 5 0.629124
24 6 0.997327
24 7 0.595463
24 8 0.613423
24 9 0.732206
24 10 0.566052
24 11 0.736511
24 12 0.644697
24 13 0.716403
24 14 0.918823
24 15 0.792531
24 16 0.727523
24 17 0.738807
24 18 0.907925
24 19 0.500004
24 20 0.892331
24 21 0.980871
24 22 0.603092
24 23 0.819928
24 24 0.719463
24 25 0.668544
25 1 0.654133
25 2 0.952381
25 3 0.700481
25 4 0.646512
25 5 0.650402
25 6 0.992425
25 7 0.578824
25 8 0.556587
25 9 0.668738
25 10 0.561103
25 11 0.656512
25 12 0.624759
25 13 0.667905
25 14 0.862985
25 15 0.769035
25 16 0.717493
25 17 0.644379
25 18 0.912411
25 19 0.500003
25 20 0.879485
25 21 0.966397
25 22 0.572810
25 23 0.769038
25 24 0.668544
25 25 0.697571
26 2 0.999847
26 6 0.999999
26 7 0.709206
26 8 0.734504
26 10 0.648056
26 12 0.802668
26 15 0.959439
26 16 0.907042
26 17 0.915442
26 19 0.500008
26 20 0.991784
26 21 0.999903
26 22 0.725665
26 23 0.962074
26 26 0.993849
