1 26 0.524636
3 17 0.953755
3 26 0.788352
4 22 0.524212
4 26 0.592084
5 26 0.631596
9 26 0.641504
11 26 0.640863
13 26 0.562063
14 26 0.832190
17 3 0.953755
18 26 0.730461
22 4 0.524212
24 26 0.559771
25 26 0.623374
26 1 0.524636
26 3 0.788352
26 4 0.592084
26 5 0.631596
26 9 0.641504
26 11 0.640863
26 13 0.562063
26 14 0.832190
26 18 0.730461
26 24 0.559771
26 25 0.623374
1 1 0.508944
1 2 0.656097
1 3 0.562461
1 4 0.510144
1 5 0.508007
1 6 0.546065
1 7 0.510205
1 8 0.504721
1 9 0.515382
1 10 0.506347
1 11 0.511755
1 12 0.504169
1 13 0.512827
1 14 0.560579
1 15 0.564796
1 16 0.535692
1 17 0.562461
1 18 0.517810
1 19 0.500001
1 20 0.542619
1 21 0.584466
1 22 0.507230
1 23 0.587085
1 24 0.509703
1 25 0.509671
2 1 0.656097
2 2 1.000000
2 3 0.998419
2 4 0.794792
2 5 0.871326
2 6 0.996610
2 7 0.732185
2 8 0.790115
2 9 0.928467
2 10 0.674138
2 11 0.844126
2 12 0.706710
2 13 0.826669
2 14 0.999999
2 15 0.998691
2 16 0.970010
2 17 0.998419
2 18 0.976561
2 19 0.500041
2 20 0.978645
2 21 0.999996
2 22 0.667610
2 23 0.999963
2 24 0.827519
2 25 0.830293
2 26 0.986992
3 1 0.562461
3 2 0.998419
3 3 0.953755
3 4 0.631616
3 5 0.630351
3 6 0.929385
3 7 0.602074
3 8 0.515993
3 9 0.660464
3 10 0.544210
3 11 0.697108
3 12 0.559121
3 13 0.617056
3 14 0.940603
3 15 0.849096
3 16 0.812731
3 18 0.754236
3 19 0.500009
3 20 0.811906
3 21 0.964184
3 22 0.577588
3 23 0.990551
3 24 0.601931
3 25 0.627324
4 1 0.510144
4 2 0.794792
4 3 0.631616
4 4 0.539368
4 5 0.542216
4 6 0.668258
4 7 0.531430
4 8 0.509741
4 9 0.543942
4 10 0.512473
4 11 0.553753
4 12 0.544091
4 13 0.518418
4 14 0.686501
4 15 0.570423
4 16 0.582410
4 17 0.631616
4 18 0.577483
4 19 0.500002
4 20 0.577798
4 21 0.698701
4 23 0.697747
4 24 0.523708
4 25 0.539088
5 1 0.508007
5 2 0.871326
5 3 0.630351
5 4 0.542216
5 5 0.567159
5 6 0.583197
5 7 0.533062
5 8 0.524315
5 9 0.567183
5 10 0.516205
5 11 0.566061
5 12 0.551749
5 13 0.523528
5 14 0.706489
5 15 0.555893
5 16 0.604525
5 17 0.630351
5 18 0.613660
5 19 0.500002
5 20 0.590917
5 21 0.737646
5 22 0.517929
5 23 0.702363
5 24 0.524532
5 25 0.557967
6 1 0.546065
6 2 0.996610
6 3 0.929385
6 4 0.668258
6 5 0.583197
6 6 0.999995
6 7 0.698024
6 8 0.570179
6 9 0.646532
6 10 0.459412
6 11 0.676570
6 12 0.659734
6 13 0.573878
6 14 0.999918
6 15 0.919465
6 16 0.825234
6 17 0.929385
6 18 0.659532
6 19 0.500008
6 20 0.612061
6 21 0.963197
6 22 0.653481
6 23 0.965720
6 24 0.643595
6 25 0.544048
6 26 0.734346
7 1 0.510205
7 2 0.732185
7 3 0.602074
7 4 0.531430
7 5 0.533062
7 6 0.698024
7 7 0.542363
7 8 0.516515
7 9 0.535380
7 10 0.512077
7 11 0.540767
7 12 0.563751
7 13 0.516095
7 14 0.762757
7 15 0.558630
7 16 0.585446
7 17 0.602074
7 18 0.550843
7 19 0.500002
7 20 0.584520
7 21 0.662468
7 22 0.520623
7 23 0.611628
7 24 0.526822
7 25 0.528972
7 26 0.567481
8 1 0.504721
8 2 0.790115
8 3 0.515993
8 4 0.509741
8 5 0.524315
8 6 0.570179
8 7 0.516515
8 8 0.579479
8 9 0.539153
8 10 0.517805
8 11 0.492792
8 12 0.527128
8 13 0.516111
8 14 0.745163
8 15 0.625230
8 16 0.590617
8 17 0.515993
8 18 0.537488
8 19 0.500003
8 20 0.620839
8 21 0.605840
8 22 0.503008
8 23 0.548592
8 24 0.525325
8 25 0.507733
8 26 0.535315
9 1 0.515382
9 2 0.928467
9 3 0.660464
9 4 0.543942
9 5 0.567183
9 6 0.646532
9 7 0.535380
9 8 0.539153
9 9 0.584483
9 10 0.519264
9 11 0.555509
9 12 0.534921
9 13 0.540099
9 14 0.772245
9 15 0.647611
9 16 0.629547
9 17 0.660464
9 18 0.618811
9 19 0.500003
9 20 0.613366
9 21 0.774669
9 22 0.521688
9 23 0.750795
9 24 0.535390
9 25 0.555522
10 1 0.506347
10 2 0.674138
10 3 0.544210
10 4 0.512473
10 5 0.516205
10 6 0.459412
10 7 0.512077
10 8 0.517805
10 9 0.519264
10 10 0.519255
10 11 0.513088
10 12 0.523933
10 13 0.516229
10 14 0.555356
10 15 0.538535
10 16 0.537643
10 17 0.544210
10 18 0.533018
10 19 0.500002
10 20 0.574259
10 21 0.584423
10 22 0.506054
10 23 0.580026
10 24 0.520509
10 25 0.516197
10 26 0.533888
11 1 0.511755
11 2 0.844126
11 3 0.697108
11 4 0.553753
11 5 0.566061
11 6 0.676570
11 7 0.540767
11 8 0.492792
11 9 0.555509
11 10 0.513088
11 11 0.601340
11 12 0.553900
11 13 0.521391
11 14 0.622388
11 15 0.521079
11 16 0.617351
11 17 0.697108
11 18 0.620590
11 19 0.500002
11 20 0.600358
11 21 0.762453
11 22 0.525861
11 23 0.779002
11 24 0.522202
11 25 0.568319
12 1 0.504169
12 2 0.706710
12 3 0.559121
12 4 0.544091
12 5 0.551749
12 6 0.659734
12 7 0.563751
12 8 0.527128
12 9 0.534921
12 10 0.523933
12 11 0.553900
12 12 0.652087
12 13 0.497121
12 14 0.873180
12 15 0.485761
12 16 0.570813
12 17 0.559121
12 18 0.567157
12 19 0.500001
12 20 0.583048
12 21 0.663340
12 22 0.526858
12 23 0.476558
12 24 0.528856
12 25 0.542439
12 26 0.579345
13 1 0.512827
13 2 0.826669
13 3 0.617056
13 4 0.518418
13 5 0.523528
13 6 0.573878
13 7 0.516095
13 8 0.516111
13 9 0.540099
13 10 0.516229
13 11 0.521391
13 12 0.497121
13 13 0.540458
13 14 0.664595
13 15 0.602799
13 16 0.565171
13 17 0.617056
13 18 0.550365
13 19 0.500003
13 20 0.589264
13 21 0.669759
13 22 0.510607
13 23 0.698120
13 24 0.536804
13 25 0.521067
14 1 0.560579
14 2 0.999999
14 3 0.940603
14 4 0.686501
14 5 0.706489
14 6 0.999918
14 7 0.762757
14 8 0.745163
14 9 0.772245
14 10 0.555356
14 11 0.622388
14 12 0.873180
14 13 0.664595
14 14 1.000000
14 15 0.975836
14 16 0.775575
14 17 0.940603
14 18 0.783166
14 19 0.500021
14 20 0.796959
14 21 0.998489
14 22 0.642753
14 23 0.872362
14 24 0.787316
14 25 0.592150
15 1 0.564796
15 2 0.998691
15 3 0.849096
15 4 0.570423
15 5 0.555893
15 6 0.919465
15 7 0.558630
15 8 0.625230
15 9 0.647611
15 10 0.538535
15 11 0.521079
15 12 0.485761
15 13 0.602799
15 14 0.975836
15 15 0.954979
15 16 0.759043
15 17 0.849096
15 18 0.636859
15 19 0.500013
15 20 0.785867
15 21 0.953446
15 22 0.558638
15 23 0.935670
15 24 0.591631
15 25 0.539555
15 26 0.670966
16 1 0.535692
16 2 0.970010
16 3 0.812731
16 4 0.582410
16 5 0.604525
16 6 0.825234
16 7 0.585446
16 8 0.590617
16 9 0.629547
16 10 0.537643
16 11 0.617351
16 12 0.570813
16 13 0.565171
16 14 0.775575
16 15 0.759043
16 16 0.822532
16 17 0.812731
16 18 0.682946
16 19 0.500006
16 20 0.823159
16 21 0.894883
16 22 0.542611
16 23 0.908621
16 24 0.557917
16 25 0.596121
16 26 0.717517
17 1 0.562461
17 2 0.998419
17 4 0.631616
17 5 0.630351
17 6 0.929385
17 7 0.602074
17 8 0.515993
17 9 0.660464
17 10 0.544210
17 11 0.697108
17 12 0.559121
17 13 0.617056
17 14 0.940603
17 15 0.849096
17 16 0.812731
17 17 0.953755
17 18 0.754236
17 19 0.500009
17 20 0.811906
17 21 0.964184
17 22 0.577588
17 23 0.990551
17 24 0.601931
17 25 0.627324
17 26 0.788352
18 1 0.517810
18 2 0.976561
18 3 0.754236
18 4 0.577483
18 5 0.613660
18 6 0.659532
18 7 0.550843
18 8 0.537488
18 9 0.618811
18 10 0.533018
18 11 0.620590
18 12 0.567157
18 13 0.550365
18 14 0.783166
18 15 0.636859
18 16 0.682946
18 17 0.754236
18 18 0.710765
18 19 0.500004
18 20 0.676287
18 21 0.890571
18 22 0.533573
18 23 0.863374
18 24 0.553086
18 25 0.605018
19 1 0.500001
19 2 0.500041
19 3 0.500009
19 4 0.500002
19 5 0.500002
19 6 0.500008
19 7 0.500002
19 8 0.500003
19 9 0.500003
19 10 0.500002
19 11 0.500002
19 12 0.500001
19 13 0.500003
19 14 0.500021
19 15 0.500013
19 16 0.500006
19 17 0.500009
19 18 0.500004
19 19 0.500000
19 20 0.500011
19 21 0.500023
19 22 0.500001
19 23 0.500015
19 24 0.500003
19 25 0.500002
19 26 0.500005
20 1 0.542619
20 2 0.978645
20 3 0.811906
20 4 0.577798
20 5 0.590917
20 6 0.612061
20 7 0.584520
20 8 0.620839
20 9 0.613366
20 10 0.574259
20 11 0.600358
20 12 0.583048
20 13 0.589264
20 14 0.796959
20 15 0.785867
20 16 0.823159
20 17 0.811906
20 18 0.676287
20 19 0.500011
20 20 0.914734
20 21 0.948066
20 22 0.541120
20 23 0.911973
20 24 0.610294
20 25 0.594056
20 26 0.697267
21 1 0.584466
21 2 0.999996
21 3 0.964184
21 4 0.698701
21 5 0.737646
21 6 0.963197
21 7 0.662468
21 8 0.605840
21 9 0.774669
21 10 0.584423
21 11 0.762453
21 12 0.663340
21 13 0.669759
21 14 0.998489
21 15 0.953446
21 16 0.894883
21 17 0.964184
21 18 0.890571
21 19 0.500023
21 20 0.948066
21 21 0.999887
21 22 0.619457
21 23 0.987780
21 24 0.709967
21 25 0.747376
21 26 0.927528
22 1 0.507230
22 2 0.667610
22 3 0.577588
22 5 0.517929
22 6 0.653481
22 7 0.520623
22 8 0.503008
22 9 0.521688
22 10 0.506054
22 11 0.525861
22 12 0.526858
22 13 0.510607
22 14 0.642753
22 15 0.558638
22 16 0.542611
22 17 0.577588
22 18 0.533573
22 19 0.500001
22 20 0.541120
22 21 0.619457
22 22 0.519083
22 23 0.618732
22 24 0.516225
22 25 0.516757
22 26 0.544312
23 1 0.587085
23 2 0.999963
23 3 0.990551
23 4 0.697747
23 5 0.702363
23 6 0.965720
23 7 0.611628
23 8 0.548592
23 9 0.750795
23 10 0.580026
23 11 0.779002
23 12 0.476558
23 13 0.698120
23 14 0.872362
23 15 0.935670
23 16 0.908621
23 17 0.990551
23 18 0.863374
23 19 0.500015
23 20 0.911973
23 21 0.987780
23 22 0.618732
23 23 0.999861
23 24 0.661842
23 25 0.686446
23 26 0.893474
24 1 0.509703
24 2 0.827519
24 3 0.601931
24 4 0.523708
24 5 0.524532
24 6 0.643595
24 7 0.526822
24 8 0.525325
24 9 0.535390
24 10 0.520509
24 11 0.522202
24 12 0.528856
24 13 0.536804
24 14 0.787316
24 15 0.591631
24 16 0.557917
24 17 0.601931
24 18 0.553086
24 19 0.500003
24 20 0.610294
24 21 0.709967
24 22 0.516225
24 23 0.661842
24 24 0.553396
24 25 0.520088
25 1 0.509671
25 2 0.830293
25 3 0.627324
25 4 0.539088
25 5 0.557967
25 6 0.544048
25 7 0.528972
25 8 0.507733
25 9 0.555522
25 10 0.516197
25 11 0.568319
25 12 0.542439
25 13 0.521067
25 14 0.592150
25 15 0.539555
25 16 0.596121
25 17 0.627324
25 18 0.605018
25 19 0.500002
25 20 0.594056
25 21 0.747376
25 22 0.516757
25 23 0.686446
25 24 0.520088
25 25 0.558976
26 2 0.986992
26 6 0.734346
26 7 0.567481
26 8 0.535315
26 10 0.533888
26 12 0.579345
26 15 0.670966
26 16 0.717517
26 17 0.788352
26 19 0.500005
26 20 0.697267
26 21 0.927528
26 22 0.544312
26 23 0.893474
26 26 0.765321
