1 26 0.697182
3 17 0.665135
3 26 0.782967
4 22 0.504913
4 26 0.559159
5 26 0.696226
9 26 0.716516
11 26 0.760267
13 26 0.707842
14 26 0.897935
17 3 0.665135
18 26 0.842605
22 4 0.504913
24 26 0.713160
25 26 0.585455
26 1 0.697182
26 3 0.782967
26 4 0.559159
26 5 0.696226
26 9 0.716516
26 11 0.760267
26 13 0.707842
26 14 0.897935
26 18 0.842605
26 24 0.713160
26 25 0.585455
1 1 0.572826
1 2 0.877528
1 3 0.606478
1 4 0.523023
1 5 0.571999
1 6 0.793907
1 7 0.522870
1 8 0.560679
1 9 0.577381
1 10 0.508035
1 11 0.602285
1 12 0.589596
1 13 0.576986
1 14 0.681983
1 15 0.592743
1 16 0.643508
1 17 0.615930
1 18 0.630841
1 19 0.500002
1 20 0.628921
1 21 0.716670
1 22 0.557156
1 23 0.685825
1 24 0.576131
1 25 0.533280
2 1 0.877528
2 2 1.000000
2 3 0.950917
2 4 0.681285
2 5 0.876708
2 6 0.999796
2 7 0.657973
2 8 0.872491
2 9 0.889217
2 10 0.542004
2 11 0.940979
2 12 0.927203
2 13 0.883457
2 14 0.992235
2 15 0.958982
2 16 0.988419
2 17 0.962378
2 18 0.980222
2 19 0.500028
2 20 0.967250
2 21 0.999301
2 22 0.845551
2 23 0.997868
2 24 0.880540
2 25 0.788890
2 26 0.997216
3 1 0.606478
3 2 0.950917
3 3 0.691214
3 4 0.528632
3 5 0.611581
3 6 0.827645
3 7 0.528742
3 8 0.614531
3 9 0.616958
3 10 0.515609
3 11 0.651839
3 12 0.645675
3 13 0.619391
3 14 0.728737
3 15 0.577671
3 16 0.675027
3 18 0.713488
3 19 0.500005
3 20 0.679936
3 21 0.712833
3 22 0.583424
3 23 0.808758
3 24 0.621356
3 25 0.545235
4 1 0.523023
4 2 0.681285
4 3 0.528632
4 4 0.534390
4 5 0.519160
4 6 0.592241
4 7 0.506219
4 8 0.510050
4 9 0.521917
4 10 0.495801
4 11 0.529971
4 12 0.514943
4 13 0.523990
4 14 0.569452
4 15 0.490490
4 16 0.537988
4 17 0.534878
4 18 0.529317
4 19 0.500001
4 20 0.524237
4 21 0.625002
4 23 0.605945
4 24 0.521936
4 25 0.518201
5 1 0.571999
5 2 0.876708
5 3 0.611581
5 4 0.519160
5 5 0.574225
5 6 0.787582
5 7 0.520472
5 8 0.564642
5 9 0.576250
5 10 0.506059
5 11 0.601506
5 12 0.593026
5 13 0.576386
5 14 0.676154
5 15 0.582693
5 16 0.635456
5 17 0.619111
5 18 0.637797
5 19 0.500002
5 20 0.627778
5 21 0.690833
5 22 0.563558
5 23 0.685592
5 24 0.576390
5 25 0.533153
6 1 0.793907
6 2 0.999796
6 3 0.827645
6 4 0.592241
6 5 0.787582
6 6 0.999814
6 7 0.593179
6 8 0.692533
6 9 0.809586
6 10 0.493035
6 11 0.861739
6 12 0.787771
6 13 0.799586
6 14 0.985736
6 15 0.911551
6 16 0.959235
6 17 0.904584
6 18 0.888325
6 19 0.500000
6 20 0.898444
6 21 0.995545
6 22 0.778247
6 23 0.913453
6 24 0.791816
6 25 0.639818
6 26 0.976703
7 1 0.522870
7 2 0.657973
7 3 0.528742
7 4 0.506219
7 5 0.520472
7 6 0.593179
7 7 0.516382
7 8 0.529400
7 9 0.524206
7 10 0.508647
7 11 0.535206
7 12 0.537912
7 13 0.522883
7 14 0.552224
7 15 0.555709
7 16 0.557466
7 17 0.528969
7 18 0.545505
7 19 0.500001
7 20 0.545831
7 21 0.591813
7 22 0.515764
7 23 0.561760
7 24 0.525583
7 25 0.505089
7 26 0.569373
8 1 0.560679
8 2 0.872491
8 3 0.614531
8 4 0.510050
8 5 0.564642
8 6 0.692533
8 7 0.529400
8 8 0.677484
8 9 0.577436
8 10 0.512449
8 11 0.572465
8 12 0.626502
8 13 0.567456
8 14 0.625805
8 15 0.643918
8 16 0.701008
8 17 0.612637
8 18 0.690111
8 19 0.500004
8 20 0.574854
8 21 0.612612
8 22 0.578295
8 23 0.786580
8 24 0.581249
8 25 0.517690
8 26 0.716456
9 1 0.577381
9 2 0.889217
9 3 0.616958
9 4 0.521917
9 5 0.576250
9 6 0.809586
9 7 0.524206
9 8 0.577436
9 9 0.587976
9 10 0.508150
9 11 0.606673
9 12 0.589839
9 13 0.583127
9 14 0.701811
9 15 0.600702
9 16 0.661136
9 17 0.618989
9 18 0.641634
9 19 0.500002
9 20 0.617520
9 21 0.735990
9 22 0.560739
9 23 0.701299
9 24 0.583305
9 25 0.529409
10 1 0.508035
10 2 0.542004
10 3 0.515609
10 4 0.495801
10 5 0.506059
10 6 0.493035
10 7 0.508647
10 8 0.512449
10 9 0.508150
10 10 0.524320
10 11 0.514888
10 12 0.526071
10 13 0.508356
10 14 0.502903
10 15 0.539185
10 16 0.512125
10 17 0.496841
10 18 0.516192
10 19 0.500002
10 20 0.556544
10 21 0.486187
10 22 0.506523
10 23 0.538367
10 24 0.511122
10 25 0.493555
10 26 0.529110
11 1 0.602285
11 2 0.940979
11 3 0.651839
11 4 0.529971
11 5 0.601506
11 6 0.861739
11 7 0.535206
11 8 0.572465
11 9 0.606673
11 10 0.514888
11 11 0.650946
11 12 0.631967
11 13 0.608854
11 14 0.733987
11 15 0.618933
11 16 0.679046
11 17 0.656842
11 18 0.678312
11 19 0.500003
11 20 0.689633
11 21 0.784609
11 22 0.575757
11 23 0.735935
11 24 0.606607
11 25 0.547460
12 1 0.589596
12 2 0.927203
12 3 0.645675
12 4 0.514943
12 5 0.593026
12 6 0.787771
12 7 0.537912
12 8 0.626502
12 9 0.589839
12 10 0.526071
12 11 0.631967
12 12 0.716142
12 13 0.595883
12 14 0.643228
12 15 0.666930
12 16 0.714158
12 17 0.674134
12 18 0.726715
12 19 0.500006
12 20 0.730507
12 21 0.647470
12 22 0.600047
12 23 0.765306
12 24 0.603971
12 25 0.554630
12 26 0.751375
13 1 0.576986
13 2 0.883457
13 3 0.619391
13 4 0.523990
13 5 0.576386
13 6 0.799586
13 7 0.522883
13 8 0.567456
13 9 0.583127
13 10 0.508356
13 11 0.608854
13 12 0.595883
13 13 0.584379
13 14 0.686761
13 15 0.580971
13 16 0.644687
13 17 0.622455
13 18 0.640246
13 19 0.500002
13 20 0.629278
13 21 0.713805
13 22 0.555479
13 23 0.707199
13 24 0.583255
13 25 0.532369
14 1 0.681983
14 2 0.992235
14 3 0.728737
14 4 0.569452
14 5 0.676154
14 6 0.985736
14 7 0.552224
14 8 0.625805
14 9 0.701811
14 10 0.502903
14 11 0.733987
14 12 0.643228
14 13 0.686761
14 14 0.924858
14 15 0.709492
14 16 0.820254
14 17 0.753999
14 18 0.761824
14 19 0.500001
14 20 0.737026
14 21 0.953452
14 22 0.644470
14 23 0.832367
14 24 0.686280
14 25 0.550187
15 1 0.592743
15 2 0.958982
15 3 0.577671
15 4 0.490490
15 5 0.582693
15 6 0.911551
15 7 0.555709
15 8 0.643918
15 9 0.600702
15 10 0.539185
15 11 0.618933
15 12 0.666930
15 13 0.580971
15 14 0.709492
15 15 0.899817
15 16 0.856938
15 17 0.657071
15 18 0.691825
15 19 0.500007
15 20 0.759051
15 21 0.829252
15 22 0.637734
15 23 0.698171
15 24 0.583525
15 25 0.596312
15 26 0.778052
16 1 0.643508
16 2 0.988419
16 3 0.675027
16 4 0.537988
16 5 0.635456
16 6 0.959235
16 7 0.557466
16 8 0.701008
16 9 0.661136
16 10 0.512125
16 11 0.679046
16 12 0.714158
16 13 0.644687
16 14 0.820254
16 15 0.856938
16 16 0.893941
16 17 0.751154
16 18 0.776650
16 19 0.500007
16 20 0.750490
16 21 0.908061
16 22 0.653640
16 23 0.860384
16 24 0.643498
16 25 0.616633
16 26 0.864671
17 1 0.615930
17 2 0.962378
17 4 0.534878
17 5 0.619111
17 6 0.904584
17 7 0.528969
17 8 0.612637
17 9 0.618989
17 10 0.496841
17 11 0.656842
17 12 0.674134
17 13 0.622455
17 14 0.753999
17 15 0.657071
17 16 0.751154
17 17 0.725970
17 18 0.733099
17 19 0.500003
17 20 0.702874
17 21 0.797960
17 22 0.611828
17 23 0.791071
17 24 0.617242
17 25 0.581359
17 26 0.790145
18 1 0.630841
18 2 0.980222
18 3 0.713488
18 4 0.529317
18 5 0.637797
18 6 0.888325
18 7 0.545505
18 8 0.690111
18 9 0.641634
18 10 0.516192
18 11 0.678312
18 12 0.726715
18 13 0.640246
18 14 0.761824
18 15 0.691825
18 16 0.776650
18 17 0.733099
18 18 0.797590
18 19 0.500006
18 20 0.731177
18 21 0.764606
18 22 0.638039
18 23 0.861621
18 24 0.650038
18 25 0.566131
19 1 0.500002
19 2 0.500028
19 3 0.500005
19 4 0.500001
19 5 0.500002
19 6 0.500000
19 7 0.500001
19 8 0.500004
19 9 0.500002
19 10 0.500002
19 11 0.500003
19 12 0.500006
19 13 0.500002
19 14 0.500001
19 15 0.500007
19 16 0.500007
19 17 0.500003
19 18 0.500006
19 19 0.500000
19 20 0.500008
19 21 0.500004
19 22 0.500002
19 23 0.500014
19 24 0.500002
19 25 0.500004
19 26 0.500008
20 1 0.628921
20 2 0.967250
20 3 0.679936
20 4 0.524237
20 5 0.627778
20 6 0.898444
20 7 0.545831
20 8 0.574854
20 9 0.617520
20 10 0.556544
20 11 0.689633
20 12 0.730507
20 13 0.629278
20 14 0.737026
20 15 0.759051
20 16 0.750490
20 17 0.702874
20 18 0.731177
20 19 0.500008
20 20 0.861172
20 21 0.717677
20 22 0.630787
20 23 0.778436
20 24 0.629002
20 25 0.590817
20 26 0.806254
21 1 0.716670
21 2 0.999301
21 3 0.712833
21 4 0.625002
21 5 0.690833
21 6 0.995545
21 7 0.591813
21 8 0.612612
21 9 0.735990
21 10 0.486187
21 11 0.784609
21 12 0.647470
21 13 0.713805
21 14 0.953452
21 15 0.829252
21 16 0.908061
21 17 0.797960
21 18 0.764606
21 19 0.500004
21 20 0.717677
21 21 0.996911
21 22 0.625747
21 23 0.868808
21 24 0.693945
21 25 0.624194
21 26 0.930470
22 1 0.557156
22 2 0.845551
22 3 0.583424
22 5 0.563558
22 6 0.778247
22 7 0.515764
22 8 0.578295
22 9 0.560739
22 10 0.506523
22 11 0.575757
22 12 0.600047
22 13 0.555479
22 14 0.644470
22 15 0.637734
22 16 0.653640
22 17 0.611828
22 18 0.638039
22 19 0.500002
22 20 0.630787
22 21 0.625747
22 22 0.593201
22 23 0.643823
22 24 0.560335
22 25 0.535255
22 26 0.673758
23 1 0.685825
23 2 0.997868
23 3 0.808758
23 4 0.605945
23 5 0.685592
23 6 0.913453
23 7 0.561760
23 8 0.786580
23 9 0.701299
23 10 0.538367
23 11 0.735935
23 12 0.765306
23 13 0.707199
23 14 0.832367
23 15 0.698171
23 16 0.860384
23 17 0.791071
23 18 0.861621
23 19 0.500014
23 20 0.778436
23 21 0.868808
23 22 0.643823
23 23 0.982428
23 24 0.711236
23 25 0.614708
23 26 0.920963
24 1 0.576131
24 2 0.880540
24 3 0.621356
24 4 0.521936
24 5 0.576390
24 6 0.791816
24 7 0.525583
24 8 0.581249
24 9 0.583305
24 10 0.511122
24 11 0.606607
24 12 0.603971
24 13 0.583255
24 14 0.686280
24 15 0.583525
24 16 0.643498
24 17 0.617242
24 18 0.650038
24 19 0.500002
24 20 0.629002
24 21 0.693945
24 22 0.560335
24 23 0.711236
24 24 0.587330
24 25 0.521892
25 1 0.533280
25 2 0.788890
25 3 0.545235
25 4 0.518201
25 5 0.533153
25 6 0.639818
25 7 0.505089
25 8 0.517690
25 9 0.529409
25 10 0.493555
25 11 0.547460
25 12 0.554630
25 13 0.532369
25 14 0.550187
25 15 0.596312
25 16 0.616633
25 17 0.581359
25 18 0.566131
25 19 0.500004
25 20 0.590817
25 21 0.624194
25 22 0.535255
25 23 0.614708
25 24 0.521892
25 25 0.573604
26 2 0.997216
26 6 0.976703
26 7 0.569373
26 8 0.716456
26 10 0.529110
26 12 0.751375
26 15 0.778052
26 16 0.864671
26 17 0.790145
26 19 0.500008
26 20 0.806254
26 21 0.930470
26 22 0.673758
26 23 0.920963
26 26 0.925878
