1 26 0.696318
3 17 0.806728
3 26 0.841682
4 22 0.576186
4 26 0.716032
5 26 0.503140
9 26 0.656101
11 26 0.772592
13 26 0.619112
14 26 0.818819
17 3 0.806728
18 26 0.875489
22 4 0.576186
24 26 0.709550
25 26 0.702876
26 1 0.696318
26 3 0.841682
26 4 0.716032
26 5 0.503140
26 9 0.656101
26 11 0.772592
26 13 0.619112
26 14 0.818819
26 18 0.875489
26 24 0.709550
26 25 0.702876
1 1 0.588386
1 2 0.921899
1 3 0.668894
1 4 0.596942
1 5 0.504993
1 6 0.874806
1 7 0.530224
1 8 0.561308
1 9 0.570245
1 10 0.513074
1 11 0.623739
1 12 0.547741
1 13 0.544801
1 14 0.657461
1 15 0.611659
1 16 0.586201
1 17 0.647659
1 18 0.665412
1 19 0.500001
1 20 0.670071
1 21 0.700502
1 22 0.556888
1 23 0.590219
1 24 0.592725
1 25 0.591096
2 1 0.921899
2 2 1.000000
2 3 0.985810
2 4 0.915195
2 5 0.563961
2 6 1.000000
2 7 0.811566
2 8 0.897427
2 9 0.805168
2 10 0.624856
2 11 0.948638
2 12 0.742199
2 13 0.810098
2 14 0.997447
2 15 0.959042
2 16 0.981292
2 17 0.970673
2 18 0.999771
2 19 0.500010
2 20 0.996553
2 21 0.851062
2 22 0.771852
2 23 0.627880
2 24 0.936487
2 25 0.932796
2 26 0.997827
3 1 0.668894
3 2 0.985810
3 3 0.827980
3 4 0.693938
3 5 0.496628
3 6 0.976001
3 7 0.544639
3 8 0.620241
3 9 0.657519
3 10 0.523080
3 11 0.751965
3 12 0.599975
3 13 0.601432
3 14 0.746371
3 15 0.723682
3 16 0.667419
3 18 0.841088
3 19 0.500002
3 20 0.797083
3 21 0.918080
3 22 0.624083
3 23 0.693682
3 24 0.681852
3 25 0.674018
4 1 0.596942
4 2 0.915195
4 3 0.693938
4 4 0.616164
4 5 0.507642
4 6 0.888919
4 7 0.531027
4 8 0.568995
4 9 0.585605
4 10 0.514850
4 11 0.648744
4 12 0.557963
4 13 0.556435
4 14 0.649735
4 15 0.635977
4 16 0.592787
4 17 0.674814
4 18 0.713149
4 19 0.500002
4 20 0.698298
4 21 0.759966
4 23 0.625178
4 24 0.602432
4 25 0.597878
5 1 0.504993
5 2 0.563961
5 3 0.496628
5 4 0.507642
5 5 0.528401
5 6 0.533777
5 7 0.511103
5 8 0.507601
5 9 0.513721
5 10 0.509065
5 11 0.501718
5 12 0.505198
5 13 0.502735
5 14 0.516960
5 15 0.527241
5 16 0.510531
5 17 0.492259
5 18 0.495583
5 19 0.500002
5 20 0.544476
5 21 0.477769
5 22 0.505748
5 23 0.569039
5 24 0.500795
5 25 0.501294
6 1 0.874806
6 2 1.000000
6 3 0.976001
6 4 0.888919
6 5 0.533777
6 6 1.000000
6 7 0.684443
6 8 0.858638
6 9 0.785974
6 10 0.513211
6 11 0.943475
6 12 0.660307
6 13 0.827322
6 14 0.973056
6 15 0.906249
6 16 0.886173
6 17 0.961833
6 18 0.998805
6 19 0.500008
6 20 0.969685
6 21 0.985449
6 22 0.774832
6 23 0.766279
6 24 0.889098
6 25 0.889727
6 26 0.991407
7 1 0.530224
7 2 0.811566
7 3 0.544639
7 4 0.531027
7 5 0.511103
7 6 0.684443
7 7 0.526173
7 8 0.523298
7 9 0.515445
7 10 0.504425
7 11 0.534716
7 12 0.519561
7 13 0.513241
7 14 0.574188
7 15 0.549363
7 16 0.548319
7 17 0.535024
7 18 0.565851
7 19 0.500001
7 20 0.575556
7 21 0.514122
7 22 0.518304
7 23 0.512326
7 24 0.532424
7 25 0.529581
7 26 0.574227
8 1 0.561308
8 2 0.897427
8 3 0.620241
8 4 0.568995
8 5 0.507601
8 6 0.858638
8 7 0.523298
8 8 0.591609
8 9 0.573684
8 10 0.507077
8 11 0.588590
8 12 0.536387
8 13 0.522238
8 14 0.587755
8 15 0.594239
8 16 0.624976
8 17 0.608395
8 18 0.798343
8 19 0.500001
8 20 0.661250
8 21 0.687423
8 22 0.544860
8 23 0.656395
8 24 0.569236
8 25 0.565963
8 26 0.642717
9 1 0.570245
9 2 0.805168
9 3 0.657519
9 4 0.585605
9 5 0.513721
9 6 0.785974
9 7 0.515445
9 8 0.573684
9 9 0.625163
9 10 0.517884
9 11 0.616292
9 12 0.541740
9 13 0.527925
9 14 0.589590
9 15 0.633463
9 16 0.588084
9 17 0.646296
9 18 0.761274
9 19 0.500002
9 20 0.650987
9 21 0.801025
9 22 0.556630
9 23 0.734256
9 24 0.571483
9 25 0.569440
10 1 0.513074
10 2 0.624856
10 3 0.523080
10 4 0.514850
10 5 0.509065
10 6 0.513211
10 7 0.504425
10 8 0.507077
10 9 0.517884
10 10 0.520675
10 11 0.515727
10 12 0.506637
10 13 0.509156
10 14 0.540519
10 15 0.524598
10 16 0.531702
10 17 0.516715
10 18 0.530028
10 19 0.500000
10 20 0.566692
10 21 0.495302
10 22 0.506627
10 23 0.564785
10 24 0.509184
10 25 0.510483
10 26 0.524826
11 1 0.623739
11 2 0.948638
11 3 0.751965
11 4 0.648744
11 5 0.501718
11 6 0.943475
11 7 0.534716
11 8 0.588590
11 9 0.616292
11 10 0.515727
11 11 0.698753
11 12 0.570304
11 13 0.583504
11 14 0.678173
11 15 0.675970
11 16 0.615557
11 17 0.733209
11 18 0.794828
11 19 0.500002
11 20 0.724933
11 21 0.858299
11 22 0.599644
11 23 0.679213
11 24 0.631670
11 25 0.625708
12 1 0.547741
12 2 0.742199
12 3 0.599975
12 4 0.557963
12 5 0.505198
12 6 0.660307
12 7 0.519561
12 8 0.536387
12 9 0.541740
12 10 0.506637
12 11 0.570304
12 12 0.548384
12 13 0.504500
12 14 0.558624
12 15 0.561479
12 16 0.549597
12 17 0.591251
12 18 0.598768
12 19 0.500001
12 20 0.614610
12 21 0.640805
12 22 0.539398
12 23 0.528409
12 24 0.555779
12 25 0.547814
12 26 0.608161
13 1 0.544801
13 2 0.810098
13 3 0.601432
13 4 0.556435
13 5 0.502735
13 6 0.827322
13 7 0.513241
13 8 0.522238
13 9 0.527925
13 10 0.509156
13 11 0.583504
13 12 0.504500
13 13 0.575688
13 14 0.589419
13 15 0.568026
13 16 0.546376
13 17 0.592908
13 18 0.637890
13 19 0.500001
13 20 0.575829
13 21 0.649938
13 22 0.537369
13 23 0.583401
13 24 0.544646
13 25 0.545333
14 1 0.657461
14 2 0.997447
14 3 0.746371
14 4 0.649735
14 5 0.516960
14 6 0.973056
14 7 0.574188
14 8 0.587755
14 9 0.589590
14 10 0.540519
14 11 0.678173
14 12 0.558624
14 13 0.589419
14 14 0.849079
14 15 0.687288
14 16 0.687782
14 17 0.697397
14 18 0.621625
14 19 0.500001
14 20 0.790661
14 21 0.626135
14 22 0.567030
14 23 0.641736
14 24 0.654632
14 25 0.660725
15 1 0.611659
15 2 0.959042
15 3 0.723682
15 4 0.635977
15 5 0.527241
15 6 0.906249
15 7 0.549363
15 8 0.594239
15 9 0.633463
15 10 0.524598
15 11 0.675970
15 12 0.561479
15 13 0.568026
15 14 0.687288
15 15 0.748631
15 16 0.691574
15 17 0.702917
15 18 0.751349
15 19 0.500004
15 20 0.777866
15 21 0.838366
15 22 0.590344
15 23 0.781454
15 24 0.610049
15 25 0.605512
15 26 0.746328
16 1 0.586201
16 2 0.981292
16 3 0.667419
16 4 0.592787
16 5 0.510531
16 6 0.886173
16 7 0.548319
16 8 0.624976
16 9 0.588084
16 10 0.531702
16 11 0.615557
16 12 0.549597
16 13 0.546376
16 14 0.687782
16 15 0.691574
16 16 0.794285
16 17 0.647771
16 18 0.816207
16 19 0.500001
16 20 0.796000
16 21 0.734676
16 22 0.553808
16 23 0.794239
16 24 0.592991
16 25 0.586863
16 26 0.706878
17 1 0.647659
17 2 0.970673
17 4 0.674814
17 5 0.492259
17 6 0.961833
17 7 0.535024
17 8 0.608395
17 9 0.646296
17 10 0.516715
17 11 0.733209
17 12 0.591251
17 13 0.592908
17 14 0.697397
17 15 0.702917
17 16 0.647771
17 17 0.790270
17 18 0.840356
17 19 0.500002
17 20 0.761665
17 21 0.917095
17 22 0.615536
17 23 0.675467
17 24 0.662387
17 25 0.652569
17 26 0.813282
18 1 0.665412
18 2 0.999771
18 3 0.841088
18 4 0.713149
18 5 0.495583
18 6 0.998805
18 7 0.565851
18 8 0.798343
18 9 0.761274
18 10 0.530028
18 11 0.794828
18 12 0.598768
18 13 0.637890
18 14 0.621625
18 15 0.751349
18 16 0.816207
18 17 0.840356
18 18 0.999850
18 19 0.500006
18 20 0.863186
18 21 0.965810
18 22 0.675998
18 23 0.933523
18 24 0.710606
18 25 0.686266
19 1 0.500001
19 2 0.500010
19 3 0.500002
19 4 0.500002
19 5 0.500002
19 6 0.500008
19 7 0.500001
19 8 0.500001
19 9 0.500002
19 10 0.500000
19 11 0.500002
19 12 0.500001
19 13 0.500001
19 14 0.500001
19 15 0.500004
19 16 0.500001
19 17 0.500002
19 18 0.500006
19 19 0.500000
19 20 0.500003
19 21 0.500005
19 22 0.500001
19 23 0.500006
19 24 0.500001
19 25 0.500001
19 26 0.500002
20 1 0.670071
20 2 0.996553
20 3 0.797083
20 4 0.698298
20 5 0.544476
20 6 0.969685
20 7 0.575556
20 8 0.661250
20 9 0.650987
20 10 0.566692
20 11 0.724933
20 12 0.614610
20 13 0.575829
20 14 0.790661
20 15 0.777866
20 16 0.796000
20 17 0.761665
20 18 0.863186
20 19 0.500003
20 20 0.921008
20 21 0.774483
20 22 0.625742
20 23 0.798080
20 24 0.673230
20 25 0.665385
20 26 0.827601
21 1 0.700502
21 2 0.851062
21 3 0.918080
21 4 0.759966
21 5 0.477769
21 6 0.985449
21 7 0.514122
21 8 0.687423
21 9 0.801025
21 10 0.495302
21 11 0.858299
21 12 0.640805
21 13 0.649938
21 14 0.626135
21 15 0.838366
21 16 0.734676
21 17 0.917095
21 18 0.965810
21 19 0.500005
21 20 0.774483
21 21 0.998493
21 22 0.701695
21 23 0.949199
21 24 0.725192
21 25 0.703969
21 26 0.899197
22 1 0.556888
22 2 0.771852
22 3 0.624083
22 5 0.505748
22 6 0.774832
22 7 0.518304
22 8 0.544860
22 9 0.556630
22 10 0.506627
22 11 0.599644
22 12 0.539398
22 13 0.537369
22 14 0.567030
22 15 0.590344
22 16 0.553808
22 17 0.615536
22 18 0.675998
22 19 0.500001
22 20 0.625742
22 21 0.701695
22 22 0.556252
22 23 0.588673
22 24 0.562017
22 25 0.556372
22 26 0.635966
23 1 0.590219
23 2 0.627880
23 3 0.693682
23 4 0.625178
23 5 0.569039
23 6 0.766279
23 7 0.512326
23 8 0.656395
23 9 0.734256
23 10 0.564785
23 11 0.679213
23 12 0.528409
23 13 0.583401
23 14 0.641736
23 15 0.781454
23 16 0.794239
23 17 0.675467
23 18 0.933523
23 19 0.500006
23 20 0.798080
23 21 0.949199
23 22 0.588673
23 23 0.995141
23 24 0.572437
23 25 0.580420
23 26 0.701731
24 1 0.592725
24 2 0.936487
24 3 0.681852
24 4 0.602432
24 5 0.500795
24 6 0.889098
24 7 0.532424
24 8 0.569236
24 9 0.571483
24 10 0.509184
24 11 0.631670
24 12 0.555779
24 13 0.544646
24 14 0.654632
24 15 0.610049
24 16 0.592991
24 17 0.662387
24 18 0.710606
24 19 0.500001
24 20 0.673230
24 21 0.725192
24 22 0.562017
24 23 0.572437
24 24 0.602289
24 25 0.597412
25 1 0.591096
25 2 0.932796
25 3 0.674018
25 4 0.597878
25 5 0.501294
25 6 0.889727
25 7 0.529581
25 8 0.565963
25 9 0.569440
25 10 0.510483
25 11 0.625708
25 12 0.547814
25 13 0.545333
25 14 0.660725
25 15 0.605512
25 16 0.586863
25 17 0.652569
25 18 0.686266
25 19 0.500001
25 20 0.665385
25 21 0.703969
25 22 0.556372
25 23 0.580420
25 24 0.597412
25 25 0.596086
26 2 0.997827
26 6 0.991407
26 7 0.574227
26 8 0.642717
26 10 0.524826
26 12 0.608161
26 15 0.746328
26 16 0.706878
26 17 0.813282
26 19 0.500002
26 20 0.827601
26 21 0.899197
26 22 0.635966
26 23 0.701731
26 26 0.881969
