1 26 0.764038
3 17 0.932567
3 26 0.935287
4 22 0.553110
4 26 0.664318
5 26 0.789874
9 26 0.801743
11 26 0.906973
13 26 0.715828
14 26 0.847151
17 3 0.932567
18 26 0.850377
22 4 0.553110
24 26 0.704598
25 26 0.756148
26 1 0.764038
26 3 0.935287
26 4 0.664318
26 5 0.789874
26 9 0.801743
26 11 0.906973
26 13 0.715828
26 14 0.847151
26 18 0.850377
26 24 0.704598
26 25 0.756148
1 1 0.613426
1 2 0.906959
1 3 0.740234
1 4 0.565481
1 5 0.625527
1 6 0.953835
1 7 0.524587
1 8 0.574185
1 9 0.633827
1 10 0.502631
1 11 0.706645
1 12 0.567904
1 13 0.584960
1 14 0.656696
1 15 0.732069
1 16 0.721006
1 17 0.731248
1 18 0.664413
1 19 0.500001
1 20 0.632005
1 21 0.934091
1 22 0.565481
1 23 0.793749
1 24 0.582711
1 25 0.609278
2 1 0.906959
2 2 1.000000
2 3 0.996951
2 4 0.827907
2 5 0.931555
2 6 1.000000
2 7 0.700390
2 8 0.855342
2 9 0.932101
2 10 0.563528
2 11 0.991596
2 12 0.779834
2 13 0.828247
2 14 0.975849
2 15 0.978699
2 16 0.997537
2 17 0.996268
2 18 0.972084
2 19 0.500001
2 20 0.991845
2 21 0.999999
2 22 0.827907
2 23 0.999152
2 24 0.898784
2 25 0.899061
2 26 0.997392
3 1 0.740234
3 2 0.996951
3 3 0.935743
3 4 0.653501
3 5 0.758562
3 6 0.999115
3 7 0.550339
3 8 0.669731
3 9 0.771009
3 10 0.507466
3 11 0.882435
3 12 0.671817
3 13 0.693549
3 14 0.789612
3 15 0.893008
3 16 0.904873
3 18 0.844670
3 19 0.500005
3 20 0.860320
3 21 0.997878
3 22 0.653501
3 23 0.962527
3 24 0.725249
3 25 0.733661
4 1 0.565481
4 2 0.827907
4 3 0.653501
4 4 0.553110
4 5 0.574454
4 6 0.913347
4 7 0.517852
4 8 0.548620
4 9 0.577310
4 10 0.499833
4 11 0.627789
4 12 0.544226
4 13 0.554579
4 14 0.602908
4 15 0.631440
4 16 0.656698
4 17 0.647170
4 18 0.597133
4 19 0.500000
4 20 0.585665
4 21 0.816042
4 23 0.691522
4 24 0.559239
4 25 0.564069
5 1 0.625527
5 2 0.931555
5 3 0.758562
5 4 0.574454
5 5 0.641848
5 6 0.972137
5 7 0.533497
5 8 0.582150
5 9 0.647884
5 10 0.508603
5 11 0.736551
5 12 0.577767
5 13 0.597034
5 14 0.679876
5 15 0.754213
5 16 0.745434
5 17 0.748978
5 18 0.676694
5 19 0.500001
5 20 0.645671
5 21 0.951229
5 22 0.574454
5 23 0.819556
5 24 0.590201
5 25 0.620744
6 1 0.953835
6 2 1.000000
6 3 0.999115
6 4 0.913347
6 5 0.972137
6 6 1.000000
6 7 0.744951
6 8 0.896607
6 9 0.972505
6 10 0.536625
6 11 0.999019
6 12 0.878221
6 13 0.926143
6 14 0.992607
6 15 0.997809
6 16 0.999330
6 17 0.998802
6 18 0.984208
6 19 0.500000
6 20 0.977623
6 21 1.000000
6 22 0.913347
6 23 0.999890
6 24 0.931568
6 25 0.950835
6 26 0.999629
7 1 0.524587
7 2 0.700390
7 3 0.550339
7 4 0.517852
7 5 0.533497
7 6 0.744951
7 7 0.526014
7 8 0.522411
7 9 0.530028
7 10 0.515964
7 11 0.585787
7 12 0.520105
7 13 0.523683
7 14 0.552351
7 15 0.533481
7 16 0.575082
7 17 0.546900
7 18 0.528885
7 19 0.500000
7 20 0.537159
7 21 0.633990
7 22 0.517852
7 23 0.544147
7 24 0.514223
7 25 0.523997
7 26 0.570015
8 1 0.574185
8 2 0.855342
8 3 0.669731
8 4 0.548620
8 5 0.582150
8 6 0.896607
8 7 0.522411
8 8 0.565202
8 9 0.587775
8 10 0.503713
8 11 0.625297
8 12 0.552230
8 13 0.555577
8 14 0.613608
8 15 0.628953
8 16 0.684117
8 17 0.660356
8 18 0.619795
8 19 0.500000
8 20 0.611285
8 21 0.828412
8 22 0.548620
8 23 0.701780
8 24 0.563258
8 25 0.573604
8 26 0.681825
9 1 0.633827
9 2 0.932101
9 3 0.771009
9 4 0.577310
9 5 0.647884
9 6 0.972505
9 7 0.530028
9 8 0.587775
9 9 0.659181
9 10 0.502951
9 11 0.739039
9 12 0.577554
9 13 0.599868
9 14 0.687105
9 15 0.771690
9 16 0.753232
9 17 0.760143
9 18 0.689467
9 19 0.500001
9 20 0.638142
9 21 0.958529
9 22 0.577310
9 23 0.824823
9 24 0.591610
9 25 0.629084
10 1 0.502631
10 2 0.563528
10 3 0.507466
10 4 0.499833
10 5 0.508603
10 6 0.536625
10 7 0.515964
10 8 0.503713
10 9 0.502951
10 10 0.519830
10 11 0.530441
10 12 0.513049
10 13 0.509507
10 14 0.512546
10 15 0.497016
10 16 0.518015
10 17 0.509797
10 18 0.502065
10 19 0.500000
10 20 0.539211
10 21 0.538436
10 22 0.499833
10 23 0.502484
10 24 0.502782
10 25 0.501622
10 26 0.518896
11 1 0.706645
11 2 0.991596
11 3 0.882435
11 4 0.627789
11 5 0.736551
11 6 0.999019
11 7 0.585787
11 8 0.625297
11 9 0.739039
11 10 0.530441
11 11 0.922471
11 12 0.646194
11 13 0.687718
11 14 0.766360
11 15 0.866539
11 16 0.845178
11 17 0.877655
11 18 0.759658
11 19 0.500002
11 20 0.706438
11 21 0.994251
11 22 0.627789
11 23 0.899640
11 24 0.641938
11 25 0.700242
12 1 0.567904
12 2 0.779834
12 3 0.671817
12 4 0.544226
12 5 0.577767
12 6 0.878221
12 7 0.520105
12 8 0.552230
12 9 0.577554
12 10 0.513049
12 11 0.646194
12 12 0.586850
12 13 0.584480
12 14 0.582718
12 15 0.613554
12 16 0.641388
12 17 0.671614
12 18 0.612304
12 19 0.500002
12 20 0.649921
12 21 0.828316
12 22 0.544226
12 23 0.706298
12 24 0.576757
12 25 0.567881
12 26 0.676394
13 1 0.584960
13 2 0.828247
13 3 0.693549
13 4 0.554579
13 5 0.597034
13 6 0.926143
13 7 0.523683
13 8 0.555577
13 9 0.599868
13 10 0.509507
13 11 0.687718
13 12 0.584480
13 13 0.603678
13 14 0.623394
13 15 0.636797
13 16 0.649777
13 17 0.688575
13 18 0.629899
13 19 0.500002
13 20 0.618347
13 21 0.877993
13 22 0.554579
13 23 0.724531
13 24 0.574439
13 25 0.584966
14 1 0.656696
14 2 0.975849
14 3 0.789612
14 4 0.602908
14 5 0.679876
14 6 0.992607
14 7 0.552351
14 8 0.613608
14 9 0.687105
14 10 0.512546
14 11 0.766360
14 12 0.582718
14 13 0.623394
14 14 0.771733
14 15 0.772064
14 16 0.814690
14 17 0.768883
14 18 0.715612
14 19 0.499999
14 20 0.647737
14 21 0.974783
14 22 0.602908
14 23 0.864260
14 24 0.599047
14 25 0.652291
15 1 0.732069
15 2 0.978699
15 3 0.893008
15 4 0.631440
15 5 0.754213
15 6 0.997809
15 7 0.533481
15 8 0.628953
15 9 0.771690
15 10 0.497016
15 11 0.866539
15 12 0.613554
15 13 0.636797
15 14 0.772064
15 15 0.958754
15 16 0.873033
15 17 0.886305
15 18 0.785885
15 19 0.500003
15 20 0.654496
15 21 0.997538
15 22 0.631440
15 23 0.954866
15 24 0.630650
15 25 0.716304
15 26 0.925372
16 1 0.721006
16 2 0.997537
16 3 0.904873
16 4 0.656698
16 5 0.745434
16 6 0.999330
16 7 0.575082
16 8 0.684117
16 9 0.753232
16 10 0.518015
16 11 0.845178
16 12 0.641388
16 13 0.649777
16 14 0.814690
16 15 0.873033
16 16 0.929929
16 17 0.894381
16 18 0.814866
16 19 0.500001
16 20 0.817292
16 21 0.994722
16 22 0.656698
16 23 0.945337
16 24 0.686707
16 25 0.713861
16 26 0.919051
17 1 0.731248
17 2 0.996268
17 4 0.647170
17 5 0.748978
17 6 0.998802
17 7 0.546900
17 8 0.660356
17 9 0.760143
17 10 0.509797
17 11 0.877655
17 12 0.671614
17 13 0.688575
17 14 0.768883
17 15 0.886305
17 16 0.894381
17 17 0.930843
17 18 0.836168
17 19 0.500005
17 20 0.867574
17 21 0.997499
17 22 0.647170
17 23 0.959337
17 24 0.725988
17 25 0.724453
17 26 0.928207
18 1 0.664413
18 2 0.972084
18 3 0.844670
18 4 0.597133
18 5 0.676694
18 6 0.984208
18 7 0.528885
18 8 0.619795
18 9 0.689467
18 10 0.502065
18 11 0.759658
18 12 0.612304
18 13 0.629899
18 14 0.715612
18 15 0.785885
18 16 0.814866
18 17 0.836168
18 18 0.761446
18 19 0.500003
18 20 0.744345
18 21 0.977923
18 22 0.597133
18 23 0.888112
18 24 0.641899
18 25 0.660614
19 1 0.500001
19 2 0.500001
19 3 0.500005
19 4 0.500000
19 5 0.500001
19 6 0.500000
19 7 0.500000
19 8 0.500000
19 9 0.500001
19 10 0.500000
19 11 0.500002
19 12 0.500002
19 13 0.500002
19 14 0.499999
19 15 0.500003
19 16 0.500001
19 17 0.500005
19 18 0.500003
19 19 0.500000
19 20 0.500007
19 21 0.500009
19 22 0.500000
19 23 0.500008
19 24 0.500003
19 25 0.500001
19 26 0.500003
20 1 0.632005
20 2 0.991845
20 3 0.860320
20 4 0.585665
20 5 0.645671
20 6 0.977623
20 7 0.537159
20 8 0.611285
20 9 0.638142
20 10 0.539211
20 11 0.706438
20 12 0.649921
20 13 0.618347
20 14 0.647737
20 15 0.654496
20 16 0.817292
20 17 0.867574
20 18 0.744345
20 19 0.500007
20 20 0.952823
20 21 0.981519
20 22 0.585665
20 23 0.924906
20 24 0.736088
20 25 0.623583
20 26 0.814311
21 1 0.934091
21 2 0.999999
21 3 0.997878
21 4 0.816042
21 5 0.951229
21 6 1.000000
21 7 0.633990
21 8 0.828412
21 9 0.958529
21 10 0.538436
21 11 0.994251
21 12 0.828316
21 13 0.877993
21 14 0.974783
21 15 0.997538
21 16 0.994722
21 17 0.997499
21 18 0.977923
21 19 0.500009
21 20 0.981519
21 21 1.000000
21 22 0.816042
21 23 0.999753
21 24 0.893241
21 25 0.925604
21 26 0.998963
22 1 0.565481
22 2 0.827907
22 3 0.653501
22 5 0.574454
22 6 0.913347
22 7 0.517852
22 8 0.548620
22 9 0.577310
22 10 0.499833
22 11 0.627789
22 12 0.544226
22 13 0.554579
22 14 0.602908
22 15 0.631440
22 16 0.656698
22 17 0.647170
22 18 0.597133
22 19 0.500000
22 20 0.585665
22 21 0.816042
22 22 0.553110
22 23 0.691522
22 24 0.559239
22 25 0.564069
22 26 0.664318
23 1 0.793749
23 2 0.999152
23 3 0.962527
23 4 0.691522
23 5 0.819556
23 6 0.999890
23 7 0.544147
23 8 0.701780
23 9 0.824823
23 10 0.502484
23 11 0.899640
23 12 0.706298
23 13 0.724531
23 14 0.864260
23 15 0.954866
23 16 0.945337
23 17 0.959337
23 18 0.888112
23 19 0.500008
23 20 0.924906
23 21 0.999753
23 22 0.691522
23 23 0.994702
23 24 0.787709
23 25 0.784271
23 26 0.970440
24 1 0.582711
24 2 0.898784
24 3 0.725249
24 4 0.559239
24 5 0.590201
24 6 0.931568
24 7 0.514223
24 8 0.563258
24 9 0.591610
24 10 0.502782
24 11 0.641938
24 12 0.576757
24 13 0.574439
24 14 0.599047
24 15 0.630650
24 16 0.686707
24 17 0.725988
24 18 0.641899
24 19 0.500003
24 20 0.736088
24 21 0.893241
24 22 0.559239
24 23 0.787709
24 24 0.618572
24 25 0.581763
25 1 0.609278
25 2 0.899061
25 3 0.733661
25 4 0.564069
25 5 0.620744
25 6 0.950835
25 7 0.523997
25 8 0.573604
25 9 0.629084
25 10 0.501622
25 11 0.700242
25 12 0.567881
25 13 0.584966
25 14 0.652291
25 15 0.716304
25 16 0.713861
25 17 0.724453
25 18 0.660614
25 19 0.500001
25 20 0.623583
25 21 0.925604
25 22 0.564069
25 23 0.784271
25 24 0.581763
25 25 0.606609
26 2 0.997392
26 6 0.999629
26 7 0.570015
26 8 0.681825
26 10 0.518896
26 12 0.676394
26 15 0.925372
26 16 0.919051
26 17 0.928207
26 19 0.500003
26 20 0.814311
26 21 0.998963
26 22 0.664318
26 23 0.970440
26 26 0.954584
