1 26 0.899871
3 17 0.915606
3 26 0.981754
4 22 0.586217
4 26 0.882624
5 26 0.562475
9 26 0.923969
11 26 0.946985
13 26 0.687648
14 26 0.989196
17 3 0.915606
18 26 0.949136
22 4 0.586217
24 26 0.914411
25 26 0.556158
26 1 0.899871
26 3 0.981754
26 4 0.882624
26 5 0.562475
26 9 0.923969
26 11 0.946985
26 13 0.687648
26 14 0.989196
26 18 0.949136
26 24 0.914411
26 25 0.556158
1 1 0.705318
1 2 0.953468
1 3 0.826195
1 4 0.687651
1 5 0.521241
1 6 0.988305
1 7 0.520906
1 8 0.619933
1 9 0.728895
1 10 0.535558
1 11 0.756455
1 12 0.556025
1 13 0.565405
1 14 0.858538
1 15 0.728441
1 16 0.894231
1 17 0.784803
1 18 0.763776
1 19 0.500004
1 20 0.811816
1 21 0.985906
1 22 0.575334
1 23 0.947889
1 24 0.715979
1 25 0.520981
2 1 0.953468
2 2 1.000000
2 3 0.997124
2 4 0.932600
2 5 0.668400
2 6 0.999999
2 7 0.637108
2 8 0.934073
2 9 0.966407
2 10 0.649011
2 11 0.979804
2 12 0.856559
2 13 0.794861
2 14 0.989750
2 15 0.959764
2 16 0.999824
2 17 0.989124
2 18 0.987910
2 19 0.500012
2 20 0.995783
2 21 1.000000
2 22 0.759850
2 23 0.999993
2 24 0.967230
2 25 0.604741
2 26 0.999639
3 1 0.826195
3 2 0.997124
3 3 0.948326
3 4 0.802973
3 5 0.564227
3 6 0.999512
3 7 0.554387
3 8 0.727580
3 9 0.855354
3 10 0.568469
3 11 0.883658
3 12 0.630148
3 13 0.626418
3 14 0.951397
3 15 0.847984
3 16 0.982912
3 18 0.894939
3 19 0.500006
3 20 0.935550
3 21 0.999602
3 22 0.636241
3 23 0.996465
3 24 0.844691
3 25 0.542298
4 1 0.687651
4 2 0.932600
4 3 0.802973
4 4 0.685192
4 5 0.514293
4 6 0.988394
4 7 0.516023
4 8 0.593786
4 9 0.712239
4 10 0.529902
4 11 0.737491
4 12 0.554256
4 13 0.562208
4 14 0.852414
4 15 0.726628
4 16 0.855130
4 17 0.744688
4 18 0.727439
4 19 0.500002
4 20 0.768357
4 21 0.973874
4 23 0.936095
4 24 0.698805
4 25 0.511486
5 1 0.521241
5 2 0.668400
5 3 0.564227
5 4 0.514293
5 5 0.627254
5 6 0.366702
5 7 0.540389
5 8 0.539774
5 9 0.527191
5 10 0.523203
5 11 0.532206
5 12 0.561846
5 13 0.550875
5 14 0.440126
5 15 0.536703
5 16 0.654018
5 17 0.684720
5 18 0.553137
5 19 0.500001
5 20 0.629395
5 21 0.738932
5 22 0.509629
5 23 0.749683
5 24 0.531944
5 25 0.553727
6 1 0.988305
6 2 0.999999
6 3 0.999512
6 4 0.988394
6 5 0.366702
6 6 1.000000
6 7 0.525145
6 8 0.861688
6 9 0.992748
6 10 0.650601
6 11 0.997455
6 12 0.801897
6 13 0.778283
6 14 0.999992
6 15 0.993226
6 16 0.999723
6 17 0.997390
6 18 0.995153
6 19 0.500019
6 20 0.998778
6 21 1.000000
6 22 0.870391
6 23 0.999997
6 24 0.990740
6 25 0.539752
6 26 0.999990
7 1 0.520906
7 2 0.637108
7 3 0.554387
7 4 0.516023
7 5 0.540389
7 6 0.525145
7 7 0.523060
7 8 0.533351
7 9 0.522316
7 10 0.506309
7 11 0.531714
7 12 0.524860
7 13 0.531831
7 14 0.489628
7 15 0.539408
7 16 0.640009
7 17 0.589051
7 18 0.542177
7 19 0.500000
7 20 0.564028
7 21 0.675241
7 22 0.508405
7 23 0.670383
7 24 0.529866
7 25 0.522768
7 26 0.561748
8 1 0.619933
8 2 0.934073
8 3 0.727580
8 4 0.593786
8 5 0.539774
8 6 0.861688
8 7 0.533351
8 8 0.642512
8 9 0.627784
8 10 0.520209
8 11 0.654719
8 12 0.569685
8 13 0.569257
8 14 0.621676
8 15 0.597355
8 16 0.840440
8 17 0.707514
8 18 0.708144
8 19 0.500002
8 20 0.752534
8 21 0.946017
8 22 0.534869
8 23 0.914779
8 24 0.641579
8 25 0.542154
8 26 0.785513
9 1 0.728895
9 2 0.966407
9 3 0.855354
9 4 0.712239
9 5 0.527191
9 6 0.992748
9 7 0.522316
9 8 0.627784
9 9 0.759069
9 10 0.543961
9 11 0.782536
9 12 0.563070
9 13 0.579317
9 14 0.889207
9 15 0.754803
9 16 0.911973
9 17 0.805974
9 18 0.779719
9 19 0.500004
9 20 0.836677
9 21 0.991207
9 22 0.589075
9 23 0.963450
9 24 0.739792
9 25 0.518330
10 1 0.535558
10 2 0.649011
10 3 0.568469
10 4 0.529902
10 5 0.523203
10 6 0.650601
10 7 0.506309
10 8 0.520209
10 9 0.543961
10 10 0.518222
10 11 0.545082
10 12 0.531374
10 13 0.516300
10 14 0.576976
10 15 0.524196
10 16 0.564655
10 17 0.566667
10 18 0.540168
10 19 0.500001
10 20 0.593337
10 21 0.680006
10 22 0.510812
10 23 0.608455
10 24 0.538307
10 25 0.500191
10 26 0.593907
11 1 0.756455
11 2 0.979804
11 3 0.883658
11 4 0.737491
11 5 0.532206
11 6 0.997455
11 7 0.531714
11 8 0.654719
11 9 0.782536
11 10 0.545082
11 11 0.819178
11 12 0.572749
11 13 0.600768
11 14 0.911814
11 15 0.787305
11 16 0.943265
11 17 0.851030
11 18 0.822669
11 19 0.500005
11 20 0.867244
11 21 0.996138
11 22 0.599970
11 23 0.980533
11 24 0.770185
11 25 0.536667
12 1 0.556025
12 2 0.856559
12 3 0.630148
12 4 0.554256
12 5 0.561846
12 6 0.801897
12 7 0.524860
12 8 0.569685
12 9 0.563070
12 10 0.531374
12 11 0.572749
12 12 0.617038
12 13 0.540830
12 14 0.568660
12 15 0.522056
12 16 0.631776
12 17 0.626563
12 18 0.580221
12 19 0.500001
12 20 0.671060
12 21 0.807746
12 22 0.533454
12 23 0.756196
12 24 0.573074
12 25 0.512212
12 26 0.668197
13 1 0.565405
13 2 0.794861
13 3 0.626418
13 4 0.562208
13 5 0.550875
13 6 0.778283
13 7 0.531831
13 8 0.569257
13 9 0.579317
13 10 0.516300
13 11 0.600768
13 12 0.540830
13 13 0.616658
13 14 0.600457
13 15 0.598997
13 16 0.725851
13 17 0.664385
13 18 0.574837
13 19 0.500001
13 20 0.637219
13 21 0.807454
13 22 0.536428
13 23 0.824059
13 24 0.580193
13 25 0.547178
14 1 0.858538
14 2 0.989750
14 3 0.951397
14 4 0.852414
14 5 0.440126
14 6 0.999992
14 7 0.489628
14 8 0.621676
14 9 0.889207
14 10 0.576976
14 11 0.911814
14 12 0.568660
14 13 0.600457
14 14 0.994056
14 15 0.878205
14 16 0.953730
14 17 0.905940
14 18 0.872780
14 19 0.500009
14 20 0.933366
14 21 0.999344
14 22 0.663345
14 23 0.986364
14 24 0.859766
14 25 0.475794
15 1 0.728441
15 2 0.959764
15 3 0.847984
15 4 0.726628
15 5 0.536703
15 6 0.993226
15 7 0.539408
15 8 0.597355
15 9 0.754803
15 10 0.524196
15 11 0.787305
15 12 0.522056
15 13 0.598997
15 14 0.878205
15 15 0.901984
15 16 0.958969
15 17 0.824613
15 18 0.763884
15 19 0.500000
15 20 0.805395
15 21 0.994959
15 22 0.613251
15 23 0.972667
15 24 0.732379
15 25 0.531237
15 26 0.918861
16 1 0.894231
16 2 0.999824
16 3 0.982912
16 4 0.855130
16 5 0.654018
16 6 0.999723
16 7 0.640009
16 8 0.840440
16 9 0.911973
16 10 0.564655
16 11 0.943265
16 12 0.631776
16 13 0.725851
16 14 0.953730
16 15 0.958969
16 16 0.999666
16 17 0.982295
16 18 0.964762
16 19 0.500005
16 20 0.981636
16 21 0.999996
16 22 0.658127
16 23 0.999848
16 24 0.914162
16 25 0.645206
16 26 0.995343
17 1 0.784803
17 2 0.989124
17 4 0.744688
17 5 0.684720
17 6 0.997390
17 7 0.589051
17 8 0.707514
17 9 0.805974
17 10 0.566667
17 11 0.851030
17 12 0.626563
17 13 0.664385
17 14 0.905940
17 15 0.824613
17 16 0.982295
17 17 0.963969
17 18 0.874254
17 19 0.500007
17 20 0.943431
17 21 0.999344
17 22 0.586039
17 23 0.993867
17 24 0.801695
17 25 0.637578
17 26 0.962836
18 1 0.763776
18 2 0.987910
18 3 0.894939
18 4 0.727439
18 5 0.553137
18 6 0.995153
18 7 0.542177
18 8 0.708144
18 9 0.779719
18 10 0.540168
18 11 0.822669
18 12 0.580221
18 13 0.574837
18 14 0.872780
18 15 0.763884
18 16 0.964762
18 17 0.874254
18 18 0.875291
18 19 0.500005
18 20 0.902307
18 21 0.998038
18 22 0.580015
18 23 0.989327
18 24 0.782765
18 25 0.561692
19 1 0.500004
19 2 0.500012
19 3 0.500006
19 4 0.500002
19 5 0.500001
19 6 0.500019
19 7 0.500000
19 8 0.500002
19 9 0.500004
19 10 0.500001
19 11 0.500005
19 12 0.500001
19 13 0.500001
19 14 0.500009
19 15 0.500000
19 16 0.500005
19 17 0.500007
19 18 0.500005
19 19 0.500000
19 20 0.500006
19 21 0.500017
19 22 0.500000
19 23 0.500006
19 24 0.500003
19 25 0.500001
19 26 0.500008
20 1 0.811816
20 2 0.995783
20 3 0.935550
20 4 0.768357
20 5 0.629395
20 6 0.998778
20 7 0.564028
20 8 0.752534
20 9 0.836677
20 10 0.593337
20 11 0.867244
20 12 0.671060
20 13 0.637219
20 14 0.933366
20 15 0.805395
20 16 0.981636
20 17 0.943431
20 18 0.902307
20 19 0.500006
20 20 0.983400
20 21 0.999681
20 22 0.598096
20 23 0.995408
20 24 0.835313
20 25 0.581200
20 26 0.977220
21 1 0.985906
21 2 1.000000
21 3 0.999602
21 4 0.973874
21 5 0.738932
21 6 1.000000
21 7 0.675241
21 8 0.946017
21 9 0.991207
21 10 0.680006
21 11 0.996138
21 12 0.807746
21 13 0.807454
21 14 0.999344
21 15 0.994959
21 16 0.999996
21 17 0.999344
21 18 0.998038
21 19 0.500017
21 20 0.999681
21 21 1.000000
21 22 0.787944
21 23 1.000000
21 24 0.989684
21 25 0.678268
21 26 0.999977
22 1 0.575334
22 2 0.759850
22 3 0.636241
22 5 0.509629
22 6 0.870391
22 7 0.508405
22 8 0.534869
22 9 0.589075
22 10 0.510812
22 11 0.599970
22 12 0.533454
22 13 0.536428
22 14 0.663345
22 15 0.613251
22 16 0.658127
22 17 0.586039
22 18 0.580015
22 19 0.500000
22 20 0.598096
22 21 0.787944
22 22 0.550703
22 23 0.770453
22 24 0.583819
22 25 0.502479
22 26 0.694183
23 1 0.947889
23 2 0.999993
23 3 0.996465
23 4 0.936095
23 5 0.749683
23 6 0.999997
23 7 0.670383
23 8 0.914779
23 9 0.963450
23 10 0.608455
23 11 0.980533
23 12 0.756196
23 13 0.824059
23 14 0.986364
23 15 0.972667
23 16 0.999848
23 17 0.993867
23 18 0.989327
23 19 0.500006
23 20 0.995408
23 21 1.000000
23 22 0.770453
23 23 0.999999
23 24 0.965851
23 25 0.694709
23 26 0.999517
24 1 0.715979
24 2 0.967230
24 3 0.844691
24 4 0.698805
24 5 0.531944
24 6 0.990740
24 7 0.529866
24 8 0.641579
24 9 0.739792
24 10 0.538307
24 11 0.770185
24 12 0.573074
24 13 0.580193
24 14 0.859766
24 15 0.732379
24 16 0.914162
24 17 0.801695
24 18 0.782765
24 19 0.500003
24 20 0.835313
24 21 0.989684
24 22 0.583819
24 23 0.965851
24 24 0.732558
24 25 0.527870
25 1 0.520981
25 2 0.604741
25 3 0.542298
25 4 0.511486
25 5 0.553727
25 6 0.539752
25 7 0.522768
25 8 0.542154
25 9 0.518330
25 10 0.500191
25 11 0.536667
25 12 0.512212
25 13 0.547178
25 14 0.475794
25 15 0.531237
25 16 0.645206
25 17 0.637578
25 18 0.561692
25 19 0.500001
25 20 0.581200
25 21 0.678268
25 22 0.502479
25 23 0.694709
25 24 0.527870
25 25 0.555844
26 2 0.999639
26 6 0.999990
26 7 0.561748
26 8 0.785513
26 10 0.593907
26 12 0.668197
26 15 0.918861
26 16 0.995343
26 17 0.962836
26 19 0.500008
26 20 0.977220
26 21 0.999977
26 22 0.694183
26 23 0.999517
26 26 0.996438
