1 26 0.720053
3 17 0.990427
3 26 0.940882
4 22 0.554580
4 26 0.682448
5 26 0.707044
9 26 0.759925
11 26 0.788170
13 26 0.647073
14 26 0.999233
17 3 0.990427
18 26 0.902966
22 4 0.554580
24 26 0.720078
25 26 0.702618
26 1 0.720053
26 3 0.940882
26 4 0.682448
26 5 0.707044
26 9 0.759925
26 11 0.788170
26 13 0.647073
26 14 0.999233
26 18 0.902966
26 24 0.720078
26 25 0.702618
1 1 0.600717
1 2 0.980483
1 3 0.768591
1 4 0.579919
1 5 0.592987
1 6 0.897339
1 7 0.548473
1 8 0.651112
1 9 0.618947
1 10 0.544669
1 11 0.639823
1 12 0.579091
1 13 0.567411
1 14 0.951577
1 15 0.794980
1 16 0.761007
1 17 0.768591
1 18 0.722869
1 19 0.500004
1 20 0.808443
1 21 0.895510
1 22 0.534473
1 23 0.759443
1 24 0.601298
1 25 0.591536
2 1 0.980483
2 2 1.000000
2 3 0.999988
2 4 0.952003
2 5 0.974398
2 6 1.000000
2 7 0.883465
2 8 0.998818
2 9 0.984911
2 10 0.855783
2 11 0.994594
2 12 0.967048
2 13 0.910376
2 14 1.000000
2 15 0.999999
2 16 0.999991
2 17 0.999988
2 18 0.999898
2 19 0.500038
2 20 0.999998
2 21 1.000000
2 22 0.792411
2 23 0.999881
2 24 0.977089
2 25 0.970864
2 26 0.999897
3 1 0.768591
3 2 0.999988
3 3 0.990427
3 4 0.749640
3 5 0.759707
3 6 0.999815
3 7 0.633561
3 8 0.869061
3 9 0.809917
3 10 0.608420
3 11 0.859417
3 12 0.794439
3 13 0.694216
3 14 0.999491
3 15 0.983083
3 16 0.971190
3 18 0.940496
3 19 0.500010
3 20 0.988334
3 21 0.998724
3 22 0.632440
3 23 0.991858
3 24 0.773539
3 25 0.757751
4 1 0.579919
4 2 0.952003
4 3 0.749640
4 4 0.588771
4 5 0.583519
4 6 0.938767
4 7 0.536035
4 8 0.603677
4 9 0.614935
4 10 0.528944
4 11 0.614810
4 12 0.604063
4 13 0.546055
4 14 0.940615
4 15 0.753877
4 16 0.693880
4 17 0.749640
4 18 0.684797
4 19 0.500003
4 20 0.745953
4 21 0.842272
4 23 0.780726
4 24 0.581100
4 25 0.576802
5 1 0.592987
5 2 0.974398
5 3 0.759707
5 4 0.583519
5 5 0.592629
5 6 0.921895
5 7 0.545046
5 8 0.628682
5 9 0.615935
5 10 0.537654
5 11 0.631091
5 12 0.595526
5 13 0.556645
5 14 0.948858
5 15 0.779995
5 16 0.738462
5 17 0.759707
5 18 0.703548
5 19 0.500004
5 20 0.771218
5 21 0.884676
5 22 0.543210
5 23 0.762881
5 24 0.592655
5 25 0.586311
6 1 0.897339
6 2 1.000000
6 3 0.999815
6 4 0.938767
6 5 0.921895
6 6 1.000000
6 7 0.736293
6 8 0.951402
6 9 0.945687
6 10 0.649551
6 11 0.964067
6 12 0.980551
6 13 0.764310
6 14 1.000000
6 15 0.999465
6 16 0.999659
6 17 0.999815
6 18 0.995302
6 19 0.500016
6 20 0.999893
6 21 0.999999
6 22 0.851363
6 23 0.999960
6 24 0.904266
6 25 0.884646
6 26 0.994006
7 1 0.548473
7 2 0.883465
7 3 0.633561
7 4 0.536035
7 5 0.545046
7 6 0.736293
7 7 0.530743
7 8 0.577826
7 9 0.555499
7 10 0.524070
7 11 0.567992
7 12 0.533418
7 13 0.530075
7 14 0.834732
7 15 0.663107
7 16 0.650938
7 17 0.633561
7 18 0.608056
7 19 0.500002
7 20 0.658161
7 21 0.755194
7 22 0.515062
7 23 0.605912
7 24 0.546515
7 25 0.541816
7 26 0.609809
8 1 0.651112
8 2 0.998818
8 3 0.869061
8 4 0.603677
8 5 0.628682
8 6 0.951402
8 7 0.577826
8 8 0.780055
8 9 0.650103
8 10 0.578910
8 11 0.696911
8 12 0.595729
8 13 0.605336
8 14 0.992567
8 15 0.904162
8 16 0.901763
8 17 0.869061
8 18 0.827899
8 19 0.500004
8 20 0.936386
8 21 0.958749
8 22 0.532251
8 23 0.818459
8 24 0.649478
8 25 0.633519
8 26 0.807353
9 1 0.618947
9 2 0.984911
9 3 0.809917
9 4 0.614935
9 5 0.615935
9 6 0.945687
9 7 0.555499
9 8 0.650103
9 9 0.718070
9 10 0.562372
9 11 0.661131
9 12 0.585913
9 13 0.578698
9 14 0.990948
9 15 0.859970
9 16 0.739363
9 17 0.809917
9 18 0.776215
9 19 0.500005
9 20 0.848343
9 21 0.913879
9 22 0.561598
9 23 0.838810
9 24 0.619495
9 25 0.614749
10 1 0.544669
10 2 0.855783
10 3 0.608420
10 4 0.528944
10 5 0.537654
10 6 0.649551
10 7 0.524070
10 8 0.578910
10 9 0.562372
10 10 0.528900
10 11 0.558166
10 12 0.508661
10 13 0.532566
10 14 0.838765
10 15 0.664493
10 16 0.639812
10 17 0.608420
10 18 0.614442
10 19 0.500001
10 20 0.677530
10 21 0.704998
10 22 0.507701
10 23 0.584464
10 24 0.544199
10 25 0.539105
10 26 0.602279
11 1 0.639823
11 2 0.994594
11 3 0.859417
11 4 0.614810
11 5 0.631091
11 6 0.964067
11 7 0.567992
11 8 0.696911
11 9 0.661131
11 10 0.558166
11 11 0.702166
11 12 0.612810
11 13 0.601829
11 14 0.969809
11 15 0.868263
11 16 0.842024
11 17 0.859417
11 18 0.782898
11 19 0.500005
11 20 0.874859
11 21 0.957546
11 22 0.550536
11 23 0.869934
11 24 0.643530
11 25 0.628415
12 1 0.579091
12 2 0.967048
12 3 0.794439
12 4 0.604063
12 5 0.595526
12 6 0.980551
12 7 0.533418
12 8 0.595729
12 9 0.585913
12 10 0.508661
12 11 0.612810
12 12 0.718545
12 13 0.522431
12 14 0.951769
12 15 0.680183
12 16 0.704142
12 17 0.794439
12 18 0.660006
12 19 0.500005
12 20 0.715432
12 21 0.895533
12 22 0.576845
12 23 0.787538
12 24 0.577811
12 25 0.578298
12 26 0.683226
13 1 0.567411
13 2 0.910376
13 3 0.694216
13 4 0.546055
13 5 0.556645
13 6 0.764310
13 7 0.530075
13 8 0.605336
13 9 0.578698
13 10 0.532566
13 11 0.601829
13 12 0.522431
13 13 0.566556
13 14 0.743223
13 15 0.725057
13 16 0.708453
13 17 0.694216
13 18 0.649426
13 19 0.500002
13 20 0.738316
13 21 0.809918
13 22 0.512209
13 23 0.717827
13 24 0.573071
13 25 0.559606
14 1 0.951577
14 2 1.000000
14 3 0.999491
14 4 0.940615
14 5 0.948858
14 6 1.000000
14 7 0.834732
14 8 0.992567
14 9 0.990948
14 10 0.838765
14 11 0.969809
14 12 0.951769
14 13 0.743223
14 14 1.000000
14 15 0.999929
14 16 0.999823
14 17 0.999491
14 18 0.999857
14 19 0.500036
14 20 0.999999
14 21 0.999999
14 22 0.804949
14 23 0.988603
14 24 0.937890
14 25 0.938076
15 1 0.794980
15 2 0.999999
15 3 0.983083
15 4 0.753877
15 5 0.779995
15 6 0.999465
15 7 0.663107
15 8 0.904162
15 9 0.859970
15 10 0.664493
15 11 0.868263
15 12 0.680183
15 13 0.725057
15 14 0.999929
15 15 0.997855
15 16 0.985405
15 17 0.983083
15 18 0.960739
15 19 0.500007
15 20 0.991800
15 21 0.999338
15 22 0.633534
15 23 0.986771
15 24 0.795777
15 25 0.770006
15 26 0.961779
16 1 0.761007
16 2 0.999991
16 3 0.971190
16 4 0.693880
16 5 0.738462
16 6 0.999659
16 7 0.650938
16 8 0.901763
16 9 0.739363
16 10 0.639812
16 11 0.842024
16 12 0.704142
16 13 0.708453
16 14 0.999823
16 15 0.985405
16 16 0.995356
16 17 0.971190
16 18 0.935560
16 19 0.500006
16 20 0.994446
16 21 0.999117
16 22 0.567703
16 23 0.957933
16 24 0.769047
16 25 0.726063
16 26 0.931972
17 1 0.768591
17 2 0.999988
17 4 0.749640
17 5 0.759707
17 6 0.999815
17 7 0.633561
17 8 0.869061
17 9 0.809917
17 10 0.608420
17 11 0.859417
17 12 0.794439
17 13 0.694216
17 14 0.999491
17 15 0.983083
17 16 0.971190
17 17 0.990427
17 18 0.940496
17 19 0.500010
17 20 0.988334
17 21 0.998724
17 22 0.632440
17 23 0.991858
17 24 0.773539
17 25 0.757751
17 26 0.940882
18 1 0.722869
18 2 0.999898
18 3 0.940496
18 4 0.684797
18 5 0.703548
18 6 0.995302
18 7 0.608056
18 8 0.827899
18 9 0.776215
18 10 0.614442
18 11 0.782898
18 12 0.660006
18 13 0.649426
18 14 0.999857
18 15 0.960739
18 16 0.935560
18 17 0.940496
18 18 0.926922
18 19 0.500009
18 20 0.981594
18 21 0.989118
18 22 0.578548
18 23 0.927566
18 24 0.722325
18 25 0.705489
19 1 0.500004
19 2 0.500038
19 3 0.500010
19 4 0.500003
19 5 0.500004
19 6 0.500016
19 7 0.500002
19 8 0.500004
19 9 0.500005
19 10 0.500001
19 11 0.500005
19 12 0.500005
19 13 0.500002
19 14 0.500036
19 15 0.500007
19 16 0.500006
19 17 0.500010
19 18 0.500009
19 19 0.500000
19 20 0.500009
19 21 0.500019
19 22 0.500002
19 23 0.500008
19 24 0.500004
19 25 0.500004
19 26 0.500009
20 1 0.808443
20 2 0.999998
20 3 0.988334
20 4 0.745953
20 5 0.771218
20 6 0.999893
20 7 0.658161
20 8 0.936386
20 9 0.848343
20 10 0.677530
20 11 0.874859
20 12 0.715432
20 13 0.738316
20 14 0.999999
20 15 0.991800
20 16 0.994446
20 17 0.988334
20 18 0.981594
20 19 0.500009
20 20 0.999430
20 21 0.999275
20 22 0.583869
20 23 0.981170
20 24 0.816233
20 25 0.779654
20 26 0.964056
21 1 0.895510
21 2 1.000000
21 3 0.998724
21 4 0.842272
21 5 0.884676
21 6 0.999999
21 7 0.755194
21 8 0.958749
21 9 0.913879
21 10 0.704998
21 11 0.957546
21 12 0.895533
21 13 0.809918
21 14 0.999999
21 15 0.999338
21 16 0.999117
21 17 0.998724
21 18 0.989118
21 19 0.500019
21 20 0.999275
21 21 0.999999
21 22 0.685097
21 23 0.997752
21 24 0.898433
21 25 0.867561
21 26 0.993023
22 1 0.534473
22 2 0.792411
22 3 0.632440
22 5 0.543210
22 6 0.851363
22 7 0.515062
22 8 0.532251
22 9 0.561598
22 10 0.507701
22 11 0.550536
22 12 0.576845
22 13 0.512209
22 14 0.804949
22 15 0.633534
22 16 0.567703
22 17 0.632440
22 18 0.578548
22 19 0.500002
22 20 0.583869
22 21 0.685097
22 22 0.542875
22 23 0.672351
22 24 0.534477
22 25 0.535285
22 26 0.585832
23 1 0.759443
23 2 0.999881
23 3 0.991858
23 4 0.780726
23 5 0.762881
23 6 0.999960
23 7 0.605912
23 8 0.818459
23 9 0.838810
23 10 0.584464
23 11 0.869934
23 12 0.787538
23 13 0.717827
23 14 0.988603
23 15 0.986771
23 16 0.957933
23 17 0.991858
23 18 0.927566
23 19 0.500008
23 20 0.981170
23 21 0.997752
23 22 0.672351
23 23 0.998550
23 24 0.779145
23 25 0.757506
23 26 0.933979
24 1 0.601298
24 2 0.977089
24 3 0.773539
24 4 0.581100
24 5 0.592655
24 6 0.904266
24 7 0.546515
24 8 0.649478
24 9 0.619495
24 10 0.544199
24 11 0.643530
24 12 0.577811
24 13 0.573071
24 14 0.937890
24 15 0.795777
24 16 0.769047
24 17 0.773539
24 18 0.722325
24 19 0.500004
24 20 0.816233
24 21 0.898433
24 22 0.534477
24 23 0.779145
24 24 0.604552
24 25 0.591980
25 1 0.591536
25 2 0.970864
25 3 0.757751
25 4 0.576802
25 5 0.586311
25 6 0.884646
25 7 0.541816
25 8 0.633519
25 9 0.614749
25 10 0.539105
25 11 0.628415
25 12 0.578298
25 13 0.559606
25 14 0.938076
25 15 0.770006
25 16 0.726063
25 17 0.757751
25 18 0.705489
25 19 0.500004
25 20 0.779654
25 21 0.867561
25 22 0.535285
25 23 0.757506
25 24 0.591980
25 25 0.585787
26 2 0.999897
26 6 0.994006
26 7 0.609809
26 8 0.807353
26 10 0.602279
26 12 0.683226
26 15 0.961779
26 16 0.931972
26 17 0.940882
26 19 0.500009
26 20 0.964056
26 21 0.993023
26 22 0.585832
26 23 0.933979
26 26 0.900496
