1 26 0.553345
3 17 0.873579
3 26 0.905639
4 22 0.545595
4 26 0.807149
5 26 0.849405
9 26 0.863417
11 26 0.896459
13 26 0.872965
14 26 0.987284
17 3 0.873579
18 26 0.952459
22 4 0.545595
24 26 0.703522
25 26 0.854737
26 1 0.553345
26 3 0.905639
26 4 0.807149
26 5 0.849405
26 9 0.863417
26 11 0.896459
26 13 0.872965
26 14 0.987284
26 18 0.952459
26 24 0.703522
26 25 0.854737
1 1 0.508748
1 2 0.648838
1 3 0.572646
1 4 0.517781
1 5 0.522428
1 6 0.560330
1 7 0.503556
1 8 0.536973
1 9 0.522892
1 10 0.506938
1 11 0.533059
1 12 0.504095
1 13 0.523911
1 14 0.534611
1 15 0.571370
1 16 0.593875
1 17 0.547757
1 18 0.550127
1 19 0.500000
1 20 0.603336
1 21 0.582549
1 22 0.505383
1 23 0.589267
1 24 0.509529
1 25 0.522652
2 1 0.648838
2 2 1.000000
2 3 0.998275
2 4 0.945647
2 5 0.970037
2 6 0.999439
2 7 0.515740
2 8 0.962275
2 9 0.972311
2 10 0.553247
2 11 0.985810
2 12 0.864280
2 13 0.974528
2 14 0.999535
2 15 0.999797
2 16 0.999539
2 17 0.986408
2 18 0.998072
2 19 0.500001
2 20 0.999963
2 21 1.000000
2 22 0.748062
2 23 0.999471
2 24 0.832431
2 25 0.971989
2 26 0.999836
3 1 0.572646
3 2 0.998275
3 3 0.998828
3 4 0.696629
3 5 0.718056
3 6 0.990517
3 7 0.534600
3 8 0.876995
3 9 0.693462
3 10 0.560400
3 11 0.777488
3 12 0.595939
3 13 0.708581
3 14 0.707941
3 15 0.976133
3 16 0.992724
3 18 0.909707
3 19 0.500003
3 20 0.995118
3 21 0.997356
3 22 0.609721
3 23 0.998340
3 24 0.624682
3 25 0.718014
4 1 0.517781
4 2 0.945647
4 3 0.696629
4 4 0.619142
4 5 0.637801
4 6 0.778779
4 7 0.493322
4 8 0.612862
4 9 0.644316
4 10 0.507030
4 11 0.672497
4 12 0.610976
4 13 0.650856
4 14 0.800102
4 15 0.756636
4 16 0.712023
4 17 0.690710
4 18 0.721585
4 19 0.500002
4 20 0.793090
4 21 0.923785
4 23 0.793836
4 24 0.561267
4 25 0.640839
5 1 0.522428
5 2 0.970037
5 3 0.718056
5 4 0.637801
5 5 0.663740
5 6 0.794768
5 7 0.495641
5 8 0.634235
5 9 0.672598
5 10 0.509701
5 11 0.700998
5 12 0.631506
5 13 0.678799
5 14 0.843274
5 15 0.795292
5 16 0.760248
5 17 0.716547
5 18 0.764969
5 19 0.500002
5 20 0.838864
5 21 0.946398
5 22 0.548789
5 23 0.803233
5 24 0.577730
5 25 0.666620
6 1 0.560330
6 2 0.999439
6 3 0.990517
6 4 0.778779
6 5 0.794768
6 6 1.000000
6 7 0.653932
6 8 0.802408
6 9 0.788909
6 10 0.565875
6 11 0.860949
6 12 0.682252
6 13 0.799819
6 14 0.951963
6 15 0.939707
6 16 0.982295
6 17 0.947636
6 18 0.896722
6 19 0.500010
6 20 0.941544
6 21 0.998222
6 22 0.643478
6 23 0.986376
6 24 0.505624
6 25 0.803263
6 26 0.963990
7 1 0.503556
7 2 0.515740
7 3 0.534600
7 4 0.493322
7 5 0.495641
7 6 0.653932
7 7 0.524391
7 8 0.509410
7 9 0.498602
7 10 0.510130
7 11 0.491861
7 12 0.492127
7 13 0.494018
7 14 0.482652
7 15 0.502352
7 16 0.578844
7 17 0.512062
7 18 0.510377
7 19 0.500000
7 20 0.523570
7 21 0.382060
7 22 0.492673
7 23 0.445609
7 24 0.501368
7 25 0.495139
7 26 0.485158
8 1 0.536973
8 2 0.962275
8 3 0.876995
8 4 0.612862
8 5 0.634235
8 6 0.802408
8 7 0.509410
8 8 0.723544
8 9 0.633083
8 10 0.532401
8 11 0.675665
8 12 0.597469
8 13 0.646003
8 14 0.718134
8 15 0.854160
8 16 0.884763
8 17 0.724799
8 18 0.766983
8 19 0.500001
8 20 0.908763
8 21 0.879093
8 22 0.542491
8 23 0.901807
8 24 0.577506
8 25 0.635533
8 26 0.792415
9 1 0.522892
9 2 0.972311
9 3 0.693462
9 4 0.644316
9 5 0.672598
9 6 0.788909
9 7 0.498602
9 8 0.633083
9 9 0.688610
9 10 0.514105
9 11 0.709840
9 12 0.645323
9 13 0.691775
9 14 0.864338
9 15 0.800936
9 16 0.772618
9 17 0.728277
9 18 0.781577
9 19 0.500002
9 20 0.853032
9 21 0.942417
9 22 0.545916
9 23 0.786099
9 24 0.593757
9 25 0.676300
10 1 0.506938
10 2 0.553247
10 3 0.560400
10 4 0.507030
10 5 0.509701
10 6 0.565875
10 7 0.510130
10 8 0.532401
10 9 0.514105
10 10 0.512637
10 11 0.514806
10 12 0.504042
10 13 0.511865
10 14 0.506874
10 15 0.550210
10 16 0.602784
10 17 0.540127
10 18 0.536300
10 19 0.500000
10 20 0.587298
10 21 0.458783
10 22 0.498421
10 23 0.565513
10 24 0.511892
10 25 0.509414
10 26 0.519127
11 1 0.533059
11 2 0.985810
11 3 0.777488
11 4 0.672497
11 5 0.700998
11 6 0.860949
11 7 0.491861
11 8 0.675665
11 9 0.709840
11 10 0.514806
11 11 0.760241
11 12 0.654871
11 13 0.720553
11 14 0.884522
11 15 0.853143
11 16 0.807756
11 17 0.794829
11 18 0.807788
11 19 0.500003
11 20 0.880306
11 21 0.982264
11 22 0.564279
11 23 0.894618
11 24 0.578073
11 25 0.706115
12 1 0.504095
12 2 0.864280
12 3 0.595939
12 4 0.610976
12 5 0.631506
12 6 0.682252
12 7 0.492127
12 8 0.597469
12 9 0.645323
12 10 0.504042
12 11 0.654871
12 12 0.702659
12 13 0.656671
12 14 0.810893
12 15 0.740603
12 16 0.638024
12 17 0.648474
12 18 0.695811
12 19 0.500001
12 20 0.707346
12 21 0.891622
12 22 0.541910
12 23 0.655861
12 24 0.594779
12 25 0.635460
12 26 0.808209
13 1 0.523911
13 2 0.974528
13 3 0.708581
13 4 0.650856
13 5 0.678799
13 6 0.799819
13 7 0.494018
13 8 0.646003
13 9 0.691775
13 10 0.511865
13 11 0.720553
13 12 0.656671
13 13 0.700779
13 14 0.868076
13 15 0.811538
13 16 0.770069
13 17 0.725555
13 18 0.782624
13 19 0.500002
13 20 0.853532
13 21 0.953498
13 22 0.552598
13 23 0.799872
13 24 0.593565
13 25 0.683349
14 1 0.534611
14 2 0.999535
14 3 0.707941
14 4 0.800102
14 5 0.843274
14 6 0.951963
14 7 0.482652
14 8 0.718134
14 9 0.864338
14 10 0.506874
14 11 0.884522
14 12 0.810893
14 13 0.868076
14 14 0.992011
14 15 0.932291
14 16 0.855863
14 17 0.894678
14 18 0.945163
14 19 0.500006
14 20 0.961781
14 21 0.998521
14 22 0.597678
14 23 0.879257
14 24 0.688579
14 25 0.849666
15 1 0.571370
15 2 0.999797
15 3 0.976133
15 4 0.756636
15 5 0.795292
15 6 0.939707
15 7 0.502352
15 8 0.854160
15 9 0.800936
15 10 0.550210
15 11 0.853143
15 12 0.740603
15 13 0.811538
15 14 0.932291
15 15 0.985351
15 16 0.980771
15 17 0.901826
15 18 0.931830
15 19 0.500002
15 20 0.992215
15 21 0.998056
15 22 0.609906
15 23 0.990031
15 24 0.684006
15 25 0.802897
15 26 0.967128
16 1 0.593875
16 2 0.999539
16 3 0.992724
16 4 0.712023
16 5 0.760248
16 6 0.982295
16 7 0.578844
16 8 0.884763
16 9 0.772618
16 10 0.602784
16 11 0.807756
16 12 0.638024
16 13 0.770069
16 14 0.855863
16 15 0.980771
16 16 0.996939
16 17 0.891622
16 18 0.945057
16 19 0.500002
16 20 0.997411
16 21 0.962195
16 22 0.567129
16 23 0.989418
16 24 0.696269
16 25 0.757771
16 26 0.941248
17 1 0.547757
17 2 0.986408
17 4 0.690710
17 5 0.716547
17 6 0.947636
17 7 0.512062
17 8 0.724799
17 9 0.728277
17 10 0.540127
17 11 0.794829
17 12 0.648474
17 13 0.725555
17 14 0.894678
17 15 0.901826
17 16 0.891622
17 17 0.924984
17 18 0.851407
17 19 0.500008
17 20 0.927345
17 21 0.992328
17 22 0.560820
17 23 0.978184
17 24 0.548766
17 25 0.719578
17 26 0.901199
18 1 0.550127
18 2 0.998072
18 3 0.909707
18 4 0.721585
18 5 0.764969
18 6 0.896722
18 7 0.510377
18 8 0.766983
18 9 0.781577
18 10 0.536300
18 11 0.807788
18 12 0.695811
18 13 0.782624
18 14 0.945163
18 15 0.931830
18 16 0.945057
18 17 0.851407
18 18 0.920491
18 19 0.500004
18 20 0.980158
18 21 0.986000
18 22 0.565034
18 23 0.933952
18 24 0.672412
18 25 0.767455
19 1 0.500000
19 2 0.500001
19 3 0.500003
19 4 0.500002
19 5 0.500002
19 6 0.500010
19 7 0.500000
19 8 0.500001
19 9 0.500002
19 10 0.500000
19 11 0.500003
19 12 0.500001
19 13 0.500002
19 14 0.500006
19 15 0.500002
19 16 0.500002
19 17 0.500008
19 18 0.500004
19 19 0.500000
19 20 0.500004
19 21 0.500012
19 22 0.500000
19 23 0.500008
19 24 0.500000
19 25 0.500002
19 26 0.500004
20 1 0.603336
20 2 0.999963
20 3 0.995118
20 4 0.793090
20 5 0.838864
20 6 0.941544
20 7 0.523570
20 8 0.908763
20 9 0.853032
20 10 0.587298
20 11 0.880306
20 12 0.707346
20 13 0.853532
20 14 0.961781
20 15 0.992215
20 16 0.997411
20 17 0.927345
20 18 0.980158
20 19 0.500004
20 20 0.999660
20 21 0.995699
20 22 0.600815
20 23 0.995757
20 24 0.789534
20 25 0.842430
20 26 0.984147
21 1 0.582549
21 2 1.000000
21 3 0.997356
21 4 0.923785
21 5 0.946398
21 6 0.998222
21 7 0.382060
21 8 0.879093
21 9 0.942417
21 10 0.458783
21 11 0.982264
21 12 0.891622
21 13 0.953498
21 14 0.998521
21 15 0.998056
21 16 0.962195
21 17 0.992328
21 18 0.986000
21 19 0.500012
21 20 0.995699
21 21 1.000000
21 22 0.767584
21 23 0.999950
21 24 0.635853
21 25 0.950757
21 26 0.999422
22 1 0.505383
22 2 0.748062
22 3 0.609721
22 5 0.548789
22 6 0.643478
22 7 0.492673
22 8 0.542491
22 9 0.545916
22 10 0.498421
22 11 0.564279
22 12 0.541910
22 13 0.552598
22 14 0.597678
22 15 0.609906
22 16 0.567129
22 17 0.560820
22 18 0.565034
22 19 0.500000
22 20 0.600815
22 21 0.767584
22 22 0.526297
22 23 0.667025
22 24 0.515406
22 25 0.549776
22 26 0.621239
23 1 0.589267
23 2 0.999471
23 3 0.998340
23 4 0.793836
23 5 0.803233
23 6 0.986376
23 7 0.445609
23 8 0.901807
23 9 0.786099
23 10 0.565513
23 11 0.894618
23 12 0.655861
23 13 0.799872
23 14 0.879257
23 15 0.990031
23 16 0.989418
23 17 0.978184
23 18 0.933952
23 19 0.500008
23 20 0.995757
23 21 0.999950
23 22 0.667025
23 23 0.999976
23 24 0.555107
23 25 0.799465
23 26 0.961011
24 1 0.509529
24 2 0.832431
24 3 0.624682
24 4 0.561267
24 5 0.577730
24 6 0.505624
24 7 0.501368
24 8 0.577506
24 9 0.593757
24 10 0.511892
24 11 0.578073
24 12 0.594779
24 13 0.593565
24 14 0.688579
24 15 0.684006
24 16 0.696269
24 17 0.548766
24 18 0.672412
24 19 0.500000
24 20 0.789534
24 21 0.635853
24 22 0.515406
24 23 0.555107
24 24 0.603810
24 25 0.580382
25 1 0.522652
25 2 0.971989
25 3 0.718014
25 4 0.640839
25 5 0.666620
25 6 0.803263
25 7 0.495139
25 8 0.635533
25 9 0.676300
25 10 0.509414
25 11 0.706115
25 12 0.635460
25 13 0.683349
25 14 0.849666
25 15 0.802897
25 16 0.757771
25 17 0.719578
25 18 0.767455
25 19 0.500002
25 20 0.842430
25 21 0.950757
25 22 0.549776
25 23 0.799465
25 24 0.580382
25 25 0.671646
26 2 0.999836
26 6 0.963990
26 7 0.485158
26 8 0.792415
26 10 0.519127
26 12 0.808209
26 15 0.967128
26 16 0.941248
26 17 0.901199
26 19 0.500004
26 20 0.984147
26 21 0.999422
26 22 0.621239
26 23 0.961011
26 26 0.988695
