1 2 0.759339
1 3 0.838012
1 5 0.777440
1 8 0.804631
1 12 0.744054
1 16 0.740812
1 17 0.717422
1 19 0.856114
2 1 0.759339
2 8 0.727451
2 19 0.801760
3 1 0.838012
3 8 0.702776
4 17 0.581800
5 1 0.777440
5 8 0.736699
8 1 0.804631
8 2 0.727451
8 3 0.702776
8 5 0.736699
8 12 0.706793
8 13 0.778022
8 14 0.810537
8 15 0.500000
8 16 0.698905
8 17 0.651496
8 19 0.798669
10 19 0.802963
12 1 0.744054
12 8 0.706793
13 8 0.778022
14 8 0.810537
15 8 0.500000
16 1 0.740812
16 8 0.698905
17 1 0.717422
17 4 0.581800
17 8 0.651496
17 19 0.740246
18 19 0.844743
19 1 0.856114
19 2 0.801760
19 8 0.798669
19 10 0.802963
19 17 0.740246
19 18 0.844743
1 1 0.888604
1 4 0.625016
1 6 0.976069
1 7 0.502541
1 9 0.629248
1 10 0.704285
1 11 0.572690
1 13 0.860509
1 14 0.712669
1 15 0.500000
1 18 0.750239
2 2 0.708701
2 3 0.664789
2 4 0.573741
2 5 0.676643
2 6 0.914702
2 7 0.501557
2 9 0.573179
2 10 0.675614
2 11 0.539580
2 12 0.657293
2 13 0.703568
2 14 0.672858
2 15 0.500000
2 16 0.654102
2 17 0.647567
2 18 0.708010
3 2 0.664789
3 3 0.831430
3 4 0.591148
3 5 0.717628
3 6 0.957552
3 7 0.501551
3 9 0.591832
3 10 0.609735
3 11 0.568705
3 12 0.687807
3 13 0.804665
3 14 0.614838
3 15 0.500000
3 16 0.682596
3 17 0.656574
3 18 0.636911
3 19 0.729081
4 1 0.625016
4 2 0.573741
4 3 0.591148
4 4 0.570017
4 5 0.562906
4 6 0.714561
4 7 0.500988
4 8 0.549642
4 9 0.548443
4 10 0.590000
4 11 0.504195
4 12 0.556710
4 13 0.621165
4 14 0.515761
4 15 0.500000
4 16 0.556719
4 18 0.585679
4 19 0.654889
5 2 0.676643
5 3 0.717628
5 4 0.562906
5 5 0.701300
5 6 0.879749
5 7 0.501546
5 9 0.575848
5 10 0.616192
5 11 0.530346
5 12 0.669309
5 13 0.768488
5 14 0.674518
5 15 0.500000
5 16 0.666418
5 17 0.635211
5 18 0.650782
5 19 0.732871
6 1 0.976069
6 2 0.914702
6 3 0.957552
6 4 0.714561
6 5 0.879749
6 6 1.000000
6 7 0.502727
6 8 0.921217
6 9 0.624700
6 10 0.909063
6 11 0.784209
6 12 0.864051
6 13 0.878829
6 14 0.866093
6 15 0.500000
6 16 0.823380
6 17 0.854283
6 18 0.935854
6 19 0.984139
7 1 0.502541
7 2 0.501557
7 3 0.501551
7 4 0.500988
7 5 0.501546
7 6 0.502727
7 7 0.500036
7 8 0.501459
7 9 0.501265
7 10 0.501410
7 11 0.500286
7 12 0.501243
7 13 0.503105
7 14 0.500446
7 15 0.500000
7 16 0.501286
7 17 0.501449
7 18 0.502030
7 19 0.502890
8 4 0.549642
8 6 0.921217
8 7 0.501459
8 8 0.845278
8 9 0.562349
8 10 0.658243
8 11 0.566823
8 18 0.732356
9 1 0.629248
9 2 0.573179
9 3 0.591832
9 4 0.548443
9 5 0.575848
9 6 0.624700
9 7 0.501265
9 8 0.562349
9 9 0.560664
9 10 0.563623
9 11 0.506212
9 12 0.561830
9 13 0.630328
9 14 0.516319
9 15 0.500000
9 16 0.569529
9 17 0.568245
9 18 0.580868
9 19 0.630928
10 1 0.704285
10 2 0.675614
10 3 0.609735
10 4 0.590000
10 5 0.616192
10 6 0.909063
10 7 0.501410
10 8 0.658243
10 9 0.563623
10 10 0.689395
10 11 0.540864
10 12 0.610760
10 13 0.634414
10 14 0.614983
10 15 0.500000
10 16 0.606372
10 17 0.636174
10 18 0.708902
11 1 0.572690
11 2 0.539580
11 3 0.568705
11 4 0.504195
11 5 0.530346
11 6 0.784209
11 7 0.500286
11 8 0.566823
11 9 0.506212
11 10 0.540864
11 11 0.567858
11 12 0.533526
11 13 0.504259
11 14 0.556022
11 15 0.500000
11 16 0.526812
11 17 0.525196
11 18 0.583685
11 19 0.581431
12 2 0.657293
12 3 0.687807
12 4 0.556710
12 5 0.669309
12 6 0.864051
12 7 0.501243
12 9 0.561830
12 10 0.610760
12 11 0.533526
12 12 0.645043
12 13 0.721787
12 14 0.654199
12 15 0.500000
12 16 0.641693
12 17 0.619387
12 18 0.642577
12 19 0.717316
13 1 0.860509
13 2 0.703568
13 3 0.804665
13 4 0.621165
13 5 0.768488
13 6 0.878829
13 7 0.503105
13 9 0.630328
13 10 0.634414
13 11 0.504259
13 12 0.721787
13 13 0.924774
13 14 0.675251
13 15 0.500000
13 16 0.713966
13 17 0.692012
13 18 0.667596
13 19 0.775930
14 1 0.712669
14 2 0.672858
14 3 0.614838
14 4 0.515761
14 5 0.674518
14 6 0.866093
14 7 0.500446
14 9 0.516319
14 10 0.614983
14 11 0.556022
14 12 0.654199
14 13 0.675251
14 14 0.802861
14 15 0.500000
14 16 0.643712
14 17 0.598111
14 18 0.675069
14 19 0.723005
15 1 0.500000
15 2 0.500000
15 3 0.500000
15 4 0.500000
15 5 0.500000
15 6 0.500000
15 7 0.500000
15 9 0.500000
15 10 0.500000
15 11 0.500000
15 12 0.500000
15 13 0.500000
15 14 0.500000
15 15 0.500000
15 16 0.500000
15 17 0.500000
15 18 0.500000
15 19 0.500000
16 2 0.654102
16 3 0.682596
16 4 0.556719
16 5 0.666418
16 6 0.823380
16 7 0.501286
16 9 0.569529
16 10 0.606372
16 11 0.526812
16 12 0.641693
16 13 0.713966
16 14 0.643712
16 15 0.500000
16 16 0.644917
16 17 0.616658
16 18 0.639570
16 19 0.715003
17 2 0.647567
17 3 0.656574
17 5 0.635211
17 6 0.854283
17 7 0.501449
17 9 0.568245
17 10 0.636174
17 11 0.525196
17 12 0.619387
17 13 0.692012
17 14 0.598111
17 15 0.500000
17 16 0.616658
17 17 0.626842
17 18 0.653503
18 1 0.750239
18 2 0.708010
18 3 0.636911
18 4 0.585679
18 5 0.650782
18 6 0.935854
18 7 0.502030
18 8 0.732356
18 9 0.580868
18 10 0.708902
18 11 0.583685
18 12 0.642577
18 13 0.667596
18 14 0.675069
18 15 0.500000
18 16 0.639570
18 17 0.653503
18 18 0.781309
19 3 0.729081
19 4 0.654889
19 5 0.732871
19 6 0.984139
19 7 0.502890
19 9 0.630928
19 11 0.581431
19 12 0.717316
19 13 0.775930
19 14 0.723005
19 15 0.500000
19 16 0.715003
19 19 0.930058
