1 2 0.863011
1 3 0.841653
1 5 0.830914
1 8 0.947281
1 12 0.765275
1 16 0.777606
1 17 0.805880
1 19 0.873252
2 1 0.863011
2 8 0.919738
2 19 0.837973
3 1 0.841653
3 8 0.865721
4 17 0.615358
5 1 0.830914
5 8 0.878082
8 1 0.947281
8 2 0.919738
8 3 0.865721
8 5 0.878082
8 12 0.798447
8 13 0.863291
8 14 0.897631
8 15 0.772190
8 16 0.840443
8 17 0.855036
8 19 0.926019
10 19 0.500000
12 1 0.765275
12 8 0.798447
13 8 0.863291
14 8 0.897631
15 8 0.772190
16 1 0.777606
16 8 0.840443
17 1 0.805880
17 4 0.615358
17 8 0.855036
17 19 0.768748
18 19 0.823444
19 1 0.873252
19 2 0.837973
19 8 0.926019
19 10 0.500000
19 17 0.768748
19 18 0.823444
1 1 0.920248
1 4 0.661865
1 6 0.989378
1 7 0.503796
1 9 0.585818
1 10 0.500000
1 11 0.634519
1 13 0.810453
1 14 0.839859
1 15 0.718285
1 18 0.800273
2 2 0.861914
2 3 0.764155
2 4 0.607432
2 5 0.767065
2 6 0.975506
2 7 0.503093
2 9 0.576806
2 10 0.500000
2 11 0.613392
2 12 0.707126
2 13 0.760772
2 14 0.807838
2 15 0.693898
2 16 0.751344
2 17 0.744716
2 18 0.776660
3 2 0.764155
3 3 0.782632
3 4 0.600817
3 5 0.739411
3 6 0.944437
3 7 0.502415
3 9 0.555715
3 10 0.500000
3 11 0.592492
3 12 0.681434
3 13 0.730935
3 14 0.724868
3 15 0.645757
3 16 0.692624
3 17 0.713221
3 18 0.716859
3 19 0.782249
4 1 0.661865
4 2 0.607432
4 3 0.600817
4 4 0.566110
4 5 0.620841
4 6 0.762843
4 7 0.501142
4 8 0.693358
4 9 0.524789
4 10 0.500000
4 11 0.541247
4 12 0.582963
4 13 0.597789
4 14 0.625733
4 15 0.564287
4 16 0.587040
4 18 0.585012
4 19 0.628226
5 2 0.767065
5 3 0.739411
5 4 0.620841
5 5 0.759545
5 6 0.946531
5 7 0.502981
5 9 0.567440
5 10 0.500000
5 11 0.607911
5 12 0.681523
5 13 0.730108
5 14 0.754163
5 15 0.653576
5 16 0.709269
5 17 0.733778
5 18 0.708511
5 19 0.784691
6 1 0.989378
6 2 0.975506
6 3 0.944437
6 4 0.762843
6 5 0.946531
6 6 0.999997
6 7 0.507900
6 8 0.995890
6 9 0.633814
6 10 0.500000
6 11 0.727941
6 12 0.911532
6 13 0.945245
6 14 0.952762
6 15 0.869498
6 16 0.903061
6 17 0.929288
6 18 0.948322
6 19 0.978270
7 1 0.503796
7 2 0.503093
7 3 0.502415
7 4 0.501142
7 5 0.502981
7 6 0.507900
7 7 0.500045
7 8 0.505101
7 9 0.500799
7 10 0.500000
7 11 0.501511
7 12 0.501754
7 13 0.502611
7 14 0.502547
7 15 0.501652
7 16 0.502460
7 17 0.502492
7 18 0.502369
7 19 0.503360
8 4 0.693358
8 6 0.995890
8 7 0.505101
8 8 0.976840
8 9 0.616554
8 10 0.500000
8 11 0.661386
8 18 0.867606
9 1 0.585818
9 2 0.576806
9 3 0.555715
9 4 0.524789
9 5 0.567440
9 6 0.633814
9 7 0.500799
9 8 0.616554
9 9 0.527028
9 10 0.500000
9 11 0.534839
9 12 0.541911
9 13 0.562108
9 14 0.561065
9 15 0.537047
9 16 0.558965
9 17 0.558367
9 18 0.558895
9 19 0.582179
10 1 0.500000
10 2 0.500000
10 3 0.500000
10 4 0.500000
10 5 0.500000
10 6 0.500000
10 7 0.500000
10 8 0.500000
10 9 0.500000
10 10 0.500000
10 11 0.500000
10 12 0.500000
10 13 0.500000
10 14 0.500000
10 15 0.500000
10 16 0.500000
10 17 0.500000
10 18 0.500000
11 1 0.634519
11 2 0.613392
11 3 0.592492
11 4 0.541247
11 5 0.607911
11 6 0.727941
11 7 0.501511
11 8 0.661386
11 9 0.534839
11 10 0.500000
11 11 0.584552
11 12 0.565800
11 13 0.582039
11 14 0.585133
11 15 0.555105
11 16 0.585857
11 17 0.591415
11 18 0.562300
11 19 0.605879
12 2 0.707126
12 3 0.681434
12 4 0.582963
12 5 0.681523
12 6 0.911532
12 7 0.501754
12 9 0.541911
12 10 0.500000
12 11 0.565800
12 12 0.652449
12 13 0.659255
12 14 0.700697
12 15 0.608475
12 16 0.642358
12 17 0.666598
12 18 0.651512
12 19 0.710626
13 1 0.810453
13 2 0.760772
13 3 0.730935
13 4 0.597789
13 5 0.730108
13 6 0.945245
13 7 0.502611
13 9 0.562108
13 10 0.500000
13 11 0.582039
13 12 0.659255
13 13 0.731785
13 14 0.725398
13 15 0.646880
13 16 0.691454
13 17 0.706175
13 18 0.720320
13 19 0.779996
14 1 0.839859
14 2 0.807838
14 3 0.724868
14 4 0.625733
14 5 0.754163
14 6 0.952762
14 7 0.502547
14 9 0.561065
14 10 0.500000
14 11 0.585133
14 12 0.700697
14 13 0.725398
14 14 0.814013
14 15 0.667969
14 16 0.719823
14 17 0.741799
14 18 0.736467
14 19 0.805119
15 1 0.718285
15 2 0.693898
15 3 0.645757
15 4 0.564287
15 5 0.653576
15 6 0.869498
15 7 0.501652
15 9 0.537047
15 10 0.500000
15 11 0.555105
15 12 0.608475
15 13 0.646880
15 14 0.667969
15 15 0.600819
15 16 0.631415
15 17 0.639542
15 18 0.651420
15 19 0.696921
16 2 0.751344
16 3 0.692624
16 4 0.587040
16 5 0.709269
16 6 0.903061
16 7 0.502460
16 9 0.558965
16 10 0.500000
16 11 0.585857
16 12 0.642358
16 13 0.691454
16 14 0.719823
16 15 0.631415
16 16 0.685498
16 17 0.687994
16 18 0.696001
16 19 0.755424
17 2 0.744716
17 3 0.713221
17 5 0.733778
17 6 0.929288
17 7 0.502492
17 9 0.558367
17 10 0.500000
17 11 0.591415
17 12 0.666598
17 13 0.706175
17 14 0.741799
17 15 0.639542
17 16 0.687994
17 17 0.718410
17 18 0.699347
18 1 0.800273
18 2 0.776660
18 3 0.716859
18 4 0.585012
18 5 0.708511
18 6 0.948322
18 7 0.502369
18 8 0.867606
18 9 0.558895
18 10 0.500000
18 11 0.562300
18 12 0.651512
18 13 0.720320
18 14 0.736467
18 15 0.651420
18 16 0.696001
18 17 0.699347
18 18 0.790378
19 3 0.782249
19 4 0.628226
19 5 0.784691
19 6 0.978270
19 7 0.503360
19 9 0.582179
19 11 0.605879
19 12 0.710626
19 13 0.779996
19 14 0.805119
19 15 0.696921
19 16 0.755424
19 19 0.872042
