1 2 0.926225
1 3 0.928961
1 5 0.956221
1 8 0.984633
1 12 0.909194
1 16 0.930927
1 17 0.911956
1 19 0.990096
2 1 0.926225
2 8 0.925338
2 19 0.928995
3 1 0.928961
3 8 0.933768
4 17 0.642627
5 1 0.956221
5 8 0.942724
8 1 0.984633
8 2 0.925338
8 3 0.933768
8 5 0.942724
8 12 0.892500
8 13 0.924214
8 14 0.998851
8 15 0.795413
8 16 0.926877
8 17 0.903045
8 19 0.986639
10 19 0.962498
12 1 0.909194
12 8 0.892500
13 8 0.924214
14 8 0.998851
15 8 0.795413
16 1 0.930927
16 8 0.926877
17 1 0.911956
17 4 0.642627
17 8 0.903045
17 19 0.926993
18 19 0.980086
19 1 0.990096
19 2 0.928995
19 8 0.986639
19 10 0.962498
19 17 0.926993
19 18 0.980086
1 1 0.988517
1 4 0.733880
1 6 0.978747
1 7 0.506544
1 9 0.680196
1 10 0.949168
1 11 0.468762
1 13 0.923087
1 14 0.998869
1 15 0.783691
1 18 0.969497
2 2 0.829126
2 3 0.821977
2 4 0.636995
2 5 0.843454
2 6 0.908175
2 7 0.503596
2 9 0.596597
2 10 0.828111
2 11 0.488645
2 12 0.785022
2 13 0.818338
2 14 0.981709
2 15 0.696591
2 16 0.825940
2 17 0.789206
2 18 0.871269
3 2 0.821977
3 3 0.861815
3 4 0.650182
3 5 0.853056
3 6 0.914313
3 7 0.504318
3 9 0.604299
3 10 0.827750
3 11 0.493836
3 12 0.788247
3 13 0.826324
3 14 0.985016
3 15 0.702746
3 16 0.823937
3 17 0.804604
3 18 0.885245
3 19 0.933112
4 1 0.733880
4 2 0.636995
4 3 0.650182
4 4 0.570666
4 5 0.675888
4 6 0.757944
4 7 0.501576
4 8 0.726906
4 9 0.546745
4 10 0.671458
4 11 0.505415
4 12 0.622812
4 13 0.644872
4 14 0.856305
4 15 0.572033
4 16 0.643126
4 18 0.707366
4 19 0.758591
5 2 0.843454
5 3 0.853056
5 4 0.675888
5 5 0.907029
5 6 0.931523
5 7 0.504575
5 9 0.639905
5 10 0.890780
5 11 0.464989
5 12 0.830429
5 13 0.847343
5 14 0.990459
5 15 0.694845
5 16 0.850265
5 17 0.838539
5 18 0.924112
5 19 0.964327
6 1 0.978747
6 2 0.908175
6 3 0.914313
6 4 0.757944
6 5 0.931523
6 6 0.998916
6 7 0.506191
6 8 0.982200
6 9 0.656883
6 10 0.930968
6 11 0.645804
6 12 0.862174
6 13 0.920222
6 14 0.999884
6 15 0.777054
6 16 0.916658
6 17 0.906016
6 18 0.969528
6 19 0.987755
7 1 0.506544
7 2 0.503596
7 3 0.504318
7 4 0.501576
7 5 0.504575
7 6 0.506191
7 7 0.500055
7 8 0.506296
7 9 0.501234
7 10 0.504085
7 11 0.500039
7 12 0.503389
7 13 0.503313
7 14 0.510746
7 15 0.501942
7 16 0.503738
7 17 0.503456
7 18 0.505072
7 19 0.506631
8 4 0.726906
8 6 0.982200
8 7 0.506296
8 8 0.985166
8 9 0.659488
8 10 0.932004
8 11 0.485508
8 18 0.963009
9 1 0.680196
9 2 0.596597
9 3 0.604299
9 4 0.546745
9 5 0.639905
9 6 0.656883
9 7 0.501234
9 8 0.659488
9 9 0.539453
9 10 0.626996
9 11 0.493485
9 12 0.595728
9 13 0.595442
9 14 0.752715
9 15 0.545828
9 16 0.601052
9 17 0.599038
9 18 0.648275
9 19 0.691701
10 1 0.949168
10 2 0.828111
10 3 0.827750
10 4 0.671458
10 5 0.890780
10 6 0.930968
10 7 0.504085
10 8 0.932004
10 9 0.626996
10 10 0.892701
10 11 0.472295
10 12 0.818705
10 13 0.835047
10 14 0.990845
10 15 0.681528
10 16 0.839854
10 17 0.831790
10 18 0.921179
11 1 0.468762
11 2 0.488645
11 3 0.493836
11 4 0.505415
11 5 0.464989
11 6 0.645804
11 7 0.500039
11 8 0.485508
11 9 0.493485
11 10 0.472295
11 11 0.574197
11 12 0.477677
11 13 0.488169
11 14 0.598360
11 15 0.499854
11 16 0.491117
11 17 0.495428
11 18 0.480864
11 19 0.467194
12 2 0.785022
12 3 0.788247
12 4 0.622812
12 5 0.830429
12 6 0.862174
12 7 0.503389
12 9 0.595728
12 10 0.818705
12 11 0.477677
12 12 0.770350
12 13 0.778169
12 14 0.967944
12 15 0.658038
12 16 0.791263
12 17 0.766277
12 18 0.853226
12 19 0.913084
13 1 0.923087
13 2 0.818338
13 3 0.826324
13 4 0.644872
13 5 0.847343
13 6 0.920222
13 7 0.503313
13 9 0.595442
13 10 0.835047
13 11 0.488169
13 12 0.778169
13 13 0.836480
13 14 0.987916
13 15 0.690819
13 16 0.820858
13 17 0.798821
13 18 0.885151
13 19 0.934346
14 1 0.998869
14 2 0.981709
14 3 0.985016
14 4 0.856305
14 5 0.990459
14 6 0.999884
14 7 0.510746
14 9 0.752715
14 10 0.990845
14 11 0.598360
14 12 0.967944
14 13 0.987916
14 14 1.000000
14 15 0.895583
14 16 0.984061
14 17 0.981158
14 18 0.997615
14 19 0.999520
15 1 0.783691
15 2 0.696591
15 3 0.702746
15 4 0.572033
15 5 0.694845
15 6 0.777054
15 7 0.501942
15 9 0.545828
15 10 0.681528
15 11 0.499854
15 12 0.658038
15 13 0.690819
15 14 0.895583
15 15 0.614117
15 16 0.693601
15 17 0.664650
15 18 0.725064
15 19 0.783522
16 2 0.825940
16 3 0.823937
16 4 0.643126
16 5 0.850265
16 6 0.916658
16 7 0.503738
16 9 0.601052
16 10 0.839854
16 11 0.491117
16 12 0.791263
16 13 0.820858
16 14 0.984061
16 15 0.693601
16 16 0.829471
16 17 0.796621
16 18 0.880002
16 19 0.934714
17 2 0.789206
17 3 0.804604
17 5 0.838539
17 6 0.906016
17 7 0.503456
17 9 0.599038
17 10 0.831790
17 11 0.495428
17 12 0.766277
17 13 0.798821
17 14 0.981158
17 15 0.664650
17 16 0.796621
17 17 0.786384
17 18 0.875444
18 1 0.969497
18 2 0.871269
18 3 0.885245
18 4 0.707366
18 5 0.924112
18 6 0.969528
18 7 0.505072
18 8 0.963009
18 9 0.648275
18 10 0.921179
18 11 0.480864
18 12 0.853226
18 13 0.885151
18 14 0.997615
18 15 0.725064
18 16 0.880002
18 17 0.875444
18 18 0.953244
19 3 0.933112
19 4 0.758591
19 5 0.964327
19 6 0.987755
19 7 0.506631
19 9 0.691701
19 11 0.467194
19 12 0.913084
19 13 0.934346
19 14 0.999520
19 15 0.783522
19 16 0.934714
19 19 0.993995
