1 2 0.959577
1 3 0.950864
1 5 0.882945
1 8 0.988367
1 12 0.593136
1 16 0.843953
1 17 0.900340
1 19 0.994178
2 1 0.959577
2 8 0.989249
2 19 0.995653
3 1 0.950864
3 8 0.983538
4 17 0.691265
5 1 0.882945
5 8 0.907703
8 1 0.988367
8 2 0.989249
8 3 0.983538
8 5 0.907703
8 12 0.682140
8 13 0.969075
8 14 0.973643
8 15 0.922091
8 16 0.886975
8 17 0.953962
8 19 0.999279
10 19 0.987072
12 1 0.593136
12 8 0.682140
13 8 0.969075
14 8 0.973643
15 8 0.922091
16 1 0.843953
16 8 0.886975
17 1 0.900340
17 4 0.691265
17 8 0.953962
17 19 0.971834
18 19 0.994692
19 1 0.994178
19 2 0.995653
19 8 0.999279
19 10 0.987072
19 17 0.971834
19 18 0.994692
1 1 0.970158
1 4 0.761607
1 6 0.999753
1 7 0.501845
1 9 0.589046
1 10 0.925046
1 11 0.759887
1 13 0.918293
1 14 0.912968
1 15 0.848823
1 18 0.958949
2 2 0.969894
2 3 0.950550
2 4 0.762131
2 5 0.831807
2 6 0.999338
2 7 0.501070
2 9 0.583077
2 10 0.938094
2 11 0.741942
2 12 0.610494
2 13 0.914336
2 14 0.909973
2 15 0.851628
2 16 0.806930
2 17 0.900300
2 18 0.962074
3 2 0.950550
3 3 0.942489
3 4 0.741624
3 5 0.829828
3 6 0.999462
3 7 0.501303
3 9 0.570437
3 10 0.909015
3 11 0.748391
3 12 0.583700
3 13 0.903529
3 14 0.907072
3 15 0.831681
3 16 0.793359
3 17 0.876655
3 18 0.944951
3 19 0.991021
4 1 0.761607
4 2 0.762131
4 3 0.741624
4 4 0.613172
4 5 0.646269
4 6 0.953646
4 7 0.500739
4 8 0.834498
4 9 0.525031
4 10 0.719591
4 11 0.613061
4 12 0.553724
4 13 0.707716
4 14 0.713783
4 15 0.651900
4 16 0.628030
4 18 0.760853
4 19 0.869481
5 2 0.831807
5 3 0.829828
5 4 0.646269
5 5 0.788517
5 6 0.990672
5 7 0.501204
5 9 0.555794
5 10 0.780755
5 11 0.652825
5 12 0.520052
5 13 0.779667
5 14 0.762130
5 15 0.709419
5 16 0.735470
5 17 0.762451
5 18 0.833092
5 19 0.933036
6 1 0.999753
6 2 0.999338
6 3 0.999462
6 4 0.953646
6 5 0.990672
6 6 1.000000
6 7 0.504612
6 8 0.999989
6 9 0.615496
6 10 0.996794
6 11 0.983754
6 12 0.702916
6 13 0.998239
6 14 0.999473
6 15 0.987705
6 16 0.977850
6 17 0.995450
6 18 0.999637
6 19 0.999995
7 1 0.501845
7 2 0.501070
7 3 0.501303
7 4 0.500739
7 5 0.501204
7 6 0.504612
7 7 0.500045
7 8 0.501864
7 9 0.500705
7 10 0.501359
7 11 0.501328
7 12 0.500745
7 13 0.501437
7 14 0.500708
7 15 0.500614
7 16 0.501017
7 17 0.501036
7 18 0.501300
7 19 0.502301
8 4 0.834498
8 6 0.999989
8 7 0.501864
8 8 0.998374
8 9 0.604225
8 10 0.971927
8 11 0.827481
8 18 0.988971
9 1 0.589046
9 2 0.583077
9 3 0.570437
9 4 0.525031
9 5 0.555794
9 6 0.615496
9 7 0.500705
9 8 0.604225
9 9 0.530379
9 10 0.569285
9 11 0.526314
9 12 0.502529
9 13 0.558933
9 14 0.526870
9 15 0.537610
9 16 0.552029
9 17 0.553056
9 18 0.566672
9 19 0.628400
10 1 0.925046
10 2 0.938094
10 3 0.909015
10 4 0.719591
10 5 0.780755
10 6 0.996794
10 7 0.501359
10 8 0.971927
10 9 0.569285
10 10 0.900520
10 11 0.698494
10 12 0.620444
10 13 0.863300
10 14 0.859630
10 15 0.795701
10 16 0.757113
10 17 0.851845
10 18 0.929812
11 1 0.759887
11 2 0.741942
11 3 0.748391
11 4 0.613061
11 5 0.652825
11 6 0.983754
11 7 0.501328
11 8 0.827481
11 9 0.526314
11 10 0.698494
11 11 0.670819
11 12 0.516455
11 13 0.714117
11 14 0.727388
11 15 0.644813
11 16 0.623523
11 17 0.684805
11 18 0.749639
11 19 0.850427
12 2 0.610494
12 3 0.583700
12 4 0.553724
12 5 0.520052
12 6 0.702916
12 7 0.500745
12 9 0.502529
12 10 0.620444
12 11 0.516455
12 12 0.655973
12 13 0.586628
12 14 0.631981
12 15 0.568560
12 16 0.536216
12 17 0.585132
12 18 0.667431
12 19 0.710704
13 1 0.918293
13 2 0.914336
13 3 0.903529
13 4 0.707716
13 5 0.779667
13 6 0.998239
13 7 0.501437
13 9 0.558933
13 10 0.863300
13 11 0.714117
13 12 0.586628
13 13 0.874055
13 14 0.877026
13 15 0.792384
13 16 0.755841
13 17 0.835970
13 18 0.914589
13 19 0.978289
14 1 0.912968
14 2 0.909973
14 3 0.907072
14 4 0.713783
14 5 0.762130
14 6 0.999473
14 7 0.500708
14 9 0.526870
14 10 0.859630
14 11 0.727388
14 12 0.631981
14 13 0.877026
14 14 0.918572
14 15 0.801081
14 16 0.734628
14 17 0.836642
14 18 0.924051
14 19 0.978017
15 1 0.848823
15 2 0.851628
15 3 0.831681
15 4 0.651900
15 5 0.709419
15 6 0.987705
15 7 0.500614
15 9 0.537610
15 10 0.795701
15 11 0.644813
15 12 0.568560
15 13 0.792384
15 14 0.801081
15 15 0.723642
15 16 0.688879
15 17 0.763189
15 18 0.849112
15 19 0.942146
16 2 0.806930
16 3 0.793359
16 4 0.628030
16 5 0.735470
16 6 0.977850
16 7 0.501017
16 9 0.552029
16 10 0.757113
16 11 0.623523
16 12 0.536216
16 13 0.755841
16 14 0.734628
16 15 0.688879
16 16 0.708762
16 17 0.736421
16 18 0.806576
16 19 0.912292
17 2 0.900300
17 3 0.876655
17 5 0.762451
17 6 0.995450
17 7 0.501036
17 9 0.553056
17 10 0.851845
17 11 0.684805
17 12 0.585132
17 13 0.835970
17 14 0.836642
17 15 0.763189
17 16 0.736421
17 17 0.816635
17 18 0.898230
18 1 0.958949
18 2 0.962074
18 3 0.944951
18 4 0.760853
18 5 0.833092
18 6 0.999637
18 7 0.501300
18 8 0.988971
18 9 0.566672
18 10 0.929812
18 11 0.749639
18 12 0.667431
18 13 0.914589
18 14 0.924051
18 15 0.849112
18 16 0.806576
18 17 0.898230
18 18 0.966221
19 3 0.991021
19 4 0.869481
19 5 0.933036
19 6 0.999995
19 7 0.502301
19 9 0.628400
19 11 0.850427
19 12 0.710704
19 13 0.978289
19 14 0.978017
19 15 0.942146
19 16 0.912292
19 19 0.999826
