1 2 0.918082
1 3 0.881006
1 5 0.744458
1 8 0.880956
1 12 0.754692
1 16 0.689351
1 17 0.857595
1 19 0.954901
2 1 0.918082
2 8 0.881755
2 19 0.977134
3 1 0.881006
3 8 0.789085
4 17 0.660184
5 1 0.744458
5 8 0.794728
8 1 0.880956
8 2 0.881755
8 3 0.789085
8 5 0.794728
8 12 0.721109
8 13 0.740666
8 14 0.797342
8 15 0.684454
8 16 0.618158
8 17 0.845708
8 19 0.944233
10 19 0.500000
12 1 0.754692
12 8 0.721109
13 8 0.740666
14 8 0.797342
15 8 0.684454
16 1 0.689351
16 8 0.618158
17 1 0.857595
17 4 0.660184
17 8 0.845708
17 19 0.933242
18 19 0.984975
19 1 0.954901
19 2 0.977134
19 8 0.944233
19 10 0.500000
19 17 0.933242
19 18 0.984975
1 1 0.931927
1 4 0.687283
1 6 0.955519
1 7 0.501350
1 9 0.540176
1 10 0.500000
1 11 0.562456
1 13 0.721910
1 14 0.712537
1 15 0.638777
1 18 0.909512
2 2 0.952004
2 3 0.853316
2 4 0.659982
2 5 0.753853
2 6 0.959620
2 7 0.501212
2 9 0.530086
2 10 0.500000
2 11 0.501120
2 12 0.737174
2 13 0.728041
2 14 0.783291
2 15 0.631588
2 16 0.631371
2 17 0.879385
2 18 0.954547
3 2 0.853316
3 3 0.857423
3 4 0.613729
3 5 0.657471
3 6 0.778861
3 7 0.500713
3 9 0.531625
3 10 0.500000
3 11 0.543481
3 12 0.700587
3 13 0.650165
3 14 0.616364
3 15 0.583280
3 16 0.664207
3 17 0.774295
3 18 0.817516
3 19 0.881735
4 1 0.687283
4 2 0.659982
4 3 0.613729
4 4 0.614984
4 5 0.616941
4 6 0.873712
4 7 0.500932
4 8 0.695943
4 9 0.531956
4 10 0.500000
4 11 0.543624
4 12 0.580052
4 13 0.574360
4 14 0.588990
4 15 0.570016
4 16 0.556255
4 18 0.691396
4 19 0.741952
5 2 0.753853
5 3 0.657471
5 4 0.616941
5 5 0.697685
5 6 0.944655
5 7 0.501242
5 9 0.524683
5 10 0.500000
5 11 0.517799
5 12 0.622424
5 13 0.643023
5 14 0.692773
5 15 0.609629
5 16 0.556566
5 17 0.723362
5 18 0.797874
5 19 0.839551
6 1 0.955519
6 2 0.959620
6 3 0.778861
6 4 0.873712
6 5 0.944655
6 6 1.000000
6 7 0.505323
6 8 0.984996
6 9 0.617334
6 10 0.500000
6 11 0.559938
6 12 0.754753
6 13 0.839191
6 14 0.927020
6 15 0.807832
6 16 0.590596
6 17 0.951570
6 18 0.990874
6 19 0.996640
7 1 0.501350
7 2 0.501212
7 3 0.500713
7 4 0.500932
7 5 0.501242
7 6 0.505323
7 7 0.500025
7 8 0.502023
7 9 0.500288
7 10 0.500000
7 11 0.500420
7 12 0.500574
7 13 0.500713
7 14 0.501314
7 15 0.500752
7 16 0.500367
7 17 0.501320
7 18 0.501565
7 19 0.501967
8 4 0.695943
8 6 0.984996
8 7 0.502023
8 8 0.913022
8 9 0.552259
8 10 0.500000
8 11 0.546787
8 18 0.908198
9 1 0.540176
9 2 0.530086
9 3 0.531625
9 4 0.531956
9 5 0.524683
9 6 0.617334
9 7 0.500288
9 8 0.552259
9 9 0.519782
9 10 0.500000
9 11 0.513893
9 12 0.514543
9 13 0.513688
9 14 0.523434
9 15 0.518125
9 16 0.510235
9 17 0.537261
9 18 0.542122
9 19 0.552607
10 1 0.500000
10 2 0.500000
10 3 0.500000
10 4 0.500000
10 5 0.500000
10 6 0.500000
10 7 0.500000
10 8 0.500000
10 9 0.500000
10 10 0.500000
10 11 0.500000
10 12 0.500000
10 13 0.500000
10 14 0.500000
10 15 0.500000
10 16 0.500000
10 17 0.500000
10 18 0.500000
11 1 0.562456
11 2 0.501120
11 3 0.543481
11 4 0.543624
11 5 0.517799
11 6 0.559938
11 7 0.500420
11 8 0.546787
11 9 0.513893
11 10 0.500000
11 11 0.557677
11 12 0.533283
11 13 0.517361
11 14 0.491591
11 15 0.519776
11 16 0.533880
11 17 0.533251
11 18 0.487909
11 19 0.507964
12 2 0.737174
12 3 0.700587
12 4 0.580052
12 5 0.622424
12 6 0.754753
12 7 0.500574
12 9 0.514543
12 10 0.500000
12 11 0.533283
12 12 0.630407
12 13 0.618241
12 14 0.614256
12 15 0.571277
12 16 0.587560
12 17 0.687335
12 18 0.721012
12 19 0.778954
13 1 0.721910
13 2 0.728041
13 3 0.650165
13 4 0.574360
13 5 0.643023
13 6 0.839191
13 7 0.500713
13 9 0.513688
13 10 0.500000
13 11 0.517361
13 12 0.618241
13 13 0.633873
13 14 0.661494
13 15 0.583425
13 16 0.558184
13 17 0.683680
13 18 0.739641
13 19 0.786640
14 1 0.712537
14 2 0.783291
14 3 0.616364
14 4 0.588990
14 5 0.692773
14 6 0.927020
14 7 0.501314
14 9 0.523434
14 10 0.500000
14 11 0.491591
14 12 0.614256
14 13 0.661494
14 14 0.751610
14 15 0.610221
14 16 0.521293
14 17 0.727434
14 18 0.828102
14 19 0.860254
15 1 0.638777
15 2 0.631588
15 3 0.583280
15 4 0.570016
15 5 0.609629
15 6 0.807832
15 7 0.500752
15 9 0.518125
15 10 0.500000
15 11 0.519776
15 12 0.571277
15 13 0.583425
15 14 0.610221
15 15 0.568509
15 16 0.533262
15 17 0.624981
15 18 0.656468
15 19 0.690957
16 2 0.631371
16 3 0.664207
16 4 0.556255
16 5 0.556566
16 6 0.590596
16 7 0.500367
16 9 0.510235
16 10 0.500000
16 11 0.533880
16 12 0.587560
16 13 0.558184
16 14 0.521293
16 15 0.533262
16 16 0.594021
16 17 0.610049
16 18 0.585662
16 19 0.635966
17 2 0.879385
17 3 0.774295
17 5 0.723362
17 6 0.951570
17 7 0.501320
17 9 0.537261
17 10 0.500000
17 11 0.533251
17 12 0.687335
17 13 0.683680
17 14 0.727434
17 15 0.624981
17 16 0.610049
17 17 0.817819
17 18 0.892338
18 1 0.909512
18 2 0.954547
18 3 0.817516
18 4 0.691396
18 5 0.797874
18 6 0.990874
18 7 0.501565
18 8 0.908198
18 9 0.542122
18 10 0.500000
18 11 0.487909
18 12 0.721012
18 13 0.739641
18 14 0.828102
18 15 0.656468
18 16 0.585662
18 17 0.892338
18 18 0.970756
19 3 0.881735
19 4 0.741952
19 5 0.839551
19 6 0.996640
19 7 0.501967
19 9 0.552607
19 11 0.507964
19 12 0.778954
19 13 0.786640
19 14 0.860254
19 15 0.690957
19 16 0.635966
19 19 0.993995
