1 2 0.948341
1 3 0.815876
1 5 0.860545
1 8 0.912130
1 12 0.792565
1 16 0.836116
1 17 0.895066
1 19 0.975496
2 1 0.948341
2 8 0.960981
2 19 0.995298
3 1 0.815876
3 8 0.852293
4 17 0.726146
5 1 0.860545
5 8 0.862533
8 1 0.912130
8 2 0.960981
8 3 0.852293
8 5 0.862533
8 12 0.784832
8 13 0.757942
8 14 0.865519
8 15 0.732376
8 16 0.840263
8 17 0.905270
8 19 0.982394
10 19 0.976209
12 1 0.792565
12 8 0.784832
13 8 0.757942
14 8 0.865519
15 8 0.732376
16 1 0.836116
16 8 0.840263
17 1 0.895066
17 4 0.726146
17 8 0.905270
17 19 0.973165
18 19 0.833193
19 1 0.975496
19 2 0.995298
19 8 0.982394
19 10 0.976209
19 17 0.973165
19 18 0.833193
1 1 0.913519
1 4 0.722758
1 6 0.589745
1 7 0.502241
1 9 0.592057
1 10 0.886782
1 11 0.638592
1 13 0.735421
1 14 0.806442
1 15 0.711348
1 18 0.802698
2 2 0.990115
2 3 0.928734
2 4 0.770126
2 5 0.903020
2 6 0.636401
2 7 0.502835
2 9 0.614394
2 10 0.953639
2 11 0.685783
2 12 0.833222
2 13 0.817391
2 14 0.902800
2 15 0.768859
2 16 0.882902
2 17 0.945242
2 18 0.827710
3 2 0.928734
3 3 0.999535
3 4 0.715329
3 5 0.714602
3 6 0.426655
3 7 0.506803
3 9 0.525186
3 10 0.836125
3 11 0.725778
3 12 0.689650
3 13 0.807594
3 14 0.616117
3 15 0.704406
3 16 0.749830
3 17 0.847400
3 18 0.833480
3 19 0.947211
4 1 0.722758
4 2 0.770126
4 3 0.715329
4 4 0.620438
4 5 0.671041
4 6 0.483106
4 7 0.501328
4 8 0.734454
4 9 0.534073
4 10 0.707766
4 11 0.564910
4 12 0.627842
4 13 0.606658
4 14 0.660396
4 15 0.605363
4 16 0.670039
4 18 0.563083
4 19 0.827335
5 2 0.903020
5 3 0.714602
5 4 0.671041
5 5 0.813575
5 6 0.606305
5 7 0.501625
5 9 0.584183
5 10 0.833495
5 11 0.606316
5 12 0.739717
5 13 0.690723
5 14 0.771550
5 15 0.665920
5 16 0.781939
5 17 0.839836
5 18 0.743999
5 19 0.946807
6 1 0.589745
6 2 0.636401
6 3 0.426655
6 4 0.483106
6 5 0.606305
6 6 0.949090
6 7 0.500593
6 8 0.646453
6 9 0.616096
6 10 0.643673
6 11 0.521590
6 12 0.558973
6 13 0.541823
6 14 0.697027
6 15 0.520674
6 16 0.534428
6 17 0.535864
6 18 0.775577
6 19 0.688839
7 1 0.502241
7 2 0.502835
7 3 0.506803
7 4 0.501328
7 5 0.501625
7 6 0.500593
7 7 0.500037
7 8 0.502785
7 9 0.500232
7 10 0.502341
7 11 0.501042
7 12 0.501196
7 13 0.501581
7 14 0.501579
7 15 0.501268
7 16 0.501640
7 17 0.502374
7 18 0.500941
7 19 0.503879
8 4 0.734454
8 6 0.646453
8 7 0.502785
8 8 0.931480
8 9 0.604204
8 10 0.908956
8 11 0.647459
8 18 0.777327
9 1 0.592057
9 2 0.614394
9 3 0.525186
9 4 0.534073
9 5 0.584183
9 6 0.616096
9 7 0.500232
9 8 0.604204
9 9 0.547130
9 10 0.588458
9 11 0.527552
9 12 0.553613
9 13 0.543132
9 14 0.592683
9 15 0.535416
9 16 0.568254
9 17 0.586259
9 18 0.605400
9 19 0.652000
10 1 0.886782
10 2 0.953639
10 3 0.836125
10 4 0.707766
10 5 0.833495
10 6 0.643673
10 7 0.502341
10 8 0.908956
10 9 0.588458
10 10 0.894683
10 11 0.629890
10 12 0.758168
10 13 0.735534
10 14 0.844101
10 15 0.706455
10 16 0.810277
10 17 0.882458
10 18 0.690563
11 1 0.638592
11 2 0.685783
11 3 0.725778
11 4 0.564910
11 5 0.606316
11 6 0.521590
11 7 0.501042
11 8 0.647459
11 9 0.527552
11 10 0.629890
11 11 0.563180
11 12 0.577359
11 13 0.581218
11 14 0.581970
11 15 0.560367
11 16 0.598035
11 17 0.635516
11 18 0.599389
11 19 0.720524
12 2 0.833222
12 3 0.689650
12 4 0.627842
12 5 0.739717
12 6 0.558973
12 7 0.501196
12 9 0.553613
12 10 0.758168
12 11 0.577359
12 12 0.685067
12 13 0.639118
12 14 0.685669
12 15 0.621143
12 16 0.716999
12 17 0.768179
12 18 0.686376
12 19 0.886720
13 1 0.735421
13 2 0.817391
13 3 0.807594
13 4 0.606658
13 5 0.690723
13 6 0.541823
13 7 0.501581
13 9 0.543132
13 10 0.735534
13 11 0.581218
13 12 0.639118
13 13 0.648600
13 14 0.670318
13 15 0.610316
13 16 0.672407
13 17 0.729818
13 18 0.691323
13 19 0.859593
14 1 0.806442
14 2 0.902800
14 3 0.616117
14 4 0.660396
14 5 0.771550
14 6 0.697027
14 7 0.501579
14 9 0.592683
14 10 0.844101
14 11 0.581970
14 12 0.685669
14 13 0.670318
14 14 0.861320
14 15 0.664986
14 16 0.753470
14 17 0.822723
14 18 0.497146
14 19 0.946130
15 1 0.711348
15 2 0.768859
15 3 0.704406
15 4 0.605363
15 5 0.665920
15 6 0.520674
15 7 0.501268
15 9 0.535416
15 10 0.706455
15 11 0.560367
15 12 0.621143
15 13 0.610316
15 14 0.664986
15 15 0.601385
15 16 0.657529
15 17 0.709807
15 18 0.600609
15 19 0.822718
16 2 0.882902
16 3 0.749830
16 4 0.670039
16 5 0.781939
16 6 0.534428
16 7 0.501640
16 9 0.568254
16 10 0.810277
16 11 0.598035
16 12 0.716999
16 13 0.672407
16 14 0.753470
16 15 0.657529
16 16 0.767609
16 17 0.826390
16 18 0.660588
16 19 0.931521
17 2 0.945242
17 3 0.847400
17 5 0.839836
17 6 0.535864
17 7 0.502374
17 9 0.586259
17 10 0.882458
17 11 0.635516
17 12 0.768179
17 13 0.729818
17 14 0.822723
17 15 0.709807
17 16 0.826390
17 17 0.892029
17 18 0.690721
18 1 0.802698
18 2 0.827710
18 3 0.833480
18 4 0.563083
18 5 0.743999
18 6 0.775577
18 7 0.500941
18 8 0.777327
18 9 0.605400
18 10 0.690563
18 11 0.599389
18 12 0.686376
18 13 0.691323
18 14 0.497146
18 15 0.600609
18 16 0.660588
18 17 0.690721
18 18 0.995823
19 3 0.947211
19 4 0.827335
19 5 0.946807
19 6 0.688839
19 7 0.503879
19 9 0.652000
19 11 0.720524
19 12 0.886720
19 13 0.859593
19 14 0.946130
19 15 0.822718
19 16 0.931521
19 19 0.998550
