1 2 0.905767
1 3 0.855081
1 5 0.812583
1 8 0.919965
1 12 0.802875
1 16 0.810271
1 17 0.819794
1 19 0.906172
2 1 0.905767
2 8 0.953444
2 19 0.906935
3 1 0.855081
3 8 0.846577
4 17 0.662851
5 1 0.812583
5 8 0.836872
8 1 0.919965
8 2 0.953444
8 3 0.846577
8 5 0.836872
8 12 0.814637
8 13 0.846337
8 14 0.901616
8 15 0.756973
8 16 0.821267
8 17 0.816087
8 19 0.896434
10 19 0.851154
12 1 0.802875
12 8 0.814637
13 8 0.846337
14 8 0.901616
15 8 0.756973
16 1 0.810271
16 8 0.821267
17 1 0.819794
17 4 0.662851
17 8 0.816087
17 19 0.814431
18 19 0.811157
19 1 0.906172
19 2 0.906935
19 8 0.896434
19 10 0.851154
19 17 0.814431
19 18 0.811157
1 1 0.921899
1 4 0.704069
1 6 0.993223
1 7 0.503137
1 9 0.620576
1 10 0.847066
1 11 0.685587
1 13 0.769900
1 14 0.844629
1 15 0.716646
1 18 0.819526
2 2 0.998269
2 3 0.824960
2 4 0.699308
2 5 0.838364
2 6 0.997822
2 7 0.503830
2 9 0.601961
2 10 0.851411
2 11 0.695904
2 12 0.792423
2 13 0.870761
2 14 0.910862
2 15 0.755314
2 16 0.808352
2 17 0.800213
2 18 0.922556
3 2 0.824960
3 3 0.805227
3 4 0.635556
3 5 0.739840
3 6 0.968781
3 7 0.502556
3 9 0.572680
3 10 0.776246
3 11 0.633128
3 12 0.735979
3 13 0.720044
3 14 0.768634
3 15 0.663079
3 16 0.744842
3 17 0.739024
3 18 0.692919
3 19 0.839544
4 1 0.704069
4 2 0.699308
4 3 0.635556
4 4 0.612792
4 5 0.636557
4 6 0.837299
4 7 0.501308
4 8 0.707834
4 9 0.550843
4 10 0.648156
4 11 0.554228
4 12 0.627409
4 13 0.593181
4 14 0.668209
4 15 0.583607
4 16 0.628182
4 18 0.640874
4 19 0.702581
5 2 0.838364
5 3 0.739840
5 4 0.636557
5 5 0.727027
5 6 0.954058
5 7 0.502130
5 9 0.580639
5 10 0.723358
5 11 0.612640
5 12 0.708648
5 13 0.704213
5 14 0.775338
5 15 0.653780
5 16 0.713825
5 17 0.718299
5 18 0.706490
5 19 0.794459
6 1 0.993223
6 2 0.997822
6 3 0.968781
6 4 0.837299
6 5 0.954058
6 6 0.999998
6 7 0.505508
6 8 0.995367
6 9 0.717345
6 10 0.975707
6 11 0.892069
6 12 0.944950
6 13 0.941236
6 14 0.976069
6 15 0.882000
6 16 0.945102
6 17 0.951910
6 18 0.991581
6 19 0.990889
7 1 0.503137
7 2 0.503830
7 3 0.502556
7 4 0.501308
7 5 0.502130
7 6 0.505508
7 7 0.500028
7 8 0.503680
7 9 0.500480
7 10 0.501936
7 11 0.500605
7 12 0.502035
7 13 0.502234
7 14 0.503091
7 15 0.501450
7 16 0.502103
7 17 0.502112
7 18 0.500871
7 19 0.502945
8 4 0.707834
8 6 0.995367
8 7 0.503680
8 8 0.952667
8 9 0.625209
8 10 0.822808
8 11 0.692518
8 18 0.845914
9 1 0.620576
9 2 0.601961
9 3 0.572680
9 4 0.550843
9 5 0.580639
9 6 0.717345
9 7 0.500480
9 8 0.625209
9 9 0.551299
9 10 0.563459
9 11 0.540784
9 12 0.571157
9 13 0.541249
9 14 0.599769
9 15 0.544430
9 16 0.574505
9 17 0.579084
9 18 0.581203
9 19 0.596905
10 1 0.847066
10 2 0.851411
10 3 0.776246
10 4 0.648156
10 5 0.723358
10 6 0.975707
10 7 0.501936
10 8 0.822808
10 9 0.563459
10 10 0.805400
10 11 0.645010
10 12 0.718155
10 13 0.686021
10 14 0.722241
10 15 0.649745
10 16 0.724041
10 17 0.747942
10 18 0.777309
11 1 0.685587
11 2 0.695904
11 3 0.633128
11 4 0.554228
11 5 0.612640
11 6 0.892069
11 7 0.500605
11 8 0.692518
11 9 0.540784
11 10 0.645010
11 11 0.602640
11 12 0.606059
11 13 0.605282
11 14 0.623118
11 15 0.577660
11 16 0.605275
11 17 0.607888
11 18 0.695399
11 19 0.674696
12 2 0.792423
12 3 0.735979
12 4 0.627409
12 5 0.708648
12 6 0.944950
12 7 0.502035
12 9 0.571157
12 10 0.718155
12 11 0.606059
12 12 0.699873
12 13 0.683076
12 14 0.751459
12 15 0.639600
12 16 0.703287
12 17 0.709492
12 18 0.687710
12 19 0.785622
13 1 0.769900
13 2 0.870761
13 3 0.720044
13 4 0.593181
13 5 0.704213
13 6 0.941236
13 7 0.502234
13 9 0.541249
13 10 0.686021
13 11 0.605282
13 12 0.683076
13 13 0.770316
13 14 0.772932
13 15 0.664543
13 16 0.692247
13 17 0.664668
13 18 0.678174
13 19 0.749920
14 1 0.844629
14 2 0.910862
14 3 0.768634
14 4 0.668209
14 5 0.775338
14 6 0.976069
14 7 0.503091
14 9 0.599769
14 10 0.722241
14 11 0.623118
14 12 0.751459
14 13 0.772932
14 14 0.867119
14 15 0.696831
14 16 0.753657
14 17 0.751427
14 18 0.754989
14 19 0.816304
15 1 0.716646
15 2 0.755314
15 3 0.663079
15 4 0.583607
15 5 0.653780
15 6 0.882000
15 7 0.501450
15 9 0.544430
15 10 0.649745
15 11 0.577660
15 12 0.639600
15 13 0.664543
15 14 0.696831
15 15 0.611963
15 16 0.643652
15 17 0.640201
15 18 0.636181
15 19 0.702936
16 2 0.808352
16 3 0.744842
16 4 0.628182
16 5 0.713825
16 6 0.945102
16 7 0.502103
16 9 0.574505
16 10 0.724041
16 11 0.605275
16 12 0.703287
16 13 0.692247
16 14 0.753657
16 15 0.643652
16 16 0.711238
16 17 0.711535
16 18 0.682118
16 19 0.791341
17 2 0.800213
17 3 0.739024
17 5 0.718299
17 6 0.951910
17 7 0.502112
17 9 0.579084
17 10 0.747942
17 11 0.607888
17 12 0.709492
17 13 0.664668
17 14 0.751427
17 15 0.640201
17 16 0.711535
17 17 0.745906
17 18 0.721945
18 1 0.819526
18 2 0.922556
18 3 0.692919
18 4 0.640874
18 5 0.706490
18 6 0.991581
18 7 0.500871
18 8 0.845914
18 9 0.581203
18 10 0.777309
18 11 0.695399
18 12 0.687710
18 13 0.678174
18 14 0.754989
18 15 0.636181
18 16 0.682118
18 17 0.721945
18 18 0.936978
19 3 0.839544
19 4 0.702581
19 5 0.794459
19 6 0.990889
19 7 0.502945
19 9 0.596905
19 11 0.674696
19 12 0.785622
19 13 0.749920
19 14 0.816304
19 15 0.702936
19 16 0.791341
19 19 0.905013
