1 2 0.868260
1 3 0.820327
1 5 0.812716
1 8 0.926830
1 12 0.700561
1 16 0.755631
1 17 0.849214
1 19 0.966620
2 1 0.868260
2 8 0.887645
2 19 0.930914
3 1 0.820327
3 8 0.891460
4 17 0.500000
5 1 0.812716
5 8 0.827144
8 1 0.926830
8 2 0.887645
8 3 0.891460
8 5 0.827144
8 12 0.701177
8 13 0.822919
8 14 0.887010
8 15 0.745160
8 16 0.750251
8 17 0.850444
8 19 0.970350
10 19 0.937958
12 1 0.700561
12 8 0.701177
13 8 0.822919
14 8 0.887010
15 8 0.745160
16 1 0.755631
16 8 0.750251
17 1 0.849214
17 4 0.500000
17 8 0.850444
17 19 0.918977
18 19 0.953059
19 1 0.966620
19 2 0.930914
19 8 0.970350
19 10 0.937958
19 17 0.918977
19 18 0.953059
1 1 0.926465
1 4 0.500000
1 6 0.989840
1 7 0.500584
1 9 0.658854
1 10 0.861714
1 11 0.696944
1 13 0.779810
1 14 0.809860
1 15 0.706776
1 18 0.888961
2 2 0.819913
2 3 0.779669
2 4 0.500000
2 5 0.760282
2 6 0.964860
2 7 0.500543
2 9 0.622377
2 10 0.808303
2 11 0.648369
2 12 0.654551
2 13 0.737333
2 14 0.730871
2 15 0.673601
2 16 0.693051
2 17 0.791847
2 18 0.839108
3 2 0.779669
3 3 0.867965
3 4 0.500000
3 5 0.705428
3 6 0.897430
3 7 0.502444
3 9 0.581888
3 10 0.768307
3 11 0.724325
3 12 0.618856
3 13 0.759344
3 14 0.858519
3 15 0.672810
3 16 0.665219
3 17 0.722903
3 18 0.772929
3 19 0.893141
4 1 0.500000
4 2 0.500000
4 3 0.500000
4 4 0.500000
4 5 0.500000
4 6 0.500000
4 7 0.500000
4 8 0.500000
4 9 0.500000
4 10 0.500000
4 11 0.500000
4 12 0.500000
4 13 0.500000
4 14 0.500000
4 15 0.500000
4 16 0.500000
4 18 0.500000
4 19 0.500000
5 2 0.760282
5 3 0.705428
5 4 0.500000
5 5 0.724354
5 6 0.940291
5 7 0.500156
5 9 0.603668
5 10 0.741136
5 11 0.607568
5 12 0.627683
5 13 0.683252
5 14 0.702911
5 15 0.638408
5 16 0.645242
5 17 0.732540
5 18 0.773148
5 19 0.873221
6 1 0.989840
6 2 0.964860
6 3 0.897430
6 4 0.500000
6 5 0.940291
6 6 1.000000
6 7 0.499364
6 8 0.985511
6 9 0.802047
6 10 0.939014
6 11 0.372040
6 12 0.853815
6 13 0.883989
6 14 0.126019
6 15 0.763217
6 16 0.896435
6 17 0.958851
6 18 0.983210
6 19 0.996569
7 1 0.500584
7 2 0.500543
7 3 0.502444
7 4 0.500000
7 5 0.500156
7 6 0.499364
7 7 0.500027
7 8 0.501600
7 9 0.499982
7 10 0.500433
7 11 0.501420
7 12 0.500033
7 13 0.501113
7 14 0.502137
7 15 0.500480
7 16 0.500340
7 17 0.500059
7 18 0.499983
7 19 0.500721
8 4 0.500000
8 6 0.985511
8 7 0.501600
8 8 0.953956
8 9 0.658038
8 10 0.875360
8 11 0.740566
8 18 0.897224
9 1 0.658854
9 2 0.622377
9 3 0.581888
9 4 0.500000
9 5 0.603668
9 6 0.802047
9 7 0.499982
9 8 0.658038
9 9 0.557182
9 10 0.622630
9 11 0.543870
9 12 0.558790
9 13 0.567857
9 14 0.601204
9 15 0.557127
9 16 0.564667
9 17 0.616889
9 18 0.646387
9 19 0.711177
10 1 0.861714
10 2 0.808303
10 3 0.768307
10 4 0.500000
10 5 0.741136
10 6 0.939014
10 7 0.500433
10 8 0.875360
10 9 0.622630
10 10 0.826645
10 11 0.675891
10 12 0.633552
10 13 0.716085
10 14 0.784115
10 15 0.667382
10 16 0.682055
10 17 0.794088
10 18 0.843487
11 1 0.696944
11 2 0.648369
11 3 0.724325
11 4 0.500000
11 5 0.607568
11 6 0.372040
11 7 0.501420
11 8 0.740566
11 9 0.543870
11 10 0.675891
11 11 0.744075
11 12 0.559607
11 13 0.636662
11 14 0.906556
11 15 0.599240
11 16 0.574465
11 17 0.619418
11 18 0.634539
11 19 0.766723
12 2 0.654551
12 3 0.618856
12 4 0.500000
12 5 0.627683
12 6 0.853815
12 7 0.500033
12 9 0.558790
12 10 0.633552
12 11 0.559607
12 12 0.587986
12 13 0.600535
12 14 0.634994
12 15 0.569741
12 16 0.596269
12 17 0.640247
12 18 0.671595
12 19 0.740851
13 1 0.779810
13 2 0.737333
13 3 0.759344
13 4 0.500000
13 5 0.683252
13 6 0.883989
13 7 0.501113
13 9 0.567857
13 10 0.716085
13 11 0.636662
13 12 0.600535
13 13 0.709569
13 14 0.691982
13 15 0.630702
13 16 0.634295
13 17 0.689473
13 18 0.724960
13 19 0.844505
14 1 0.809860
14 2 0.730871
14 3 0.858519
14 4 0.500000
14 5 0.702911
14 6 0.126019
14 7 0.502137
14 9 0.601204
14 10 0.784115
14 11 0.906556
14 12 0.634994
14 13 0.691982
14 14 0.999894
14 15 0.709984
14 16 0.626338
14 17 0.698861
14 18 0.716510
14 19 0.871294
15 1 0.706776
15 2 0.673601
15 3 0.672810
15 4 0.500000
15 5 0.638408
15 6 0.763217
15 7 0.500480
15 9 0.557127
15 10 0.667382
15 11 0.599240
15 12 0.569741
15 13 0.630702
15 14 0.709984
15 15 0.600590
15 16 0.589157
15 17 0.646221
15 18 0.676296
15 19 0.772142
16 2 0.693051
16 3 0.665219
16 4 0.500000
16 5 0.645242
16 6 0.896435
16 7 0.500340
16 9 0.564667
16 10 0.682055
16 11 0.574465
16 12 0.596269
16 13 0.634295
16 14 0.626338
16 15 0.589157
16 16 0.640158
16 17 0.682410
16 18 0.713260
16 19 0.809025
17 2 0.791847
17 3 0.722903
17 5 0.732540
17 6 0.958851
17 7 0.500059
17 9 0.616889
17 10 0.794088
17 11 0.619418
17 12 0.640247
17 13 0.689473
17 14 0.698861
17 15 0.646221
17 16 0.682410
17 17 0.782315
17 18 0.828976
18 1 0.888961
18 2 0.839108
18 3 0.772929
18 4 0.500000
18 5 0.773148
18 6 0.983210
18 7 0.499983
18 8 0.897224
18 9 0.646387
18 10 0.843487
18 11 0.634539
18 12 0.671595
18 13 0.724960
18 14 0.716510
18 15 0.676296
18 16 0.713260
18 17 0.828976
18 18 0.883874
19 3 0.893141
19 4 0.500000
19 5 0.873221
19 6 0.996569
19 7 0.500721
19 9 0.711177
19 11 0.766723
19 12 0.740851
19 13 0.844505
19 14 0.871294
19 15 0.772142
19 16 0.809025
19 19 0.992097
