1 2 0.562042
1 3 0.549633
1 5 0.557788
1 8 0.597635
1 12 0.526647
1 16 0.590664
1 17 0.571889
1 19 0.586448
2 1 0.562042
2 8 0.580876
2 19 0.577661
3 1 0.549633
3 8 0.563742
4 17 0.500000
5 1 0.557788
5 8 0.574479
8 1 0.597635
8 2 0.580876
8 3 0.563742
8 5 0.574479
8 12 0.524036
8 13 0.529051
8 14 0.594824
8 15 0.548150
8 16 0.674751
8 17 0.590843
8 19 0.602656
10 19 0.590815
12 1 0.526647
12 8 0.524036
13 8 0.529051
14 8 0.594824
15 8 0.548150
16 1 0.590664
16 8 0.674751
17 1 0.571889
17 4 0.500000
17 8 0.590843
17 19 0.589386
18 19 0.602197
19 1 0.586448
19 2 0.577661
19 8 0.602656
19 10 0.590815
19 17 0.589386
19 18 0.602197
1 1 0.581455
1 4 0.500000
1 6 0.536599
1 7 0.499757
1 9 0.510357
1 10 0.558018
1 11 0.518234
1 13 0.535211
1 14 0.550596
1 15 0.528424
1 18 0.613775
2 2 0.556245
2 3 0.539554
2 4 0.500000
2 5 0.545143
2 6 0.540906
2 7 0.499991
2 9 0.508256
2 10 0.555950
2 11 0.520714
2 12 0.514222
2 13 0.516022
2 14 0.535111
2 15 0.526447
2 16 0.602066
2 17 0.562876
2 18 0.566937
3 2 0.539554
3 3 0.540007
3 4 0.500000
3 5 0.538067
3 6 0.509359
3 7 0.500066
3 9 0.505805
3 10 0.531584
3 11 0.501019
3 12 0.512046
3 13 0.535845
3 14 0.539995
3 15 0.521512
3 16 0.576459
3 17 0.543181
3 18 0.557258
3 19 0.549744
4 1 0.500000
4 2 0.500000
4 3 0.500000
4 4 0.500000
4 5 0.500000
4 6 0.500000
4 7 0.500000
4 8 0.500000
4 9 0.500000
4 10 0.500000
4 11 0.500000
4 12 0.500000
4 13 0.500000
4 14 0.500000
4 15 0.500000
4 16 0.500000
4 18 0.500000
4 19 0.500000
5 2 0.545143
5 3 0.538067
5 4 0.500000
5 5 0.548290
5 6 0.535021
5 7 0.499878
5 9 0.508566
5 10 0.535077
5 11 0.507433
5 12 0.518972
5 13 0.526427
5 14 0.548983
5 15 0.524170
5 16 0.592264
5 17 0.552269
5 18 0.580504
5 19 0.556899
6 1 0.536599
6 2 0.540906
6 3 0.509359
6 4 0.500000
6 5 0.535021
6 6 0.992746
6 7 0.502288
6 8 0.657224
6 9 0.542478
6 10 0.525755
6 11 0.676885
6 12 0.509919
6 13 0.424553
6 14 0.680245
6 15 0.567868
6 16 0.544177
6 17 0.558417
6 18 0.520276
6 19 0.546408
7 1 0.499757
7 2 0.499991
7 3 0.500066
7 4 0.500000
7 5 0.499878
7 6 0.502288
7 7 0.500030
7 8 0.500010
7 9 0.500259
7 10 0.499908
7 11 0.500755
7 12 0.499935
7 13 0.499596
7 14 0.500584
7 15 0.500149
7 16 0.500313
7 17 0.499883
7 18 0.498677
7 19 0.499835
8 4 0.500000
8 6 0.657224
8 7 0.500010
8 8 0.642060
8 9 0.517876
8 10 0.563674
8 11 0.537464
8 18 0.616112
9 1 0.510357
9 2 0.508256
9 3 0.505805
9 4 0.500000
9 5 0.508566
9 6 0.542478
9 7 0.500259
9 8 0.517876
9 9 0.508646
9 10 0.502191
9 11 0.515931
9 12 0.504498
9 13 0.502371
9 14 0.522059
9 15 0.507224
9 16 0.526564
9 17 0.508960
9 18 0.511454
9 19 0.508641
10 1 0.558018
10 2 0.555950
10 3 0.531584
10 4 0.500000
10 5 0.535077
10 6 0.525755
10 7 0.499908
10 8 0.563674
10 9 0.502191
10 10 0.577017
10 11 0.526572
10 12 0.513331
10 13 0.511791
10 14 0.497982
10 15 0.517857
10 16 0.544515
10 17 0.564703
10 18 0.568127
11 1 0.518234
11 2 0.520714
11 3 0.501019
11 4 0.500000
11 5 0.507433
11 6 0.676885
11 7 0.500755
11 8 0.537464
11 9 0.515931
11 10 0.526572
11 11 0.572444
11 12 0.509860
11 13 0.468694
11 14 0.522081
11 15 0.514123
11 16 0.541462
11 17 0.523157
11 18 0.512023
11 19 0.531050
12 2 0.514222
12 3 0.512046
12 4 0.500000
12 5 0.518972
12 6 0.509919
12 7 0.499935
12 9 0.504498
12 10 0.513331
12 11 0.509860
12 12 0.518788
12 13 0.503132
12 14 0.514133
12 15 0.504673
12 16 0.500523
12 17 0.518625
12 18 0.553270
12 19 0.519879
13 1 0.535211
13 2 0.516022
13 3 0.535845
13 4 0.500000
13 5 0.526427
13 6 0.424553
13 7 0.499596
13 9 0.502371
13 10 0.511791
13 11 0.468694
13 12 0.503132
13 13 0.687858
13 14 0.517423
13 15 0.515228
13 16 0.519466
13 17 0.519517
13 18 0.588695
13 19 0.527437
14 1 0.550596
14 2 0.535111
14 3 0.539995
14 4 0.500000
14 5 0.548983
14 6 0.680245
14 7 0.500584
14 9 0.522059
14 10 0.497982
14 11 0.522081
14 12 0.514133
14 13 0.517423
14 14 0.621892
14 15 0.533910
14 16 0.622649
14 17 0.539299
14 18 0.548973
14 19 0.530086
15 1 0.528424
15 2 0.526447
15 3 0.521512
15 4 0.500000
15 5 0.524170
15 6 0.567868
15 7 0.500149
15 9 0.507224
15 10 0.517857
15 11 0.514123
15 12 0.504673
15 13 0.515228
15 14 0.533910
15 15 0.519654
15 16 0.581753
15 17 0.528404
15 18 0.533623
15 19 0.530010
16 2 0.602066
16 3 0.576459
16 4 0.500000
16 5 0.592264
16 6 0.544177
16 7 0.500313
16 9 0.526564
16 10 0.544515
16 11 0.541462
16 12 0.500523
16 13 0.519466
16 14 0.622649
16 15 0.581753
16 16 0.902572
16 17 0.598122
16 18 0.560778
16 19 0.591207
17 2 0.562876
17 3 0.543181
17 5 0.552269
17 6 0.558417
17 7 0.499883
17 9 0.508960
17 10 0.564703
17 11 0.523157
17 12 0.518625
17 13 0.519517
17 14 0.539299
17 15 0.528404
17 16 0.598122
17 17 0.572266
17 18 0.588179
18 1 0.613775
18 2 0.566937
18 3 0.557258
18 4 0.500000
18 5 0.580504
18 6 0.520276
18 7 0.498677
18 8 0.616112
18 9 0.511454
18 10 0.568127
18 11 0.512023
18 12 0.553270
18 13 0.588695
18 14 0.548973
18 15 0.533623
18 16 0.560778
18 17 0.588179
18 18 0.826521
19 3 0.549744
19 4 0.500000
19 5 0.556899
19 6 0.546408
19 7 0.499835
19 9 0.508641
19 11 0.531050
19 12 0.519879
19 13 0.527437
19 14 0.530086
19 15 0.530010
19 16 0.591207
19 19 0.618501
