1 2 0.912963
1 3 0.875070
1 5 0.861937
1 8 0.972618
1 12 0.781654
1 16 0.790703
1 17 0.901897
1 19 0.977583
2 1 0.912963
2 8 0.985640
2 19 0.990061
3 1 0.875070
3 8 0.961495
4 17 0.500000
5 1 0.861937
5 8 0.955185
8 1 0.972618
8 2 0.985640
8 3 0.961495
8 5 0.955185
8 12 0.898993
8 13 0.907677
8 14 0.986078
8 15 0.866287
8 16 0.906123
8 17 0.981525
8 19 0.998795
10 19 0.985595
12 1 0.781654
12 8 0.898993
13 8 0.907677
14 8 0.986078
15 8 0.866287
16 1 0.790703
16 8 0.906123
17 1 0.901897
17 4 0.500000
17 8 0.981525
17 19 0.988459
18 19 0.981453
19 1 0.977583
19 2 0.990061
19 8 0.998795
19 10 0.985595
19 17 0.988459
19 18 0.981453
1 1 0.895715
1 4 0.500000
1 6 0.915175
1 7 0.501959
1 9 0.585883
1 10 0.882945
1 11 0.686601
1 13 0.788102
1 14 0.930336
1 15 0.741944
1 18 0.873702
2 2 0.950798
2 3 0.894138
2 4 0.500000
2 5 0.881501
2 6 0.902331
2 7 0.501915
2 9 0.610949
2 10 0.923889
2 11 0.704318
2 12 0.810701
2 13 0.819412
2 14 0.923694
2 15 0.780064
2 16 0.812197
2 17 0.937625
2 18 0.909172
3 2 0.894138
3 3 0.855069
3 4 0.500000
3 5 0.838461
3 6 0.891134
3 7 0.501883
3 9 0.577473
3 10 0.861245
3 11 0.669473
3 12 0.758656
3 13 0.764507
3 14 0.900604
3 15 0.721240
3 16 0.769241
3 17 0.880689
3 18 0.850998
3 19 0.967993
4 1 0.500000
4 2 0.500000
4 3 0.500000
4 4 0.500000
4 5 0.500000
4 6 0.500000
4 7 0.500000
4 8 0.500000
4 9 0.500000
4 10 0.500000
4 11 0.500000
4 12 0.500000
4 13 0.500000
4 14 0.500000
4 15 0.500000
4 16 0.500000
4 18 0.500000
4 19 0.500000
5 2 0.881501
5 3 0.838461
5 4 0.500000
5 5 0.828259
5 6 0.879498
5 7 0.501561
5 9 0.572501
5 10 0.849212
5 11 0.661848
5 12 0.750317
5 13 0.756144
5 14 0.908091
5 15 0.712980
5 16 0.757709
5 17 0.871076
5 18 0.840221
5 19 0.962078
6 1 0.915175
6 2 0.902331
6 3 0.891134
6 4 0.500000
6 5 0.879498
6 6 0.999964
6 7 0.501130
6 8 0.979331
6 9 0.582902
6 10 0.923282
6 11 0.850547
6 12 0.800302
6 13 0.795849
6 14 0.984511
6 15 0.733934
6 16 0.781728
6 17 0.917963
6 18 0.925830
6 19 0.988671
7 1 0.501959
7 2 0.501915
7 3 0.501883
7 4 0.500000
7 5 0.501561
7 6 0.501130
7 7 0.500016
7 8 0.502819
7 9 0.500308
7 10 0.501367
7 11 0.500541
7 12 0.501004
7 13 0.501028
7 14 0.500714
7 15 0.500844
7 16 0.501151
7 17 0.501557
7 18 0.501377
7 19 0.502699
8 4 0.500000
8 6 0.979331
8 7 0.502819
8 8 0.998110
8 9 0.652802
8 10 0.974341
8 11 0.793109
8 18 0.967224
9 1 0.585883
9 2 0.610949
9 3 0.577473
9 4 0.500000
9 5 0.572501
9 6 0.582902
9 7 0.500308
9 8 0.652802
9 9 0.539040
9 10 0.596544
9 11 0.521518
9 12 0.549765
9 13 0.554049
9 14 0.653468
9 15 0.543472
9 16 0.542083
9 17 0.597772
9 18 0.591280
9 19 0.673057
10 1 0.882945
10 2 0.923889
10 3 0.861245
10 4 0.500000
10 5 0.849212
10 6 0.923282
10 7 0.501367
10 8 0.974341
10 9 0.596544
10 10 0.912736
10 11 0.684391
10 12 0.775258
10 13 0.781231
10 14 0.921431
10 15 0.741511
10 16 0.784964
10 17 0.919782
10 18 0.897886
11 1 0.686601
11 2 0.704318
11 3 0.669473
11 4 0.500000
11 5 0.661848
11 6 0.850547
11 7 0.500541
11 8 0.793109
11 9 0.521518
11 10 0.684391
11 11 0.624890
11 12 0.622044
11 13 0.623814
11 14 0.751235
11 15 0.598809
11 16 0.623753
11 17 0.700455
11 18 0.680303
11 19 0.809396
12 2 0.810701
12 3 0.758656
12 4 0.500000
12 5 0.750317
12 6 0.800302
12 7 0.501004
12 9 0.549765
12 10 0.775258
12 11 0.622044
12 12 0.688948
12 13 0.690225
12 14 0.823571
12 15 0.658232
12 16 0.688408
12 17 0.798938
12 18 0.766123
12 19 0.910523
13 1 0.788102
13 2 0.819412
13 3 0.764507
13 4 0.500000
13 5 0.756144
13 6 0.795849
13 7 0.501028
13 9 0.554049
13 10 0.781231
13 11 0.623814
13 12 0.690225
13 13 0.702957
13 14 0.844194
13 15 0.665739
13 16 0.702450
13 17 0.804707
13 18 0.764587
13 19 0.914476
14 1 0.930336
14 2 0.923694
14 3 0.900604
14 4 0.500000
14 5 0.908091
14 6 0.984511
14 7 0.500714
14 9 0.653468
14 10 0.921431
14 11 0.751235
14 12 0.823571
14 13 0.844194
14 14 0.999225
14 15 0.765279
14 16 0.822571
14 17 0.931676
14 18 0.922922
14 19 0.990216
15 1 0.741944
15 2 0.780064
15 3 0.721240
15 4 0.500000
15 5 0.712980
15 6 0.733934
15 7 0.500844
15 9 0.543472
15 10 0.741511
15 11 0.598809
15 12 0.658232
15 13 0.665739
15 14 0.765279
15 15 0.638085
15 16 0.664527
15 17 0.764305
15 18 0.725828
15 19 0.876462
16 2 0.812197
16 3 0.769241
16 4 0.500000
16 5 0.757709
16 6 0.781728
16 7 0.501151
16 9 0.542083
16 10 0.784964
16 11 0.623753
16 12 0.688408
16 13 0.702450
16 14 0.822571
16 15 0.664527
16 16 0.722832
16 17 0.807971
16 18 0.765887
16 19 0.915428
17 2 0.937625
17 3 0.880689
17 5 0.871076
17 6 0.917963
17 7 0.501557
17 9 0.597772
17 10 0.919782
17 11 0.700455
17 12 0.798938
17 13 0.804707
17 14 0.931676
17 15 0.764305
17 16 0.807971
17 17 0.932253
17 18 0.906123
18 1 0.873702
18 2 0.909172
18 3 0.850998
18 4 0.500000
18 5 0.840221
18 6 0.925830
18 7 0.501377
18 8 0.967224
18 9 0.591280
18 10 0.897886
18 11 0.680303
18 12 0.766123
18 13 0.764587
18 14 0.922922
18 15 0.725828
18 16 0.765887
18 17 0.906123
18 18 0.892119
19 3 0.967993
19 4 0.500000
19 5 0.962078
19 6 0.988671
19 7 0.502699
19 9 0.673057
19 11 0.809396
19 12 0.910523
19 13 0.914476
19 14 0.990216
19 15 0.876462
19 16 0.915428
19 19 0.999541
