1 2 0.899045
1 3 0.923919
1 5 0.865930
1 8 0.979543
1 12 0.857754
1 16 0.767388
1 17 0.818151
1 19 0.971973
2 1 0.899045
2 8 0.961732
2 19 0.942120
3 1 0.923919
3 8 0.982215
4 17 0.587888
5 1 0.865930
5 8 0.942312
8 1 0.979543
8 2 0.961732
8 3 0.982215
8 5 0.942312
8 12 0.936661
8 13 0.951622
8 14 0.959776
8 15 0.888370
8 16 0.872041
8 17 0.905138
8 19 0.996829
10 19 0.999874
12 1 0.857754
12 8 0.936661
13 8 0.951622
14 8 0.959776
15 8 0.888370
16 1 0.767388
16 8 0.872041
17 1 0.818151
17 4 0.587888
17 8 0.905138
17 19 0.905703
18 19 0.999937
19 1 0.971973
19 2 0.942120
19 8 0.996829
19 10 0.999874
19 17 0.905703
19 18 0.999937
1 1 0.930830
1 4 0.638705
1 6 0.997975
1 7 0.502105
1 9 0.544693
1 10 0.935899
1 11 0.618589
1 13 0.867849
1 14 0.873574
1 15 0.786424
1 18 0.941041
2 2 0.868931
2 3 0.887121
2 4 0.611124
2 5 0.824886
2 6 0.994134
2 7 0.501687
2 9 0.532529
2 10 0.892253
2 11 0.572846
2 12 0.816593
2 13 0.829428
2 14 0.828320
2 15 0.749329
2 16 0.726687
2 17 0.776962
2 18 0.897641
3 2 0.887121
3 3 0.948273
3 4 0.639337
3 5 0.862678
3 6 0.997715
3 7 0.502214
3 9 0.547094
3 10 0.966031
3 11 0.628511
3 12 0.855231
3 13 0.875207
3 14 0.889492
3 15 0.798930
3 16 0.804305
3 17 0.816973
3 18 0.967251
3 19 0.987776
4 1 0.638705
4 2 0.611124
4 3 0.639337
4 4 0.540855
4 5 0.599427
4 6 0.787288
4 7 0.500596
4 8 0.702738
4 9 0.513152
4 10 0.691115
4 11 0.545388
4 12 0.600483
4 13 0.595469
4 14 0.615444
4 15 0.570518
4 16 0.604225
4 18 0.700957
4 19 0.745523
5 2 0.824886
5 3 0.862678
5 4 0.599427
5 5 0.802030
5 6 0.987818
5 7 0.501663
5 9 0.534466
5 10 0.860929
5 11 0.597316
5 12 0.786840
5 13 0.802636
5 14 0.802858
5 15 0.718727
5 16 0.704424
5 17 0.749488
5 18 0.865099
5 19 0.916741
6 1 0.997975
6 2 0.994134
6 3 0.997715
6 4 0.787288
6 5 0.987818
6 6 1.000000
6 7 0.502116
6 8 0.999847
6 9 0.535333
6 10 0.996308
6 11 0.841554
6 12 0.985172
6 13 0.981995
6 14 0.976899
6 15 0.944825
6 16 0.865505
6 17 0.969467
6 18 0.996647
6 19 0.999365
7 1 0.502105
7 2 0.501687
7 3 0.502214
7 4 0.500596
7 5 0.501663
7 6 0.502116
7 7 0.500021
7 8 0.503256
7 9 0.500275
7 10 0.503619
7 11 0.500730
7 12 0.501496
7 13 0.501673
7 14 0.501752
7 15 0.501068
7 16 0.502983
7 17 0.501366
7 18 0.503862
7 19 0.504847
8 4 0.702738
8 6 0.999847
8 7 0.503256
8 8 0.997678
8 9 0.573734
8 10 0.987507
8 11 0.662664
8 18 0.988513
9 1 0.544693
9 2 0.532529
9 3 0.547094
9 4 0.513152
9 5 0.534466
9 6 0.535333
9 7 0.500275
9 8 0.573734
9 9 0.509301
9 10 0.579767
9 11 0.520607
9 12 0.534297
9 13 0.535796
9 14 0.550240
9 15 0.525159
9 16 0.533960
9 17 0.529023
9 18 0.586085
9 19 0.606626
10 1 0.935899
10 2 0.892253
10 3 0.966031
10 4 0.691115
10 5 0.860929
10 6 0.996308
10 7 0.503619
10 8 0.987507
10 9 0.579767
10 10 0.998769
10 11 0.733962
10 12 0.877989
10 13 0.866057
10 14 0.925861
10 15 0.819667
10 16 0.828899
10 17 0.846525
10 18 0.999232
11 1 0.618589
11 2 0.572846
11 3 0.628511
11 4 0.545388
11 5 0.597316
11 6 0.841554
11 7 0.500730
11 8 0.662664
11 9 0.520607
11 10 0.733962
11 11 0.627723
11 12 0.594644
11 13 0.555477
11 14 0.601293
11 15 0.545585
11 16 0.640703
11 17 0.583085
11 18 0.761190
11 19 0.801627
12 2 0.816593
12 3 0.855231
12 4 0.600483
12 5 0.786840
12 6 0.985172
12 7 0.501496
12 9 0.534297
12 10 0.877989
12 11 0.594644
12 12 0.780536
12 13 0.786466
12 14 0.800889
12 15 0.712480
12 16 0.700488
12 17 0.743117
12 18 0.886492
12 19 0.932031
13 1 0.867849
13 2 0.829428
13 3 0.875207
13 4 0.595469
13 5 0.802636
13 6 0.981995
13 7 0.501673
13 9 0.535796
13 10 0.866057
13 11 0.555477
13 12 0.786466
13 13 0.829110
13 14 0.820774
13 15 0.737415
13 16 0.665568
13 17 0.748331
13 18 0.860288
13 19 0.917926
14 1 0.873574
14 2 0.828320
14 3 0.889492
14 4 0.615444
14 5 0.802858
14 6 0.976899
14 7 0.501752
14 9 0.550240
14 10 0.925861
14 11 0.601293
14 12 0.800889
14 13 0.820774
14 14 0.870558
14 15 0.749272
14 16 0.753692
14 17 0.763310
14 18 0.933108
14 19 0.966189
15 1 0.786424
15 2 0.749329
15 3 0.798930
15 4 0.570518
15 5 0.718727
15 6 0.944825
15 7 0.501068
15 9 0.525159
15 10 0.819667
15 11 0.545585
15 12 0.712480
15 13 0.737415
15 14 0.749272
15 15 0.672577
15 16 0.640301
15 17 0.680998
15 18 0.821791
15 19 0.879221
16 2 0.726687
16 3 0.804305
16 4 0.604225
16 5 0.704424
16 6 0.865505
16 7 0.502983
16 9 0.533960
16 10 0.828899
16 11 0.640703
16 12 0.700488
16 13 0.665568
16 14 0.753692
16 15 0.640301
16 16 0.990310
16 17 0.694365
16 18 0.852079
16 19 0.895305
17 2 0.776962
17 3 0.816973
17 5 0.749488
17 6 0.969467
17 7 0.501366
17 9 0.529023
17 10 0.846525
17 11 0.583085
17 12 0.743117
17 13 0.748331
17 14 0.763310
17 15 0.680998
17 16 0.694365
17 17 0.711203
17 18 0.854683
18 1 0.941041
18 2 0.897641
18 3 0.967251
18 4 0.700957
18 5 0.865099
18 6 0.996647
18 7 0.503862
18 8 0.988513
18 9 0.586085
18 10 0.999232
18 11 0.761190
18 12 0.886492
18 13 0.860288
18 14 0.933108
18 15 0.821791
18 16 0.852079
18 17 0.854683
18 18 0.999590
19 3 0.987776
19 4 0.745523
19 5 0.916741
19 6 0.999365
19 7 0.504847
19 9 0.606626
19 11 0.801627
19 12 0.932031
19 13 0.917926
19 14 0.966189
19 15 0.879221
19 16 0.895305
19 19 0.999994
