1 2 0.864541
1 3 0.825821
1 5 0.790278
1 8 0.887240
1 12 0.801217
1 16 0.754955
1 17 0.836839
1 19 0.956671
2 1 0.864541
2 8 0.808869
2 19 0.915562
3 1 0.825821
3 8 0.768137
4 17 0.500000
5 1 0.790278
5 8 0.848822
8 1 0.887240
8 2 0.808869
8 3 0.768137
8 5 0.848822
8 12 0.815056
8 13 0.833109
8 14 0.875584
8 15 0.754504
8 16 0.689753
8 17 0.784110
8 19 0.924674
10 19 0.875216
12 1 0.801217
12 8 0.815056
13 8 0.833109
14 8 0.875584
15 8 0.754504
16 1 0.754955
16 8 0.689753
17 1 0.836839
17 4 0.500000
17 8 0.784110
17 19 0.892446
18 19 0.920246
19 1 0.956671
19 2 0.915562
19 8 0.924674
19 10 0.875216
19 17 0.892446
19 18 0.920246
1 1 0.923885
1 4 0.500000
1 6 0.975393
1 7 0.500761
1 9 0.587536
1 10 0.812462
1 11 0.628822
1 13 0.762411
1 14 0.798293
1 15 0.703477
1 18 0.872668
2 2 0.827139
2 3 0.716523
2 4 0.500000
2 5 0.714593
2 6 0.931526
2 7 0.500053
2 9 0.557642
2 10 0.761424
2 11 0.605999
2 12 0.723244
2 13 0.688520
2 14 0.701982
2 15 0.643763
2 16 0.692312
2 17 0.784880
2 18 0.801657
3 2 0.716523
3 3 0.827952
3 4 0.500000
3 5 0.702028
3 6 0.820117
3 7 0.501236
3 9 0.558199
3 10 0.675079
3 11 0.494204
3 12 0.718456
3 13 0.688055
3 14 0.711020
3 15 0.629901
3 16 0.675287
3 17 0.703781
3 18 0.779414
3 19 0.849471
4 1 0.500000
4 2 0.500000
4 3 0.500000
4 4 0.500000
4 5 0.500000
4 6 0.500000
4 7 0.500000
4 8 0.500000
4 9 0.500000
4 10 0.500000
4 11 0.500000
4 12 0.500000
4 13 0.500000
4 14 0.500000
4 15 0.500000
4 16 0.500000
4 18 0.500000
4 19 0.500000
5 2 0.714593
5 3 0.702028
5 4 0.500000
5 5 0.768313
5 6 0.853180
5 7 0.500711
5 9 0.559733
5 10 0.679792
5 11 0.592007
5 12 0.727997
5 13 0.741174
5 14 0.761237
5 15 0.673839
5 16 0.621221
5 17 0.698751
5 18 0.714669
5 19 0.836826
6 1 0.975393
6 2 0.931526
6 3 0.820117
6 4 0.500000
6 5 0.853180
6 6 0.999999
6 7 0.498575
6 8 0.979675
6 9 0.586662
6 10 0.900790
6 11 0.805728
6 12 0.883123
6 13 0.873027
6 14 0.933082
6 15 0.799628
6 16 0.851779
6 17 0.920184
6 18 0.927697
6 19 0.987226
7 1 0.500761
7 2 0.500053
7 3 0.501236
7 4 0.500000
7 5 0.500711
7 6 0.498575
7 7 0.500017
7 8 0.500841
7 9 0.500431
7 10 0.500288
7 11 0.500091
7 12 0.500686
7 13 0.500518
7 14 0.501155
7 15 0.500500
7 16 0.500483
7 17 0.500215
7 18 0.500816
7 19 0.500818
8 4 0.500000
8 6 0.979675
8 7 0.500841
8 8 0.940896
8 9 0.593552
8 10 0.767262
8 11 0.659350
8 18 0.805611
9 1 0.587536
9 2 0.557642
9 3 0.558199
9 4 0.500000
9 5 0.559733
9 6 0.586662
9 7 0.500431
9 8 0.593552
9 9 0.532352
9 10 0.546462
9 11 0.538386
9 12 0.552889
9 13 0.553964
9 14 0.565401
9 15 0.539128
9 16 0.547178
9 17 0.549028
9 18 0.573030
9 19 0.601431
10 1 0.812462
10 2 0.761424
10 3 0.675079
10 4 0.500000
10 5 0.679792
10 6 0.900790
10 7 0.500288
10 8 0.767262
10 9 0.546462
10 10 0.727204
10 11 0.586490
10 12 0.689318
10 13 0.657856
10 14 0.687184
10 15 0.625317
10 16 0.652171
10 17 0.736745
10 18 0.755505
11 1 0.628822
11 2 0.605999
11 3 0.494204
11 4 0.500000
11 5 0.592007
11 6 0.805728
11 7 0.500091
11 8 0.659350
11 9 0.538386
11 10 0.586490
11 11 0.641267
11 12 0.576554
11 13 0.554940
11 14 0.600563
11 15 0.563265
11 16 0.556879
11 17 0.596138
11 18 0.591208
11 19 0.664041
12 2 0.723244
12 3 0.718456
12 4 0.500000
12 5 0.727997
12 6 0.883123
12 7 0.500686
12 9 0.552889
12 10 0.689318
12 11 0.576554
12 12 0.716811
12 13 0.706847
12 14 0.744245
12 15 0.652374
12 16 0.640191
12 17 0.708080
12 18 0.736022
12 19 0.847693
13 1 0.762411
13 2 0.688520
13 3 0.688055
13 4 0.500000
13 5 0.741174
13 6 0.873027
13 7 0.500518
13 9 0.553964
13 10 0.657856
13 11 0.554940
13 12 0.706847
13 13 0.746275
13 14 0.748213
13 15 0.658124
13 16 0.613250
13 17 0.669946
13 18 0.688205
13 19 0.805291
14 1 0.798293
14 2 0.701982
14 3 0.711020
14 4 0.500000
14 5 0.761237
14 6 0.933082
14 7 0.501155
14 9 0.565401
14 10 0.687184
14 11 0.600563
14 12 0.744245
14 13 0.748213
14 14 0.841220
14 15 0.692335
14 16 0.634095
14 17 0.693906
14 18 0.716244
14 19 0.838371
15 1 0.703477
15 2 0.643763
15 3 0.629901
15 4 0.500000
15 5 0.673839
15 6 0.799628
15 7 0.500500
15 9 0.539128
15 10 0.625317
15 11 0.563265
15 12 0.652374
15 13 0.658124
15 14 0.692335
15 15 0.615960
15 16 0.581611
15 17 0.632739
15 18 0.649373
15 19 0.745501
16 2 0.692312
16 3 0.675287
16 4 0.500000
16 5 0.621221
16 6 0.851779
16 7 0.500483
16 9 0.547178
16 10 0.652171
16 11 0.556879
16 12 0.640191
16 13 0.613250
16 14 0.634095
16 15 0.581611
16 16 0.647195
16 17 0.672098
16 18 0.713650
16 19 0.796477
17 2 0.784880
17 3 0.703781
17 5 0.698751
17 6 0.920184
17 7 0.500215
17 9 0.549028
17 10 0.736745
17 11 0.596138
17 12 0.708080
17 13 0.669946
17 14 0.693906
17 15 0.632739
17 16 0.672098
17 17 0.758038
17 18 0.776461
18 1 0.872668
18 2 0.801657
18 3 0.779414
18 4 0.500000
18 5 0.714669
18 6 0.927697
18 7 0.500816
18 8 0.805611
18 9 0.573030
18 10 0.755505
18 11 0.591208
18 12 0.736022
18 13 0.688205
18 14 0.716244
18 15 0.649373
18 16 0.713650
18 17 0.776461
18 18 0.845648
19 3 0.849471
19 4 0.500000
19 5 0.836826
19 6 0.987226
19 7 0.500818
19 9 0.601431
19 11 0.664041
19 12 0.847693
19 13 0.805291
19 14 0.838371
19 15 0.745501
19 16 0.796477
19 19 0.982527
