1 2 0.995524
1 3 0.988787
1 5 0.930405
1 8 0.997160
1 12 0.967300
1 16 0.960607
1 17 0.937803
1 19 0.997939
2 1 0.995524
2 8 0.992234
2 19 0.994650
3 1 0.988787
3 8 0.983522
4 17 0.588268
5 1 0.930405
5 8 0.933805
8 1 0.997160
8 2 0.992234
8 3 0.983522
8 5 0.933805
8 12 0.956792
8 13 0.908448
8 14 0.912336
8 15 0.500000
8 16 0.940119
8 17 0.927198
8 19 0.996133
10 19 0.992872
12 1 0.967300
12 8 0.956792
13 8 0.908448
14 8 0.912336
15 8 0.500000
16 1 0.960607
16 8 0.940119
17 1 0.937803
17 4 0.588268
17 8 0.927198
17 19 0.930808
18 19 0.982288
19 1 0.997939
19 2 0.994650
19 8 0.996133
19 10 0.992872
19 17 0.930808
19 18 0.982288
1 1 0.998587
1 4 0.678570
1 6 0.992961
1 7 0.503675
1 9 0.698969
1 10 0.990172
1 11 0.770969
1 13 0.927925
1 14 0.897363
1 15 0.500000
1 18 0.978020
2 2 0.989243
2 3 0.974745
2 4 0.655454
2 5 0.900271
2 6 0.985995
2 7 0.502689
2 9 0.669907
2 10 0.980831
2 11 0.728368
2 12 0.941514
2 13 0.892970
2 14 0.858349
2 15 0.500000
2 16 0.932318
2 17 0.905845
2 18 0.958279
3 2 0.974745
3 3 0.961387
3 4 0.612832
3 5 0.859604
3 6 0.963441
3 7 0.502771
3 9 0.634263
3 10 0.948609
3 11 0.692455
3 12 0.916622
3 13 0.837973
3 14 0.833922
3 15 0.500000
3 16 0.894806
3 17 0.867076
3 18 0.911996
3 19 0.982402
4 1 0.678570
4 2 0.655454
4 3 0.612832
4 4 0.541842
4 5 0.591314
4 6 0.763947
4 7 0.500357
4 8 0.679427
4 9 0.527393
4 10 0.670028
4 11 0.542143
4 12 0.589410
4 13 0.600019
4 14 0.588325
4 15 0.500000
4 16 0.585662
4 18 0.695522
4 19 0.699522
5 2 0.900271
5 3 0.859604
5 4 0.591314
5 5 0.842130
5 6 0.924507
5 7 0.501739
5 9 0.586692
5 10 0.872880
5 11 0.640280
5 12 0.804530
5 13 0.727402
5 14 0.744038
5 15 0.500000
5 16 0.767243
5 17 0.768646
5 18 0.870640
5 19 0.924023
6 1 0.992961
6 2 0.985995
6 3 0.963441
6 4 0.763947
6 5 0.924507
6 6 0.999998
6 7 0.503164
6 8 0.995841
6 9 0.667387
6 10 0.992267
6 11 0.703652
6 12 0.926044
6 13 0.917294
6 14 0.957460
6 15 0.500000
6 16 0.881029
6 17 0.921377
6 18 0.996766
6 19 0.996701
7 1 0.503675
7 2 0.502689
7 3 0.502771
7 4 0.500357
7 5 0.501739
7 6 0.503164
7 7 0.500045
7 8 0.503333
7 9 0.500465
7 10 0.501718
7 11 0.501591
7 12 0.502061
7 13 0.502391
7 14 0.501090
7 15 0.500000
7 16 0.502146
7 17 0.501568
7 18 0.504615
7 19 0.502690
8 4 0.679427
8 6 0.995841
8 7 0.503333
8 8 0.996174
8 9 0.679129
8 10 0.985147
8 11 0.747815
8 18 0.976559
9 1 0.698969
9 2 0.669907
9 3 0.634263
9 4 0.527393
9 5 0.586692
9 6 0.667387
9 7 0.500465
9 8 0.679129
9 9 0.532587
9 10 0.652689
9 11 0.539808
9 12 0.604839
9 13 0.589382
9 14 0.566928
9 15 0.500000
9 16 0.603610
9 17 0.587715
9 18 0.627241
9 19 0.696490
10 1 0.990172
10 2 0.980831
10 3 0.948609
10 4 0.670028
10 5 0.872880
10 6 0.992267
10 7 0.501718
10 8 0.985147
10 9 0.652689
10 10 0.981490
10 11 0.699116
10 12 0.903771
10 13 0.871467
10 14 0.828971
10 15 0.500000
10 16 0.899521
10 17 0.876560
10 18 0.964017
11 1 0.770969
11 2 0.728368
11 3 0.692455
11 4 0.542143
11 5 0.640280
11 6 0.703652
11 7 0.501591
11 8 0.747815
11 9 0.539808
11 10 0.699116
11 11 0.605089
11 12 0.652504
11 13 0.648106
11 14 0.584521
11 15 0.500000
11 16 0.657413
11 17 0.629683
11 18 0.779256
11 19 0.756383
12 2 0.941514
12 3 0.916622
12 4 0.589410
12 5 0.804530
12 6 0.926044
12 7 0.502061
12 9 0.604839
12 10 0.903771
12 11 0.652504
12 12 0.859154
12 13 0.781431
12 14 0.770040
12 15 0.500000
12 16 0.835936
12 17 0.806230
12 18 0.867248
12 19 0.955860
13 1 0.927925
13 2 0.892970
13 3 0.837973
13 4 0.600019
13 5 0.727402
13 6 0.917294
13 7 0.502391
13 9 0.589382
13 10 0.871467
13 11 0.648106
13 12 0.781431
13 13 0.835427
13 14 0.721159
13 15 0.500000
13 16 0.795509
13 17 0.754716
13 18 0.926694
13 19 0.925249
14 1 0.897363
14 2 0.858349
14 3 0.833922
14 4 0.588325
14 5 0.744038
14 6 0.957460
14 7 0.501090
14 9 0.566928
14 10 0.828971
14 11 0.584521
14 12 0.770040
14 13 0.721159
14 14 0.799507
14 15 0.500000
14 16 0.718388
14 17 0.741457
14 18 0.837351
14 19 0.886547
15 1 0.500000
15 2 0.500000
15 3 0.500000
15 4 0.500000
15 5 0.500000
15 6 0.500000
15 7 0.500000
15 9 0.500000
15 10 0.500000
15 11 0.500000
15 12 0.500000
15 13 0.500000
15 14 0.500000
15 15 0.500000
15 16 0.500000
15 17 0.500000
15 18 0.500000
15 19 0.500000
16 2 0.932318
16 3 0.894806
16 4 0.585662
16 5 0.767243
16 6 0.881029
16 7 0.502146
16 9 0.603610
16 10 0.899521
16 11 0.657413
16 12 0.835936
16 13 0.795509
16 14 0.718388
16 15 0.500000
16 16 0.837161
16 17 0.785439
16 18 0.874508
16 19 0.951772
17 2 0.905845
17 3 0.867076
17 5 0.768646
17 6 0.921377
17 7 0.501568
17 9 0.587715
17 10 0.876560
17 11 0.629683
17 12 0.806230
17 13 0.754716
17 14 0.741457
17 15 0.500000
17 16 0.785439
17 17 0.766001
17 18 0.857847
18 1 0.978020
18 2 0.958279
18 3 0.911996
18 4 0.695522
18 5 0.870640
18 6 0.996766
18 7 0.504615
18 8 0.976559
18 9 0.627241
18 10 0.964017
18 11 0.779256
18 12 0.867248
18 13 0.926694
18 14 0.837351
18 15 0.500000
18 16 0.874508
18 17 0.857847
18 18 0.996786
19 3 0.982402
19 4 0.699522
19 5 0.924023
19 6 0.996701
19 7 0.502690
19 9 0.696490
19 11 0.756383
19 12 0.955860
19 13 0.925249
19 14 0.886547
19 15 0.500000
19 16 0.951772
19 19 0.998208
