1 2 0.893198
1 3 0.792830
1 5 0.751257
1 8 0.904582
1 12 0.849648
1 16 0.711621
1 17 0.906983
1 19 0.976544
2 1 0.893198
2 8 0.859372
2 19 0.944217
3 1 0.792830
3 8 0.823030
4 17 0.709494
5 1 0.751257
5 8 0.808494
8 1 0.904582
8 2 0.859372
8 3 0.823030
8 5 0.808494
8 12 0.824087
8 13 0.700974
8 14 0.721888
8 15 0.680174
8 16 0.718806
8 17 0.881486
8 19 0.954492
10 19 0.970218
12 1 0.849648
12 8 0.824087
13 8 0.700974
14 8 0.721888
15 8 0.680174
16 1 0.711621
16 8 0.718806
17 1 0.906983
17 4 0.709494
17 8 0.881486
17 19 0.967108
18 19 0.990879
19 1 0.976544
19 2 0.944217
19 8 0.954492
19 10 0.970218
19 17 0.967108
19 18 0.990879
1 1 0.937346
1 4 0.718272
1 6 0.895565
1 7 0.500859
1 9 0.635892
1 10 0.896558
1 11 0.649666
1 13 0.676593
1 14 0.831091
1 15 0.666034
1 18 0.947259
2 2 0.851513
2 3 0.753655
2 4 0.667834
2 5 0.717339
2 6 0.862302
2 7 0.500669
2 9 0.607070
2 10 0.833483
2 11 0.613203
2 12 0.802645
2 13 0.651241
2 14 0.790945
2 15 0.641856
2 16 0.676760
2 17 0.855861
2 18 0.898454
3 2 0.753655
3 3 0.764065
3 4 0.634889
3 5 0.732476
3 6 0.905097
3 7 0.500382
3 9 0.578250
3 10 0.741953
3 11 0.575520
3 12 0.731364
3 13 0.644801
3 14 0.554334
3 15 0.625821
3 16 0.642559
3 17 0.784921
3 18 0.808225
3 19 0.864500
4 1 0.718272
4 2 0.667834
4 3 0.634889
4 4 0.603722
4 5 0.624131
4 6 0.724311
4 7 0.500468
4 8 0.702995
4 9 0.551471
4 10 0.702594
4 11 0.561181
4 12 0.647275
4 13 0.572157
4 14 0.618318
4 15 0.565042
4 16 0.587794
4 18 0.751207
4 19 0.807423
5 2 0.717339
5 3 0.732476
5 4 0.624131
5 5 0.764356
5 6 0.887182
5 7 0.500930
5 9 0.553828
5 10 0.729923
5 11 0.569786
5 12 0.692849
5 13 0.635444
5 14 0.593177
5 15 0.617471
5 16 0.641646
5 17 0.760036
5 18 0.802803
5 19 0.846987
6 1 0.895565
6 2 0.862302
6 3 0.905097
6 4 0.724311
6 5 0.887182
6 6 0.999614
6 7 0.501197
6 8 0.951789
6 9 0.660063
6 10 0.844478
6 11 0.562074
6 12 0.844709
6 13 0.801429
6 14 0.756311
6 15 0.720919
6 16 0.754770
6 17 0.898846
6 18 0.902121
6 19 0.949528
7 1 0.500859
7 2 0.500669
7 3 0.500382
7 4 0.500468
7 5 0.500930
7 6 0.501197
7 7 0.500016
7 8 0.500861
7 9 0.500236
7 10 0.501440
7 11 0.500576
7 12 0.500495
7 13 0.500554
7 14 0.502824
7 15 0.500219
7 16 0.500393
7 17 0.501075
7 18 0.501902
7 19 0.502227
8 4 0.702995
8 6 0.951789
8 7 0.500861
8 8 0.914781
8 9 0.611118
8 10 0.852631
8 11 0.623369
8 18 0.912960
9 1 0.635892
9 2 0.607070
9 3 0.578250
9 4 0.551471
9 5 0.553828
9 6 0.660063
9 7 0.500236
9 8 0.611118
9 9 0.547080
9 10 0.623644
9 11 0.545820
9 12 0.589489
9 13 0.540842
9 14 0.603753
9 15 0.533973
9 16 0.544529
9 17 0.623438
9 18 0.660791
9 19 0.701770
10 1 0.896558
10 2 0.833483
10 3 0.741953
10 4 0.702594
10 5 0.729923
10 6 0.844478
10 7 0.501440
10 8 0.852631
10 9 0.623644
10 10 0.889845
10 11 0.654160
10 12 0.791391
10 13 0.642072
10 14 0.810017
10 15 0.625765
10 16 0.673415
10 17 0.879328
10 18 0.941718
11 1 0.649666
11 2 0.613203
11 3 0.575520
11 4 0.561181
11 5 0.569786
11 6 0.562074
11 7 0.500576
11 8 0.623369
11 9 0.545820
11 10 0.654160
11 11 0.596383
11 12 0.592699
11 13 0.543672
11 14 0.625982
11 15 0.536546
11 16 0.541310
11 17 0.638437
11 18 0.694469
11 19 0.739831
12 2 0.802645
12 3 0.731364
12 4 0.647275
12 5 0.692849
12 6 0.844709
12 7 0.500495
12 9 0.589489
12 10 0.791391
12 11 0.592699
12 12 0.762112
12 13 0.633450
12 14 0.711409
12 15 0.621094
12 16 0.649801
12 17 0.816170
12 18 0.856187
12 19 0.911070
13 1 0.676593
13 2 0.651241
13 3 0.644801
13 4 0.572157
13 5 0.635444
13 6 0.801429
13 7 0.500554
13 9 0.540842
13 10 0.642072
13 11 0.543672
13 12 0.633450
13 13 0.596414
13 14 0.622678
13 15 0.567481
13 16 0.578499
13 17 0.666771
13 18 0.681924
13 19 0.732424
14 1 0.831091
14 2 0.790945
14 3 0.554334
14 4 0.618318
14 5 0.593177
14 6 0.756311
14 7 0.502824
14 9 0.603753
14 10 0.810017
14 11 0.625982
14 12 0.711409
14 13 0.622678
14 14 0.992108
14 15 0.560924
14 16 0.609315
14 17 0.784355
14 18 0.862116
14 19 0.918000
15 1 0.666034
15 2 0.641856
15 3 0.625821
15 4 0.565042
15 5 0.617471
15 6 0.720919
15 7 0.500219
15 9 0.533973
15 10 0.625765
15 11 0.536546
15 12 0.621094
15 13 0.567481
15 14 0.560924
15 15 0.563572
15 16 0.577271
15 17 0.651857
15 18 0.667636
15 19 0.712804
16 2 0.676760
16 3 0.642559
16 4 0.587794
16 5 0.641646
16 6 0.754770
16 7 0.500393
16 9 0.544529
16 10 0.673415
16 11 0.541310
16 12 0.649801
16 13 0.578499
16 14 0.609315
16 15 0.577271
16 16 0.607456
16 17 0.695132
16 18 0.722096
16 19 0.777011
17 2 0.855861
17 3 0.784921
17 5 0.760036
17 6 0.898846
17 7 0.501075
17 9 0.623438
17 10 0.879328
17 11 0.638437
17 12 0.816170
17 13 0.666771
17 14 0.784355
17 15 0.651857
17 16 0.695132
17 17 0.888830
17 18 0.933779
18 1 0.947259
18 2 0.898454
18 3 0.808225
18 4 0.751207
18 5 0.802803
18 6 0.902121
18 7 0.501902
18 8 0.912960
18 9 0.660791
18 10 0.941718
18 11 0.694469
18 12 0.856187
18 13 0.681924
18 14 0.862116
18 15 0.667636
18 16 0.722096
18 17 0.933779
18 18 0.978805
19 3 0.864500
19 4 0.807423
19 5 0.846987
19 6 0.949528
19 7 0.502227
19 9 0.701770
19 11 0.739831
19 12 0.911070
19 13 0.732424
19 14 0.918000
19 15 0.712804
19 16 0.777011
19 19 0.997167
