1 2 0.991520
1 3 0.969974
1 5 0.983460
1 8 0.997137
1 12 0.915043
1 16 0.960285
1 17 0.970839
1 19 0.995649
2 1 0.991520
2 8 0.992057
2 19 0.990531
3 1 0.969974
3 8 0.979496
4 17 0.785102
5 1 0.983460
5 8 0.980293
8 1 0.997137
8 2 0.992057
8 3 0.979496
8 5 0.980293
8 12 0.906667
8 13 0.966230
8 14 0.997987
8 15 0.908498
8 16 0.961133
8 17 0.972798
8 19 0.996305
10 19 0.975513
12 1 0.915043
12 8 0.906667
13 8 0.966230
14 8 0.997987
15 8 0.908498
16 1 0.960285
16 8 0.961133
17 1 0.970839
17 4 0.785102
17 8 0.972798
17 19 0.967589
18 19 0.851219
19 1 0.995649
19 2 0.990531
19 8 0.996305
19 10 0.975513
19 17 0.967589
19 18 0.851219
1 1 0.997294
1 4 0.869099
1 6 0.999333
1 7 0.503793
1 9 0.597036
1 10 0.970705
1 11 0.757917
1 13 0.958204
1 14 0.998868
1 15 0.897992
1 18 0.886863
2 2 0.982919
2 3 0.947788
2 4 0.838351
2 5 0.963012
2 6 0.998350
2 7 0.502942
2 9 0.568845
2 10 0.954615
2 11 0.736639
2 12 0.863366
2 13 0.931660
2 14 0.991391
2 15 0.856550
2 16 0.932247
2 17 0.953485
2 18 0.823503
3 2 0.947788
3 3 0.938838
3 4 0.772066
3 5 0.898002
3 6 0.989527
3 7 0.503038
3 9 0.573093
3 10 0.904083
3 11 0.691602
3 12 0.784173
3 13 0.887984
3 14 0.967207
3 15 0.812178
3 16 0.874150
3 17 0.892353
3 18 0.812212
3 19 0.969829
4 1 0.869099
4 2 0.838351
4 3 0.772066
4 4 0.678676
4 5 0.789097
4 6 0.942325
4 7 0.501408
4 8 0.880339
4 9 0.531635
4 10 0.775354
4 11 0.606739
4 12 0.672109
4 13 0.750963
4 14 0.852130
4 15 0.676973
4 16 0.741361
4 18 0.684655
4 19 0.868199
5 2 0.963012
5 3 0.898002
5 4 0.789097
5 5 0.955761
5 6 0.993955
5 7 0.502327
5 9 0.562866
5 10 0.903188
5 11 0.688294
5 12 0.849222
5 13 0.887943
5 14 0.993255
5 15 0.805571
5 16 0.898735
5 17 0.923578
5 18 0.820168
5 19 0.971130
6 1 0.999333
6 2 0.998350
6 3 0.989527
6 4 0.942325
6 5 0.993955
6 6 1.000000
6 7 0.506323
6 8 0.999493
6 9 0.617475
6 10 0.992476
6 11 0.920613
6 12 0.949415
6 13 0.982833
6 14 0.999280
6 15 0.937557
6 16 0.984397
6 17 0.993554
6 18 0.897450
6 19 0.999311
7 1 0.503793
7 2 0.502942
7 3 0.503038
7 4 0.501408
7 5 0.502327
7 6 0.506323
7 7 0.500025
7 8 0.504338
7 9 0.500483
7 10 0.502336
7 11 0.501178
7 12 0.501460
7 13 0.502612
7 14 0.504729
7 15 0.501633
7 16 0.502050
7 17 0.502228
7 18 0.501765
7 19 0.503652
8 4 0.880339
8 6 0.999493
8 7 0.504338
8 8 0.997859
8 9 0.607531
8 10 0.973816
8 11 0.774171
8 18 0.914503
9 1 0.597036
9 2 0.568845
9 3 0.573093
9 4 0.531635
9 5 0.562866
9 6 0.617475
9 7 0.500483
9 8 0.607531
9 9 0.525549
9 10 0.553059
9 11 0.528707
9 12 0.541746
9 13 0.563862
9 14 0.623962
9 15 0.542463
9 16 0.552732
9 17 0.551857
9 18 0.579888
9 19 0.583718
10 1 0.970705
10 2 0.954615
10 3 0.904083
10 4 0.775354
10 5 0.903188
10 6 0.992476
10 7 0.502336
10 8 0.973816
10 9 0.553059
10 10 0.922502
10 11 0.681753
10 12 0.780462
10 13 0.876837
10 14 0.954666
10 15 0.794273
10 16 0.874000
10 17 0.902558
10 18 0.743017
11 1 0.757917
11 2 0.736639
11 3 0.691602
11 4 0.606739
11 5 0.688294
11 6 0.920613
11 7 0.501178
11 8 0.774171
11 9 0.528707
11 10 0.681753
11 11 0.642017
11 12 0.613869
11 13 0.669709
11 14 0.749644
11 15 0.608668
11 16 0.662246
11 17 0.688718
11 18 0.571632
11 19 0.759750
12 2 0.863366
12 3 0.784173
12 4 0.672109
12 5 0.849222
12 6 0.949415
12 7 0.501460
12 9 0.541746
12 10 0.780462
12 11 0.613869
12 12 0.735767
12 13 0.767744
12 14 0.956090
12 15 0.697167
12 16 0.781352
12 17 0.797893
12 18 0.692185
12 19 0.881906
13 1 0.958204
13 2 0.931660
13 3 0.887984
13 4 0.750963
13 5 0.887943
13 6 0.982833
13 7 0.502612
13 9 0.563862
13 10 0.876837
13 11 0.669709
13 12 0.767744
13 13 0.875387
13 14 0.965784
13 15 0.778874
13 16 0.848041
13 17 0.874614
13 18 0.800434
13 19 0.954515
14 1 0.998868
14 2 0.991391
14 3 0.967207
14 4 0.852130
14 5 0.993255
14 6 0.999280
14 7 0.504729
14 9 0.623962
14 10 0.954666
14 11 0.749644
14 12 0.956090
14 13 0.965784
14 14 0.999991
14 15 0.910636
14 16 0.969579
14 17 0.967948
14 18 0.949583
14 19 0.993850
15 1 0.897992
15 2 0.856550
15 3 0.812178
15 4 0.676973
15 5 0.805571
15 6 0.937557
15 7 0.501633
15 9 0.542463
15 10 0.794273
15 11 0.608668
15 12 0.697167
15 13 0.778874
15 14 0.910636
15 15 0.704442
15 16 0.766469
15 17 0.787714
15 18 0.715163
15 19 0.890593
16 2 0.932247
16 3 0.874150
16 4 0.741361
16 5 0.898735
16 6 0.984397
16 7 0.502050
16 9 0.552732
16 10 0.874000
16 11 0.662246
16 12 0.781352
16 13 0.848041
16 14 0.969579
16 15 0.766469
16 16 0.852054
16 17 0.874802
16 18 0.733233
16 19 0.952072
17 2 0.953485
17 3 0.892353
17 5 0.923578
17 6 0.993554
17 7 0.502228
17 9 0.551857
17 10 0.902558
17 11 0.688718
17 12 0.797893
17 13 0.874614
17 14 0.967948
17 15 0.787714
17 16 0.874802
17 17 0.912069
17 18 0.775293
18 1 0.886863
18 2 0.823503
18 3 0.812212
18 4 0.684655
18 5 0.820168
18 6 0.897450
18 7 0.501765
18 8 0.914503
18 9 0.579888
18 10 0.743017
18 11 0.571632
18 12 0.692185
18 13 0.800434
18 14 0.949583
18 15 0.715163
18 16 0.733233
18 17 0.775293
18 18 0.951415
19 3 0.969829
19 4 0.868199
19 5 0.971130
19 6 0.999311
19 7 0.503652
19 9 0.583718
19 11 0.759750
19 12 0.881906
19 13 0.954515
19 14 0.993850
19 15 0.890593
19 16 0.952072
19 19 0.996139
