1 2 0.992251
1 3 0.974192
1 5 0.973202
1 8 0.997027
1 12 0.909867
1 16 0.840492
1 17 0.867260
1 19 0.999366
2 1 0.992251
2 8 0.994121
2 19 0.999135
3 1 0.974192
3 8 0.982766
4 17 0.606392
5 1 0.973202
5 8 0.988325
8 1 0.997027
8 2 0.994121
8 3 0.982766
8 5 0.988325
8 12 0.925086
8 13 0.986182
8 14 0.988683
8 15 0.932953
8 16 0.893202
8 17 0.888335
8 19 0.999663
10 19 0.996342
12 1 0.909867
12 8 0.925086
13 8 0.986182
14 8 0.988683
15 8 0.932953
16 1 0.840492
16 8 0.893202
17 1 0.867260
17 4 0.606392
17 8 0.888335
17 19 0.917489
18 19 0.998470
19 1 0.999366
19 2 0.999135
19 8 0.999663
19 10 0.996342
19 17 0.917489
19 18 0.998470
1 1 0.995203
1 4 0.669614
1 6 0.991870
1 7 0.500006
1 9 0.573440
1 10 0.978115
1 11 0.699640
1 13 0.975347
1 14 0.976312
1 15 0.901235
1 18 0.987660
2 2 0.991089
2 3 0.960688
2 4 0.615182
2 5 0.957203
2 6 0.969396
2 7 0.499896
2 9 0.550468
2 10 0.975526
2 11 0.668415
2 12 0.888104
2 13 0.962926
2 14 0.960920
2 15 0.874840
2 16 0.816117
2 17 0.832883
2 18 0.986632
3 2 0.960688
3 3 0.927775
3 4 0.623209
3 5 0.925744
3 6 0.976035
3 7 0.500143
3 9 0.555337
3 10 0.925888
3 11 0.644854
3 12 0.829390
3 13 0.926824
3 14 0.932640
3 15 0.825247
3 16 0.768844
3 17 0.784536
3 18 0.946112
3 19 0.992701
4 1 0.669614
4 2 0.615182
4 3 0.623209
4 4 0.585511
4 5 0.626566
4 6 0.779547
4 7 0.500270
4 8 0.699055
4 9 0.528681
4 10 0.578664
4 11 0.563234
4 12 0.576040
4 13 0.631887
4 14 0.627103
4 15 0.571570
4 16 0.544415
4 18 0.593903
4 19 0.668982
5 2 0.957203
5 3 0.925744
5 4 0.626566
5 5 0.964531
5 6 0.975197
5 7 0.499498
5 9 0.574242
5 10 0.931085
5 11 0.616135
5 12 0.821391
5 13 0.945653
5 14 0.950673
5 15 0.848446
5 16 0.818657
5 17 0.777525
5 18 0.946094
5 19 0.993417
6 1 0.991870
6 2 0.969396
6 3 0.976035
6 4 0.779547
6 5 0.975197
6 6 0.999932
6 7 0.500927
6 8 0.996763
6 9 0.601431
6 10 0.940833
6 11 0.784643
6 12 0.900253
6 13 0.969083
6 14 0.980196
6 15 0.896161
6 16 0.840160
6 17 0.895727
6 18 0.949710
6 19 0.996271
7 1 0.500006
7 2 0.499896
7 3 0.500143
7 4 0.500270
7 5 0.499498
7 6 0.500927
7 7 0.500014
7 8 0.500209
7 9 0.500136
7 10 0.499842
7 11 0.500264
7 12 0.500149
7 13 0.499870
7 14 0.500035
7 15 0.500073
7 16 0.499960
7 17 0.500317
7 18 0.499647
7 19 0.499661
8 4 0.699055
8 6 0.996763
8 7 0.500209
8 8 0.998909
8 9 0.598271
8 10 0.984326
8 11 0.706066
8 18 0.990850
9 1 0.573440
9 2 0.550468
9 3 0.555337
9 4 0.528681
9 5 0.574242
9 6 0.601431
9 7 0.500136
9 8 0.598271
9 9 0.516938
9 10 0.539154
9 11 0.519972
9 12 0.531718
9 13 0.565895
9 14 0.565120
9 15 0.535691
9 16 0.523374
9 17 0.539343
9 18 0.540288
9 19 0.581976
10 1 0.978115
10 2 0.975526
10 3 0.925888
10 4 0.578664
10 5 0.931085
10 6 0.940833
10 7 0.499842
10 8 0.984326
10 9 0.539154
10 10 0.950380
10 11 0.620904
10 12 0.834376
10 13 0.932333
10 14 0.933511
10 15 0.831146
10 16 0.784448
10 17 0.770618
10 18 0.967616
11 1 0.699640
11 2 0.668415
11 3 0.644854
11 4 0.563234
11 5 0.616135
11 6 0.784643
11 7 0.500264
11 8 0.706066
11 9 0.519972
11 10 0.620904
11 11 0.570441
11 12 0.589448
11 13 0.632847
11 14 0.629908
11 15 0.573394
11 16 0.546158
11 17 0.603270
11 18 0.644958
11 19 0.735285
12 2 0.888104
12 3 0.829390
12 4 0.576040
12 5 0.821391
12 6 0.900253
12 7 0.500149
12 9 0.531718
12 10 0.834376
12 11 0.589448
12 12 0.738684
12 13 0.828724
12 14 0.834023
12 15 0.723159
12 16 0.664328
12 17 0.693404
12 18 0.861942
12 19 0.958176
13 1 0.975347
13 2 0.962926
13 3 0.926824
13 4 0.631887
13 5 0.945653
13 6 0.969083
13 7 0.499870
13 9 0.565895
13 10 0.932333
13 11 0.632847
13 12 0.828724
13 13 0.939538
13 14 0.942859
13 15 0.837582
13 16 0.789799
13 17 0.788022
13 18 0.950591
13 19 0.993814
14 1 0.976312
14 2 0.960920
14 3 0.932640
14 4 0.627103
14 5 0.950673
14 6 0.980196
14 7 0.500035
14 9 0.565120
14 10 0.933511
14 11 0.629908
14 12 0.834023
14 13 0.942859
14 14 0.955824
14 15 0.851763
14 16 0.803378
14 17 0.784773
14 18 0.950077
14 19 0.993993
15 1 0.901235
15 2 0.874840
15 3 0.825247
15 4 0.571570
15 5 0.848446
15 6 0.896161
15 7 0.500073
15 9 0.535691
15 10 0.831146
15 11 0.573394
15 12 0.723159
15 13 0.837582
15 14 0.851763
15 15 0.738324
15 16 0.701276
15 17 0.681540
15 18 0.856366
15 19 0.955300
16 2 0.816117
16 3 0.768844
16 4 0.544415
16 5 0.818657
16 6 0.840160
16 7 0.499960
16 9 0.523374
16 10 0.784448
16 11 0.546158
16 12 0.664328
16 13 0.789799
16 14 0.803378
16 15 0.701276
16 16 0.721001
16 17 0.633206
16 18 0.803346
16 19 0.918898
17 2 0.832883
17 3 0.784536
17 5 0.777525
17 6 0.895727
17 7 0.500317
17 9 0.539343
17 10 0.770618
17 11 0.603270
17 12 0.693404
17 13 0.788022
17 14 0.784773
17 15 0.681540
17 16 0.633206
17 17 0.691121
17 18 0.802783
18 1 0.987660
18 2 0.986632
18 3 0.946112
18 4 0.593903
18 5 0.946094
18 6 0.949710
18 7 0.499647
18 8 0.990850
18 9 0.540288
18 10 0.967616
18 11 0.644958
18 12 0.861942
18 13 0.950591
18 14 0.950077
18 15 0.856366
18 16 0.803346
18 17 0.802783
18 18 0.982367
19 3 0.992701
19 4 0.668982
19 5 0.993417
19 6 0.996271
19 7 0.499661
19 9 0.581976
19 11 0.735285
19 12 0.958176
19 13 0.993814
19 14 0.993993
19 15 0.955300
19 16 0.918898
19 19 0.999978
