1 2 0.720861
1 3 0.744644
1 5 0.765389
1 8 0.827501
1 12 0.667444
1 16 0.835512
1 17 0.697578
1 19 0.851026
2 1 0.720861
2 8 0.757477
2 19 0.772851
3 1 0.744644
3 8 0.779992
4 17 0.500000
5 1 0.765389
5 8 0.800933
8 1 0.827501
8 2 0.757477
8 3 0.779992
8 5 0.800933
8 12 0.719067
8 13 0.696575
8 14 0.796594
8 15 0.687270
8 16 0.840458
8 17 0.674849
8 19 0.863000
10 19 0.810760
12 1 0.667444
12 8 0.719067
13 8 0.696575
14 8 0.796594
15 8 0.687270
16 1 0.835512
16 8 0.840458
17 1 0.697578
17 4 0.500000
17 8 0.674849
17 19 0.843999
18 19 0.853463
19 1 0.851026
19 2 0.772851
19 8 0.863000
19 10 0.810760
19 17 0.843999
19 18 0.853463
1 1 0.794944
1 4 0.500000
1 6 0.973921
1 7 0.501294
1 9 0.532534
1 10 0.686645
1 11 0.594086
1 13 0.643554
1 14 0.722427
1 15 0.641456
1 18 0.737781
2 2 0.675375
2 3 0.686464
2 4 0.500000
2 5 0.699986
2 6 0.915679
2 7 0.501041
2 9 0.523694
2 10 0.633471
2 11 0.553245
2 12 0.624403
2 13 0.616077
2 14 0.686220
2 15 0.607737
2 16 0.758847
2 17 0.628763
2 18 0.662624
3 2 0.686464
3 3 0.708561
3 4 0.500000
3 5 0.720723
3 6 0.933887
3 7 0.501078
3 9 0.527950
3 10 0.651987
3 11 0.562407
3 12 0.639645
3 13 0.626875
3 14 0.703653
3 15 0.618735
3 16 0.800498
3 17 0.645479
3 18 0.689174
3 19 0.800161
4 1 0.500000
4 2 0.500000
4 3 0.500000
4 4 0.500000
4 5 0.500000
4 6 0.500000
4 7 0.500000
4 8 0.500000
4 9 0.500000
4 10 0.500000
4 11 0.500000
4 12 0.500000
4 13 0.500000
4 14 0.500000
4 15 0.500000
4 16 0.500000
4 18 0.500000
4 19 0.500000
5 2 0.699986
5 3 0.720723
5 4 0.500000
5 5 0.742036
5 6 0.953419
5 7 0.501156
5 9 0.530729
5 10 0.668141
5 11 0.583598
5 12 0.652981
5 13 0.631098
5 14 0.715117
5 15 0.627717
5 16 0.809037
5 17 0.670002
5 18 0.709898
5 19 0.824561
6 1 0.973921
6 2 0.915679
6 3 0.933887
6 4 0.500000
6 5 0.953419
6 6 1.000000
6 7 0.504717
6 8 0.982818
6 9 0.598203
6 10 0.915813
6 11 0.731016
6 12 0.853791
6 13 0.808642
6 14 0.878323
6 15 0.795374
6 16 0.990608
6 17 0.952830
6 18 0.955454
6 19 0.993477
7 1 0.501294
7 2 0.501041
7 3 0.501078
7 4 0.500000
7 5 0.501156
7 6 0.504717
7 7 0.500013
7 8 0.501636
7 9 0.500248
7 10 0.500826
7 11 0.500157
7 12 0.500773
7 13 0.500681
7 14 0.501073
7 15 0.500624
7 16 0.502000
7 17 0.500773
7 18 0.501015
7 19 0.501799
8 4 0.500000
8 6 0.982818
8 7 0.501636
8 8 0.882670
8 9 0.552467
8 10 0.695421
8 11 0.588064
8 18 0.743667
9 1 0.532534
9 2 0.523694
9 3 0.527950
9 4 0.500000
9 5 0.530729
9 6 0.598203
9 7 0.500248
9 8 0.552467
9 9 0.515097
9 10 0.507963
9 11 0.498607
9 12 0.528240
9 13 0.524495
9 14 0.542221
9 15 0.520803
9 16 0.530406
9 17 0.492226
9 18 0.511048
9 19 0.519116
10 1 0.686645
10 2 0.633471
10 3 0.651987
10 4 0.500000
10 5 0.668141
10 6 0.915813
10 7 0.500826
10 8 0.695421
10 9 0.507963
10 10 0.674133
10 11 0.575989
10 12 0.588432
10 13 0.576240
10 14 0.646787
10 15 0.573234
10 16 0.752200
10 17 0.697303
10 18 0.699334
11 1 0.594086
11 2 0.553245
11 3 0.562407
11 4 0.500000
11 5 0.583598
11 6 0.731016
11 7 0.500157
11 8 0.588064
11 9 0.498607
11 10 0.575989
11 11 0.563424
11 12 0.536788
11 13 0.514945
11 14 0.538004
11 15 0.527341
11 16 0.607501
11 17 0.607903
11 18 0.601468
11 19 0.657320
12 2 0.624403
12 3 0.639645
12 4 0.500000
12 5 0.652981
12 6 0.853791
12 7 0.500773
12 9 0.528240
12 10 0.588432
12 11 0.536788
12 12 0.613032
12 13 0.599267
12 14 0.661432
12 15 0.592405
12 16 0.687571
12 17 0.566604
12 18 0.612326
12 19 0.688695
13 1 0.643554
13 2 0.616077
13 3 0.626875
13 4 0.500000
13 5 0.631098
13 6 0.808642
13 7 0.500681
13 9 0.524495
13 10 0.576240
13 11 0.514945
13 12 0.599267
13 13 0.601057
13 14 0.660241
13 15 0.585373
13 16 0.646963
13 17 0.545946
13 18 0.590683
13 19 0.662745
14 1 0.722427
14 2 0.686220
14 3 0.703653
14 4 0.500000
14 5 0.715117
14 6 0.878323
14 7 0.501073
14 9 0.542221
14 10 0.646787
14 11 0.538004
14 12 0.661432
14 13 0.660241
14 14 0.788208
14 15 0.638531
14 16 0.735168
14 17 0.588758
14 18 0.654379
14 19 0.779091
15 1 0.641456
15 2 0.607737
15 3 0.618735
15 4 0.500000
15 5 0.627717
15 6 0.795374
15 7 0.500624
15 9 0.520803
15 10 0.573234
15 11 0.527341
15 12 0.592405
15 13 0.585373
15 14 0.638531
15 15 0.579451
15 16 0.639519
15 17 0.555985
15 18 0.593471
15 19 0.660053
16 2 0.758847
16 3 0.800498
16 4 0.500000
16 5 0.809037
16 6 0.990608
16 7 0.502000
16 9 0.530406
16 10 0.752200
16 11 0.607501
16 12 0.687571
16 13 0.646963
16 14 0.735168
16 15 0.639519
16 16 0.981218
16 17 0.751234
16 18 0.798609
16 19 0.915515
17 2 0.628763
17 3 0.645479
17 5 0.670002
17 6 0.952830
17 7 0.500773
17 9 0.492226
17 10 0.697303
17 11 0.607903
17 12 0.566604
17 13 0.545946
17 14 0.588758
17 15 0.555985
17 16 0.751234
17 17 0.761510
17 18 0.736831
18 1 0.737781
18 2 0.662624
18 3 0.689174
18 4 0.500000
18 5 0.709898
18 6 0.955454
18 7 0.501015
18 8 0.743667
18 9 0.511048
18 10 0.699334
18 11 0.601468
18 12 0.612326
18 13 0.590683
18 14 0.654379
18 15 0.593471
18 16 0.798609
18 17 0.736831
18 18 0.751807
19 3 0.800161
19 4 0.500000
19 5 0.824561
19 6 0.993477
19 7 0.501799
19 9 0.519116
19 11 0.657320
19 12 0.688695
19 13 0.662745
19 14 0.779091
19 15 0.660053
19 16 0.915515
19 19 0.952821
