1 2 0.902345
1 3 0.764547
1 5 0.780751
1 8 0.899788
1 12 0.757129
1 16 0.773329
1 17 0.940400
1 19 0.920334
2 1 0.902345
2 8 0.854434
2 19 0.921750
3 1 0.764547
3 8 0.696158
4 17 0.500000
5 1 0.780751
5 8 0.773284
8 1 0.899788
8 2 0.854434
8 3 0.696158
8 5 0.773284
8 12 0.747213
8 13 0.799234
8 14 0.792668
8 15 0.703549
8 16 0.764407
8 17 0.908124
8 19 0.871694
10 19 0.860523
12 1 0.757129
12 8 0.747213
13 8 0.799234
14 8 0.792668
15 8 0.703549
16 1 0.773329
16 8 0.764407
17 1 0.940400
17 4 0.500000
17 8 0.908124
17 19 0.954300
18 19 0.491718
19 1 0.920334
19 2 0.921750
19 8 0.871694
19 10 0.860523
19 17 0.954300
19 18 0.491718
1 1 0.919346
1 4 0.500000
1 6 0.643686
1 7 0.501854
1 9 0.589849
1 10 0.824957
1 11 0.727979
1 13 0.756489
1 14 0.720995
1 15 0.677218
1 18 0.574235
2 2 0.908919
2 3 0.755613
2 4 0.500000
2 5 0.754271
2 6 0.586293
2 7 0.501362
2 9 0.575216
2 10 0.825108
2 11 0.712419
2 12 0.728704
2 13 0.714580
2 14 0.655941
2 15 0.646902
2 16 0.752729
2 17 0.922987
2 18 0.498053
3 2 0.755613
3 3 0.679024
3 4 0.500000
3 5 0.644829
3 6 0.515232
3 7 0.501009
3 9 0.551089
3 10 0.691727
3 11 0.619349
3 12 0.624333
3 13 0.599252
3 14 0.573471
3 15 0.570069
3 16 0.625992
3 17 0.802490
3 18 0.582932
3 19 0.777306
4 1 0.500000
4 2 0.500000
4 3 0.500000
4 4 0.500000
4 5 0.500000
4 6 0.500000
4 7 0.500000
4 8 0.500000
4 9 0.500000
4 10 0.500000
4 11 0.500000
4 12 0.500000
4 13 0.500000
4 14 0.500000
4 15 0.500000
4 16 0.500000
4 18 0.500000
4 19 0.500000
5 2 0.754271
5 3 0.644829
5 4 0.500000
5 5 0.667387
5 6 0.612044
5 7 0.501131
5 9 0.548235
5 10 0.686982
5 11 0.628798
5 12 0.647933
5 13 0.658567
5 14 0.636411
5 15 0.602698
5 16 0.657417
5 17 0.811691
5 18 0.550076
5 19 0.776590
6 1 0.643686
6 2 0.586293
6 3 0.515232
6 4 0.500000
6 5 0.612044
6 6 0.991628
6 7 0.501042
6 8 0.818819
6 9 0.533758
6 10 0.571614
6 11 0.569742
6 12 0.567240
6 13 0.704623
6 14 0.777593
6 15 0.615888
6 16 0.588578
6 17 0.569127
6 18 0.623087
6 19 0.602613
7 1 0.501854
7 2 0.501362
7 3 0.501009
7 4 0.500000
7 5 0.501131
7 6 0.501042
7 7 0.500014
7 8 0.501830
7 9 0.500281
7 10 0.501187
7 11 0.500910
7 12 0.500971
7 13 0.501019
7 14 0.500932
7 15 0.500652
7 16 0.500915
7 17 0.502508
7 18 0.501679
7 19 0.501737
8 4 0.500000
8 6 0.818819
8 7 0.501830
8 8 0.929587
8 9 0.588449
8 10 0.762247
8 11 0.707803
8 18 0.600764
9 1 0.589849
9 2 0.575216
9 3 0.551089
9 4 0.500000
9 5 0.548235
9 6 0.533758
9 7 0.500281
9 8 0.588449
9 9 0.526841
9 10 0.545741
9 11 0.536155
9 12 0.539282
9 13 0.542789
9 14 0.544998
9 15 0.528487
9 16 0.537801
9 17 0.617312
9 18 0.568862
9 19 0.577614
10 1 0.824957
10 2 0.825108
10 3 0.691727
10 4 0.500000
10 5 0.686982
10 6 0.571614
10 7 0.501187
10 8 0.762247
10 9 0.545741
10 10 0.776312
10 11 0.652425
10 12 0.669243
10 13 0.656739
10 14 0.600585
10 15 0.603725
10 16 0.691701
10 17 0.888730
10 18 0.470885
11 1 0.727979
11 2 0.712419
11 3 0.619349
11 4 0.500000
11 5 0.628798
11 6 0.569742
11 7 0.500910
11 8 0.707803
11 9 0.536155
11 10 0.652425
11 11 0.626944
11 12 0.611752
11 13 0.612004
11 14 0.602368
11 15 0.571573
11 16 0.621004
11 17 0.789243
11 18 0.595317
11 19 0.731153
12 2 0.728704
12 3 0.624333
12 4 0.500000
12 5 0.647933
12 6 0.567240
12 7 0.500971
12 9 0.539282
12 10 0.669243
12 11 0.611752
12 12 0.637903
12 13 0.639090
12 14 0.619620
12 15 0.590487
12 16 0.645520
12 17 0.793781
12 18 0.548353
12 19 0.752410
13 1 0.756489
13 2 0.714580
13 3 0.599252
13 4 0.500000
13 5 0.658567
13 6 0.704623
13 7 0.501019
13 9 0.542789
13 10 0.656739
13 11 0.612004
13 12 0.639090
13 13 0.691588
13 14 0.663946
13 15 0.616555
13 16 0.653906
13 17 0.792247
13 18 0.510102
13 19 0.736696
14 1 0.720995
14 2 0.655941
14 3 0.573471
14 4 0.500000
14 5 0.636411
14 6 0.777593
14 7 0.500932
14 9 0.544998
14 10 0.600585
14 11 0.602368
14 12 0.619620
14 13 0.663946
14 14 0.710738
14 15 0.607253
14 16 0.626434
14 17 0.725651
14 18 0.632136
14 19 0.669928
15 1 0.677218
15 2 0.646902
15 3 0.570069
15 4 0.500000
15 5 0.602698
15 6 0.615888
15 7 0.500652
15 9 0.528487
15 10 0.603725
15 11 0.571573
15 12 0.590487
15 13 0.616555
15 14 0.607253
15 15 0.574689
15 16 0.599722
15 17 0.683738
15 18 0.519805
15 19 0.661813
16 2 0.752729
16 3 0.625992
16 4 0.500000
16 5 0.657417
16 6 0.588578
16 7 0.500915
16 9 0.537801
16 10 0.691701
16 11 0.621004
16 12 0.645520
16 13 0.653906
16 14 0.626434
16 15 0.599722
16 16 0.662076
16 17 0.807008
16 18 0.492399
16 19 0.778113
17 2 0.922987
17 3 0.802490
17 5 0.811691
17 6 0.569127
17 7 0.502508
17 9 0.617312
17 10 0.888730
17 11 0.789243
17 12 0.793781
17 13 0.792247
17 14 0.725651
17 15 0.683738
17 16 0.807008
17 17 0.995801
17 18 0.767587
18 1 0.574235
18 2 0.498053
18 3 0.582932
18 4 0.500000
18 5 0.550076
18 6 0.623087
18 7 0.501679
18 8 0.600764
18 9 0.568862
18 10 0.470885
18 11 0.595317
18 12 0.548353
18 13 0.510102
18 14 0.632136
18 15 0.519805
18 16 0.492399
18 17 0.767587
18 18 0.983467
19 3 0.777306
19 4 0.500000
19 5 0.776590
19 6 0.602613
19 7 0.501737
19 9 0.577614
19 11 0.731153
19 12 0.752410
19 13 0.736696
19 14 0.669928
19 15 0.661813
19 16 0.778113
19 19 0.941255
