1 2 0.778270
1 3 0.747763
1 5 0.660861
1 8 0.874851
1 12 0.710552
1 16 0.712409
1 17 0.745426
1 19 0.821865
2 1 0.778270
2 8 0.838868
2 19 0.786205
3 1 0.747763
3 8 0.826261
4 17 0.595339
5 1 0.660861
5 8 0.696249
8 1 0.874851
8 2 0.838868
8 3 0.826261
8 5 0.696249
8 12 0.766014
8 13 0.828358
8 14 0.779573
8 15 0.700432
8 16 0.785678
8 17 0.804551
8 19 0.879027
10 19 0.770034
12 1 0.710552
12 8 0.766014
13 8 0.828358
14 8 0.779573
15 8 0.700432
16 1 0.712409
16 8 0.785678
17 1 0.745426
17 4 0.595339
17 8 0.804551
17 19 0.756057
18 19 0.897040
19 1 0.821865
19 2 0.786205
19 8 0.879027
19 10 0.770034
19 17 0.756057
19 18 0.897040
1 1 0.818110
1 4 0.627053
1 6 0.962763
1 7 0.501419
1 9 0.557425
1 10 0.729648
1 11 0.583413
1 13 0.789214
1 14 0.695423
1 15 0.646858
1 18 0.903901
2 2 0.744349
2 3 0.722310
2 4 0.605339
2 5 0.632514
2 6 0.929718
2 7 0.501046
2 9 0.545028
2 10 0.701577
2 11 0.580860
2 12 0.679763
2 13 0.731619
2 14 0.671767
2 15 0.625263
2 16 0.681425
2 17 0.712368
2 18 0.856717
3 2 0.722310
3 3 0.741182
3 4 0.580652
3 5 0.615396
3 6 0.882273
3 7 0.500940
3 9 0.529384
3 10 0.669967
3 11 0.595261
3 12 0.665018
3 13 0.678184
3 14 0.696353
3 15 0.620763
3 16 0.677440
3 17 0.689058
3 18 0.802043
3 19 0.746042
4 1 0.627053
4 2 0.605339
4 3 0.580652
4 4 0.554576
4 5 0.554518
4 6 0.783595
4 7 0.500207
4 8 0.662102
4 9 0.529768
4 10 0.597514
4 11 0.523816
4 12 0.571497
4 13 0.613692
4 14 0.556532
4 15 0.548541
4 16 0.580057
4 18 0.693983
4 19 0.642328
5 2 0.632514
5 3 0.615396
5 4 0.554518
5 5 0.585176
5 6 0.796995
5 7 0.500763
5 9 0.525317
5 10 0.594916
5 11 0.529140
5 12 0.597768
5 13 0.639811
5 14 0.593294
5 15 0.564278
5 16 0.596949
5 17 0.614384
5 18 0.719822
5 19 0.650239
6 1 0.962763
6 2 0.929718
6 3 0.882273
6 4 0.783595
6 5 0.796995
6 6 0.999957
6 7 0.503021
6 8 0.984053
6 9 0.650551
6 10 0.913732
6 11 0.616703
6 12 0.865111
6 13 0.982460
6 14 0.778479
6 15 0.770285
6 16 0.894427
6 17 0.909575
6 18 0.996535
6 19 0.970689
7 1 0.501419
7 2 0.501046
7 3 0.500940
7 4 0.500207
7 5 0.500763
7 6 0.503021
7 7 0.500033
7 8 0.501398
7 9 0.499830
7 10 0.500401
7 11 0.500178
7 12 0.501013
7 13 0.502855
7 14 0.500833
7 15 0.500504
7 16 0.500631
7 17 0.500801
7 18 0.502613
7 19 0.500823
8 4 0.662102
8 6 0.984053
8 7 0.501398
8 8 0.936987
8 9 0.578205
8 10 0.784738
8 11 0.622164
8 18 0.945953
9 1 0.557425
9 2 0.545028
9 3 0.529384
9 4 0.529768
9 5 0.525317
9 6 0.650551
9 7 0.499830
9 8 0.578205
9 9 0.525289
9 10 0.545180
9 11 0.503466
9 12 0.529777
9 13 0.539398
9 14 0.527762
9 15 0.522953
9 16 0.539491
9 17 0.544438
9 18 0.607543
9 19 0.566556
10 1 0.729648
10 2 0.701577
10 3 0.669967
10 4 0.597514
10 5 0.594916
10 6 0.913732
10 7 0.500401
10 8 0.784738
10 9 0.545180
10 10 0.702988
10 11 0.570886
10 12 0.633775
10 13 0.674195
10 14 0.606558
10 15 0.587138
10 16 0.647081
10 17 0.678810
10 18 0.787695
11 1 0.583413
11 2 0.580860
11 3 0.595261
11 4 0.523816
11 5 0.529140
11 6 0.616703
11 7 0.500178
11 8 0.622164
11 9 0.503466
11 10 0.570886
11 11 0.555732
11 12 0.553304
11 13 0.520646
11 14 0.564165
11 15 0.537985
11 16 0.548868
11 17 0.564893
11 18 0.591970
11 19 0.598710
12 2 0.679763
12 3 0.665018
12 4 0.571497
12 5 0.597768
12 6 0.865111
12 7 0.501013
12 9 0.529777
12 10 0.633775
12 11 0.553304
12 12 0.636218
12 13 0.688193
12 14 0.634701
12 15 0.595558
12 16 0.634693
12 17 0.653250
12 18 0.800510
12 19 0.704414
13 1 0.789214
13 2 0.731619
13 3 0.678184
13 4 0.613692
13 5 0.639811
13 6 0.982460
13 7 0.502855
13 9 0.539398
13 10 0.674195
13 11 0.520646
13 12 0.688193
13 13 0.939942
13 14 0.640176
13 15 0.623522
13 16 0.680114
13 17 0.705271
13 18 0.923047
13 19 0.766829
14 1 0.695423
14 2 0.671767
14 3 0.696353
14 4 0.556532
14 5 0.593294
14 6 0.778479
14 7 0.500833
14 9 0.527762
14 10 0.606558
14 11 0.564165
14 12 0.634701
14 13 0.640176
14 14 0.697433
14 15 0.604540
14 16 0.647944
14 17 0.644849
14 18 0.732344
14 19 0.670445
15 1 0.646858
15 2 0.625263
15 3 0.620763
15 4 0.548541
15 5 0.564278
15 6 0.770285
15 7 0.500504
15 9 0.522953
15 10 0.587138
15 11 0.537985
15 12 0.595558
15 13 0.623522
15 14 0.604540
15 15 0.572243
15 16 0.598780
15 17 0.606114
15 18 0.735388
15 19 0.639348
16 2 0.681425
16 3 0.677440
16 4 0.580057
16 5 0.596949
16 6 0.894427
16 7 0.500631
16 9 0.539491
16 10 0.647081
16 11 0.548868
16 12 0.634693
16 13 0.680114
16 14 0.647944
16 15 0.598780
16 16 0.667944
16 17 0.660473
16 18 0.794716
16 19 0.714860
17 2 0.712368
17 3 0.689058
17 5 0.614384
17 6 0.909575
17 7 0.500801
17 9 0.544438
17 10 0.678810
17 11 0.564893
17 12 0.653250
17 13 0.705271
17 14 0.644849
17 15 0.606114
17 16 0.660473
17 17 0.686332
17 18 0.825507
18 1 0.903901
18 2 0.856717
18 3 0.802043
18 4 0.693983
18 5 0.719822
18 6 0.996535
18 7 0.502613
18 8 0.945953
18 9 0.607543
18 10 0.787695
18 11 0.591970
18 12 0.800510
18 13 0.923047
18 14 0.732344
18 15 0.735388
18 16 0.794716
18 17 0.825507
18 18 0.996421
19 3 0.746042
19 4 0.642328
19 5 0.650239
19 6 0.970689
19 7 0.500823
19 9 0.566556
19 11 0.598710
19 12 0.704414
19 13 0.766829
19 14 0.670445
19 15 0.639348
19 16 0.714860
19 19 0.852475
