1 2 0.825730
1 3 0.764262
1 5 0.788997
1 8 0.849857
1 12 0.758180
1 16 0.702533
1 17 0.810752
1 19 0.873846
2 1 0.825730
2 8 0.761746
2 19 0.855284
3 1 0.764262
3 8 0.809747
4 17 0.633610
5 1 0.788997
5 8 0.812577
8 1 0.849857
8 2 0.761746
8 3 0.809747
8 5 0.812577
8 12 0.703985
8 13 0.835356
8 14 0.856637
8 15 0.500000
8 16 0.802445
8 17 0.788153
8 19 0.802820
10 19 0.825506
12 1 0.758180
12 8 0.703985
13 8 0.835356
14 8 0.856637
15 8 0.500000
16 1 0.702533
16 8 0.802445
17 1 0.810752
17 4 0.633610
17 8 0.788153
17 19 0.815400
18 19 0.615187
19 1 0.873846
19 2 0.855284
19 8 0.802820
19 10 0.825506
19 17 0.815400
19 18 0.615187
1 1 0.874269
1 4 0.655801
1 6 0.507357
1 7 0.501582
1 9 0.554747
1 10 0.770525
1 11 0.707347
1 13 0.719698
1 14 0.773189
1 15 0.500000
1 18 0.685974
2 2 0.804396
2 3 0.700262
2 4 0.622392
2 5 0.718550
2 6 0.344506
2 7 0.501175
2 9 0.538571
2 10 0.764693
2 11 0.674304
2 12 0.709740
2 13 0.643355
2 14 0.707136
2 15 0.500000
2 16 0.638682
2 17 0.762140
2 18 0.632223
3 2 0.700262
3 3 0.716526
3 4 0.593893
3 5 0.722929
3 6 0.662021
3 7 0.500685
3 9 0.558598
3 10 0.653175
3 11 0.612933
3 12 0.659117
3 13 0.702444
3 14 0.742086
3 15 0.500000
3 16 0.687128
3 17 0.719225
3 18 0.597873
3 19 0.742238
4 1 0.655801
4 2 0.622392
4 3 0.593893
4 4 0.573494
4 5 0.615239
4 6 0.481690
4 7 0.500936
4 8 0.615965
4 9 0.518085
4 10 0.602534
4 11 0.589474
4 12 0.605152
4 13 0.554402
4 14 0.595383
4 15 0.500000
4 16 0.553085
4 18 0.544160
4 19 0.658140
5 2 0.718550
5 3 0.722929
5 4 0.615239
5 5 0.750793
5 6 0.595172
5 7 0.501045
5 9 0.558488
5 10 0.667615
5 11 0.646550
5 12 0.691501
5 13 0.700961
5 14 0.753685
5 15 0.500000
5 16 0.677645
5 17 0.744987
5 18 0.569167
5 19 0.763000
6 1 0.507357
6 2 0.344506
6 3 0.662021
6 4 0.481690
6 5 0.595172
6 6 0.997425
6 7 0.498758
6 8 0.858636
6 9 0.555223
6 10 0.328774
6 11 0.323136
6 12 0.421782
6 13 0.768167
6 14 0.697917
6 15 0.500000
6 16 0.739540
6 17 0.479813
6 18 0.890882
6 19 0.312995
7 1 0.501582
7 2 0.501175
7 3 0.500685
7 4 0.500936
7 5 0.501045
7 6 0.498758
7 7 0.500021
7 8 0.500483
7 9 0.500071
7 10 0.500898
7 11 0.501494
7 12 0.501296
7 13 0.500034
7 14 0.500389
7 15 0.500000
7 16 0.500154
7 17 0.501384
7 18 0.501110
7 19 0.501522
8 4 0.615965
8 6 0.858636
8 7 0.500483
8 8 0.930984
8 9 0.586507
8 10 0.687490
8 11 0.607061
8 18 0.732206
9 1 0.554747
9 2 0.538571
9 3 0.558598
9 4 0.518085
9 5 0.558488
9 6 0.555223
9 7 0.500071
9 8 0.586507
9 9 0.532433
9 10 0.534909
9 11 0.530832
9 12 0.529714
9 13 0.549797
9 14 0.571992
9 15 0.500000
9 16 0.555229
9 17 0.551926
9 18 0.474112
9 19 0.553269
10 1 0.770525
10 2 0.764693
10 3 0.653175
10 4 0.602534
10 5 0.667615
10 6 0.328774
10 7 0.500898
10 8 0.687490
10 9 0.534909
10 10 0.749526
10 11 0.639081
10 12 0.665509
10 13 0.590527
10 14 0.657931
10 15 0.500000
10 16 0.599134
10 17 0.720599
10 18 0.532821
11 1 0.707347
11 2 0.674304
11 3 0.612933
11 4 0.589474
11 5 0.646550
11 6 0.323136
11 7 0.501494
11 8 0.607061
11 9 0.530832
11 10 0.639081
11 11 0.693422
11 12 0.658722
11 13 0.538830
11 14 0.602245
11 15 0.500000
11 16 0.538724
11 17 0.670155
11 18 0.529928
11 19 0.711783
12 2 0.709740
12 3 0.659117
12 4 0.605152
12 5 0.691501
12 6 0.421782
12 7 0.501296
12 9 0.529714
12 10 0.665509
12 11 0.658722
12 12 0.681909
12 13 0.609634
12 14 0.662609
12 15 0.500000
12 16 0.598150
12 17 0.709041
12 18 0.577741
12 19 0.752658
13 1 0.719698
13 2 0.643355
13 3 0.702444
13 4 0.554402
13 5 0.700961
13 6 0.768167
13 7 0.500034
13 9 0.549797
13 10 0.590527
13 11 0.538830
13 12 0.609634
13 13 0.743645
13 14 0.749754
13 15 0.500000
13 16 0.708782
13 17 0.669158
13 18 0.642685
13 19 0.666579
14 1 0.773189
14 2 0.707136
14 3 0.742086
14 4 0.595383
14 5 0.753685
14 6 0.697917
14 7 0.500389
14 9 0.571992
14 10 0.657931
14 11 0.602245
14 12 0.662609
14 13 0.749754
14 14 0.816310
14 15 0.500000
14 16 0.711694
14 17 0.739315
14 18 0.641184
14 19 0.747861
15 1 0.500000
15 2 0.500000
15 3 0.500000
15 4 0.500000
15 5 0.500000
15 6 0.500000
15 7 0.500000
15 9 0.500000
15 10 0.500000
15 11 0.500000
15 12 0.500000
15 13 0.500000
15 14 0.500000
15 15 0.500000
15 16 0.500000
15 17 0.500000
15 18 0.500000
15 19 0.500000
16 2 0.638682
16 3 0.687128
16 4 0.553085
16 5 0.677645
16 6 0.739540
16 7 0.500154
16 9 0.555229
16 10 0.599134
16 11 0.538724
16 12 0.598150
16 13 0.708782
16 14 0.711694
16 15 0.500000
16 16 0.701125
16 17 0.658259
16 18 0.550750
16 19 0.669624
17 2 0.762140
17 3 0.719225
17 5 0.744987
17 6 0.479813
17 7 0.501384
17 9 0.551926
17 10 0.720599
17 11 0.670155
17 12 0.709041
17 13 0.669158
17 14 0.739315
17 15 0.500000
17 16 0.658259
17 17 0.766169
17 18 0.585513
18 1 0.685974
18 2 0.632223
18 3 0.597873
18 4 0.544160
18 5 0.569167
18 6 0.890882
18 7 0.501110
18 8 0.732206
18 9 0.474112
18 10 0.532821
18 11 0.529928
18 12 0.577741
18 13 0.642685
18 14 0.641184
18 15 0.500000
18 16 0.550750
18 17 0.585513
18 18 0.997299
19 3 0.742238
19 4 0.658140
19 5 0.763000
19 6 0.312995
19 7 0.501522
19 9 0.553269
19 11 0.711783
19 12 0.752658
19 13 0.666579
19 14 0.747861
19 15 0.500000
19 16 0.669624
19 19 0.907990
