1 2 0.961482
1 3 0.973847
1 5 0.885612
1 8 0.992859
1 12 0.851360
1 16 0.943625
1 17 0.962106
1 19 0.994957
2 1 0.961482
2 8 0.988168
2 19 0.992113
3 1 0.973847
3 8 0.990726
4 17 0.876323
5 1 0.885612
5 8 0.924121
8 1 0.992859
8 2 0.988168
8 3 0.990726
8 5 0.924121
8 12 0.899984
8 13 0.973620
8 14 0.985474
8 15 0.500000
8 16 0.980002
8 17 0.988932
8 19 0.999289
10 19 0.990958
12 1 0.851360
12 8 0.899984
13 8 0.973620
14 8 0.985474
15 8 0.500000
16 1 0.943625
16 8 0.980002
17 1 0.962106
17 4 0.876323
17 8 0.988932
17 19 0.992789
18 19 0.993327
19 1 0.994957
19 2 0.992113
19 8 0.999289
19 10 0.990958
19 17 0.992789
19 18 0.993327
1 1 0.977328
1 4 0.878430
1 6 0.988104
1 7 0.502843
1 9 0.648571
1 10 0.949669
1 11 0.643960
1 13 0.925999
1 14 0.956267
1 15 0.500000
1 18 0.958381
2 2 0.956475
2 3 0.961015
2 4 0.847708
2 5 0.840083
2 6 0.965669
2 7 0.502525
2 9 0.608060
2 10 0.936910
2 11 0.621952
2 12 0.806176
2 13 0.911079
2 14 0.933799
2 15 0.500000
2 16 0.929648
2 17 0.946800
2 18 0.941379
3 2 0.961015
3 3 0.999336
3 4 0.902782
3 5 0.857379
3 6 0.985717
3 7 0.504046
3 9 0.593700
3 10 0.955739
3 11 0.705969
3 12 0.820197
3 13 0.890811
3 14 0.923303
3 15 0.500000
3 16 0.939398
3 17 0.967367
3 18 0.967620
3 19 0.995811
4 1 0.878430
4 2 0.847708
4 3 0.902782
4 4 0.780894
4 5 0.716675
4 6 0.918479
4 7 0.501167
4 8 0.939798
4 9 0.572860
4 10 0.848251
4 11 0.566514
4 12 0.705516
4 13 0.809466
4 14 0.829539
4 15 0.500000
4 16 0.826690
4 18 0.862202
4 19 0.954349
5 2 0.840083
5 3 0.857379
5 4 0.716675
5 5 0.804923
5 6 0.948062
5 7 0.501685
5 9 0.611466
5 10 0.802230
5 11 0.587600
5 12 0.728557
5 13 0.785915
5 14 0.854363
5 15 0.500000
5 16 0.804915
5 17 0.823769
5 18 0.798001
5 19 0.927619
6 1 0.988104
6 2 0.965669
6 3 0.985717
6 4 0.918479
6 5 0.948062
6 6 0.999996
6 7 0.504017
6 8 0.995238
6 9 0.764188
6 10 0.945745
6 11 0.741901
6 12 0.878496
6 13 0.940620
6 14 0.981191
6 15 0.500000
6 16 0.943666
6 17 0.976167
6 18 0.931805
6 19 0.993993
7 1 0.502843
7 2 0.502525
7 3 0.504046
7 4 0.501167
7 5 0.501685
7 6 0.504017
7 7 0.500024
7 8 0.503298
7 9 0.500421
7 10 0.502155
7 11 0.500643
7 12 0.501436
7 13 0.501531
7 14 0.502169
7 15 0.500000
7 16 0.502054
7 17 0.502094
7 18 0.502142
7 19 0.503820
8 4 0.939798
8 6 0.995238
8 7 0.503298
8 8 0.998918
8 9 0.674348
8 10 0.982316
8 11 0.673636
8 18 0.986236
9 1 0.648571
9 2 0.608060
9 3 0.593700
9 4 0.572860
9 5 0.611466
9 6 0.764188
9 7 0.500421
9 8 0.674348
9 9 0.548252
9 10 0.596726
9 11 0.515188
9 12 0.579929
9 13 0.602486
9 14 0.636929
9 15 0.500000
9 16 0.596843
9 17 0.615052
9 18 0.593116
9 19 0.671664
10 1 0.949669
10 2 0.936910
10 3 0.955739
10 4 0.848251
10 5 0.802230
10 6 0.945745
10 7 0.502155
10 8 0.982316
10 9 0.596726
10 10 0.937189
10 11 0.605589
10 12 0.792903
10 13 0.887590
10 14 0.900398
10 15 0.500000
10 16 0.914531
10 17 0.940808
10 18 0.944783
11 1 0.643960
11 2 0.621952
11 3 0.705969
11 4 0.566514
11 5 0.587600
11 6 0.741901
11 7 0.500643
11 8 0.673636
11 9 0.515188
11 10 0.605589
11 11 0.613690
11 12 0.554586
11 13 0.565984
11 14 0.617531
11 15 0.500000
11 16 0.603813
11 17 0.605770
11 18 0.598825
11 19 0.678379
12 2 0.806176
12 3 0.820197
12 4 0.705516
12 5 0.728557
12 6 0.878496
12 7 0.501436
12 9 0.579929
12 10 0.792903
12 11 0.554586
12 12 0.705629
12 13 0.755769
12 14 0.800693
12 15 0.500000
12 16 0.779347
12 17 0.808028
12 18 0.808607
12 19 0.916872
13 1 0.925999
13 2 0.911079
13 3 0.890811
13 4 0.809466
13 5 0.785915
13 6 0.940620
13 7 0.501531
13 9 0.602486
13 10 0.887590
13 11 0.565984
13 12 0.755769
13 13 0.883765
13 14 0.908769
13 15 0.500000
13 16 0.885254
13 17 0.914434
13 18 0.893923
13 19 0.977125
14 1 0.956267
14 2 0.933799
14 3 0.923303
14 4 0.829539
14 5 0.854363
14 6 0.981191
14 7 0.502169
14 9 0.636929
14 10 0.900398
14 11 0.617531
14 12 0.800693
14 13 0.908769
14 14 0.951019
14 15 0.500000
14 16 0.912118
14 17 0.933547
14 18 0.908589
14 19 0.983823
15 1 0.500000
15 2 0.500000
15 3 0.500000
15 4 0.500000
15 5 0.500000
15 6 0.500000
15 7 0.500000
15 9 0.500000
15 10 0.500000
15 11 0.500000
15 12 0.500000
15 13 0.500000
15 14 0.500000
15 15 0.500000
15 16 0.500000
15 17 0.500000
15 18 0.500000
15 19 0.500000
16 2 0.929648
16 3 0.939398
16 4 0.826690
16 5 0.804915
16 6 0.943666
16 7 0.502054
16 9 0.596843
16 10 0.914531
16 11 0.603813
16 12 0.779347
16 13 0.885254
16 14 0.912118
16 15 0.500000
16 16 0.905436
16 17 0.928637
16 18 0.922710
16 19 0.985692
17 2 0.946800
17 3 0.967367
17 5 0.823769
17 6 0.976167
17 7 0.502094
17 9 0.615052
17 10 0.940808
17 11 0.605770
17 12 0.808028
17 13 0.914434
17 14 0.933547
17 15 0.500000
17 16 0.928637
17 17 0.957107
17 18 0.950551
18 1 0.958381
18 2 0.941379
18 3 0.967620
18 4 0.862202
18 5 0.798001
18 6 0.931805
18 7 0.502142
18 8 0.986236
18 9 0.593116
18 10 0.944783
18 11 0.598825
18 12 0.808607
18 13 0.893923
18 14 0.908589
18 15 0.500000
18 16 0.922710
18 17 0.950551
18 18 0.962082
19 3 0.995811
19 4 0.954349
19 5 0.927619
19 6 0.993993
19 7 0.503820
19 9 0.671664
19 11 0.678379
19 12 0.916872
19 13 0.977125
19 14 0.983823
19 15 0.500000
19 16 0.985692
19 19 0.999744
