1 2 0.851154
1 3 0.823637
1 5 0.797608
1 8 0.891078
1 12 0.775809
1 16 0.785726
1 17 0.752108
1 19 0.863615
2 1 0.851154
2 8 0.860156
2 19 0.835191
3 1 0.823637
3 8 0.832669
4 17 0.593116
5 1 0.797608
5 8 0.821747
8 1 0.891078
8 2 0.860156
8 3 0.832669
8 5 0.821747
8 12 0.786629
8 13 0.819978
8 14 0.848869
8 15 0.500000
8 16 0.794603
8 17 0.760977
8 19 0.870379
10 19 0.792575
12 1 0.775809
12 8 0.786629
13 8 0.819978
14 8 0.848869
15 8 0.500000
16 1 0.785726
16 8 0.794603
17 1 0.752108
17 4 0.593116
17 8 0.760977
17 19 0.757542
18 19 0.888208
19 1 0.863615
19 2 0.835191
19 8 0.870379
19 10 0.792575
19 17 0.757542
19 18 0.888208
1 1 0.881294
1 4 0.639316
1 6 0.844114
1 7 0.500568
1 9 0.517594
1 10 0.757645
1 11 0.641294
1 13 0.803345
1 14 0.811917
1 15 0.500000
1 18 0.889587
2 2 0.832058
2 3 0.793539
2 4 0.614129
2 5 0.764425
2 6 0.800071
2 7 0.500403
2 9 0.527787
2 10 0.728691
2 11 0.626260
2 12 0.749717
2 13 0.786575
2 14 0.786855
2 15 0.500000
2 16 0.759556
2 17 0.720678
2 18 0.874314
3 2 0.793539
3 3 0.772888
3 4 0.608185
3 5 0.739804
3 6 0.796118
3 7 0.500646
3 9 0.514025
3 10 0.715589
3 11 0.616601
3 12 0.723436
3 13 0.731371
3 14 0.736978
3 15 0.500000
3 16 0.731427
3 17 0.704785
3 18 0.838994
3 19 0.812930
4 1 0.639316
4 2 0.614129
4 3 0.608185
4 4 0.556488
4 5 0.607437
4 6 0.644811
4 7 0.500327
4 8 0.648623
4 9 0.506988
4 10 0.597742
4 11 0.557266
4 12 0.587997
4 13 0.597043
4 14 0.651554
4 15 0.500000
4 16 0.589011
4 18 0.685353
4 19 0.641882
5 2 0.764425
5 3 0.739804
5 4 0.607437
5 5 0.762587
5 6 0.806326
5 7 0.501054
5 9 0.522333
5 10 0.693440
5 11 0.634266
5 12 0.705114
5 13 0.749001
5 14 0.819895
5 15 0.500000
5 16 0.706551
5 17 0.687097
5 18 0.813479
5 19 0.786573
6 1 0.844114
6 2 0.800071
6 3 0.796118
6 4 0.644811
6 5 0.806326
6 6 0.970500
6 7 0.501704
6 8 0.869820
6 9 0.526324
6 10 0.734053
6 11 0.699627
6 12 0.740261
6 13 0.763396
6 14 0.926875
6 15 0.500000
6 16 0.729684
6 17 0.730851
6 18 0.945325
6 19 0.828841
7 1 0.500568
7 2 0.500403
7 3 0.500646
7 4 0.500327
7 5 0.501054
7 6 0.501704
7 7 0.500023
7 8 0.500780
7 9 0.500246
7 10 0.500981
7 11 0.501029
7 12 0.500479
7 13 0.500190
7 14 0.502599
7 15 0.500000
7 16 0.500288
7 17 0.500574
7 18 0.501058
7 19 0.501172
8 4 0.648623
8 6 0.869820
8 7 0.500780
8 8 0.904506
8 9 0.521258
8 10 0.761861
8 11 0.659624
8 18 0.900264
9 1 0.517594
9 2 0.527787
9 3 0.514025
9 4 0.506988
9 5 0.522333
9 6 0.526324
9 7 0.500246
9 8 0.521258
9 9 0.525734
9 10 0.515038
9 11 0.534303
9 12 0.515943
9 13 0.545484
9 14 0.568935
9 15 0.500000
9 16 0.514344
9 17 0.514293
9 18 0.569588
9 19 0.525191
10 1 0.757645
10 2 0.728691
10 3 0.715589
10 4 0.597742
10 5 0.693440
10 6 0.734053
10 7 0.500981
10 8 0.761861
10 9 0.515038
10 10 0.722456
10 11 0.602212
10 12 0.674619
10 13 0.690992
10 14 0.758067
10 15 0.500000
10 16 0.677289
10 17 0.681256
10 18 0.793513
11 1 0.641294
11 2 0.626260
11 3 0.616601
11 4 0.557266
11 5 0.634266
11 6 0.699627
11 7 0.501029
11 8 0.659624
11 9 0.534303
11 10 0.602212
11 11 0.629890
11 12 0.594611
11 13 0.630792
11 14 0.723390
11 15 0.500000
11 16 0.589266
11 17 0.596265
11 18 0.736286
11 19 0.651854
12 2 0.749717
12 3 0.723436
12 4 0.587997
12 5 0.705114
12 6 0.740261
12 7 0.500479
12 9 0.515943
12 10 0.674619
12 11 0.594611
12 12 0.685930
12 13 0.709293
12 14 0.715014
12 15 0.500000
12 16 0.692814
12 17 0.667362
12 18 0.792392
12 19 0.763869
13 1 0.803345
13 2 0.786575
13 3 0.731371
13 4 0.597043
13 5 0.749001
13 6 0.763396
13 7 0.500190
13 9 0.545484
13 10 0.690992
13 11 0.630792
13 12 0.709293
13 13 0.835422
13 14 0.820280
13 15 0.500000
13 16 0.719768
13 17 0.683875
13 18 0.783575
13 19 0.790065
14 1 0.811917
14 2 0.786855
14 3 0.736978
14 4 0.651554
14 5 0.819895
14 6 0.926875
14 7 0.502599
14 9 0.568935
14 10 0.758067
14 11 0.723390
14 12 0.715014
14 13 0.820280
14 14 0.996142
14 15 0.500000
14 16 0.692353
14 17 0.722800
14 18 0.936642
14 19 0.830693
15 1 0.500000
15 2 0.500000
15 3 0.500000
15 4 0.500000
15 5 0.500000
15 6 0.500000
15 7 0.500000
15 9 0.500000
15 10 0.500000
15 11 0.500000
15 12 0.500000
15 13 0.500000
15 14 0.500000
15 15 0.500000
15 16 0.500000
15 17 0.500000
15 18 0.500000
15 19 0.500000
16 2 0.759556
16 3 0.731427
16 4 0.589011
16 5 0.706551
16 6 0.729684
16 7 0.500288
16 9 0.514344
16 10 0.677289
16 11 0.589266
16 12 0.692814
16 13 0.719768
16 14 0.692353
16 15 0.500000
16 16 0.702677
16 17 0.672013
16 18 0.786274
16 19 0.770247
17 2 0.720678
17 3 0.704785
17 5 0.687097
17 6 0.730851
17 7 0.500574
17 9 0.514293
17 10 0.681256
17 11 0.596265
17 12 0.667362
17 13 0.683875
17 14 0.722800
17 15 0.500000
17 16 0.672013
17 17 0.666238
17 18 0.790380
18 1 0.889587
18 2 0.874314
18 3 0.838994
18 4 0.685353
18 5 0.813479
18 6 0.945325
18 7 0.501058
18 8 0.900264
18 9 0.569588
18 10 0.793513
18 11 0.736286
18 12 0.792392
18 13 0.783575
18 14 0.936642
18 15 0.500000
18 16 0.786274
18 17 0.790380
18 18 0.991642
19 3 0.812930
19 4 0.641882
19 5 0.786573
19 6 0.828841
19 7 0.501172
19 9 0.525191
19 11 0.651854
19 12 0.763869
19 13 0.790065
19 14 0.830693
19 15 0.500000
19 16 0.770247
19 19 0.879128
