1 2 0.961979
1 3 0.897489
1 5 0.948172
1 8 0.980085
1 12 0.896920
1 16 0.905787
1 17 0.942561
1 19 0.966563
2 1 0.961979
2 8 0.978508
2 19 0.968395
3 1 0.897489
3 8 0.962214
4 17 0.717267
5 1 0.948172
5 8 0.925358
8 1 0.980085
8 2 0.978508
8 3 0.962214
8 5 0.925358
8 12 0.906361
8 13 0.974533
8 14 0.971747
8 15 0.884692
8 16 0.947633
8 17 0.960268
8 19 0.989748
10 19 0.887624
12 1 0.896920
12 8 0.906361
13 8 0.974533
14 8 0.971747
15 8 0.884692
16 1 0.905787
16 8 0.947633
17 1 0.942561
17 4 0.717267
17 8 0.960268
17 19 0.946962
18 19 0.942634
19 1 0.966563
19 2 0.968395
19 8 0.989748
19 10 0.887624
19 17 0.946962
19 18 0.942634
1 1 0.975724
1 4 0.755982
1 6 0.998068
1 7 0.503233
1 9 0.636169
1 10 0.814709
1 11 0.575819
1 13 0.952187
1 14 0.921774
1 15 0.817480
1 18 0.877270
2 2 0.953940
2 3 0.905293
2 4 0.736506
2 5 0.910757
2 6 0.996695
2 7 0.502950
2 9 0.631128
2 10 0.826258
2 11 0.578099
2 12 0.868469
2 13 0.930344
2 14 0.919740
2 15 0.811516
2 16 0.896259
2 17 0.929971
2 18 0.888622
3 2 0.905293
3 3 0.891895
3 4 0.670176
3 5 0.778305
3 6 0.986725
3 7 0.502039
3 9 0.624827
3 10 0.795722
3 11 0.600487
3 12 0.778702
3 13 0.884439
3 14 0.892182
3 15 0.773831
3 16 0.844979
3 17 0.865320
3 18 0.858304
3 19 0.947215
4 1 0.755982
4 2 0.736506
4 3 0.670176
4 4 0.599643
4 5 0.707003
4 6 0.891836
4 7 0.501122
4 8 0.773649
4 9 0.538084
4 10 0.628656
4 11 0.515105
4 12 0.661703
4 13 0.736875
4 14 0.681616
4 15 0.613838
4 16 0.673735
4 18 0.676396
4 19 0.757376
5 2 0.910757
5 3 0.778305
5 4 0.707003
5 5 0.933383
5 6 0.989926
5 7 0.502455
5 9 0.585438
5 10 0.701870
5 11 0.524851
5 12 0.844488
5 13 0.926258
5 14 0.824582
5 15 0.724023
5 16 0.823054
5 17 0.890621
5 18 0.765146
5 19 0.887080
6 1 0.998068
6 2 0.996695
6 3 0.986725
6 4 0.891836
6 5 0.989926
6 6 0.999999
6 7 0.505849
6 8 0.999297
6 9 0.729182
6 10 0.948327
6 11 0.653897
6 12 0.973685
6 13 0.992207
6 14 0.990169
6 15 0.938852
6 16 0.980100
6 17 0.993140
6 18 0.977859
6 19 0.998243
7 1 0.503233
7 2 0.502950
7 3 0.502039
7 4 0.501122
7 5 0.502455
7 6 0.505849
7 7 0.500016
7 8 0.503546
7 9 0.500486
7 10 0.501483
7 11 0.500259
7 12 0.501987
7 13 0.503333
7 14 0.502287
7 15 0.501355
7 16 0.502274
7 17 0.502636
7 18 0.501876
7 19 0.503217
8 4 0.773649
8 6 0.999297
8 7 0.503546
8 8 0.995044
8 9 0.693064
8 10 0.889720
8 11 0.652799
8 18 0.939503
9 1 0.636169
9 2 0.631128
9 3 0.624827
9 4 0.538084
9 5 0.585438
9 6 0.729182
9 7 0.500486
9 8 0.693064
9 9 0.544269
9 10 0.573349
9 11 0.539663
9 12 0.579086
9 13 0.660219
9 14 0.633675
9 15 0.579126
9 16 0.607100
9 17 0.604914
9 18 0.589785
9 19 0.658183
10 1 0.814709
10 2 0.826258
10 3 0.795722
10 4 0.628656
10 5 0.701870
10 6 0.948327
10 7 0.501483
10 8 0.889720
10 9 0.573349
10 10 0.732099
10 11 0.548415
10 12 0.702995
10 13 0.758549
10 14 0.784702
10 15 0.688210
10 16 0.758950
10 17 0.788498
10 18 0.795755
11 1 0.575819
11 2 0.578099
11 3 0.600487
11 4 0.515105
11 5 0.524851
11 6 0.653897
11 7 0.500259
11 8 0.652799
11 9 0.539663
11 10 0.548415
11 11 0.557105
11 12 0.541519
11 13 0.610191
11 14 0.626183
11 15 0.561596
11 16 0.574079
11 17 0.553275
11 18 0.548152
11 19 0.609359
12 2 0.868469
12 3 0.778702
12 4 0.661703
12 5 0.844488
12 6 0.973685
12 7 0.501987
12 9 0.579086
12 10 0.702995
12 11 0.541519
12 12 0.785231
12 13 0.861148
12 14 0.807155
12 15 0.705850
12 16 0.794101
12 17 0.838330
12 18 0.759695
12 19 0.876915
13 1 0.952187
13 2 0.930344
13 3 0.884439
13 4 0.736875
13 5 0.926258
13 6 0.992207
13 7 0.503333
13 9 0.660219
13 10 0.758549
13 11 0.610191
13 12 0.861148
13 13 0.998369
13 14 0.922958
13 15 0.808045
13 16 0.910827
13 17 0.917311
13 18 0.838552
13 19 0.936040
14 1 0.921774
14 2 0.919740
14 3 0.892182
14 4 0.681616
14 5 0.824582
14 6 0.990169
14 7 0.502287
14 9 0.633675
14 10 0.784702
14 11 0.626183
14 12 0.807155
14 13 0.922958
14 14 0.928374
14 15 0.795556
14 16 0.870946
14 17 0.882304
14 18 0.838983
14 19 0.947537
15 1 0.817480
15 2 0.811516
15 3 0.773831
15 4 0.613838
15 5 0.724023
15 6 0.938852
15 7 0.501355
15 9 0.579126
15 10 0.688210
15 11 0.561596
15 12 0.705850
15 13 0.808045
15 14 0.795556
15 15 0.688150
15 16 0.756098
15 17 0.770434
15 18 0.736226
15 19 0.850982
16 2 0.896259
16 3 0.844979
16 4 0.673735
16 5 0.823054
16 6 0.980100
16 7 0.502274
16 9 0.607100
16 10 0.758950
16 11 0.574079
16 12 0.794101
16 13 0.910827
16 14 0.870946
16 15 0.756098
16 16 0.849436
16 17 0.862340
16 18 0.817040
16 19 0.925773
17 2 0.929971
17 3 0.865320
17 5 0.890621
17 6 0.993140
17 7 0.502636
17 9 0.604914
17 10 0.788498
17 11 0.553275
17 12 0.838330
17 13 0.917311
17 14 0.882304
17 15 0.770434
17 16 0.862340
17 17 0.905860
17 18 0.858501
18 1 0.877270
18 2 0.888622
18 3 0.858304
18 4 0.676396
18 5 0.765146
18 6 0.977859
18 7 0.501876
18 8 0.939503
18 9 0.589785
18 10 0.795755
18 11 0.548152
18 12 0.759695
18 13 0.838552
18 14 0.838983
18 15 0.736226
18 16 0.817040
18 17 0.858501
18 18 0.880736
19 3 0.947215
19 4 0.757376
19 5 0.887080
19 6 0.998243
19 7 0.503217
19 9 0.658183
19 11 0.609359
19 12 0.876915
19 13 0.936040
19 14 0.947537
19 15 0.850982
19 16 0.925773
19 19 0.987310
