1 2 0.971249
1 3 0.951827
1 5 0.981279
1 8 0.992810
1 12 0.830348
1 16 0.880795
1 17 0.937557
1 19 0.996356
2 1 0.971249
2 8 0.983269
2 19 0.992591
3 1 0.951827
3 8 0.975152
4 17 0.739922
5 1 0.981279
5 8 0.994274
8 1 0.992810
8 2 0.983269
8 3 0.975152
8 5 0.994274
8 12 0.870025
8 13 0.943922
8 14 0.996586
8 15 0.931296
8 16 0.932628
8 17 0.956004
8 19 0.998325
10 19 0.991044
12 1 0.830348
12 8 0.870025
13 8 0.943922
14 8 0.996586
15 8 0.931296
16 1 0.880795
16 8 0.932628
17 1 0.937557
17 4 0.739922
17 8 0.956004
17 19 0.976783
18 19 0.989523
19 1 0.996356
19 2 0.992591
19 8 0.998325
19 10 0.991044
19 17 0.976783
19 18 0.989523
1 1 0.985585
1 4 0.818135
1 6 0.998573
1 7 0.502465
1 9 0.595755
1 10 0.964462
1 11 0.774254
1 13 0.911830
1 14 0.993708
1 15 0.886706
1 18 0.958169
2 2 0.959267
2 3 0.910742
2 4 0.778742
2 5 0.960104
2 6 0.995112
2 7 0.502203
2 9 0.583990
2 10 0.947502
2 11 0.732700
2 12 0.787118
2 13 0.876137
2 14 0.986874
2 15 0.840332
2 16 0.838212
2 17 0.910956
2 18 0.942456
3 2 0.910742
3 3 0.913347
3 4 0.718789
3 5 0.955643
3 6 0.992970
3 7 0.501828
3 9 0.564677
3 10 0.896210
3 11 0.709462
3 12 0.760488
3 13 0.843107
3 14 0.959994
3 15 0.828712
3 16 0.818634
3 17 0.860456
3 18 0.881755
3 19 0.975181
4 1 0.818135
4 2 0.778742
4 3 0.718789
4 4 0.668879
4 5 0.767442
4 6 0.887874
4 7 0.500420
4 8 0.827869
4 9 0.537498
4 10 0.783350
4 11 0.588612
4 12 0.623816
4 13 0.689629
4 14 0.866663
4 15 0.657426
4 16 0.653460
4 18 0.766618
4 19 0.897630
5 2 0.960104
5 3 0.955643
5 4 0.767442
5 5 0.987996
5 6 0.998892
5 7 0.503048
5 9 0.590534
5 10 0.950091
5 11 0.815672
5 12 0.824528
5 13 0.904992
5 14 0.989429
5 15 0.898417
5 16 0.896007
5 17 0.918244
5 18 0.944320
5 19 0.993347
6 1 0.998573
6 2 0.995112
6 3 0.992970
6 4 0.887874
6 5 0.998892
6 6 0.999999
6 7 0.505234
6 8 0.999687
6 9 0.663212
6 10 0.994481
6 11 0.921369
6 12 0.923574
6 13 0.963707
6 14 0.999713
6 15 0.968754
6 16 0.976521
6 17 0.982931
6 18 0.993433
6 19 0.999839
7 1 0.502465
7 2 0.502203
7 3 0.501828
7 4 0.500420
7 5 0.503048
7 6 0.505234
7 7 0.500019
7 8 0.503613
7 9 0.500421
7 10 0.501849
7 11 0.501444
7 12 0.501136
7 13 0.501271
7 14 0.504184
7 15 0.501415
7 16 0.501613
7 17 0.501389
7 18 0.502047
7 19 0.503159
8 4 0.827869
8 6 0.999687
8 7 0.503613
8 8 0.998098
8 9 0.622847
8 10 0.977410
8 11 0.836568
8 18 0.974166
9 1 0.595755
9 2 0.583990
9 3 0.564677
9 4 0.537498
9 5 0.590534
9 6 0.663212
9 7 0.500421
9 8 0.622847
9 9 0.531689
9 10 0.587469
9 11 0.525675
9 12 0.530444
9 13 0.550764
9 14 0.657890
9 15 0.548652
9 16 0.563894
9 17 0.564582
9 18 0.596235
9 19 0.646583
10 1 0.964462
10 2 0.947502
10 3 0.896210
10 4 0.783350
10 5 0.950091
10 6 0.994481
10 7 0.501849
10 8 0.977410
10 9 0.587469
10 10 0.942059
10 11 0.725175
10 12 0.764204
10 13 0.855601
10 14 0.983441
10 15 0.824941
10 16 0.829678
10 17 0.901317
10 18 0.935930
11 1 0.774254
11 2 0.732700
11 3 0.709462
11 4 0.588612
11 5 0.815672
11 6 0.921369
11 7 0.501444
11 8 0.836568
11 9 0.525675
11 10 0.725175
11 11 0.692193
11 12 0.620376
11 13 0.655080
11 14 0.853416
11 15 0.666635
11 16 0.670684
11 17 0.676418
11 18 0.723291
11 19 0.839140
12 2 0.787118
12 3 0.760488
12 4 0.623816
12 5 0.824528
12 6 0.923574
12 7 0.501136
12 9 0.530444
12 10 0.764204
12 11 0.620376
12 12 0.655039
12 13 0.707228
12 14 0.880280
12 15 0.687170
12 16 0.678684
12 17 0.727767
12 18 0.753062
12 19 0.881250
13 1 0.911830
13 2 0.876137
13 3 0.843107
13 4 0.689629
13 5 0.904992
13 6 0.963707
13 7 0.501271
13 9 0.550764
13 10 0.855601
13 11 0.655080
13 12 0.707228
13 13 0.805001
13 14 0.927168
13 15 0.764183
13 16 0.756706
13 17 0.815393
13 18 0.843677
13 19 0.954449
14 1 0.993708
14 2 0.986874
14 3 0.959994
14 4 0.866663
14 5 0.989429
14 6 0.999713
14 7 0.504184
14 9 0.657890
14 10 0.983441
14 11 0.853416
14 12 0.880280
14 13 0.927168
14 14 0.999988
14 15 0.897663
14 16 0.899683
14 17 0.962895
14 18 0.984560
14 19 0.999122
15 1 0.886706
15 2 0.840332
15 3 0.828712
15 4 0.657426
15 5 0.898417
15 6 0.968754
15 7 0.501415
15 9 0.548652
15 10 0.824941
15 11 0.666635
15 12 0.687170
15 13 0.764183
15 14 0.897663
15 15 0.751693
15 16 0.749698
15 17 0.781485
15 18 0.813503
15 19 0.932725
16 2 0.838212
16 3 0.818634
16 4 0.653460
16 5 0.896007
16 6 0.976521
16 7 0.501613
16 9 0.563894
16 10 0.829678
16 11 0.670684
16 12 0.678684
16 13 0.756706
16 14 0.899683
16 15 0.749698
16 16 0.770175
16 17 0.776598
16 18 0.825562
16 19 0.935501
17 2 0.910956
17 3 0.860456
17 5 0.918244
17 6 0.982931
17 7 0.501389
17 9 0.564582
17 10 0.901317
17 11 0.676418
17 12 0.727767
17 13 0.815393
17 14 0.962895
17 15 0.781485
17 16 0.776598
17 17 0.858128
17 18 0.890049
18 1 0.958169
18 2 0.942456
18 3 0.881755
18 4 0.766618
18 5 0.944320
18 6 0.993433
18 7 0.502047
18 8 0.974166
18 9 0.596235
18 10 0.935930
18 11 0.723291
18 12 0.753062
18 13 0.843677
18 14 0.984560
18 15 0.813503
18 16 0.825562
18 17 0.890049
18 18 0.934539
19 3 0.975181
19 4 0.897630
19 5 0.993347
19 6 0.999839
19 7 0.503159
19 9 0.646583
19 11 0.839140
19 12 0.881250
19 13 0.954449
19 14 0.999122
19 15 0.932725
19 16 0.935501
19 19 0.999655
