1 26 0.683008
3 17 0.710436
3 26 0.786569
4 22 0.521576
4 26 0.624643
5 26 0.723161
9 26 0.589150
11 26 0.779858
13 26 0.718208
14 26 0.879317
17 3 0.710436
18 26 0.778326
22 4 0.521576
24 26 0.728164
25 26 0.698727
26 1 0.683008
26 3 0.786569
26 4 0.624643
26 5 0.723161
26 9 0.589150
26 11 0.779858
26 13 0.718208
26 14 0.879317
26 18 0.778326
26 24 0.728164
26 25 0.698727
1 1 0.563046
1 2 0.627359
1 3 0.609267
1 4 0.540705
1 5 0.578212
1 6 0.901637
1 7 0.523407
1 8 0.549093
1 9 0.521661
1 10 0.503746
1 11 0.600718
1 12 0.580950
1 13 0.573869
1 14 0.653983
1 15 0.572541
1 16 0.577871
1 17 0.614711
1 18 0.599946
1 19 0.500003
1 20 0.605890
1 21 0.736312
1 22 0.524565
1 23 0.772699
1 24 0.578295
1 25 0.567368
2 1 0.627359
2 2 0.999286
2 3 0.794408
2 4 0.599807
2 5 0.649167
2 6 0.977580
2 7 0.572244
2 8 0.820205
2 9 0.481341
2 10 0.526518
2 11 0.689459
2 12 0.842644
2 13 0.612654
2 14 0.808428
2 15 0.946023
2 16 0.636328
2 17 0.744600
2 18 0.756736
2 19 0.500010
2 20 0.756223
2 21 0.596766
2 22 0.688476
2 23 0.931243
2 24 0.657386
2 25 0.598383
2 26 0.824549
3 1 0.609267
3 2 0.794408
3 3 0.708567
3 4 0.574289
3 5 0.632697
3 6 0.943501
3 7 0.539349
3 8 0.604708
3 9 0.560268
3 10 0.511381
3 11 0.659142
3 12 0.650483
3 13 0.619942
3 14 0.752020
3 15 0.690917
3 16 0.673839
3 18 0.677764
3 19 0.500006
3 20 0.714408
3 21 0.870500
3 22 0.546906
3 23 0.907162
3 24 0.635312
3 25 0.613461
4 1 0.540705
4 2 0.599807
4 3 0.574289
4 4 0.546095
4 5 0.548398
4 6 0.819655
4 7 0.514893
4 8 0.552204
4 9 0.526230
4 10 0.504795
4 11 0.570269
4 12 0.566758
4 13 0.546927
4 14 0.595303
4 15 0.614681
4 16 0.580874
4 17 0.617465
4 18 0.555906
4 19 0.500003
4 20 0.621598
4 21 0.716039
4 23 0.788391
4 24 0.552067
4 25 0.539892
5 1 0.578212
5 2 0.649167
5 3 0.632697
5 4 0.548398
5 5 0.598505
5 6 0.941015
5 7 0.529905
5 8 0.558253
5 9 0.529086
5 10 0.502894
5 11 0.625573
5 12 0.600154
5 13 0.592096
5 14 0.688287
5 15 0.571584
5 16 0.583100
5 17 0.633426
5 18 0.621745
5 19 0.500004
5 20 0.616814
5 21 0.771051
5 22 0.528777
5 23 0.811650
5 24 0.597176
5 25 0.584973
6 1 0.901637
6 2 0.977580
6 3 0.943501
6 4 0.819655
6 5 0.941015
6 6 1.000000
6 7 0.736290
6 8 0.877570
6 9 0.365748
6 10 0.506092
6 11 0.987323
6 12 0.968793
6 13 0.948591
6 14 0.997784
6 15 0.840650
6 16 0.707075
6 17 0.981726
6 18 0.958075
6 19 0.500031
6 20 0.926592
6 21 0.999562
6 22 0.829037
6 23 0.999976
6 24 0.940025
6 25 0.908686
6 26 0.999379
7 1 0.523407
7 2 0.572244
7 3 0.539349
7 4 0.514893
7 5 0.529905
7 6 0.736290
7 7 0.520306
7 8 0.536014
7 9 0.517662
7 10 0.506596
7 11 0.539365
7 12 0.544092
7 13 0.530328
7 14 0.565550
7 15 0.547151
7 16 0.523138
7 17 0.524778
7 18 0.542700
7 19 0.500002
7 20 0.577203
7 21 0.555179
7 22 0.510156
7 23 0.611209
7 24 0.530875
7 25 0.526652
7 26 0.579927
8 1 0.549093
8 2 0.820205
8 3 0.604708
8 4 0.552204
8 5 0.558253
8 6 0.877570
8 7 0.536014
8 8 0.651899
8 9 0.560888
8 10 0.512253
8 11 0.575707
8 12 0.653172
8 13 0.557313
8 14 0.645306
8 15 0.745613
8 16 0.598490
8 17 0.614913
8 18 0.609546
8 19 0.500004
8 20 0.705388
8 21 0.656903
8 22 0.574187
8 23 0.866647
8 24 0.569751
8 25 0.549605
8 26 0.677049
9 1 0.521661
9 2 0.481341
9 3 0.560268
9 4 0.526230
9 5 0.529086
9 6 0.365748
9 7 0.517662
9 8 0.560888
9 9 0.628743
9 10 0.501523
9 11 0.519060
9 12 0.553967
9 13 0.528648
9 14 0.562466
9 15 0.590794
9 16 0.589282
9 17 0.546901
9 18 0.535581
9 19 0.500002
9 20 0.663578
9 21 0.660820
9 22 0.507746
9 23 0.793565
9 24 0.537057
9 25 0.534216
10 1 0.503746
10 2 0.526518
10 3 0.511381
10 4 0.504795
10 5 0.502894
10 6 0.506092
10 7 0.506596
10 8 0.512253
10 9 0.501523
10 10 0.512014
10 11 0.503163
10 12 0.505357
10 13 0.503139
10 14 0.509889
10 15 0.540085
10 16 0.526952
10 17 0.519040
10 18 0.513108
10 19 0.500001
10 20 0.558997
10 21 0.525318
10 22 0.500473
10 23 0.507940
10 24 0.504255
10 25 0.502258
10 26 0.507796
11 1 0.600718
11 2 0.689459
11 3 0.659142
11 4 0.570269
11 5 0.625573
11 6 0.987323
11 7 0.539365
11 8 0.575707
11 9 0.519060
11 10 0.503163
11 11 0.673286
11 12 0.634312
11 13 0.621154
11 14 0.734821
11 15 0.590841
11 16 0.599478
11 17 0.683303
11 18 0.640917
11 19 0.500005
11 20 0.640926
11 21 0.838486
11 22 0.542926
11 23 0.885962
11 24 0.624287
11 25 0.605821
12 1 0.580950
12 2 0.842644
12 3 0.650483
12 4 0.566758
12 5 0.600154
12 6 0.968793
12 7 0.544092
12 8 0.653172
12 9 0.553967
12 10 0.505357
12 11 0.634312
12 12 0.749751
12 13 0.593760
12 14 0.730518
12 15 0.740762
12 16 0.600762
12 17 0.702769
12 18 0.642615
12 19 0.500006
12 20 0.605060
12 21 0.805315
12 22 0.625649
12 23 0.878016
12 24 0.603666
12 25 0.577597
12 26 0.750607
13 1 0.573869
13 2 0.612654
13 3 0.619942
13 4 0.546927
13 5 0.592096
13 6 0.948591
13 7 0.530328
13 8 0.557313
13 9 0.528648
13 10 0.503139
13 11 0.621154
13 12 0.593760
13 13 0.590956
13 14 0.677710
13 15 0.573303
13 16 0.584289
13 17 0.619257
13 18 0.615547
13 19 0.500003
13 20 0.632482
13 21 0.760848
13 22 0.525664
13 23 0.815625
13 24 0.593380
13 25 0.581428
14 1 0.653983
14 2 0.808428
14 3 0.752020
14 4 0.595303
14 5 0.688287
14 6 0.997784
14 7 0.565550
14 8 0.645306
14 9 0.562466
14 10 0.509889
14 11 0.734821
14 12 0.730518
14 13 0.677710
14 14 0.860949
14 15 0.679298
14 16 0.671900
14 17 0.773592
14 18 0.741397
14 19 0.500009
14 20 0.708340
14 21 0.928994
14 22 0.606482
14 23 0.954546
14 24 0.687246
14 25 0.662262
15 1 0.572541
15 2 0.946023
15 3 0.690917
15 4 0.614681
15 5 0.571584
15 6 0.840650
15 7 0.547151
15 8 0.745613
15 9 0.590794
15 10 0.540085
15 11 0.590841
15 12 0.740762
15 13 0.573303
15 14 0.679298
15 15 0.953321
15 16 0.773201
15 17 0.742570
15 18 0.660407
15 19 0.500005
15 20 0.874657
15 21 0.815253
15 22 0.592340
15 23 0.957045
15 24 0.605034
15 25 0.555683
15 26 0.722856
16 1 0.577871
16 2 0.636328
16 3 0.673839
16 4 0.580874
16 5 0.583100
16 6 0.707075
16 7 0.523138
16 8 0.598490
16 9 0.589282
16 10 0.526952
16 11 0.599478
16 12 0.600762
16 13 0.584289
16 14 0.671900
16 15 0.773201
16 16 0.781010
16 17 0.721340
16 18 0.638246
16 19 0.500004
16 20 0.791369
16 21 0.909041
16 22 0.526643
16 23 0.937902
16 24 0.602221
16 25 0.577341
16 26 0.716597
17 1 0.614711
17 2 0.744600
17 4 0.617465
17 5 0.633426
17 6 0.981726
17 7 0.524778
17 8 0.614913
17 9 0.546901
17 10 0.519040
17 11 0.683303
17 12 0.702769
17 13 0.619257
17 14 0.773592
17 15 0.742570
17 16 0.721340
17 17 0.859721
17 18 0.660393
17 19 0.500009
17 20 0.713608
17 21 0.961640
17 22 0.607162
17 23 0.956385
17 24 0.632690
17 25 0.602180
17 26 0.787153
18 1 0.599946
18 2 0.756736
18 3 0.677764
18 4 0.555906
18 5 0.621745
18 6 0.958075
18 7 0.542700
18 8 0.609546
18 9 0.535581
18 10 0.513108
18 11 0.640917
18 12 0.642615
18 13 0.615547
18 14 0.741397
18 15 0.660407
18 16 0.638246
18 17 0.660393
18 18 0.705066
18 19 0.500005
18 20 0.725556
18 21 0.801605
18 22 0.552943
18 23 0.872871
18 24 0.624875
18 25 0.609984
19 1 0.500003
19 2 0.500010
19 3 0.500006
19 4 0.500003
19 5 0.500004
19 6 0.500031
19 7 0.500002
19 8 0.500004
19 9 0.500002
19 10 0.500001
19 11 0.500005
19 12 0.500006
19 13 0.500003
19 14 0.500009
19 15 0.500005
19 16 0.500004
19 17 0.500009
19 18 0.500005
19 19 0.500000
19 20 0.500009
19 21 0.500016
19 22 0.500003
19 23 0.500023
19 24 0.500004
19 25 0.500003
19 26 0.500010
20 1 0.605890
20 2 0.756223
20 3 0.714408
20 4 0.621598
20 5 0.616814
20 6 0.926592
20 7 0.577203
20 8 0.705388
20 9 0.663578
20 10 0.558997
20 11 0.640926
20 12 0.605060
20 13 0.632482
20 14 0.708340
20 15 0.874657
20 16 0.791369
20 17 0.713608
20 18 0.725556
20 19 0.500009
20 20 0.982519
20 21 0.892727
20 22 0.483498
20 23 0.990160
20 24 0.648326
20 25 0.619083
20 26 0.815724
21 1 0.736312
21 2 0.596766
21 3 0.870500
21 4 0.716039
21 5 0.771051
21 6 0.999562
21 7 0.555179
21 8 0.656903
21 9 0.660820
21 10 0.525318
21 11 0.838486
21 12 0.805315
21 13 0.760848
21 14 0.928994
21 15 0.815253
21 16 0.909041
21 17 0.961640
21 18 0.801605
21 19 0.500016
21 20 0.892727
21 21 0.999258
21 22 0.646322
21 23 0.999140
21 24 0.778231
21 25 0.734742
21 26 0.953573
22 1 0.524565
22 2 0.688476
22 3 0.546906
22 5 0.528777
22 6 0.829037
22 7 0.510156
22 8 0.574187
22 9 0.507746
22 10 0.500473
22 11 0.542926
22 12 0.625649
22 13 0.525664
22 14 0.606482
22 15 0.592340
22 16 0.526643
22 17 0.607162
22 18 0.552943
22 19 0.500003
22 20 0.483498
22 21 0.646322
22 22 0.594656
22 23 0.681666
22 24 0.529723
22 25 0.518747
22 26 0.591336
23 1 0.772699
23 2 0.931243
23 3 0.907162
23 4 0.788391
23 5 0.811650
23 6 0.999976
23 7 0.611209
23 8 0.866647
23 9 0.793565
23 10 0.507940
23 11 0.885962
23 12 0.878016
23 13 0.815625
23 14 0.954546
23 15 0.957045
23 16 0.937902
23 17 0.956385
23 18 0.872871
23 19 0.500023
23 20 0.990160
23 21 0.999140
23 22 0.681666
23 23 0.999996
23 24 0.841501
23 25 0.787359
23 26 0.986280
24 1 0.578295
24 2 0.657386
24 3 0.635312
24 4 0.552067
24 5 0.597176
24 6 0.940025
24 7 0.530875
24 8 0.569751
24 9 0.537057
24 10 0.504255
24 11 0.624287
24 12 0.603666
24 13 0.593380
24 14 0.687246
24 15 0.605034
24 16 0.602221
24 17 0.632690
24 18 0.624875
24 19 0.500004
24 20 0.648326
24 21 0.778231
24 22 0.529723
24 23 0.841501
24 24 0.599591
24 25 0.585227
25 1 0.567368
25 2 0.598383
25 3 0.613461
25 4 0.539892
25 5 0.584973
25 6 0.908686
25 7 0.526652
25 8 0.549605
25 9 0.534216
25 10 0.502258
25 11 0.605821
25 12 0.577597
25 13 0.581428
25 14 0.662262
25 15 0.555683
25 16 0.577341
25 17 0.602180
25 18 0.609984
25 19 0.500003
25 20 0.619083
25 21 0.734742
25 22 0.518747
25 23 0.787359
25 24 0.585227
25 25 0.576322
26 2 0.824549
26 6 0.999379
26 7 0.579927
26 8 0.677049
26 10 0.507796
26 12 0.750607
26 15 0.722856
26 16 0.716597
26 17 0.787153
26 19 0.500010
26 20 0.815724
26 21 0.953573
26 22 0.591336
26 23 0.986280
26 26 0.921982
