1 26 0.610152
3 17 0.717265
3 26 0.719296
4 22 0.536684
4 26 0.620518
5 26 0.582910
9 26 0.627243
11 26 0.714036
13 26 0.629221
14 26 0.989274
17 3 0.717265
18 26 0.935538
22 4 0.536684
24 26 0.627875
25 26 0.629878
26 1 0.610152
26 3 0.719296
26 4 0.620518
26 5 0.582910
26 9 0.627243
26 11 0.714036
26 13 0.629221
26 14 0.989274
26 18 0.935538
26 24 0.627875
26 25 0.629878
1 1 0.542926
1 2 0.782100
1 3 0.588148
1 4 0.546794
1 5 0.533160
1 6 0.747067
1 7 0.544110
1 8 0.518450
1 9 0.549476
1 10 0.505452
1 11 0.585774
1 12 0.543338
1 13 0.550257
1 14 0.847017
1 15 0.602580
1 16 0.641211
1 17 0.604328
1 18 0.730792
1 19 0.500001
1 20 0.630073
1 21 0.798552
1 22 0.525173
1 23 0.614869
1 24 0.549228
1 25 0.550531
2 1 0.782100
2 2 1.000000
2 3 0.880287
2 4 0.752148
2 5 0.759519
2 6 0.999961
2 7 0.725900
2 8 0.919557
2 9 0.760723
2 10 0.607848
2 11 0.892882
2 12 0.755569
2 13 0.789470
2 14 0.999990
2 15 0.992510
2 16 0.998132
2 17 0.970706
2 18 0.998990
2 19 0.500024
2 20 0.994421
2 21 0.999994
2 22 0.664668
2 23 0.981161
2 24 0.767087
2 25 0.796793
2 26 0.959813
3 1 0.588148
3 2 0.880287
3 3 0.712393
3 4 0.610654
3 5 0.571309
3 6 0.818788
3 7 0.595142
3 8 0.497455
3 9 0.614265
3 10 0.501185
3 11 0.683955
3 12 0.600094
3 13 0.611948
3 14 0.975855
3 15 0.695270
3 16 0.725202
3 18 0.914212
3 19 0.500001
3 20 0.747436
3 21 0.927688
3 22 0.556112
3 23 0.735872
3 24 0.611819
3 25 0.607596
4 1 0.546794
4 2 0.752148
4 3 0.610654
4 4 0.564134
4 5 0.534453
4 6 0.742871
4 7 0.553718
4 8 0.493378
4 9 0.558772
4 10 0.501099
4 11 0.603553
4 12 0.556740
4 13 0.558403
4 14 0.857291
4 15 0.626586
4 16 0.637238
4 17 0.621076
4 18 0.768534
4 19 0.500001
4 20 0.645938
4 21 0.799582
4 23 0.624051
4 24 0.557299
4 25 0.557674
5 1 0.533160
5 2 0.759519
5 3 0.571309
5 4 0.534453
5 5 0.553512
5 6 0.586746
5 7 0.542914
5 8 0.517102
5 9 0.545829
5 10 0.504401
5 11 0.568720
5 12 0.531462
5 13 0.538336
5 14 0.821587
5 15 0.602038
5 16 0.638167
5 17 0.574060
5 18 0.657607
5 19 0.500000
5 20 0.601423
5 21 0.757103
5 22 0.514808
5 23 0.611151
5 24 0.535673
5 25 0.540620
6 1 0.747067
6 2 0.999961
6 3 0.818788
6 4 0.742871
6 5 0.586746
6 6 1.000000
6 7 0.674110
6 8 0.749780
6 9 0.683107
6 10 0.589636
6 11 0.874530
6 12 0.661489
6 13 0.743861
6 14 0.999875
6 15 0.936201
6 16 0.985893
6 17 0.932655
6 18 0.995022
6 19 0.500028
6 20 0.979418
6 21 0.999913
6 22 0.690680
6 23 0.969933
6 24 0.735109
6 25 0.766209
6 26 0.944887
7 1 0.544110
7 2 0.725900
7 3 0.595142
7 4 0.553718
7 5 0.542914
7 6 0.674110
7 7 0.568162
7 8 0.494922
7 9 0.560401
7 10 0.504314
7 11 0.599078
7 12 0.553583
7 13 0.553201
7 14 0.822408
7 15 0.581674
7 16 0.636588
7 17 0.631255
7 18 0.720400
7 19 0.500000
7 20 0.609136
7 21 0.810974
7 22 0.527091
7 23 0.605306
7 24 0.552959
7 25 0.554608
7 26 0.611713
8 1 0.518450
8 2 0.919557
8 3 0.497455
8 4 0.493378
8 5 0.517102
8 6 0.749780
8 7 0.494922
8 8 0.655063
8 9 0.502063
8 10 0.531898
8 11 0.510721
8 12 0.536776
8 13 0.511507
8 14 0.552214
8 15 0.640838
8 16 0.719217
8 17 0.555654
8 18 0.537457
8 19 0.500005
8 20 0.632404
8 21 0.748811
8 22 0.498665
8 23 0.667362
8 24 0.508731
8 25 0.510806
8 26 0.548113
9 1 0.549476
9 2 0.760723
9 3 0.614265
9 4 0.558772
9 5 0.545829
9 6 0.683107
9 7 0.560401
9 8 0.502063
9 9 0.567041
9 10 0.501481
9 11 0.607849
9 12 0.557791
9 13 0.561108
9 14 0.892743
9 15 0.613322
9 16 0.646066
9 17 0.619414
9 18 0.777535
9 19 0.500000
9 20 0.637613
9 21 0.822982
9 22 0.528405
9 23 0.633861
9 24 0.560618
9 25 0.560831
10 1 0.505452
10 2 0.607848
10 3 0.501185
10 4 0.501099
10 5 0.504401
10 6 0.589636
10 7 0.504314
10 8 0.531898
10 9 0.501481
10 10 0.510933
10 11 0.508099
10 12 0.507497
10 13 0.503288
10 14 0.494765
10 15 0.526920
10 16 0.560520
10 17 0.528551
10 18 0.497320
10 19 0.500002
10 20 0.530199
10 21 0.548209
10 22 0.501574
10 23 0.537900
10 24 0.503750
10 25 0.504278
10 26 0.514192
11 1 0.585774
11 2 0.892882
11 3 0.683955
11 4 0.603553
11 5 0.568720
11 6 0.874530
11 7 0.599078
11 8 0.510721
11 9 0.607849
11 10 0.508099
11 11 0.685504
11 12 0.593909
11 13 0.603228
11 14 0.972212
11 15 0.683673
11 16 0.748862
11 17 0.707399
11 18 0.899404
11 19 0.500002
11 20 0.741766
11 21 0.929662
11 22 0.555137
11 23 0.712599
11 24 0.603108
11 25 0.605177
12 1 0.543338
12 2 0.755569
12 3 0.600094
12 4 0.556740
12 5 0.531462
12 6 0.661489
12 7 0.553583
12 8 0.536776
12 9 0.557791
12 10 0.507497
12 11 0.593909
12 12 0.601413
12 13 0.555490
12 14 0.762901
12 15 0.687665
12 16 0.700072
12 17 0.606772
12 18 0.733065
12 19 0.500000
12 20 0.667365
12 21 0.838744
12 22 0.531844
12 23 0.681441
12 24 0.552673
12 25 0.549727
12 26 0.613015
13 1 0.550257
13 2 0.789470
13 3 0.611948
13 4 0.558403
13 5 0.538336
13 6 0.743861
13 7 0.553201
13 8 0.511507
13 9 0.561108
13 10 0.503288
13 11 0.603228
13 12 0.555490
13 13 0.561865
13 14 0.877309
13 15 0.610416
13 16 0.649424
13 17 0.621594
13 18 0.774258
13 19 0.500001
13 20 0.648651
13 21 0.829681
13 22 0.530508
13 23 0.628005
13 24 0.560405
13 25 0.560102
14 1 0.847017
14 2 0.999990
14 3 0.975855
14 4 0.857291
14 5 0.821587
14 6 0.999875
14 7 0.822408
14 8 0.552214
14 9 0.892743
14 10 0.494765
14 11 0.972212
14 12 0.762901
14 13 0.877309
14 14 1.000000
14 15 0.989772
14 16 0.987662
14 17 0.973210
14 18 0.999997
14 19 0.500002
14 20 0.991054
14 21 0.999977
14 22 0.698186
14 23 0.986885
14 24 0.894015
14 25 0.897424
15 1 0.602580
15 2 0.992510
15 3 0.695270
15 4 0.626586
15 5 0.602038
15 6 0.936201
15 7 0.581674
15 8 0.640838
15 9 0.613322
15 10 0.526920
15 11 0.683673
15 12 0.687665
15 13 0.610416
15 14 0.989772
15 15 0.963875
15 16 0.930774
15 17 0.693831
15 18 0.903955
15 19 0.500001
15 20 0.877257
15 21 0.969982
15 22 0.584613
15 23 0.892775
15 24 0.600953
15 25 0.610659
15 26 0.738415
16 1 0.641211
16 2 0.998132
16 3 0.725202
16 4 0.637238
16 5 0.638167
16 6 0.985893
16 7 0.636588
16 8 0.719217
16 9 0.646066
16 10 0.560520
16 11 0.748862
16 12 0.700072
16 13 0.649424
16 14 0.987662
16 15 0.930774
16 16 0.974268
16 17 0.788267
16 18 0.914936
16 19 0.500009
16 20 0.924606
16 21 0.996300
16 22 0.585017
16 23 0.900204
16 24 0.631511
16 25 0.647845
16 26 0.813168
17 1 0.604328
17 2 0.970706
17 4 0.621076
17 5 0.574060
17 6 0.932655
17 7 0.631255
17 8 0.555654
17 9 0.619414
17 10 0.528551
17 11 0.707399
17 12 0.606772
17 13 0.621594
17 14 0.973210
17 15 0.693831
17 16 0.788267
17 17 0.845869
17 18 0.925745
17 19 0.500006
17 20 0.772615
17 21 0.950472
17 22 0.565490
17 23 0.767925
17 24 0.630397
17 25 0.624345
17 26 0.749183
18 1 0.730792
18 2 0.998990
18 3 0.914212
18 4 0.768534
18 5 0.657607
18 6 0.995022
18 7 0.720400
18 8 0.537457
18 9 0.777535
18 10 0.497320
18 11 0.899404
18 12 0.733065
18 13 0.774258
18 14 0.999997
18 15 0.903955
18 16 0.914936
18 17 0.925745
18 18 0.999634
18 19 0.500003
18 20 0.956212
18 21 0.998711
18 22 0.646450
18 23 0.933933
18 24 0.787921
18 25 0.779719
19 1 0.500001
19 2 0.500024
19 3 0.500001
19 4 0.500001
19 5 0.500000
19 6 0.500028
19 7 0.500000
19 8 0.500005
19 9 0.500000
19 10 0.500002
19 11 0.500002
19 12 0.500000
19 13 0.500001
19 14 0.500002
19 15 0.500001
19 16 0.500009
19 17 0.500006
19 18 0.500003
19 19 0.500000
19 20 0.500007
19 21 0.500010
19 22 0.500001
19 23 0.500003
19 24 0.500001
19 25 0.500001
19 26 0.500003
20 1 0.630073
20 2 0.994421
20 3 0.747436
20 4 0.645938
20 5 0.601423
20 6 0.979418
20 7 0.609136
20 8 0.632404
20 9 0.637613
20 10 0.530199
20 11 0.741766
20 12 0.667365
20 13 0.648651
20 14 0.991054
20 15 0.877257
20 16 0.924606
20 17 0.772615
20 18 0.956212
20 19 0.500007
20 20 0.906455
20 21 0.989785
20 22 0.588445
20 23 0.865233
20 24 0.639516
20 25 0.646064
20 26 0.799590
21 1 0.798552
21 2 0.999994
21 3 0.927688
21 4 0.799582
21 5 0.757103
21 6 0.999913
21 7 0.810974
21 8 0.748811
21 9 0.822982
21 10 0.548209
21 11 0.929662
21 12 0.838744
21 13 0.829681
21 14 0.999977
21 15 0.969982
21 16 0.996300
21 17 0.950472
21 18 0.998711
21 19 0.500010
21 20 0.989785
21 21 0.999999
21 22 0.686694
21 23 0.987746
21 24 0.803058
21 25 0.822541
21 26 0.972026
22 1 0.525173
22 2 0.664668
22 3 0.556112
22 5 0.514808
22 6 0.690680
22 7 0.527091
22 8 0.498665
22 9 0.528405
22 10 0.501574
22 11 0.555137
22 12 0.531844
22 13 0.530508
22 14 0.698186
22 15 0.584613
22 16 0.585017
22 17 0.565490
22 18 0.646450
22 19 0.500001
22 20 0.588445
22 21 0.686694
22 22 0.523849
22 23 0.571812
22 24 0.528917
22 25 0.530332
22 26 0.565280
23 1 0.614869
23 2 0.981161
23 3 0.735872
23 4 0.624051
23 5 0.611151
23 6 0.969933
23 7 0.605306
23 8 0.667362
23 9 0.633861
23 10 0.537900
23 11 0.712599
23 12 0.681441
23 13 0.628005
23 14 0.986885
23 15 0.892775
23 16 0.900204
23 17 0.767925
23 18 0.933933
23 19 0.500003
23 20 0.865233
23 21 0.987746
23 22 0.571812
23 23 0.962465
23 24 0.629878
23 25 0.630674
23 26 0.780437
24 1 0.549228
24 2 0.767087
24 3 0.611819
24 4 0.557299
24 5 0.535673
24 6 0.735109
24 7 0.552959
24 8 0.508731
24 9 0.560618
24 10 0.503750
24 11 0.603108
24 12 0.552673
24 13 0.560405
24 14 0.894015
24 15 0.600953
24 16 0.631511
24 17 0.630397
24 18 0.787921
24 19 0.500001
24 20 0.639516
24 21 0.803058
24 22 0.528917
24 23 0.629878
24 24 0.563020
24 25 0.560644
25 1 0.550531
25 2 0.796793
25 3 0.607596
25 4 0.557674
25 5 0.540620
25 6 0.766209
25 7 0.554608
25 8 0.510806
25 9 0.560831
25 10 0.504278
25 11 0.605177
25 12 0.549727
25 13 0.560102
25 14 0.897424
25 15 0.610659
25 16 0.647845
25 17 0.624345
25 18 0.779719
25 19 0.500001
25 20 0.646064
25 21 0.822541
25 22 0.530332
25 23 0.630674
25 24 0.560644
25 25 0.561757
26 2 0.959813
26 6 0.944887
26 7 0.611713
26 8 0.548113
26 10 0.514192
26 12 0.613015
26 15 0.738415
26 16 0.813168
26 17 0.749183
26 19 0.500003
26 20 0.799590
26 21 0.972026
26 22 0.565280
26 23 0.780437
26 26 0.764513
