1 26 0.627173
3 17 0.891447
3 26 0.625926
4 22 0.517490
4 26 0.610753
5 26 0.534764
9 26 0.658420
11 26 0.677228
13 26 0.595017
14 26 0.830100
17 3 0.891447
18 26 0.876556
22 4 0.517490
24 26 0.633440
25 26 0.634434
26 1 0.627173
26 3 0.625926
26 4 0.610753
26 5 0.534764
26 9 0.658420
26 11 0.677228
26 13 0.595017
26 14 0.830100
26 18 0.876556
26 24 0.633440
26 25 0.634434
1 1 0.547262
1 2 0.820135
1 3 0.548387
1 4 0.539958
1 5 0.505638
1 6 0.876017
1 7 0.521146
1 8 0.564406
1 9 0.558812
1 10 0.508390
1 11 0.566482
1 12 0.570674
1 13 0.534296
1 14 0.632642
1 15 0.645092
1 16 0.618262
1 17 0.548387
1 18 0.674418
1 19 0.499999
1 20 0.562603
1 21 0.753825
1 22 0.517032
1 23 0.486264
1 24 0.549658
1 25 0.550206
2 1 0.820135
2 2 1.000000
2 3 0.870023
2 4 0.775564
2 5 0.557253
2 6 0.999999
2 7 0.730977
2 8 0.913350
2 9 0.864976
2 10 0.619103
2 11 0.899273
2 12 0.950204
2 13 0.722101
2 14 0.975278
2 15 0.993803
2 16 0.991583
2 17 0.870023
2 18 0.999239
2 19 0.499992
2 20 0.896139
2 21 0.999886
2 22 0.655414
2 23 0.530900
2 24 0.819113
2 25 0.834018
2 26 0.985240
3 1 0.548387
3 2 0.870023
3 3 0.891447
3 4 0.543901
3 5 0.538341
3 6 0.614480
3 7 0.531229
3 8 0.741679
3 9 0.569490
3 10 0.526009
3 11 0.646851
3 12 0.588273
3 13 0.604147
3 14 0.620213
3 15 0.785554
3 16 0.734335
3 18 0.940312
3 19 0.500001
3 20 0.772876
3 21 0.894011
3 22 0.508477
3 23 0.959381
3 24 0.555329
3 25 0.539418
4 1 0.539958
4 2 0.775564
4 3 0.543901
4 4 0.536410
4 5 0.510155
4 6 0.856354
4 7 0.517325
4 8 0.558697
4 9 0.549966
4 10 0.509077
4 11 0.555193
4 12 0.566923
4 13 0.528496
4 14 0.617450
4 15 0.621055
4 16 0.595379
4 17 0.543901
4 18 0.633969
4 19 0.499999
4 20 0.554357
4 21 0.735251
4 23 0.488014
4 24 0.542850
4 25 0.542496
5 1 0.505638
5 2 0.557253
5 3 0.538341
5 4 0.510155
5 5 0.548399
5 6 0.578002
5 7 0.505746
5 8 0.527657
5 9 0.513984
5 10 0.515379
5 11 0.508599
5 12 0.576537
5 13 0.520600
5 14 0.568577
5 15 0.536565
5 16 0.520243
5 17 0.538341
5 18 0.489943
5 19 0.500000
5 20 0.511455
5 21 0.582214
5 22 0.504682
5 23 0.519501
5 24 0.508440
5 25 0.502797
6 1 0.876017
6 2 0.999999
6 3 0.614480
6 4 0.856354
6 5 0.578002
6 6 1.000000
6 7 0.697079
6 8 0.845461
6 9 0.920202
6 10 0.601316
6 11 0.903478
6 12 0.962493
6 13 0.725231
6 14 0.997618
6 15 0.996115
6 16 0.989199
6 17 0.614480
6 18 0.992122
6 19 0.499996
6 20 0.823993
6 21 0.999989
6 22 0.710588
6 23 0.011281
6 24 0.891885
6 25 0.896787
6 26 0.996053
7 1 0.521146
7 2 0.730977
7 3 0.531229
7 4 0.517325
7 5 0.505746
7 6 0.697079
7 7 0.519202
7 8 0.538482
7 9 0.528654
7 10 0.508348
7 11 0.523991
7 12 0.538496
7 13 0.513376
7 14 0.562497
7 15 0.580562
7 16 0.572482
7 17 0.531229
7 18 0.583681
7 19 0.500000
7 20 0.540452
7 21 0.599229
7 22 0.506381
7 23 0.509570
7 24 0.523080
7 25 0.520814
7 26 0.554736
8 1 0.564406
8 2 0.913350
8 3 0.741679
8 4 0.558697
8 5 0.527657
8 6 0.845461
8 7 0.538482
8 8 0.728311
8 9 0.584846
8 10 0.521902
8 11 0.623456
8 12 0.620470
8 13 0.583693
8 14 0.668845
8 15 0.776083
8 16 0.698146
8 17 0.741679
8 18 0.864110
8 19 0.499999
8 20 0.739547
8 21 0.875620
8 22 0.524368
8 23 0.834319
8 24 0.570339
8 25 0.558503
8 26 0.670248
9 1 0.558812
9 2 0.864976
9 3 0.569490
9 4 0.549966
9 5 0.513984
9 6 0.920202
9 7 0.528654
9 8 0.584846
9 9 0.576104
9 10 0.512641
9 11 0.580932
9 12 0.591549
9 13 0.545239
9 14 0.676318
9 15 0.692487
9 16 0.649967
9 17 0.569490
9 18 0.714822
9 19 0.499999
9 20 0.580088
9 21 0.802477
9 22 0.519462
9 23 0.491926
9 24 0.563124
9 25 0.560860
10 1 0.508390
10 2 0.619103
10 3 0.526009
10 4 0.509077
10 5 0.515379
10 6 0.601316
10 7 0.508348
10 8 0.521902
10 9 0.512641
10 10 0.513213
10 11 0.509561
10 12 0.543620
10 13 0.514993
10 14 0.539575
10 15 0.538132
10 16 0.532402
10 17 0.526009
10 18 0.520323
10 19 0.500000
10 20 0.530587
10 21 0.560810
10 22 0.504920
10 23 0.505322
10 24 0.509119
10 25 0.508037
10 26 0.529058
11 1 0.566482
11 2 0.899273
11 3 0.646851
11 4 0.555193
11 5 0.508599
11 6 0.903478
11 7 0.523991
11 8 0.623456
11 9 0.580932
11 10 0.509561
11 11 0.622983
11 12 0.589012
11 13 0.561738
11 14 0.667942
11 15 0.718843
11 16 0.670187
11 17 0.646851
11 18 0.819461
11 19 0.499998
11 20 0.615591
11 21 0.866802
11 22 0.521968
11 23 0.635922
11 24 0.567373
11 25 0.569618
12 1 0.570674
12 2 0.950204
12 3 0.588273
12 4 0.566923
12 5 0.576537
12 6 0.962493
12 7 0.538496
12 8 0.620470
12 9 0.591549
12 10 0.543620
12 11 0.589012
12 12 0.775546
12 13 0.582681
12 14 0.729788
12 15 0.711751
12 16 0.730009
12 17 0.588273
12 18 0.744904
12 19 0.499998
12 20 0.631454
12 21 0.857867
12 22 0.539922
12 23 0.446447
12 24 0.574191
12 25 0.576079
12 26 0.716607
13 1 0.534296
13 2 0.722101
13 3 0.604147
13 4 0.528496
13 5 0.520600
13 6 0.725231
13 7 0.513376
13 8 0.583693
13 9 0.545239
13 10 0.514993
13 11 0.561738
13 12 0.582681
13 13 0.562918
13 14 0.603873
13 15 0.626217
13 16 0.592349
13 17 0.604147
13 18 0.695424
13 19 0.499999
13 20 0.622137
13 21 0.684429
13 22 0.509053
13 23 0.589341
13 24 0.535706
13 25 0.534650
14 1 0.632642
14 2 0.975278
14 3 0.620213
14 4 0.617450
14 5 0.568577
14 6 0.997618
14 7 0.562497
14 8 0.668845
14 9 0.676318
14 10 0.539575
14 11 0.667942
14 12 0.729788
14 13 0.603873
14 14 0.890738
14 15 0.869363
14 16 0.800916
14 17 0.620213
14 18 0.811090
14 19 0.499998
14 20 0.622140
14 21 0.962628
14 22 0.539581
14 23 0.408599
14 24 0.645915
14 25 0.634908
15 1 0.645092
15 2 0.993803
15 3 0.785554
15 4 0.621055
15 5 0.536565
15 6 0.996115
15 7 0.580562
15 8 0.776083
15 9 0.692487
15 10 0.538132
15 11 0.718843
15 12 0.711751
15 13 0.626217
15 14 0.869363
15 15 0.937303
15 16 0.861200
15 17 0.785554
15 18 0.964104
15 19 0.499999
15 20 0.753901
15 21 0.985287
15 22 0.541801
15 23 0.746081
15 24 0.656371
15 25 0.639680
15 26 0.843716
16 1 0.618262
16 2 0.991583
16 3 0.734335
16 4 0.595379
16 5 0.520243
16 6 0.989199
16 7 0.572482
16 8 0.698146
16 9 0.649967
16 10 0.532402
16 11 0.670187
16 12 0.730009
16 13 0.592349
16 14 0.800916
16 15 0.861200
16 16 0.862162
16 17 0.734335
16 18 0.934972
16 19 0.499999
16 20 0.697470
16 21 0.943699
16 22 0.535786
16 23 0.689584
16 24 0.625409
16 25 0.622918
16 26 0.790061
17 1 0.548387
17 2 0.870023
17 4 0.543901
17 5 0.538341
17 6 0.614480
17 7 0.531229
17 8 0.741679
17 9 0.569490
17 10 0.526009
17 11 0.646851
17 12 0.588273
17 13 0.604147
17 14 0.620213
17 15 0.785554
17 16 0.734335
17 17 0.891447
17 18 0.940312
17 19 0.500001
17 20 0.772876
17 21 0.894011
17 22 0.508477
17 23 0.959381
17 24 0.555329
17 25 0.539418
17 26 0.625926
18 1 0.674418
18 2 0.999239
18 3 0.940312
18 4 0.633969
18 5 0.489943
18 6 0.992122
18 7 0.583681
18 8 0.864110
18 9 0.714822
18 10 0.520323
18 11 0.819461
18 12 0.744904
18 13 0.695424
18 14 0.811090
18 15 0.964104
18 16 0.934972
18 17 0.940312
18 18 0.998972
18 19 0.499998
18 20 0.886630
18 21 0.994143
18 22 0.552291
18 23 0.967564
18 24 0.677157
18 25 0.677600
19 1 0.499999
19 2 0.499992
19 3 0.500001
19 4 0.499999
19 5 0.500000
19 6 0.499996
19 7 0.500000
19 8 0.499999
19 9 0.499999
19 10 0.500000
19 11 0.499998
19 12 0.499998
19 13 0.499999
19 14 0.499998
19 15 0.499999
19 16 0.499999
19 17 0.500001
19 18 0.499998
19 19 0.500000
19 20 0.500000
19 21 0.499992
19 22 0.500000
19 23 0.500002
19 24 0.499999
19 25 0.499999
19 26 0.499997
20 1 0.562603
20 2 0.896139
20 3 0.772876
20 4 0.554357
20 5 0.511455
20 6 0.823993
20 7 0.540452
20 8 0.739547
20 9 0.580088
20 10 0.530587
20 11 0.615591
20 12 0.631454
20 13 0.622137
20 14 0.622140
20 15 0.753901
20 16 0.697470
20 17 0.772876
20 18 0.886630
20 19 0.500000
20 20 0.837504
20 21 0.776080
20 22 0.522633
20 23 0.835801
20 24 0.567432
20 25 0.560775
20 26 0.648254
21 1 0.753825
21 2 0.999886
21 3 0.894011
21 4 0.735251
21 5 0.582214
21 6 0.999989
21 7 0.599229
21 8 0.875620
21 9 0.802477
21 10 0.560810
21 11 0.866802
21 12 0.857867
21 13 0.684429
21 14 0.962628
21 15 0.985287
21 16 0.943699
21 17 0.894011
21 18 0.994143
21 19 0.499992
21 20 0.776080
21 21 0.999971
21 22 0.628354
21 23 0.805741
21 24 0.765248
21 25 0.753361
21 26 0.964893
22 1 0.517032
22 2 0.655414
22 3 0.508477
22 5 0.504682
22 6 0.710588
22 7 0.506381
22 8 0.524368
22 9 0.519462
22 10 0.504920
22 11 0.521968
22 12 0.539922
22 13 0.509053
22 14 0.539581
22 15 0.541801
22 16 0.535786
22 17 0.508477
22 18 0.552291
22 19 0.500000
22 20 0.522633
22 21 0.628354
22 22 0.513107
22 23 0.471997
22 24 0.517721
22 25 0.519293
22 26 0.550771
23 1 0.486264
23 2 0.530900
23 3 0.959381
23 4 0.488014
23 5 0.519501
23 6 0.011281
23 7 0.509570
23 8 0.834319
23 9 0.491926
23 10 0.505322
23 11 0.635922
23 12 0.446447
23 13 0.589341
23 14 0.408599
23 15 0.746081
23 16 0.689584
23 17 0.959381
23 18 0.967564
23 19 0.500002
23 20 0.835801
23 21 0.805741
23 22 0.471997
23 23 0.998752
23 24 0.491238
23 25 0.458063
23 26 0.439107
24 1 0.549658
24 2 0.819113
24 3 0.555329
24 4 0.542850
24 5 0.508440
24 6 0.891885
24 7 0.523080
24 8 0.570339
24 9 0.563124
24 10 0.509119
24 11 0.567373
24 12 0.574191
24 13 0.535706
24 14 0.645915
24 15 0.656371
24 16 0.625409
24 17 0.555329
24 18 0.677157
24 19 0.499999
24 20 0.567432
24 21 0.765248
24 22 0.517721
24 23 0.491238
24 24 0.553522
24 25 0.552072
25 1 0.550206
25 2 0.834018
25 3 0.539418
25 4 0.542496
25 5 0.502797
25 6 0.896787
25 7 0.520814
25 8 0.558503
25 9 0.560860
25 10 0.508037
25 11 0.569618
25 12 0.576079
25 13 0.534650
25 14 0.634908
25 15 0.639680
25 16 0.622918
25 17 0.539418
25 18 0.677600
25 19 0.499999
25 20 0.560775
25 21 0.753361
25 22 0.519293
25 23 0.458063
25 24 0.552072
25 25 0.555223
26 2 0.985240
26 6 0.996053
26 7 0.554736
26 8 0.670248
26 10 0.529058
26 12 0.716607
26 15 0.843716
26 16 0.790061
26 17 0.625926
26 19 0.499997
26 20 0.648254
26 21 0.964893
26 22 0.550771
26 23 0.439107
26 26 0.816620
