1 26 0.722610
3 17 0.948474
3 26 0.918359
4 22 0.538140
4 26 0.557762
5 26 0.722635
9 26 0.765620
11 26 0.763668
13 26 0.728157
14 26 0.956194
17 3 0.948474
18 26 0.966687
22 4 0.538140
24 26 0.637661
25 26 0.736103
26 1 0.722610
26 3 0.918359
26 4 0.557762
26 5 0.722635
26 9 0.765620
26 11 0.763668
26 13 0.728157
26 14 0.956194
26 18 0.966687
26 24 0.637661
26 25 0.736103
1 1 0.596440
1 2 0.816418
1 3 0.729378
1 4 0.522049
1 5 0.595473
1 6 0.849969
1 7 0.545151
1 8 0.513553
1 9 0.616349
1 10 0.530416
1 11 0.620289
1 12 0.600181
1 13 0.599185
1 14 0.770727
1 15 0.702240
1 16 0.684980
1 17 0.729378
1 18 0.802437
1 19 0.500002
1 20 0.709988
1 21 0.830827
1 22 0.522049
1 23 0.688396
1 24 0.554312
1 25 0.603010
2 1 0.816418
2 2 1.000000
2 3 0.986525
2 4 0.598400
2 5 0.777018
2 6 0.999768
2 7 0.745502
2 8 0.636564
2 9 0.858876
2 10 0.690674
2 11 0.875285
2 12 0.834663
2 13 0.804286
2 14 0.968695
2 15 0.948045
2 16 0.992768
2 17 0.986525
2 18 0.999204
2 19 0.500016
2 20 0.998993
2 21 0.999958
2 22 0.598400
2 23 0.998159
2 24 0.657246
2 25 0.813622
2 26 0.972550
3 1 0.729378
3 2 0.986525
3 3 0.948474
3 4 0.583952
3 5 0.719421
3 6 0.994573
3 7 0.614505
3 8 0.563704
3 9 0.768956
3 10 0.586332
3 11 0.775811
3 12 0.766720
3 13 0.731648
3 14 0.954258
3 15 0.905673
3 16 0.922067
3 18 0.978671
3 19 0.500006
3 20 0.938604
3 21 0.990768
3 22 0.583952
3 23 0.910071
3 24 0.642555
3 25 0.735346
4 1 0.522049
4 2 0.598400
4 3 0.583952
4 4 0.538140
4 5 0.521403
4 6 0.709216
4 7 0.510765
4 8 0.514988
4 9 0.529686
4 10 0.512872
4 11 0.527766
4 12 0.551422
4 13 0.523606
4 14 0.574342
4 15 0.570329
4 16 0.567240
4 17 0.583952
4 18 0.593217
4 19 0.500001
4 20 0.532720
4 21 0.621042
4 23 0.602024
4 24 0.542546
4 25 0.521905
5 1 0.595473
5 2 0.777018
5 3 0.719421
5 4 0.521403
5 5 0.597735
5 6 0.839735
5 7 0.544361
5 8 0.513043
5 9 0.616816
5 10 0.527981
5 11 0.617618
5 12 0.601900
5 13 0.599433
5 14 0.773915
5 15 0.702454
5 16 0.670527
5 17 0.719421
5 18 0.803110
5 19 0.500001
5 20 0.690720
5 21 0.807199
5 22 0.521403
5 23 0.677696
5 24 0.558945
5 25 0.603806
6 1 0.849969
6 2 0.999768
6 3 0.994573
6 4 0.709216
6 5 0.839735
6 6 1.000000
6 7 0.721116
6 8 0.776237
6 9 0.895072
6 10 0.714429
6 11 0.881195
6 12 0.969786
6 13 0.869856
6 14 0.996144
6 15 0.992476
6 16 0.993854
6 17 0.994573
6 18 0.993765
6 19 0.500011
6 20 0.993914
6 21 0.999562
6 22 0.709216
6 23 0.982352
6 24 0.867809
6 25 0.844881
6 26 0.988734
7 1 0.545151
7 2 0.745502
7 3 0.614505
7 4 0.510765
7 5 0.544361
7 6 0.721116
7 7 0.531162
7 8 0.515360
7 9 0.556627
7 10 0.520070
7 11 0.554861
7 12 0.557082
7 13 0.546342
7 14 0.633278
7 15 0.594826
7 16 0.611770
7 17 0.614505
7 18 0.693607
7 19 0.500001
7 20 0.635462
7 21 0.716032
7 22 0.510765
7 23 0.602532
7 24 0.529993
7 25 0.547554
7 26 0.611663
8 1 0.513553
8 2 0.636564
8 3 0.563704
8 4 0.514988
8 5 0.513043
8 6 0.776237
8 7 0.515360
8 8 0.554815
8 9 0.517542
8 10 0.523159
8 11 0.512223
8 12 0.559116
8 13 0.517771
8 14 0.540821
8 15 0.567105
8 16 0.615992
8 17 0.563704
8 18 0.531963
8 19 0.500002
8 20 0.625277
8 21 0.584697
8 22 0.514988
8 23 0.593256
8 24 0.543266
8 25 0.507587
8 26 0.538551
9 1 0.616349
9 2 0.858876
9 3 0.768956
9 4 0.529686
9 5 0.616816
9 6 0.895072
9 7 0.556627
9 8 0.517542
9 9 0.645263
9 10 0.538689
9 11 0.638769
9 12 0.637311
9 13 0.618979
9 14 0.819563
9 15 0.756438
9 16 0.716386
9 17 0.768956
9 18 0.849664
9 19 0.500001
9 20 0.743625
9 21 0.857702
9 22 0.529686
9 23 0.725958
9 24 0.569618
9 25 0.625091
10 1 0.530416
10 2 0.690674
10 3 0.586332
10 4 0.512872
10 5 0.527981
10 6 0.714429
10 7 0.520070
10 8 0.523159
10 9 0.538689
10 10 0.525531
10 11 0.535435
10 12 0.552961
10 13 0.530666
10 14 0.596561
10 15 0.598196
10 16 0.599355
10 17 0.586332
10 18 0.595246
10 19 0.500001
10 20 0.622137
10 21 0.649146
10 22 0.512872
10 23 0.594294
10 24 0.521981
10 25 0.528839
10 26 0.578140
11 1 0.620289
11 2 0.875285
11 3 0.775811
11 4 0.527766
11 5 0.617618
11 6 0.881195
11 7 0.554861
11 8 0.512223
11 9 0.638769
11 10 0.535435
11 11 0.660127
11 12 0.600044
11 13 0.624459
11 14 0.808743
11 15 0.715933
11 16 0.725361
11 17 0.775811
11 18 0.854871
11 19 0.500003
11 20 0.747748
11 21 0.900039
11 22 0.527766
11 23 0.740950
11 24 0.562035
11 25 0.627890
12 1 0.600181
12 2 0.834663
12 3 0.766720
12 4 0.551422
12 5 0.601900
12 6 0.969786
12 7 0.557082
12 8 0.559116
12 9 0.637311
12 10 0.552961
12 11 0.600044
12 12 0.726192
12 13 0.605581
12 14 0.803720
12 15 0.808630
12 16 0.746132
12 17 0.766720
12 18 0.825460
12 19 0.500001
12 20 0.761694
12 21 0.811316
12 22 0.551422
12 23 0.721016
12 24 0.601364
12 25 0.605777
12 26 0.748270
13 1 0.599185
13 2 0.804286
13 3 0.731648
13 4 0.523606
13 5 0.599433
13 6 0.869856
13 7 0.546342
13 8 0.517771
13 9 0.618979
13 10 0.530666
13 11 0.624459
13 12 0.605581
13 13 0.603951
13 14 0.776123
13 15 0.704748
13 16 0.688120
13 17 0.731648
13 18 0.801465
13 19 0.500002
13 20 0.704532
13 21 0.829680
13 22 0.523606
13 23 0.688962
13 24 0.563226
13 25 0.606103
14 1 0.770727
14 2 0.968695
14 3 0.954258
14 4 0.574342
14 5 0.773915
14 6 0.996144
14 7 0.633278
14 8 0.540821
14 9 0.819563
14 10 0.596561
14 11 0.808743
14 12 0.803720
14 13 0.776123
14 14 0.985295
14 15 0.954435
14 16 0.884536
14 17 0.954258
14 18 0.981324
14 19 0.500003
14 20 0.922354
14 21 0.986291
14 22 0.574342
14 23 0.888363
14 24 0.674904
14 25 0.786717
15 1 0.702240
15 2 0.948045
15 3 0.905673
15 4 0.570329
15 5 0.702454
15 6 0.992476
15 7 0.594826
15 8 0.567105
15 9 0.756438
15 10 0.598196
15 11 0.715933
15 12 0.808630
15 13 0.704748
15 14 0.954435
15 15 0.951006
15 16 0.844898
15 17 0.905673
15 18 0.924286
15 19 0.500002
15 20 0.899581
15 21 0.930668
15 22 0.570329
15 23 0.884819
15 24 0.645741
15 25 0.714103
15 26 0.903218
16 1 0.684980
16 2 0.992768
16 3 0.922067
16 4 0.567240
16 5 0.670527
16 6 0.993854
16 7 0.611770
16 8 0.615992
16 9 0.716386
16 10 0.599355
16 11 0.725361
16 12 0.746132
16 13 0.688120
16 14 0.884536
16 15 0.844898
16 16 0.951455
16 17 0.922067
16 18 0.975924
16 19 0.500009
16 20 0.962801
16 21 0.990056
16 22 0.567240
16 23 0.911993
16 24 0.623612
16 25 0.680981
16 26 0.862917
17 1 0.729378
17 2 0.986525
17 4 0.583952
17 5 0.719421
17 6 0.994573
17 7 0.614505
17 8 0.563704
17 9 0.768956
17 10 0.586332
17 11 0.775811
17 12 0.766720
17 13 0.731648
17 14 0.954258
17 15 0.905673
17 16 0.922067
17 17 0.948474
17 18 0.978671
17 19 0.500006
17 20 0.938604
17 21 0.990768
17 22 0.583952
17 23 0.910071
17 24 0.642555
17 25 0.735346
17 26 0.918359
18 1 0.802437
18 2 0.999204
18 3 0.978671
18 4 0.593217
18 5 0.803110
18 6 0.993765
18 7 0.693607
18 8 0.531963
18 9 0.849664
18 10 0.595246
18 11 0.854871
18 12 0.825460
18 13 0.801465
18 14 0.981324
18 15 0.924286
18 16 0.975924
18 17 0.978671
18 18 0.999852
18 19 0.500010
18 20 0.988218
18 21 0.999689
18 22 0.593217
18 23 0.966419
18 24 0.669286
18 25 0.828711
19 1 0.500002
19 2 0.500016
19 3 0.500006
19 4 0.500001
19 5 0.500001
19 6 0.500011
19 7 0.500001
19 8 0.500002
19 9 0.500001
19 10 0.500001
19 11 0.500003
19 12 0.500001
19 13 0.500002
19 14 0.500003
19 15 0.500002
19 16 0.500009
19 17 0.500006
19 18 0.500010
19 19 0.500000
19 20 0.500011
19 21 0.500015
19 22 0.500001
19 23 0.500009
19 24 0.500001
19 25 0.500001
19 26 0.500003
20 1 0.709988
20 2 0.998993
20 3 0.938604
20 4 0.532720
20 5 0.690720
20 6 0.993914
20 7 0.635462
20 8 0.625277
20 9 0.743625
20 10 0.622137
20 11 0.747748
20 12 0.761694
20 13 0.704532
20 14 0.922354
20 15 0.899581
20 16 0.962801
20 17 0.938604
20 18 0.988218
20 19 0.500011
20 20 0.988731
20 21 0.995756
20 22 0.532720
20 23 0.946668
20 24 0.594849
20 25 0.708571
20 26 0.896373
21 1 0.830827
21 2 0.999958
21 3 0.990768
21 4 0.621042
21 5 0.807199
21 6 0.999562
21 7 0.716032
21 8 0.584697
21 9 0.857702
21 10 0.649146
21 11 0.900039
21 12 0.811316
21 13 0.829680
21 14 0.986291
21 15 0.930668
21 16 0.990056
21 17 0.990768
21 18 0.999689
21 19 0.500015
21 20 0.995756
21 21 0.999975
21 22 0.621042
21 23 0.983691
21 24 0.676577
21 25 0.837620
21 26 0.976519
22 1 0.522049
22 2 0.598400
22 3 0.583952
22 5 0.521403
22 6 0.709216
22 7 0.510765
22 8 0.514988
22 9 0.529686
22 10 0.512872
22 11 0.527766
22 12 0.551422
22 13 0.523606
22 14 0.574342
22 15 0.570329
22 16 0.567240
22 17 0.583952
22 18 0.593217
22 19 0.500001
22 20 0.532720
22 21 0.621042
22 22 0.538140
22 23 0.602024
22 24 0.542546
22 25 0.521905
22 26 0.557762
23 1 0.688396
23 2 0.998159
23 3 0.910071
23 4 0.602024
23 5 0.677696
23 6 0.982352
23 7 0.602532
23 8 0.593256
23 9 0.725958
23 10 0.594294
23 11 0.740950
23 12 0.721016
23 13 0.688962
23 14 0.888363
23 15 0.884819
23 16 0.911993
23 17 0.910071
23 18 0.966419
23 19 0.500009
23 20 0.946668
23 21 0.983691
23 22 0.602024
23 23 0.977163
23 24 0.653076
23 25 0.693929
23 26 0.870324
24 1 0.554312
24 2 0.657246
24 3 0.642555
24 4 0.542546
24 5 0.558945
24 6 0.867809
24 7 0.529993
24 8 0.543266
24 9 0.569618
24 10 0.521981
24 11 0.562035
24 12 0.601364
24 13 0.563226
24 14 0.674904
24 15 0.645741
24 16 0.623612
24 17 0.642555
24 18 0.669286
24 19 0.500001
24 20 0.594849
24 21 0.676577
24 22 0.542546
24 23 0.653076
24 24 0.599390
24 25 0.557700
25 1 0.603010
25 2 0.813622
25 3 0.735346
25 4 0.521905
25 5 0.603806
25 6 0.844881
25 7 0.547554
25 8 0.507587
25 9 0.625091
25 10 0.528839
25 11 0.627890
25 12 0.605777
25 13 0.606103
25 14 0.786717
25 15 0.714103
25 16 0.680981
25 17 0.735346
25 18 0.828711
25 19 0.500001
25 20 0.708571
25 21 0.837620
25 22 0.521905
25 23 0.693929
25 24 0.557700
25 25 0.612592
26 2 0.972550
26 6 0.988734
26 7 0.611663
26 8 0.538551
26 10 0.578140
26 12 0.748270
26 15 0.903218
26 16 0.862917
26 17 0.918359
26 19 0.500003
26 20 0.896373
26 21 0.976519
26 22 0.557762
26 23 0.870324
26 26 0.916006
