1 26 0.721489
3 17 0.983623
3 26 0.882629
4 22 0.537521
4 26 0.702813
5 26 0.738919
9 26 0.743307
11 26 0.797710
13 26 0.581490
14 26 0.961310
17 3 0.983623
18 26 0.918272
22 4 0.537521
24 26 0.749082
25 26 0.614578
26 1 0.721489
26 3 0.882629
26 4 0.702813
26 5 0.738919
26 9 0.743307
26 11 0.797710
26 13 0.581490
26 14 0.961310
26 18 0.918272
26 24 0.749082
26 25 0.614578
1 1 0.597445
1 2 0.910860
1 3 0.706592
1 4 0.588042
1 5 0.604962
1 6 0.947969
1 7 0.538618
1 8 0.590777
1 9 0.604650
1 10 0.541581
1 11 0.660830
1 12 0.595941
1 13 0.537924
1 14 0.783494
1 15 0.771298
1 16 0.752702
1 17 0.706592
1 18 0.713442
1 19 0.500002
1 20 0.828775
1 21 0.839975
1 22 0.529200
1 23 0.798185
1 24 0.611285
1 25 0.550251
2 1 0.910860
2 2 1.000000
2 3 0.999273
2 4 0.908405
2 5 0.923697
2 6 1.000000
2 7 0.749460
2 8 0.943630
2 9 0.919955
2 10 0.769895
2 11 0.998326
2 12 0.891062
2 13 0.799466
2 14 0.998406
2 15 0.999988
2 16 0.999832
2 17 0.999273
2 18 0.998503
2 19 0.500011
2 20 0.999968
2 21 0.999995
2 22 0.764023
2 23 0.999942
2 24 0.924968
2 25 0.809821
2 26 0.996009
3 1 0.706592
3 2 0.999273
3 3 0.983623
3 4 0.707890
3 5 0.732265
3 6 0.999903
3 7 0.644373
3 8 0.775334
3 9 0.706889
3 10 0.643507
3 11 0.961617
3 12 0.709195
3 13 0.695921
3 14 0.907844
3 15 0.989764
3 16 0.979992
3 18 0.976712
3 19 0.500002
3 20 0.991540
3 21 0.994348
3 22 0.610200
3 23 0.995343
3 24 0.734435
3 25 0.653419
4 1 0.588042
4 2 0.908405
4 3 0.707890
4 4 0.587276
4 5 0.593689
4 6 0.943537
4 7 0.538255
4 8 0.589991
4 9 0.593113
4 10 0.536041
4 11 0.663380
4 12 0.577448
4 13 0.535714
4 14 0.757586
4 15 0.772774
4 16 0.748930
4 17 0.707890
4 18 0.723826
4 19 0.500002
4 20 0.813463
4 21 0.861947
4 23 0.801391
4 24 0.599390
4 25 0.545663
5 1 0.604962
5 2 0.923697
5 3 0.732265
5 4 0.593689
5 5 0.617303
5 6 0.965059
5 7 0.542149
5 8 0.600429
5 9 0.616760
5 10 0.542958
5 11 0.673808
5 12 0.609623
5 13 0.545913
5 14 0.800779
5 15 0.796699
5 16 0.761868
5 17 0.732265
5 18 0.757448
5 19 0.500003
5 20 0.849177
5 21 0.861565
5 22 0.529073
5 23 0.820953
5 24 0.621199
5 25 0.552434
6 1 0.947969
6 2 1.000000
6 3 0.999903
6 4 0.943537
6 5 0.965059
6 6 1.000000
6 7 0.804689
6 8 0.961855
6 9 0.960599
6 10 0.765779
6 11 0.998352
6 12 0.958646
6 13 0.849969
6 14 0.999885
6 15 0.999985
6 16 0.999917
6 17 0.999903
6 18 0.999966
6 19 0.500015
6 20 0.999997
6 21 1.000000
6 22 0.755669
6 23 0.999999
6 24 0.969082
6 25 0.799184
6 26 0.999169
7 1 0.538618
7 2 0.749460
7 3 0.644373
7 4 0.538255
7 5 0.542149
7 6 0.804689
7 7 0.525499
7 8 0.548365
7 9 0.537239
7 10 0.527960
7 11 0.616762
7 12 0.538210
7 13 0.530092
7 14 0.613877
7 15 0.666511
7 16 0.651520
7 17 0.644373
7 18 0.633383
7 19 0.500001
7 20 0.699232
7 21 0.674261
7 22 0.516327
7 23 0.686733
7 24 0.544621
7 25 0.528566
7 26 0.587206
8 1 0.590777
8 2 0.943630
8 3 0.775334
8 4 0.589991
8 5 0.600429
8 6 0.961855
8 7 0.548365
8 8 0.641193
8 9 0.600117
8 10 0.556497
8 11 0.699827
8 12 0.584759
8 13 0.555775
8 14 0.774018
8 15 0.852165
8 16 0.797419
8 17 0.775334
8 18 0.809389
8 19 0.500002
8 20 0.865340
8 21 0.832854
8 22 0.535523
8 23 0.861139
8 24 0.602993
8 25 0.563953
8 26 0.711463
9 1 0.604650
9 2 0.919955
9 3 0.706889
9 4 0.593113
9 5 0.616760
9 6 0.960599
9 7 0.537239
9 8 0.600117
9 9 0.621121
9 10 0.538589
9 11 0.635273
9 12 0.607375
9 13 0.536473
9 14 0.811556
9 15 0.789302
9 16 0.749378
9 17 0.706889
9 18 0.757138
9 19 0.500003
9 20 0.838867
9 21 0.851110
9 22 0.526402
9 23 0.808846
9 24 0.620437
9 25 0.549976
10 1 0.541581
10 2 0.769895
10 3 0.643507
10 4 0.536041
10 5 0.542958
10 6 0.765779
10 7 0.527960
10 8 0.556497
10 9 0.538589
10 10 0.550242
10 11 0.619944
10 12 0.555691
10 13 0.531791
10 14 0.632344
10 15 0.722014
10 16 0.684541
10 17 0.643507
10 18 0.591775
10 19 0.500001
10 20 0.755012
10 21 0.550478
10 22 0.509187
10 23 0.693467
10 24 0.546870
10 25 0.547776
10 26 0.589674
11 1 0.660830
11 2 0.998326
11 3 0.961617
11 4 0.663380
11 5 0.673808
11 6 0.998352
11 7 0.616762
11 8 0.699827
11 9 0.635273
11 10 0.619944
11 11 0.976518
11 12 0.670694
11 13 0.677510
11 14 0.776448
11 15 0.967949
11 16 0.961694
11 17 0.961617
11 18 0.901712
11 19 0.499997
11 20 0.972996
11 21 0.982738
11 22 0.605711
11 23 0.965792
11 24 0.679592
11 25 0.631144
12 1 0.595941
12 2 0.891062
12 3 0.709195
12 4 0.577448
12 5 0.609623
12 6 0.958646
12 7 0.538210
12 8 0.584759
12 9 0.607375
12 10 0.555691
12 11 0.670694
12 12 0.646342
12 13 0.551793
12 14 0.774801
12 15 0.807935
12 16 0.734842
12 17 0.709195
12 18 0.682944
12 19 0.500002
12 20 0.858407
12 21 0.775217
12 22 0.515760
12 23 0.779287
12 24 0.613135
12 25 0.562647
12 26 0.716055
13 1 0.537924
13 2 0.799466
13 3 0.695921
13 4 0.535714
13 5 0.545913
13 6 0.849969
13 7 0.530092
13 8 0.555775
13 9 0.536473
13 10 0.531791
13 11 0.677510
13 12 0.551793
13 13 0.551234
13 14 0.581346
13 15 0.713540
13 16 0.667162
13 17 0.695921
13 18 0.655889
13 19 0.499999
13 20 0.715285
13 21 0.693357
13 22 0.517963
13 23 0.703226
13 24 0.544387
13 25 0.532148
14 1 0.783494
14 2 0.998406
14 3 0.907844
14 4 0.757586
14 5 0.800779
14 6 0.999885
14 7 0.613877
14 8 0.774018
14 9 0.811556
14 10 0.632344
14 11 0.776448
14 12 0.774801
14 13 0.581346
14 14 0.992124
14 15 0.967546
14 16 0.963734
14 17 0.907844
14 18 0.962043
14 19 0.500011
14 20 0.994076
14 21 0.985514
14 22 0.560806
14 23 0.985177
14 24 0.817688
14 25 0.658287
15 1 0.771298
15 2 0.999988
15 3 0.989764
15 4 0.772774
15 5 0.796699
15 6 0.999985
15 7 0.666511
15 8 0.852165
15 9 0.789302
15 10 0.722014
15 11 0.967949
15 12 0.807935
15 13 0.713540
15 14 0.967546
15 15 0.999777
15 16 0.995159
15 17 0.989764
15 18 0.979263
15 19 0.500010
15 20 0.999186
15 21 0.997235
15 22 0.649129
15 23 0.998473
15 24 0.788266
15 25 0.719211
15 26 0.946724
16 1 0.752702
16 2 0.999832
16 3 0.979992
16 4 0.748930
16 5 0.761868
16 6 0.999917
16 7 0.651520
16 8 0.797419
16 9 0.749378
16 10 0.684541
16 11 0.961694
16 12 0.734842
16 13 0.667162
16 14 0.963734
16 15 0.995159
16 16 0.992437
16 17 0.979992
16 18 0.961729
16 19 0.500006
16 20 0.996637
16 21 0.992374
16 22 0.620630
16 23 0.996888
16 24 0.777448
16 25 0.686892
16 26 0.927637
17 1 0.706592
17 2 0.999273
17 4 0.707890
17 5 0.732265
17 6 0.999903
17 7 0.644373
17 8 0.775334
17 9 0.706889
17 10 0.643507
17 11 0.961617
17 12 0.709195
17 13 0.695921
17 14 0.907844
17 15 0.989764
17 16 0.979992
17 17 0.983623
17 18 0.976712
17 19 0.500002
17 20 0.991540
17 21 0.994348
17 22 0.610200
17 23 0.995343
17 24 0.734435
17 25 0.653419
17 26 0.882629
18 1 0.713442
18 2 0.998503
18 3 0.976712
18 4 0.723826
18 5 0.757448
18 6 0.999966
18 7 0.633383
18 8 0.809389
18 9 0.757138
18 10 0.591775
18 11 0.901712
18 12 0.682944
18 13 0.655889
18 14 0.962043
18 15 0.979263
18 16 0.961729
18 17 0.976712
18 18 0.997576
18 19 0.500008
18 20 0.988657
18 21 0.996918
18 22 0.594898
18 23 0.995548
18 24 0.750594
18 25 0.633440
19 1 0.500002
19 2 0.500011
19 3 0.500002
19 4 0.500002
19 5 0.500003
19 6 0.500015
19 7 0.500001
19 8 0.500002
19 9 0.500003
19 10 0.500001
19 11 0.499997
19 12 0.500002
19 13 0.499999
19 14 0.500011
19 15 0.500010
19 16 0.500006
19 17 0.500002
19 18 0.500008
19 19 0.500000
19 20 0.500011
19 21 0.500005
19 22 0.500000
19 23 0.500010
19 24 0.500003
19 25 0.500002
19 26 0.500007
20 1 0.828775
20 2 0.999968
20 3 0.991540
20 4 0.813463
20 5 0.849177
20 6 0.999997
20 7 0.699232
20 8 0.865340
20 9 0.838867
20 10 0.755012
20 11 0.972996
20 12 0.858407
20 13 0.715285
20 14 0.994076
20 15 0.999186
20 16 0.996637
20 17 0.991540
20 18 0.988657
20 19 0.500011
20 20 0.999781
20 21 0.996763
20 22 0.622047
20 23 0.999063
20 24 0.859560
20 25 0.761530
20 26 0.975819
21 1 0.839975
21 2 0.999995
21 3 0.994348
21 4 0.861947
21 5 0.861565
21 6 1.000000
21 7 0.674261
21 8 0.832854
21 9 0.851110
21 10 0.550478
21 11 0.982738
21 12 0.775217
21 13 0.693357
21 14 0.985514
21 15 0.997235
21 16 0.992374
21 17 0.994348
21 18 0.996918
21 19 0.500005
21 20 0.996763
21 21 1.000000
21 22 0.759458
21 23 0.999533
21 24 0.864599
21 25 0.623610
21 26 0.983126
22 1 0.529200
22 2 0.764023
22 3 0.610200
22 5 0.529073
22 6 0.755669
22 7 0.516327
22 8 0.535523
22 9 0.526402
22 10 0.509187
22 11 0.605711
22 12 0.515760
22 13 0.517963
22 14 0.560806
22 15 0.649129
22 16 0.620630
22 17 0.610200
22 18 0.594898
22 19 0.500000
22 20 0.622047
22 21 0.759458
22 22 0.529767
22 23 0.652687
22 24 0.529898
22 25 0.515484
22 26 0.567236
23 1 0.798185
23 2 0.999942
23 3 0.995343
23 4 0.801391
23 5 0.820953
23 6 0.999999
23 7 0.686733
23 8 0.861139
23 9 0.808846
23 10 0.693467
23 11 0.965792
23 12 0.779287
23 13 0.703226
23 14 0.985177
23 15 0.998473
23 16 0.996888
23 17 0.995343
23 18 0.995548
23 19 0.500010
23 20 0.999063
23 21 0.999533
23 22 0.652687
23 23 0.999855
23 24 0.831742
23 25 0.710596
23 26 0.964345
24 1 0.611285
24 2 0.924968
24 3 0.734435
24 4 0.599390
24 5 0.621199
24 6 0.969082
24 7 0.544621
24 8 0.602993
24 9 0.620437
24 10 0.546870
24 11 0.679592
24 12 0.613135
24 13 0.544387
24 14 0.817688
24 15 0.788266
24 16 0.777448
24 17 0.734435
24 18 0.750594
24 19 0.500003
24 20 0.859560
24 21 0.864599
24 22 0.529898
24 23 0.831742
24 24 0.628908
24 25 0.555567
25 1 0.550251
25 2 0.809821
25 3 0.653419
25 4 0.545663
25 5 0.552434
25 6 0.799184
25 7 0.528566
25 8 0.563953
25 9 0.549976
25 10 0.547776
25 11 0.631144
25 12 0.562647
25 13 0.532148
25 14 0.658287
25 15 0.719211
25 16 0.686892
25 17 0.653419
25 18 0.633440
25 19 0.500002
25 20 0.761530
25 21 0.623610
25 22 0.515484
25 23 0.710596
25 24 0.555567
25 25 0.559832
26 2 0.996009
26 6 0.999169
26 7 0.587206
26 8 0.711463
26 10 0.589674
26 12 0.716055
26 15 0.946724
26 16 0.927637
26 17 0.882629
26 19 0.500007
26 20 0.975819
26 21 0.983126
26 22 0.567236
26 23 0.964345
26 26 0.912802
