1 26 0.558558
3 17 0.736282
3 26 0.831555
4 22 0.548223
4 26 0.687708
5 26 0.691753
9 26 0.737245
11 26 0.761922
13 26 0.738632
14 26 0.838294
17 3 0.736282
18 26 0.807317
22 4 0.548223
24 26 0.717128
25 26 0.748599
26 1 0.558558
26 3 0.831555
26 4 0.687708
26 5 0.691753
26 9 0.737245
26 11 0.761922
26 13 0.738632
26 14 0.838294
26 18 0.807317
26 24 0.717128
26 25 0.748599
1 1 0.511422
1 2 0.647346
1 3 0.528852
1 4 0.520135
1 5 0.519878
1 6 0.610560
1 7 0.508709
1 8 0.528507
1 9 0.525953
1 10 0.511458
1 11 0.532054
1 12 0.526423
1 13 0.525595
1 14 0.537882
1 15 0.564077
1 16 0.589475
1 17 0.560088
1 18 0.536981
1 19 0.500001
1 20 0.581132
1 21 0.621813
1 22 0.509897
1 23 0.564115
1 24 0.522781
1 25 0.529002
2 1 0.647346
2 2 1.000000
2 3 0.991799
2 4 0.931177
2 5 0.901961
2 6 0.999233
2 7 0.786934
2 8 0.996255
2 9 0.947728
2 10 0.629608
2 11 0.958814
2 12 0.975760
2 13 0.954284
2 14 0.992500
2 15 0.996500
2 16 0.999966
2 17 0.996333
2 18 0.980820
2 19 0.500033
2 20 0.999596
2 21 0.999999
2 22 0.818181
2 23 0.999763
2 24 0.944755
2 25 0.955629
2 26 0.998538
3 1 0.528852
3 2 0.991799
3 3 0.916627
3 4 0.620692
3 5 0.640049
3 6 0.822307
3 7 0.534727
3 8 0.700689
3 9 0.656348
3 10 0.497367
3 11 0.687717
3 12 0.547581
3 13 0.666509
3 14 0.763893
3 15 0.680662
3 16 0.933494
3 18 0.772164
3 19 0.500008
3 20 0.846202
3 21 0.898528
3 22 0.544023
3 23 0.874325
3 24 0.614333
3 25 0.678528
4 1 0.520135
4 2 0.931177
4 3 0.620692
4 4 0.581970
4 5 0.569700
4 6 0.785774
4 7 0.540032
4 8 0.630789
4 9 0.591349
4 10 0.505856
4 11 0.605445
4 12 0.609369
4 13 0.591616
4 14 0.638302
4 15 0.648192
4 16 0.742977
4 17 0.689075
4 18 0.612189
4 19 0.500003
4 20 0.708285
4 21 0.833111
4 23 0.705998
4 24 0.586898
4 25 0.591212
5 1 0.519878
5 2 0.901961
5 3 0.640049
5 4 0.569700
5 5 0.577117
5 6 0.778672
5 7 0.533015
5 8 0.601512
5 9 0.593887
5 10 0.511085
5 11 0.602487
5 12 0.582358
5 13 0.592780
5 14 0.642394
5 15 0.626514
5 16 0.718356
5 17 0.651261
5 18 0.621081
5 19 0.500003
5 20 0.744041
5 21 0.750844
5 22 0.531235
5 23 0.679084
5 24 0.586829
5 25 0.596692
6 1 0.610560
6 2 0.999233
6 3 0.822307
6 4 0.785774
6 5 0.778672
6 6 0.999972
6 7 0.629623
6 8 0.830429
6 9 0.850488
6 10 0.557552
6 11 0.885908
6 12 0.896869
6 13 0.846142
6 14 0.931434
6 15 0.947453
6 16 0.988483
6 17 0.982704
6 18 0.865934
6 19 0.500016
6 20 0.987699
6 21 0.999595
6 22 0.654697
6 23 0.953160
6 24 0.819603
6 25 0.847820
6 26 0.972980
7 1 0.508709
7 2 0.786934
7 3 0.534727
7 4 0.540032
7 5 0.533015
7 6 0.629623
7 7 0.524578
7 8 0.566928
7 9 0.542511
7 10 0.504847
7 11 0.546425
7 12 0.563758
7 13 0.540880
7 14 0.562639
7 15 0.571358
7 16 0.617976
7 17 0.588594
7 18 0.542796
7 19 0.500001
7 20 0.611937
7 21 0.679676
7 22 0.525372
7 23 0.590198
7 24 0.543567
7 25 0.539742
7 26 0.583612
8 1 0.528507
8 2 0.996255
8 3 0.700689
8 4 0.630789
8 5 0.601512
8 6 0.830429
8 7 0.566928
8 8 0.767191
8 9 0.643076
8 10 0.520419
8 11 0.651686
8 12 0.695443
8 13 0.646981
8 14 0.713349
8 15 0.744243
8 16 0.882098
8 17 0.772240
8 18 0.685474
8 19 0.500007
8 20 0.828041
8 21 0.932040
8 22 0.578482
8 23 0.863752
8 24 0.639151
8 25 0.643351
8 26 0.776042
9 1 0.525953
9 2 0.947728
9 3 0.656348
9 4 0.591349
9 5 0.593887
9 6 0.850488
9 7 0.542511
9 8 0.643076
9 9 0.620919
9 10 0.514783
9 11 0.630231
9 12 0.621059
9 13 0.619689
9 14 0.675586
9 15 0.672465
9 16 0.766295
9 17 0.703960
9 18 0.652557
9 19 0.500004
9 20 0.794338
9 21 0.818749
9 22 0.543389
9 23 0.743084
9 24 0.613295
9 25 0.622866
10 1 0.511458
10 2 0.629608
10 3 0.497367
10 4 0.505856
10 5 0.511085
10 6 0.557552
10 7 0.504847
10 8 0.520419
10 9 0.514783
10 10 0.527744
10 11 0.513811
10 12 0.514709
10 13 0.513523
10 14 0.512489
10 15 0.556033
10 16 0.570418
10 17 0.523192
10 18 0.517251
10 19 0.500001
10 20 0.603706
10 21 0.569619
10 22 0.499796
10 23 0.548822
10 24 0.512031
10 25 0.517870
10 26 0.526737
11 1 0.532054
11 2 0.958814
11 3 0.687717
11 4 0.605445
11 5 0.602487
11 6 0.885908
11 7 0.546425
11 8 0.651686
11 9 0.630231
11 10 0.513811
11 11 0.652528
11 12 0.621719
11 13 0.629702
11 14 0.698158
11 15 0.697327
11 16 0.810438
11 17 0.745195
11 18 0.667179
11 19 0.500004
11 20 0.790760
11 21 0.884838
11 22 0.553802
11 23 0.757314
11 24 0.613242
11 25 0.634317
12 1 0.526423
12 2 0.975760
12 3 0.547581
12 4 0.609369
12 5 0.582358
12 6 0.896869
12 7 0.563758
12 8 0.695443
12 9 0.621059
12 10 0.514709
12 11 0.621719
12 12 0.804949
12 13 0.626176
12 14 0.693156
12 15 0.705611
12 16 0.818092
12 17 0.789149
12 18 0.621025
12 19 0.500004
12 20 0.801278
12 21 0.940452
12 22 0.563916
12 23 0.752339
12 24 0.671290
12 25 0.612083
12 26 0.720201
13 1 0.525595
13 2 0.954284
13 3 0.666509
13 4 0.591616
13 5 0.592780
13 6 0.846142
13 7 0.540880
13 8 0.646981
13 9 0.619689
13 10 0.513523
13 11 0.629702
13 12 0.626176
13 13 0.621812
13 14 0.679626
13 15 0.667860
13 16 0.774729
13 17 0.707799
13 18 0.653471
13 19 0.500004
13 20 0.792030
13 21 0.838521
13 22 0.543559
13 23 0.751895
13 24 0.618165
13 25 0.622272
14 1 0.537882
14 2 0.992500
14 3 0.763893
14 4 0.638302
14 5 0.642394
14 6 0.931434
14 7 0.562639
14 8 0.713349
14 9 0.675586
14 10 0.512489
14 11 0.698158
14 12 0.693156
14 13 0.679626
14 14 0.795866
14 15 0.722595
14 16 0.879763
14 17 0.798741
14 18 0.731958
14 19 0.500007
14 20 0.848558
14 21 0.931477
14 22 0.561095
14 23 0.803938
14 24 0.661938
14 25 0.683753
15 1 0.564077
15 2 0.996500
15 3 0.680662
15 4 0.648192
15 5 0.626514
15 6 0.947453
15 7 0.571358
15 8 0.744243
15 9 0.672465
15 10 0.556033
15 11 0.697327
15 12 0.705611
15 13 0.667860
15 14 0.722595
15 15 0.885182
15 16 0.927016
15 17 0.837071
15 18 0.724934
15 19 0.500009
15 20 0.887233
15 21 0.972690
15 22 0.592241
15 23 0.885005
15 24 0.654253
15 25 0.687254
15 26 0.834144
16 1 0.589475
16 2 0.999966
16 3 0.933494
16 4 0.742977
16 5 0.718356
16 6 0.988483
16 7 0.617976
16 8 0.882098
16 9 0.766295
16 10 0.570418
16 11 0.810438
16 12 0.818092
16 13 0.774729
16 14 0.879763
16 15 0.927016
16 16 0.996873
16 17 0.947283
16 18 0.853017
16 19 0.500016
16 20 0.977587
16 21 0.999053
16 22 0.639848
16 23 0.975028
16 24 0.742681
16 25 0.781429
16 26 0.938158
17 1 0.560088
17 2 0.996333
17 4 0.689075
17 5 0.651261
17 6 0.982704
17 7 0.588594
17 8 0.772240
17 9 0.703960
17 10 0.523192
17 11 0.745195
17 12 0.789149
17 13 0.707799
17 14 0.798741
17 15 0.837071
17 16 0.947283
17 17 0.909458
17 18 0.740273
17 19 0.500007
17 20 0.889780
17 21 0.992219
17 22 0.615700
17 23 0.888733
17 24 0.701143
17 25 0.703389
17 26 0.866654
18 1 0.536981
18 2 0.980820
18 3 0.772164
18 4 0.612189
18 5 0.621081
18 6 0.865934
18 7 0.542796
18 8 0.685474
18 9 0.652557
18 10 0.517251
18 11 0.667179
18 12 0.621025
18 13 0.653471
18 14 0.731958
18 15 0.724934
18 16 0.853017
18 17 0.740273
18 18 0.743742
18 19 0.500007
18 20 0.834049
18 21 0.811440
18 22 0.544225
18 23 0.828049
18 24 0.630133
18 25 0.668184
19 1 0.500001
19 2 0.500033
19 3 0.500008
19 4 0.500003
19 5 0.500003
19 6 0.500016
19 7 0.500001
19 8 0.500007
19 9 0.500004
19 10 0.500001
19 11 0.500004
19 12 0.500004
19 13 0.500004
19 14 0.500007
19 15 0.500009
19 16 0.500016
19 17 0.500007
19 18 0.500007
19 19 0.500000
19 20 0.500012
19 21 0.500012
19 22 0.500001
19 23 0.500012
19 24 0.500003
19 25 0.500005
19 26 0.500009
20 1 0.581132
20 2 0.999596
20 3 0.846202
20 4 0.708285
20 5 0.744041
20 6 0.987699
20 7 0.611937
20 8 0.828041
20 9 0.794338
20 10 0.603706
20 11 0.790760
20 12 0.801278
20 13 0.792030
20 14 0.848558
20 15 0.887233
20 16 0.977587
20 17 0.889780
20 18 0.834049
20 19 0.500012
20 20 0.995347
20 21 0.979894
20 22 0.587943
20 23 0.961321
20 24 0.809448
20 25 0.793952
20 26 0.933209
21 1 0.621813
21 2 0.999999
21 3 0.898528
21 4 0.833111
21 5 0.750844
21 6 0.999595
21 7 0.679676
21 8 0.932040
21 9 0.818749
21 10 0.569619
21 11 0.884838
21 12 0.940452
21 13 0.838521
21 14 0.931477
21 15 0.972690
21 16 0.999053
21 17 0.992219
21 18 0.811440
21 19 0.500012
21 20 0.979894
21 21 0.999999
21 22 0.750758
21 23 0.987887
21 24 0.836637
21 25 0.815916
21 26 0.967942
22 1 0.509897
22 2 0.818181
22 3 0.544023
22 5 0.531235
22 6 0.654697
22 7 0.525372
22 8 0.578482
22 9 0.543389
22 10 0.499796
22 11 0.553802
22 12 0.563916
22 13 0.543559
22 14 0.561095
22 15 0.592241
22 16 0.639848
22 17 0.615700
22 18 0.544225
22 19 0.500001
22 20 0.587943
22 21 0.750758
22 22 0.535726
22 23 0.617293
22 24 0.543366
22 25 0.540885
22 26 0.591517
23 1 0.564115
23 2 0.999763
23 3 0.874325
23 4 0.705998
23 5 0.679084
23 6 0.953160
23 7 0.590198
23 8 0.863752
23 9 0.743084
23 10 0.548822
23 11 0.757314
23 12 0.752339
23 13 0.751895
23 14 0.803938
23 15 0.885005
23 16 0.975028
23 17 0.888733
23 18 0.828049
23 19 0.500012
23 20 0.961321
23 21 0.987887
23 22 0.617293
23 23 0.977745
23 24 0.738570
23 25 0.751683
23 26 0.907223
24 1 0.522781
24 2 0.944755
24 3 0.614333
24 4 0.586898
24 5 0.586829
24 6 0.819603
24 7 0.543567
24 8 0.639151
24 9 0.613295
24 10 0.512031
24 11 0.613242
24 12 0.671290
24 13 0.618165
24 14 0.661938
24 15 0.654253
24 16 0.742681
24 17 0.701143
24 18 0.630133
24 19 0.500003
24 20 0.809448
24 21 0.836637
24 22 0.543366
24 23 0.738570
24 24 0.644489
24 25 0.610630
25 1 0.529002
25 2 0.955629
25 3 0.678528
25 4 0.591212
25 5 0.596692
25 6 0.847820
25 7 0.539742
25 8 0.643351
25 9 0.622866
25 10 0.517870
25 11 0.634317
25 12 0.612083
25 13 0.622272
25 14 0.683753
25 15 0.687254
25 16 0.781429
25 17 0.703389
25 18 0.668184
25 19 0.500005
25 20 0.793952
25 21 0.815916
25 22 0.540885
25 23 0.751683
25 24 0.610630
25 25 0.630029
26 2 0.998538
26 6 0.972980
26 7 0.583612
26 8 0.776042
26 10 0.526737
26 12 0.720201
26 15 0.834144
26 16 0.938158
26 17 0.866654
26 19 0.500009
26 20 0.933209
26 21 0.967942
26 22 0.591517
26 23 0.907223
26 26 0.907652
