1 26 0.789535
3 17 0.733064
3 26 0.910988
4 22 0.543091
4 26 0.462051
5 26 0.644461
9 26 0.825250
11 26 0.856580
13 26 0.820559
14 26 0.954516
17 3 0.733064
18 26 0.924882
22 4 0.543091
24 26 0.822950
25 26 0.816086
26 1 0.789535
26 3 0.910988
26 4 0.462051
26 5 0.644461
26 9 0.825250
26 11 0.856580
26 13 0.820559
26 14 0.954516
26 18 0.924882
26 24 0.822950
26 25 0.816086
1 1 0.612901
1 2 0.885107
1 3 0.694161
1 4 0.484029
1 5 0.552548
1 6 0.784013
1 7 0.551188
1 8 0.541873
1 9 0.633269
1 10 0.499059
1 11 0.644530
1 12 0.582513
1 13 0.628863
1 14 0.736854
1 15 0.605736
1 16 0.652405
1 17 0.631250
1 18 0.703176
1 19 0.499999
1 20 0.612652
1 21 0.910977
1 22 0.484029
1 23 0.662392
1 24 0.629493
1 25 0.625782
2 1 0.885107
2 2 0.999999
2 3 0.967458
2 4 0.454825
2 5 0.624243
2 6 0.998295
2 7 0.635102
2 8 0.861717
2 9 0.923244
2 10 0.511689
2 11 0.917641
2 12 0.899362
2 13 0.910446
2 14 0.983359
2 15 0.855982
2 16 0.876116
2 17 0.925656
2 18 0.985769
2 19 0.500006
2 20 0.900051
2 21 0.999830
2 22 0.454825
2 23 0.991718
2 24 0.920396
2 25 0.903079
2 26 0.996945
3 1 0.694161
3 2 0.967458
3 3 0.839088
3 4 0.472716
3 5 0.604014
3 6 0.913987
3 7 0.585146
3 8 0.587234
3 9 0.734165
3 10 0.492621
3 11 0.744505
3 12 0.646385
3 13 0.723679
3 14 0.854236
3 15 0.722120
3 16 0.792700
3 18 0.815939
3 19 0.499998
3 20 0.735205
3 21 0.978782
3 22 0.472716
3 23 0.813683
3 24 0.724901
3 25 0.712264
4 1 0.484029
4 2 0.454825
4 3 0.472716
4 4 0.543091
4 5 0.483293
4 6 0.593077
4 7 0.486398
4 8 0.499939
4 9 0.473331
4 10 0.502246
4 11 0.522803
4 12 0.480303
4 13 0.476618
4 14 0.474772
4 15 0.488202
4 16 0.481027
4 17 0.497187
4 18 0.477830
4 19 0.500001
4 20 0.501582
4 21 0.416726
4 23 0.544081
4 24 0.484230
4 25 0.485835
5 1 0.552548
5 2 0.624243
5 3 0.604014
5 4 0.483293
5 5 0.560470
5 6 0.600201
5 7 0.522574
5 8 0.512847
5 9 0.567337
5 10 0.491518
5 11 0.545310
5 12 0.532980
5 13 0.562023
5 14 0.610044
5 15 0.535038
5 16 0.583040
5 17 0.536874
5 18 0.593983
5 19 0.499999
5 20 0.562540
5 21 0.708093
5 22 0.483293
5 23 0.589921
5 24 0.557742
5 25 0.558220
6 1 0.784013
6 2 0.998295
6 3 0.913987
6 4 0.593077
6 5 0.600201
6 6 0.999793
6 7 0.577992
6 8 0.651063
6 9 0.808263
6 10 0.510352
6 11 0.899657
6 12 0.769592
6 13 0.805988
6 14 0.978394
6 15 0.882275
6 16 0.876324
6 17 0.876751
6 18 0.909516
6 19 0.500006
6 20 0.868740
6 21 0.990893
6 22 0.593077
6 23 0.866484
6 24 0.821442
6 25 0.815842
6 26 0.975111
7 1 0.551188
7 2 0.635102
7 3 0.585146
7 4 0.486398
7 5 0.522574
7 6 0.577992
7 7 0.545381
7 8 0.489776
7 9 0.558384
7 10 0.500486
7 11 0.569999
7 12 0.528242
7 13 0.559369
7 14 0.617194
7 15 0.542562
7 16 0.583632
7 17 0.561848
7 18 0.595025
7 19 0.499999
7 20 0.516946
7 21 0.835484
7 22 0.486398
7 23 0.497681
7 24 0.557369
7 25 0.558191
7 26 0.655428
8 1 0.541873
8 2 0.861717
8 3 0.587234
8 4 0.499939
8 5 0.512847
8 6 0.651063
8 7 0.489776
8 8 0.615118
8 9 0.568980
8 10 0.492355
8 11 0.512461
8 12 0.585848
8 13 0.549313
8 14 0.547155
8 15 0.539823
8 16 0.536039
8 17 0.573801
8 18 0.600081
8 19 0.500001
8 20 0.612330
8 21 0.546025
8 22 0.499939
8 23 0.742671
8 24 0.559012
8 25 0.541467
8 26 0.604918
9 1 0.633269
9 2 0.923244
9 3 0.734165
9 4 0.473331
9 5 0.567337
9 6 0.808263
9 7 0.558384
9 8 0.568980
9 9 0.664700
9 10 0.494351
9 11 0.650556
9 12 0.611625
9 13 0.653968
9 14 0.764113
9 15 0.629067
9 16 0.686418
9 17 0.659608
9 18 0.736547
9 19 0.499999
9 20 0.650840
9 21 0.931088
9 22 0.473331
9 23 0.717363
9 24 0.654858
9 25 0.645999
10 1 0.499059
10 2 0.511689
10 3 0.492621
10 4 0.502246
10 5 0.491518
10 6 0.510352
10 7 0.500486
10 8 0.492355
10 9 0.494351
10 10 0.505047
10 11 0.510998
10 12 0.494039
10 13 0.497415
10 14 0.504385
10 15 0.502963
10 16 0.496787
10 17 0.500041
10 18 0.497321
10 19 0.500000
10 20 0.488983
10 21 0.518317
10 22 0.502246
10 23 0.488579
10 24 0.497071
10 25 0.499778
10 26 0.498972
11 1 0.644530
11 2 0.917641
11 3 0.744505
11 4 0.522803
11 5 0.545310
11 6 0.899657
11 7 0.569999
11 8 0.512461
11 9 0.650556
11 10 0.510998
11 11 0.782747
11 12 0.550871
11 13 0.660832
11 14 0.828259
11 15 0.666348
11 16 0.711117
11 17 0.691109
11 18 0.746253
11 19 0.499998
11 20 0.650087
11 21 0.977364
11 22 0.522803
11 23 0.687392
11 24 0.662428
11 25 0.668893
12 1 0.582513
12 2 0.899362
12 3 0.646385
12 4 0.480303
12 5 0.532980
12 6 0.769592
12 7 0.528242
12 8 0.585848
12 9 0.611625
12 10 0.494039
12 11 0.550871
12 12 0.637814
12 13 0.597922
12 14 0.679031
12 15 0.592289
12 16 0.593364
12 17 0.620520
12 18 0.657441
12 19 0.500002
12 20 0.613749
12 21 0.777986
12 22 0.480303
12 23 0.666992
12 24 0.602705
12 25 0.584247
12 26 0.720088
13 1 0.628863
13 2 0.910446
13 3 0.723679
13 4 0.476618
13 5 0.562023
13 6 0.805988
13 7 0.559369
13 8 0.549313
13 9 0.653968
13 10 0.497415
13 11 0.660832
13 12 0.597922
13 13 0.649022
13 14 0.765580
13 15 0.622361
13 16 0.672178
13 17 0.652000
13 18 0.727561
13 19 0.499999
13 20 0.636037
13 21 0.933937
13 22 0.476618
13 23 0.685848
13 24 0.649049
13 25 0.642883
14 1 0.736854
14 2 0.983359
14 3 0.854236
14 4 0.474772
14 5 0.610044
14 6 0.978394
14 7 0.617194
14 8 0.547155
14 9 0.764113
14 10 0.504385
14 11 0.828259
14 12 0.679031
14 13 0.765580
14 14 0.950303
14 15 0.745576
14 16 0.798677
14 17 0.801969
14 18 0.857908
14 19 0.499999
14 20 0.763852
14 21 0.996425
14 22 0.474772
14 23 0.723992
14 24 0.763167
14 25 0.764275
15 1 0.605736
15 2 0.855982
15 3 0.722120
15 4 0.488202
15 5 0.535038
15 6 0.882275
15 7 0.542562
15 8 0.539823
15 9 0.629067
15 10 0.502963
15 11 0.666348
15 12 0.592289
15 13 0.622361
15 14 0.745576
15 15 0.747110
15 16 0.762879
15 17 0.641949
15 18 0.666689
15 19 0.500000
15 20 0.615265
15 21 0.877327
15 22 0.488202
15 23 0.533404
15 24 0.619318
15 25 0.613464
15 26 0.757011
16 1 0.652405
16 2 0.876116
16 3 0.792700
16 4 0.481027
16 5 0.583040
16 6 0.876324
16 7 0.583632
16 8 0.536039
16 9 0.686418
16 10 0.496787
16 11 0.711117
16 12 0.593364
16 13 0.672178
16 14 0.798677
16 15 0.762879
16 16 0.854092
16 17 0.663315
16 18 0.754297
16 19 0.499997
16 20 0.629667
16 21 0.961398
16 22 0.481027
16 23 0.632145
16 24 0.664947
16 25 0.666454
16 26 0.850052
17 1 0.631250
17 2 0.925656
17 4 0.497187
17 5 0.536874
17 6 0.876751
17 7 0.561848
17 8 0.573801
17 9 0.659608
17 10 0.500041
17 11 0.691109
17 12 0.620520
17 13 0.652000
17 14 0.801969
17 15 0.641949
17 16 0.663315
17 17 0.724127
17 18 0.722467
17 19 0.499999
17 20 0.706476
17 21 0.957529
17 22 0.497187
17 23 0.742737
17 24 0.659708
17 25 0.646435
17 26 0.829988
18 1 0.703176
18 2 0.985769
18 3 0.815939
18 4 0.477830
18 5 0.593983
18 6 0.909516
18 7 0.595025
18 8 0.600081
18 9 0.736547
18 10 0.497321
18 11 0.746253
18 12 0.657441
18 13 0.727561
18 14 0.857908
18 15 0.666689
18 16 0.754297
18 17 0.722467
18 18 0.848580
18 19 0.499999
18 20 0.682576
18 21 0.987370
18 22 0.477830
18 23 0.810344
18 24 0.731372
18 25 0.724749
19 1 0.499999
19 2 0.500006
19 3 0.499998
19 4 0.500001
19 5 0.499999
19 6 0.500006
19 7 0.499999
19 8 0.500001
19 9 0.499999
19 10 0.500000
19 11 0.499998
19 12 0.500002
19 13 0.499999
19 14 0.499999
19 15 0.500000
19 16 0.499997
19 17 0.499999
19 18 0.499999
19 19 0.500000
19 20 0.499999
19 21 0.499991
19 22 0.500001
19 23 0.500000
19 24 0.499999
19 25 0.499999
19 26 0.499998
20 1 0.612652
20 2 0.900051
20 3 0.735205
20 4 0.501582
20 5 0.562540
20 6 0.868740
20 7 0.516946
20 8 0.612330
20 9 0.650840
20 10 0.488983
20 11 0.650087
20 12 0.613749
20 13 0.636037
20 14 0.763852
20 15 0.615265
20 16 0.629667
20 17 0.706476
20 18 0.682576
20 19 0.499999
20 20 0.797026
20 21 0.841381
20 22 0.501582
20 23 0.874999
20 24 0.641971
20 25 0.625438
20 26 0.775644
21 1 0.910977
21 2 0.999830
21 3 0.978782
21 4 0.416726
21 5 0.708093
21 6 0.990893
21 7 0.835484
21 8 0.546025
21 9 0.931088
21 10 0.518317
21 11 0.977364
21 12 0.777986
21 13 0.933937
21 14 0.996425
21 15 0.877327
21 16 0.961398
21 17 0.957529
21 18 0.987370
21 19 0.499991
21 20 0.841381
21 21 1.000000
21 22 0.416726
21 23 0.813810
21 24 0.933086
21 25 0.935808
21 26 0.999221
22 1 0.484029
22 2 0.454825
22 3 0.472716
22 5 0.483293
22 6 0.593077
22 7 0.486398
22 8 0.499939
22 9 0.473331
22 10 0.502246
22 11 0.522803
22 12 0.480303
22 13 0.476618
22 14 0.474772
22 15 0.488202
22 16 0.481027
22 17 0.497187
22 18 0.477830
22 19 0.500001
22 20 0.501582
22 21 0.416726
22 22 0.543091
22 23 0.544081
22 24 0.484230
22 25 0.485835
22 26 0.462051
23 1 0.662392
23 2 0.991718
23 3 0.813683
23 4 0.544081
23 5 0.589921
23 6 0.866484
23 7 0.497681
23 8 0.742671
23 9 0.717363
23 10 0.488579
23 11 0.687392
23 12 0.666992
23 13 0.685848
23 14 0.723992
23 15 0.533404
23 16 0.632145
23 17 0.742737
23 18 0.810344
23 19 0.500000
23 20 0.874999
23 21 0.813810
23 22 0.544081
23 23 0.993268
23 24 0.705409
23 25 0.676469
23 26 0.865197
24 1 0.629493
24 2 0.920396
24 3 0.724901
24 4 0.484230
24 5 0.557742
24 6 0.821442
24 7 0.557369
24 8 0.559012
24 9 0.654858
24 10 0.497071
24 11 0.662428
24 12 0.602705
24 13 0.649049
24 14 0.763167
24 15 0.619318
24 16 0.664947
24 17 0.659708
24 18 0.731372
24 19 0.499999
24 20 0.641971
24 21 0.933086
24 22 0.484230
24 23 0.705409
24 24 0.652453
24 25 0.643685
25 1 0.625782
25 2 0.903079
25 3 0.712264
25 4 0.485835
25 5 0.558220
25 6 0.815842
25 7 0.558191
25 8 0.541467
25 9 0.645999
25 10 0.499778
25 11 0.668893
25 12 0.584247
25 13 0.642883
25 14 0.764275
25 15 0.613464
25 16 0.666454
25 17 0.646435
25 18 0.724749
25 19 0.499999
25 20 0.625438
25 21 0.935808
25 22 0.485835
25 23 0.676469
25 24 0.643685
25 25 0.641727
26 2 0.996945
26 6 0.975111
26 7 0.655428
26 8 0.604918
26 10 0.498972
26 12 0.720088
26 15 0.757011
26 16 0.850052
26 17 0.829988
26 19 0.499998
26 20 0.775644
26 21 0.999221
26 22 0.462051
26 23 0.865197
26 26 0.980362
