1 26 0.649860
3 17 0.849552
3 26 0.829980
4 22 0.494841
4 26 0.551219
5 26 0.660384
9 26 0.716871
11 26 0.645546
13 26 0.597301
14 26 0.804724
17 3 0.849552
18 26 0.702851
22 4 0.494841
24 26 0.645541
25 26 0.648661
26 1 0.649860
26 3 0.829980
26 4 0.551219
26 5 0.660384
26 9 0.716871
26 11 0.645546
26 13 0.597301
26 14 0.804724
26 18 0.702851
26 24 0.645541
26 25 0.648661
1 1 0.561642
1 2 0.852704
1 3 0.621487
1 4 0.511335
1 5 0.560773
1 6 0.684674
1 7 0.503806
1 8 0.567660
1 9 0.587453
1 10 0.509379
1 11 0.542038
1 12 0.568118
1 13 0.533346
1 14 0.652871
1 15 0.606042
1 16 0.615452
1 17 0.602991
1 18 0.572918
1 19 0.500001
1 20 0.630163
1 21 0.782610
1 22 0.519719
1 23 0.685199
1 24 0.561016
1 25 0.562134
2 1 0.852704
2 2 1.000000
2 3 0.991589
2 4 0.760632
2 5 0.843297
2 6 0.992262
2 7 0.508771
2 8 0.932068
2 9 0.931683
2 10 0.584007
2 11 0.779412
2 12 0.924451
2 13 0.712173
2 14 0.979766
2 15 0.998614
2 16 0.996272
2 17 0.991084
2 18 0.876128
2 19 0.500015
2 20 0.993943
2 21 1.000000
2 22 0.582357
2 23 0.999994
2 24 0.818292
2 25 0.838119
2 26 0.992310
3 1 0.621487
3 2 0.991589
3 3 0.843787
3 4 0.573688
3 5 0.639563
3 6 0.875137
3 7 0.505924
3 8 0.742009
3 9 0.686851
3 10 0.514842
3 11 0.680739
3 12 0.593754
3 13 0.582541
3 14 0.725997
3 15 0.792872
3 16 0.875523
3 18 0.697029
3 19 0.500004
3 20 0.741445
3 21 0.981900
3 22 0.544348
3 23 0.985619
3 24 0.616208
3 25 0.617775
4 1 0.511335
4 2 0.760632
4 3 0.573688
4 4 0.529634
4 5 0.513211
4 6 0.565978
4 7 0.504766
4 8 0.539143
4 9 0.518340
4 10 0.505925
4 11 0.541705
4 12 0.498699
4 13 0.503515
4 14 0.506957
4 15 0.581897
4 16 0.622388
4 17 0.584972
4 18 0.533088
4 19 0.500001
4 20 0.591635
4 21 0.654585
4 23 0.731014
4 24 0.511738
4 25 0.508626
5 1 0.560773
5 2 0.843297
5 3 0.639563
5 4 0.513211
5 5 0.567345
5 6 0.697253
5 7 0.503644
5 8 0.587475
5 9 0.591473
5 10 0.505586
5 11 0.546232
5 12 0.560712
5 13 0.543980
5 14 0.644942
5 15 0.616450
5 16 0.628617
5 17 0.627821
5 18 0.574113
5 19 0.500002
5 20 0.589249
5 21 0.825841
5 22 0.521812
5 23 0.756154
5 24 0.557431
5 25 0.560953
6 1 0.684674
6 2 0.992262
6 3 0.875137
6 4 0.565978
6 5 0.697253
6 6 0.993740
6 7 0.545518
6 8 0.732442
6 9 0.778353
6 10 0.495244
6 11 0.774505
6 12 0.608143
6 13 0.601370
6 14 0.803365
6 15 0.775154
6 16 0.876517
6 17 0.865078
6 18 0.736810
6 19 0.500008
6 20 0.773653
6 21 0.981175
6 22 0.497300
6 23 0.968403
6 24 0.696936
6 25 0.680736
6 26 0.894761
7 1 0.503806
7 2 0.508771
7 3 0.505924
7 4 0.504766
7 5 0.503644
7 6 0.545518
7 7 0.518298
7 8 0.506245
7 9 0.504792
7 10 0.498424
7 11 0.489391
7 12 0.496808
7 13 0.505239
7 14 0.499599
7 15 0.521042
7 16 0.529121
7 17 0.508293
7 18 0.494752
7 19 0.500001
7 20 0.518550
7 21 0.560502
7 22 0.491152
7 23 0.502345
7 24 0.505999
7 25 0.499712
7 26 0.510611
8 1 0.567660
8 2 0.932068
8 3 0.742009
8 4 0.539143
8 5 0.587475
8 6 0.732442
8 7 0.506245
8 8 0.699332
8 9 0.614701
8 10 0.507238
8 11 0.609624
8 12 0.566664
8 13 0.571036
8 14 0.614774
8 15 0.709870
8 16 0.771100
8 17 0.756270
8 18 0.609073
8 19 0.500003
8 20 0.580259
8 21 0.956386
8 22 0.537644
8 23 0.953129
8 24 0.560425
8 25 0.564904
8 26 0.723617
9 1 0.587453
9 2 0.931683
9 3 0.686851
9 4 0.518340
9 5 0.591473
9 6 0.778353
9 7 0.504792
9 8 0.614701
9 9 0.630742
9 10 0.508280
9 11 0.572020
9 12 0.593878
9 13 0.553756
9 14 0.700351
9 15 0.662817
9 16 0.672751
9 17 0.669175
9 18 0.600139
9 19 0.500002
9 20 0.644828
9 21 0.890990
9 22 0.529850
9 23 0.804458
9 24 0.583807
9 25 0.587412
10 1 0.509379
10 2 0.584007
10 3 0.514842
10 4 0.505925
10 5 0.505586
10 6 0.495244
10 7 0.498424
10 8 0.507238
10 9 0.508280
10 10 0.512924
10 11 0.510337
10 12 0.516864
10 13 0.503116
10 14 0.536781
10 15 0.534285
10 16 0.537006
10 17 0.508316
10 18 0.514889
10 19 0.500000
10 20 0.573867
10 21 0.541268
10 22 0.506881
10 23 0.526758
10 24 0.510614
10 25 0.511915
10 26 0.519261
11 1 0.542038
11 2 0.779412
11 3 0.680739
11 4 0.541705
11 5 0.546232
11 6 0.774505
11 7 0.489391
11 8 0.609624
11 9 0.572020
11 10 0.510337
11 11 0.714656
11 12 0.504470
11 13 0.513845
11 14 0.546907
11 15 0.554488
11 16 0.717895
11 17 0.688048
11 18 0.624296
11 19 0.500003
11 20 0.709972
11 21 0.640082
11 22 0.498097
11 23 0.894891
11 24 0.557201
11 25 0.547238
12 1 0.568118
12 2 0.924451
12 3 0.593754
12 4 0.498699
12 5 0.560712
12 6 0.608143
12 7 0.496808
12 8 0.566664
12 9 0.593878
12 10 0.516864
12 11 0.504470
12 12 0.630764
12 13 0.546260
12 14 0.687095
12 15 0.639730
12 16 0.556911
12 17 0.563716
12 18 0.545055
12 19 0.500000
12 20 0.625468
12 21 0.849367
12 22 0.529500
12 23 0.607848
12 24 0.559962
12 25 0.571100
12 26 0.643990
13 1 0.533346
13 2 0.712173
13 3 0.582541
13 4 0.503515
13 5 0.543980
13 6 0.601370
13 7 0.505239
13 8 0.571036
13 9 0.553756
13 10 0.503116
13 11 0.513845
13 12 0.546260
13 13 0.553862
13 14 0.578139
13 15 0.580389
13 16 0.570174
13 17 0.578445
13 18 0.537587
13 19 0.500001
13 20 0.509622
13 21 0.789076
13 22 0.511657
13 23 0.722519
13 24 0.529045
13 25 0.534032
14 1 0.652871
14 2 0.979766
14 3 0.725997
14 4 0.506957
14 5 0.644942
14 6 0.803365
14 7 0.499599
14 8 0.614774
14 9 0.700351
14 10 0.536781
14 11 0.546907
14 12 0.687095
14 13 0.578139
14 14 0.874335
14 15 0.744200
14 16 0.671176
14 17 0.661303
14 18 0.640368
14 19 0.500001
14 20 0.793384
14 21 0.933258
14 22 0.570828
14 23 0.693413
14 24 0.646649
14 25 0.659336
15 1 0.606042
15 2 0.998614
15 3 0.792872
15 4 0.581897
15 5 0.616450
15 6 0.775154
15 7 0.521042
15 8 0.709870
15 9 0.662817
15 10 0.534285
15 11 0.554488
15 12 0.639730
15 13 0.580389
15 14 0.744200
15 15 0.912632
15 16 0.851364
15 17 0.800554
15 18 0.574391
15 19 0.500003
15 20 0.703641
15 21 0.990945
15 22 0.569018
15 23 0.971535
15 24 0.578015
15 25 0.598767
15 26 0.785542
16 1 0.615452
16 2 0.996272
16 3 0.875523
16 4 0.622388
16 5 0.628617
16 6 0.876517
16 7 0.529121
16 8 0.771100
16 9 0.672751
16 10 0.537006
16 11 0.717895
16 12 0.556911
16 13 0.570174
16 14 0.671176
16 15 0.851364
16 16 0.952011
16 17 0.890630
16 18 0.739672
16 19 0.500007
16 20 0.873119
16 21 0.988688
16 22 0.538166
16 23 0.995614
16 24 0.621324
16 25 0.606646
16 26 0.842174
17 1 0.602991
17 2 0.991084
17 4 0.584972
17 5 0.627821
17 6 0.865078
17 7 0.508293
17 8 0.756270
17 9 0.669175
17 10 0.508316
17 11 0.688048
17 12 0.563716
17 13 0.578445
17 14 0.661303
17 15 0.800554
17 16 0.890630
17 17 0.866200
17 18 0.685531
17 19 0.500005
17 20 0.694699
17 21 0.984730
17 22 0.537669
17 23 0.991489
17 24 0.595194
17 25 0.596212
17 26 0.816908
18 1 0.572918
18 2 0.876128
18 3 0.697029
18 4 0.533088
18 5 0.574113
18 6 0.736810
18 7 0.494752
18 8 0.609073
18 9 0.600139
18 10 0.514889
18 11 0.624296
18 12 0.545055
18 13 0.537587
18 14 0.640368
18 15 0.574391
18 16 0.739672
18 17 0.685531
18 18 0.674005
18 19 0.500003
18 20 0.740467
18 21 0.788269
18 22 0.512190
18 23 0.880820
18 24 0.584243
18 25 0.575686
19 1 0.500001
19 2 0.500015
19 3 0.500004
19 4 0.500001
19 5 0.500002
19 6 0.500008
19 7 0.500001
19 8 0.500003
19 9 0.500002
19 10 0.500000
19 11 0.500003
19 12 0.500000
19 13 0.500001
19 14 0.500001
19 15 0.500003
19 16 0.500007
19 17 0.500005
19 18 0.500003
19 19 0.500000
19 20 0.500006
19 21 0.500011
19 22 0.499999
19 23 0.500016
19 24 0.500001
19 25 0.500001
19 26 0.500004
20 1 0.630163
20 2 0.993943
20 3 0.741445
20 4 0.591635
20 5 0.589249
20 6 0.773653
20 7 0.518550
20 8 0.580259
20 9 0.644828
20 10 0.573867
20 11 0.709972
20 12 0.625468
20 13 0.509622
20 14 0.793384
20 15 0.703641
20 16 0.873119
20 17 0.694699
20 18 0.740467
20 19 0.500006
20 20 0.980571
20 21 0.770223
20 22 0.485930
20 23 0.882468
20 24 0.667688
20 25 0.631700
20 26 0.774631
21 1 0.782610
21 2 1.000000
21 3 0.981900
21 4 0.654585
21 5 0.825841
21 6 0.981175
21 7 0.560502
21 8 0.956386
21 9 0.890990
21 10 0.541268
21 11 0.640082
21 12 0.849367
21 13 0.789076
21 14 0.933258
21 15 0.990945
21 16 0.988688
21 17 0.984730
21 18 0.788269
21 19 0.500011
21 20 0.770223
21 21 1.000000
21 22 0.611497
21 23 0.999981
21 24 0.728688
21 25 0.768198
21 26 0.982978
22 1 0.519719
22 2 0.582357
22 3 0.544348
22 5 0.521812
22 6 0.497300
22 7 0.491152
22 8 0.537644
22 9 0.529850
22 10 0.506881
22 11 0.498097
22 12 0.529500
22 13 0.511657
22 14 0.570828
22 15 0.569018
22 16 0.538166
22 17 0.537669
22 18 0.512190
22 19 0.499999
22 20 0.485930
22 21 0.611497
22 22 0.550883
22 23 0.532327
22 24 0.514478
22 25 0.521539
22 26 0.550663
23 1 0.685199
23 2 0.999994
23 3 0.985619
23 4 0.731014
23 5 0.756154
23 6 0.968403
23 7 0.502345
23 8 0.953129
23 9 0.804458
23 10 0.526758
23 11 0.894891
23 12 0.607848
23 13 0.722519
23 14 0.693413
23 15 0.971535
23 16 0.995614
23 17 0.991489
23 18 0.880820
23 19 0.500016
23 20 0.882468
23 21 0.999981
23 22 0.532327
23 23 0.999999
23 24 0.663867
23 25 0.673496
23 26 0.966027
24 1 0.561016
24 2 0.818292
24 3 0.616208
24 4 0.511738
24 5 0.557431
24 6 0.696936
24 7 0.505999
24 8 0.560425
24 9 0.583807
24 10 0.510614
24 11 0.557201
24 12 0.559962
24 13 0.529045
24 14 0.646649
24 15 0.578015
24 16 0.621324
24 17 0.595194
24 18 0.584243
24 19 0.500001
24 20 0.667688
24 21 0.728688
24 22 0.514478
24 23 0.663867
24 24 0.566698
24 25 0.561510
25 1 0.562134
25 2 0.838119
25 3 0.617775
25 4 0.508626
25 5 0.560953
25 6 0.680736
25 7 0.499712
25 8 0.564904
25 9 0.587412
25 10 0.511915
25 11 0.547238
25 12 0.571100
25 13 0.534032
25 14 0.659336
25 15 0.598767
25 16 0.606646
25 17 0.596212
25 18 0.575686
25 19 0.500001
25 20 0.631700
25 21 0.768198
25 22 0.521539
25 23 0.673496
25 24 0.561510
25 25 0.564848
26 2 0.992310
26 6 0.894761
26 7 0.510611
26 8 0.723617
26 10 0.519261
26 12 0.643990
26 15 0.785542
26 16 0.842174
26 17 0.816908
26 19 0.500004
26 20 0.774631
26 21 0.982978
26 22 0.550663
26 23 0.966027
26 26 0.849940
