1 26 0.528615
3 17 0.740100
3 26 0.799894
4 22 0.527412
4 26 0.683103
5 26 0.677087
9 26 0.694313
11 26 0.710407
13 26 0.688941
14 26 0.912419
17 3 0.740100
18 26 0.750828
22 4 0.527412
24 26 0.702076
25 26 0.615925
26 1 0.528615
26 3 0.799894
26 4 0.683103
26 5 0.677087
26 9 0.694313
26 11 0.710407
26 13 0.688941
26 14 0.912419
26 18 0.750828
26 24 0.702076
26 25 0.615925
1 1 0.503290
1 2 0.558253
1 3 0.522494
1 4 0.510443
1 5 0.508796
1 6 0.563275
1 7 0.502981
1 8 0.518456
1 9 0.513403
1 10 0.502282
1 11 0.513433
1 12 0.502050
1 13 0.510144
1 14 0.529860
1 15 0.522130
1 16 0.538639
1 17 0.520007
1 18 0.514369
1 19 0.500000
1 20 0.528257
1 21 0.547718
1 22 0.506711
1 23 0.528910
1 24 0.510460
1 25 0.503015
2 1 0.558253
2 2 1.000000
2 3 0.976158
2 4 0.870592
2 5 0.835427
2 6 1.000000
2 7 0.791071
2 8 0.902838
2 9 0.939393
2 10 0.536518
2 11 0.872133
2 12 0.769722
2 13 0.860536
2 14 0.998164
2 15 0.971798
2 16 0.999962
2 17 0.968689
2 18 0.930474
2 19 0.500013
2 20 0.999084
2 21 0.999511
2 22 0.523438
2 23 0.996318
2 24 0.874414
2 25 0.822662
2 26 0.997744
3 1 0.522494
3 2 0.976158
3 3 0.756085
3 4 0.622355
3 5 0.612002
3 6 0.977437
3 7 0.562071
3 8 0.687203
3 9 0.621303
3 10 0.518337
3 11 0.650848
3 12 0.540568
3 13 0.617445
3 14 0.783416
3 15 0.700997
3 16 0.892473
3 18 0.668161
3 19 0.500003
3 20 0.764631
3 21 0.768939
3 22 0.538033
3 23 0.801988
3 24 0.620201
3 25 0.562183
4 1 0.510443
4 2 0.870592
4 3 0.622355
4 4 0.568893
4 5 0.564256
4 6 0.880528
4 7 0.529689
4 8 0.590992
4 9 0.555898
4 10 0.507889
4 11 0.580597
4 12 0.516168
4 13 0.570072
4 14 0.693233
4 15 0.579890
4 16 0.723636
4 17 0.602878
4 18 0.588475
4 19 0.500002
4 20 0.649142
4 21 0.608224
4 23 0.658821
4 24 0.573286
4 25 0.539017
5 1 0.508796
5 2 0.835427
5 3 0.612002
5 4 0.564256
5 5 0.565984
5 6 0.854964
5 7 0.533192
5 8 0.587308
5 9 0.558999
5 10 0.507802
5 11 0.575268
5 12 0.512935
5 13 0.567963
5 14 0.682890
5 15 0.568145
5 16 0.702701
5 17 0.592083
5 18 0.586611
5 19 0.500002
5 20 0.620452
5 21 0.577757
5 22 0.535149
5 23 0.658047
5 24 0.573744
5 25 0.538967
6 1 0.563275
6 2 1.000000
6 3 0.977437
6 4 0.880528
6 5 0.854964
6 6 1.000000
6 7 0.678912
6 8 0.946046
6 9 0.818555
6 10 0.577964
6 11 0.879787
6 12 0.735896
6 13 0.871707
6 14 0.997953
6 15 0.930896
6 16 0.999889
6 17 0.966894
6 18 0.899931
6 19 0.500013
6 20 0.998603
6 21 0.989158
6 22 0.615303
6 23 0.974039
6 24 0.870117
6 25 0.688182
6 26 0.996498
7 1 0.502981
7 2 0.791071
7 3 0.562071
7 4 0.529689
7 5 0.533192
7 6 0.678912
7 7 0.536939
7 8 0.543342
7 9 0.554482
7 10 0.500721
7 11 0.537780
7 12 0.511444
7 13 0.532217
7 14 0.587535
7 15 0.536756
7 16 0.623836
7 17 0.555340
7 18 0.555963
7 19 0.500001
7 20 0.571254
7 21 0.534211
7 22 0.513803
7 23 0.603073
7 24 0.538179
7 25 0.528828
7 26 0.600209
8 1 0.518456
8 2 0.902838
8 3 0.687203
8 4 0.590992
8 5 0.587308
8 6 0.946046
8 7 0.543342
8 8 0.703005
8 9 0.613918
8 10 0.524994
8 11 0.618625
8 12 0.521411
8 13 0.591519
8 14 0.727629
8 15 0.602245
8 16 0.824088
8 17 0.669159
8 18 0.636200
8 19 0.500002
8 20 0.764263
8 21 0.674469
8 22 0.534745
8 23 0.726569
8 24 0.593053
8 25 0.518800
8 26 0.741909
9 1 0.513403
9 2 0.939393
9 3 0.621303
9 4 0.555898
9 5 0.558999
9 6 0.818555
9 7 0.554482
9 8 0.613918
9 9 0.686508
9 10 0.508852
9 11 0.568058
9 12 0.533415
9 13 0.558914
9 14 0.691795
9 15 0.669245
9 16 0.768876
9 17 0.610476
9 18 0.601203
9 19 0.500003
9 20 0.698308
9 21 0.755016
9 22 0.545092
9 23 0.693965
9 24 0.571862
9 25 0.528712
10 1 0.502282
10 2 0.536518
10 3 0.518337
10 4 0.507889
10 5 0.507802
10 6 0.577964
10 7 0.500721
10 8 0.524994
10 9 0.508852
10 10 0.509503
10 11 0.512622
10 12 0.507821
10 13 0.507085
10 14 0.529193
10 15 0.516047
10 16 0.542062
10 17 0.516687
10 18 0.505303
10 19 0.500000
10 20 0.542412
10 21 0.558488
10 22 0.507028
10 23 0.529748
10 24 0.504946
10 25 0.498839
10 26 0.522246
11 1 0.513433
11 2 0.872133
11 3 0.650848
11 4 0.580597
11 5 0.575268
11 6 0.879787
11 7 0.537780
11 8 0.618625
11 9 0.568058
11 10 0.512622
11 11 0.606185
11 12 0.514913
11 13 0.582140
11 14 0.709382
11 15 0.592986
11 16 0.742410
11 17 0.628630
11 18 0.614963
11 19 0.500002
11 20 0.659805
11 21 0.625978
11 22 0.539461
11 23 0.713700
11 24 0.584739
11 25 0.548727
12 1 0.502050
12 2 0.769722
12 3 0.540568
12 4 0.516168
12 5 0.512935
12 6 0.735896
12 7 0.511444
12 8 0.521411
12 9 0.533415
12 10 0.507821
12 11 0.514913
12 12 0.531135
12 13 0.512426
12 14 0.566268
12 15 0.561528
12 16 0.628456
12 17 0.541937
12 18 0.512071
12 19 0.500000
12 20 0.600962
12 21 0.641534
12 22 0.501539
12 23 0.531346
12 24 0.510846
12 25 0.505617
12 26 0.554813
13 1 0.510144
13 2 0.860536
13 3 0.617445
13 4 0.570072
13 5 0.567963
13 6 0.871707
13 7 0.532217
13 8 0.591519
13 9 0.558914
13 10 0.507085
13 11 0.582140
13 12 0.512426
13 13 0.573807
13 14 0.698985
13 15 0.570786
13 16 0.709973
13 17 0.594912
13 18 0.594055
13 19 0.500002
13 20 0.640947
13 21 0.588475
13 22 0.534502
13 23 0.661779
13 24 0.578656
13 25 0.541918
14 1 0.529860
14 2 0.998164
14 3 0.783416
14 4 0.693233
14 5 0.682890
14 6 0.997953
14 7 0.587535
14 8 0.727629
14 9 0.691795
14 10 0.529193
14 11 0.709382
14 12 0.566268
14 13 0.698985
14 14 0.942695
14 15 0.724460
14 16 0.943806
14 17 0.730845
14 18 0.722071
14 19 0.500005
14 20 0.896315
14 21 0.834360
14 22 0.591640
14 23 0.851867
14 24 0.710426
14 25 0.613402
15 1 0.522130
15 2 0.971798
15 3 0.700997
15 4 0.579890
15 5 0.568145
15 6 0.930896
15 7 0.536756
15 8 0.602245
15 9 0.669245
15 10 0.516047
15 11 0.592986
15 12 0.561528
15 13 0.570786
15 14 0.724460
15 15 0.797344
15 16 0.851385
15 17 0.698181
15 18 0.605011
15 19 0.500002
15 20 0.711042
15 21 0.910030
15 22 0.548994
15 23 0.746983
15 24 0.574632
15 25 0.542196
15 26 0.726578
16 1 0.538639
16 2 0.999962
16 3 0.892473
16 4 0.723636
16 5 0.702701
16 6 0.999889
16 7 0.623836
16 8 0.824088
16 9 0.768876
16 10 0.542062
16 11 0.742410
16 12 0.628456
16 13 0.709973
16 14 0.943806
16 15 0.851385
16 16 0.994111
16 17 0.880439
16 18 0.753542
16 19 0.500007
16 20 0.958803
16 21 0.950471
16 22 0.532353
16 23 0.931938
16 24 0.712578
16 25 0.607314
16 26 0.941790
17 1 0.520007
17 2 0.968689
17 4 0.602878
17 5 0.592083
17 6 0.966894
17 7 0.555340
17 8 0.669159
17 9 0.610476
17 10 0.516687
17 11 0.628630
17 12 0.541937
17 13 0.594912
17 14 0.730845
17 15 0.698181
17 16 0.880439
17 17 0.732736
17 18 0.644829
17 19 0.500002
17 20 0.741747
17 21 0.773719
17 22 0.523635
17 23 0.777477
17 24 0.595457
17 25 0.548949
17 26 0.761533
18 1 0.514369
18 2 0.930474
18 3 0.668161
18 4 0.588475
18 5 0.586611
18 6 0.899931
18 7 0.555963
18 8 0.636200
18 9 0.601203
18 10 0.505303
18 11 0.614963
18 12 0.512071
18 13 0.594055
18 14 0.722071
18 15 0.605011
18 16 0.753542
18 17 0.644829
18 18 0.669905
18 19 0.500002
18 20 0.679666
18 21 0.679101
18 22 0.553498
18 23 0.739590
18 24 0.604482
18 25 0.560243
19 1 0.500000
19 2 0.500013
19 3 0.500003
19 4 0.500002
19 5 0.500002
19 6 0.500013
19 7 0.500001
19 8 0.500002
19 9 0.500003
19 10 0.500000
19 11 0.500002
19 12 0.500000
19 13 0.500002
19 14 0.500005
19 15 0.500002
19 16 0.500007
19 17 0.500002
19 18 0.500002
19 19 0.500000
19 20 0.500004
19 21 0.500004
19 22 0.500001
19 23 0.500003
19 24 0.500002
19 25 0.500001
19 26 0.500005
20 1 0.528257
20 2 0.999084
20 3 0.764631
20 4 0.649142
20 5 0.620452
20 6 0.998603
20 7 0.571254
20 8 0.764263
20 9 0.698308
20 10 0.542412
20 11 0.659805
20 12 0.600962
20 13 0.640947
20 14 0.896315
20 15 0.711042
20 16 0.958803
20 17 0.741747
20 18 0.679666
20 19 0.500004
20 20 0.955169
20 21 0.911860
20 22 0.505001
20 23 0.752628
20 24 0.636473
20 25 0.529658
20 26 0.864977
21 1 0.547718
21 2 0.999511
21 3 0.768939
21 4 0.608224
21 5 0.577757
21 6 0.989158
21 7 0.534211
21 8 0.674469
21 9 0.755016
21 10 0.558488
21 11 0.625978
21 12 0.641534
21 13 0.588475
21 14 0.834360
21 15 0.910030
21 16 0.950471
21 17 0.773719
21 18 0.679101
21 19 0.500004
21 20 0.911860
21 21 0.999283
21 22 0.627348
21 23 0.862040
21 24 0.591320
21 25 0.554400
21 26 0.833908
22 1 0.506711
22 2 0.523438
22 3 0.538033
22 5 0.535149
22 6 0.615303
22 7 0.513803
22 8 0.534745
22 9 0.545092
22 10 0.507028
22 11 0.539461
22 12 0.501539
22 13 0.534502
22 14 0.591640
22 15 0.548994
22 16 0.532353
22 17 0.523635
22 18 0.553498
22 19 0.500001
22 20 0.505001
22 21 0.627348
22 22 0.572071
22 23 0.612079
22 24 0.541420
22 25 0.528440
22 26 0.593093
23 1 0.528910
23 2 0.996318
23 3 0.801988
23 4 0.658821
23 5 0.658047
23 6 0.974039
23 7 0.603073
23 8 0.726569
23 9 0.693965
23 10 0.529748
23 11 0.713700
23 12 0.531346
23 13 0.661779
23 14 0.851867
23 15 0.746983
23 16 0.931938
23 17 0.777477
23 18 0.739590
23 19 0.500003
23 20 0.752628
23 21 0.862040
23 22 0.612079
23 23 0.948448
23 24 0.672243
23 25 0.646396
23 26 0.877841
24 1 0.510460
24 2 0.874414
24 3 0.620201
24 4 0.573286
24 5 0.573744
24 6 0.870117
24 7 0.538179
24 8 0.593053
24 9 0.571862
24 10 0.504946
24 11 0.584739
24 12 0.510846
24 13 0.578656
24 14 0.710426
24 15 0.574632
24 16 0.712578
24 17 0.595457
24 18 0.604482
24 19 0.500002
24 20 0.636473
24 21 0.591320
24 22 0.541420
24 23 0.672243
24 24 0.586889
24 25 0.547223
25 1 0.503015
25 2 0.822662
25 3 0.562183
25 4 0.539017
25 5 0.538967
25 6 0.688182
25 7 0.528828
25 8 0.518800
25 9 0.528712
25 10 0.498839
25 11 0.548727
25 12 0.505617
25 13 0.541918
25 14 0.613402
25 15 0.542196
25 16 0.607314
25 17 0.548949
25 18 0.560243
25 19 0.500001
25 20 0.529658
25 21 0.554400
25 22 0.528440
25 23 0.646396
25 24 0.547223
25 25 0.554958
26 2 0.997744
26 6 0.996498
26 7 0.600209
26 8 0.741909
26 10 0.522246
26 12 0.554813
26 15 0.726578
26 16 0.941790
26 17 0.761533
26 19 0.500005
26 20 0.864977
26 21 0.833908
26 22 0.593093
26 23 0.877841
26 26 0.906041
