1 26 0.793755
3 17 0.962814
3 26 0.935659
4 22 0.517812
4 26 0.798809
5 26 0.715554
9 26 0.712879
11 26 0.791705
13 26 0.810599
14 26 0.974440
17 3 0.962814
18 26 0.926711
22 4 0.517812
24 26 0.791630
25 26 0.819092
26 1 0.793755
26 3 0.935659
26 4 0.798809
26 5 0.715554
26 9 0.712879
26 11 0.791705
26 13 0.810599
26 14 0.974440
26 18 0.926711
26 24 0.791630
26 25 0.819092
1 1 0.623493
1 2 0.960737
1 3 0.729515
1 4 0.626069
1 5 0.584321
1 6 0.845710
1 7 0.530523
1 8 0.557986
1 9 0.580922
1 10 0.510759
1 11 0.617734
1 12 0.605779
1 13 0.631843
1 14 0.795662
1 15 0.810710
1 16 0.727232
1 17 0.729515
1 18 0.715586
1 19 0.500004
1 20 0.532392
1 21 0.933625
1 22 0.518133
1 23 0.685496
1 24 0.621414
1 25 0.638243
2 1 0.960737
2 2 1.000000
2 3 0.998324
2 4 0.959970
2 5 0.891778
2 6 0.999661
2 7 0.656219
2 8 0.828801
2 9 0.836601
2 10 0.665345
2 11 0.949462
2 12 0.972701
2 13 0.966035
2 14 0.999776
2 15 0.999972
2 16 0.999198
2 17 0.998324
2 18 0.998219
2 19 0.500026
2 20 0.863702
2 21 1.000000
2 22 0.692484
2 23 0.998794
2 24 0.957260
2 25 0.966974
2 26 0.999883
3 1 0.729515
3 2 0.998324
3 3 0.962814
3 4 0.742134
3 5 0.719869
3 6 0.988871
3 7 0.607157
3 8 0.789577
3 9 0.777296
3 10 0.556408
3 11 0.841715
3 12 0.766961
3 13 0.755397
3 14 0.930439
3 15 0.963041
3 16 0.948355
3 18 0.861460
3 19 0.500013
3 20 0.841918
3 21 0.998354
3 22 0.577749
3 23 0.963469
3 24 0.750412
3 25 0.744263
4 1 0.626069
4 2 0.959970
4 3 0.742134
4 4 0.630640
4 5 0.586190
4 6 0.867429
4 7 0.532157
4 8 0.569473
4 9 0.589171
4 10 0.511923
4 11 0.622270
4 12 0.607403
4 13 0.635596
4 14 0.802018
4 15 0.808333
4 16 0.728473
4 17 0.742134
4 18 0.724814
4 19 0.500004
4 20 0.556168
4 21 0.935003
4 23 0.698604
4 24 0.626204
4 25 0.642239
5 1 0.584321
5 2 0.891778
5 3 0.719869
5 4 0.586190
5 5 0.643907
5 6 0.769548
5 7 0.552997
5 8 0.601098
5 9 0.674242
5 10 0.523308
5 11 0.689493
5 12 0.576871
5 13 0.604226
5 14 0.692700
5 15 0.814811
5 16 0.720624
5 17 0.719869
5 18 0.658958
5 19 0.500004
5 20 0.563794
5 21 0.914521
5 22 0.514035
5 23 0.677517
5 24 0.585836
5 25 0.586754
6 1 0.845710
6 2 0.999661
6 3 0.988871
6 4 0.867429
6 5 0.769548
6 6 0.999987
6 7 0.647273
6 8 0.860892
6 9 0.861690
6 10 0.555957
6 11 0.892940
6 12 0.730689
6 13 0.859107
6 14 0.990464
6 15 0.986638
6 16 0.988228
6 17 0.988871
6 18 0.968947
6 19 0.500021
6 20 0.828693
6 21 0.999934
6 22 0.547597
6 23 0.970865
6 24 0.857262
6 25 0.869696
6 26 0.988160
7 1 0.530523
7 2 0.656219
7 3 0.607157
7 4 0.532157
7 5 0.552997
7 6 0.647273
7 7 0.526554
7 8 0.553560
7 9 0.581824
7 10 0.506518
7 11 0.590838
7 12 0.521233
7 13 0.538389
7 14 0.569729
7 15 0.619435
7 16 0.613648
7 17 0.607157
7 18 0.560217
7 19 0.500002
7 20 0.533228
7 21 0.735987
7 22 0.507301
7 23 0.584916
7 24 0.533080
7 25 0.529176
7 26 0.580444
8 1 0.557986
8 2 0.828801
8 3 0.789577
8 4 0.569473
8 5 0.601098
8 6 0.860892
8 7 0.553560
8 8 0.713582
8 9 0.686849
8 10 0.535640
8 11 0.650874
8 12 0.588443
8 13 0.576632
8 14 0.643284
8 15 0.686984
8 16 0.777475
8 17 0.789577
8 18 0.641308
8 19 0.500005
8 20 0.792270
8 21 0.879813
8 22 0.521314
8 23 0.814796
8 24 0.582739
8 25 0.553476
8 26 0.661019
9 1 0.580922
9 2 0.836601
9 3 0.777296
9 4 0.589171
9 5 0.674242
9 6 0.861690
9 7 0.581824
9 8 0.686849
9 9 0.785033
9 10 0.525455
9 11 0.750995
9 12 0.545032
9 13 0.611025
9 14 0.675425
9 15 0.770637
9 16 0.768245
9 17 0.777296
9 18 0.676248
9 19 0.500005
9 20 0.656234
9 21 0.938847
9 22 0.504013
9 23 0.754786
9 24 0.596115
9 25 0.576913
10 1 0.510759
10 2 0.665345
10 3 0.556408
10 4 0.511923
10 5 0.523308
10 6 0.555957
10 7 0.506518
10 8 0.535640
10 9 0.525455
10 10 0.515143
10 11 0.529394
10 12 0.531652
10 13 0.514051
10 14 0.525815
10 15 0.553239
10 16 0.547066
10 17 0.556408
10 18 0.528954
10 19 0.500001
10 20 0.573424
10 21 0.564203
10 22 0.508472
10 23 0.578219
10 24 0.514803
10 25 0.509882
10 26 0.535964
11 1 0.617734
11 2 0.949462
11 3 0.841715
11 4 0.622270
11 5 0.689493
11 6 0.892940
11 7 0.590838
11 8 0.650874
11 9 0.750995
11 10 0.529394
11 11 0.867875
11 12 0.611716
11 13 0.648140
11 14 0.766767
11 15 0.910173
11 16 0.781697
11 17 0.841715
11 18 0.717136
11 19 0.500008
11 20 0.632374
11 21 0.985347
11 22 0.526310
11 23 0.791163
11 24 0.623604
11 25 0.614393
12 1 0.605779
12 2 0.972701
12 3 0.766961
12 4 0.607403
12 5 0.576871
12 6 0.730689
12 7 0.521233
12 8 0.588443
12 9 0.545032
12 10 0.531652
12 11 0.611716
12 12 0.683873
12 13 0.616054
12 14 0.756585
12 15 0.825303
12 16 0.717096
12 17 0.766961
12 18 0.672148
12 19 0.500004
12 20 0.678294
12 21 0.915464
12 22 0.548761
12 23 0.820585
12 24 0.614388
12 25 0.618353
12 26 0.766476
13 1 0.631843
13 2 0.966035
13 3 0.755397
13 4 0.635596
13 5 0.604226
13 6 0.859107
13 7 0.538389
13 8 0.576632
13 9 0.611025
13 10 0.514051
13 11 0.648140
13 12 0.616054
13 13 0.645758
13 14 0.808932
13 15 0.822356
13 16 0.734651
13 17 0.755397
13 18 0.732779
13 19 0.500004
13 20 0.567076
13 21 0.941611
13 22 0.517287
13 23 0.702347
13 24 0.633088
13 25 0.648538
14 1 0.795662
14 2 0.999776
14 3 0.930439
14 4 0.802018
14 5 0.692700
14 6 0.990464
14 7 0.569729
14 8 0.643284
14 9 0.675425
14 10 0.525815
14 11 0.766767
14 12 0.756585
14 13 0.808932
14 14 0.979017
14 15 0.977724
14 16 0.912640
14 17 0.930439
14 18 0.923779
14 19 0.500011
14 20 0.614641
14 21 0.998883
14 22 0.537334
14 23 0.877139
14 24 0.791218
14 25 0.825462
15 1 0.810710
15 2 0.999972
15 3 0.963041
15 4 0.808333
15 5 0.814811
15 6 0.986638
15 7 0.619435
15 8 0.686984
15 9 0.770637
15 10 0.553239
15 11 0.910173
15 12 0.825303
15 13 0.822356
15 14 0.977724
15 15 0.999262
15 16 0.976975
15 17 0.963041
15 18 0.928395
15 19 0.500016
15 20 0.469645
15 21 0.999985
15 22 0.608043
15 23 0.965988
15 24 0.787281
15 25 0.812552
15 26 0.979808
16 1 0.727232
16 2 0.999198
16 3 0.948355
16 4 0.728473
16 5 0.720624
16 6 0.988228
16 7 0.613648
16 8 0.777475
16 9 0.768245
16 10 0.547066
16 11 0.781697
16 12 0.717096
16 13 0.734651
16 14 0.912640
16 15 0.976975
16 16 0.983495
16 17 0.948355
16 18 0.854485
16 19 0.500012
16 20 0.675707
16 21 0.999469
16 22 0.581128
16 23 0.939906
16 24 0.727498
16 25 0.717738
16 26 0.928877
17 1 0.729515
17 2 0.998324
17 4 0.742134
17 5 0.719869
17 6 0.988871
17 7 0.607157
17 8 0.789577
17 9 0.777296
17 10 0.556408
17 11 0.841715
17 12 0.766961
17 13 0.755397
17 14 0.930439
17 15 0.963041
17 16 0.948355
17 17 0.962814
17 18 0.861460
17 19 0.500013
17 20 0.841918
17 21 0.998354
17 22 0.577749
17 23 0.963469
17 24 0.750412
17 25 0.744263
17 26 0.935659
18 1 0.715586
18 2 0.998219
18 3 0.861460
18 4 0.724814
18 5 0.658958
18 6 0.968947
18 7 0.560217
18 8 0.641308
18 9 0.676248
18 10 0.528954
18 11 0.717136
18 12 0.672148
18 13 0.732779
18 14 0.923779
18 15 0.928395
18 16 0.854485
18 17 0.861460
18 18 0.876787
18 19 0.500007
18 20 0.644581
18 21 0.992335
18 22 0.520925
18 23 0.794829
18 24 0.716533
18 25 0.736068
19 1 0.500004
19 2 0.500026
19 3 0.500013
19 4 0.500004
19 5 0.500004
19 6 0.500021
19 7 0.500002
19 8 0.500005
19 9 0.500005
19 10 0.500001
19 11 0.500008
19 12 0.500004
19 13 0.500004
19 14 0.500011
19 15 0.500016
19 16 0.500012
19 17 0.500013
19 18 0.500007
19 19 0.500000
19 20 0.500005
19 21 0.500030
19 22 0.500001
19 23 0.500013
19 24 0.500004
19 25 0.500004
19 26 0.500011
20 1 0.532392
20 2 0.863702
20 3 0.841918
20 4 0.556168
20 5 0.563794
20 6 0.828693
20 7 0.533228
20 8 0.792270
20 9 0.656234
20 10 0.573424
20 11 0.632374
20 12 0.678294
20 13 0.567076
20 14 0.614641
20 15 0.469645
20 16 0.675707
20 17 0.841918
20 18 0.644581
20 19 0.500005
20 20 0.968728
20 21 0.568912
20 22 0.510880
20 23 0.856056
20 24 0.596321
20 25 0.540396
20 26 0.631164
21 1 0.933625
21 2 1.000000
21 3 0.998354
21 4 0.935003
21 5 0.914521
21 6 0.999934
21 7 0.735987
21 8 0.879813
21 9 0.938847
21 10 0.564203
21 11 0.985347
21 12 0.915464
21 13 0.941611
21 14 0.998883
21 15 0.999985
21 16 0.999469
21 17 0.998354
21 18 0.992335
21 19 0.500030
21 20 0.568912
21 21 1.000000
21 22 0.663073
21 23 0.998386
21 24 0.924411
21 25 0.932343
21 26 0.999125
22 1 0.518133
22 2 0.692484
22 3 0.577749
22 5 0.514035
22 6 0.547597
22 7 0.507301
22 8 0.521314
22 9 0.504013
22 10 0.508472
22 11 0.526310
22 12 0.548761
22 13 0.517287
22 14 0.537334
22 15 0.608043
22 16 0.581128
22 17 0.577749
22 18 0.520925
22 19 0.500001
22 20 0.510880
22 21 0.663073
22 22 0.529201
22 23 0.653309
22 24 0.518654
22 25 0.517063
22 26 0.547658
23 1 0.685496
23 2 0.998794
23 3 0.963469
23 4 0.698604
23 5 0.677517
23 6 0.970865
23 7 0.584916
23 8 0.814796
23 9 0.754786
23 10 0.578219
23 11 0.791163
23 12 0.820585
23 13 0.702347
23 14 0.877139
23 15 0.965988
23 16 0.939906
23 17 0.963469
23 18 0.794829
23 19 0.500013
23 20 0.856056
23 21 0.998386
23 22 0.653309
23 23 0.996531
23 24 0.714800
23 25 0.684803
23 26 0.899136
24 1 0.621414
24 2 0.957260
24 3 0.750412
24 4 0.626204
24 5 0.585836
24 6 0.857262
24 7 0.533080
24 8 0.582739
24 9 0.596115
24 10 0.514803
24 11 0.623604
24 12 0.614388
24 13 0.633088
24 14 0.791218
24 15 0.787281
24 16 0.727498
24 17 0.750412
24 18 0.716533
24 19 0.500004
24 20 0.596321
24 21 0.924411
24 22 0.518654
24 23 0.714800
24 24 0.625750
24 25 0.637547
25 1 0.638243
25 2 0.966974
25 3 0.744263
25 4 0.642239
25 5 0.586754
25 6 0.869696
25 7 0.529176
25 8 0.553476
25 9 0.576913
25 10 0.509882
25 11 0.614393
25 12 0.618353
25 13 0.648538
25 14 0.825462
25 15 0.812552
25 16 0.717738
25 17 0.744263
25 18 0.736068
25 19 0.500004
25 20 0.540396
25 21 0.932343
25 22 0.517063
25 23 0.684803
25 24 0.637547
25 25 0.660052
26 2 0.999883
26 6 0.988160
26 7 0.580444
26 8 0.661019
26 10 0.535964
26 12 0.766476
26 15 0.979808
26 16 0.928877
26 17 0.935659
26 19 0.500011
26 20 0.631164
26 21 0.999125
26 22 0.547658
26 23 0.899136
26 26 0.974709
