1 2 0.945696
1 3 0.893042
1 5 0.915114
1 8 0.969768
1 12 0.600797
1 16 0.823998
1 17 0.921491
1 19 0.985058
2 1 0.945696
2 8 0.937470
2 19 0.969552
3 1 0.893042
3 8 0.882358
4 17 0.771171
5 1 0.915114
5 8 0.905495
8 1 0.969768
8 2 0.937470
8 3 0.882358
8 5 0.905495
8 12 0.589778
8 13 0.842952
8 14 0.711176
8 15 0.777662
8 16 0.810865
8 17 0.917238
8 19 0.982795
10 19 0.969561
12 1 0.600797
12 8 0.589778
13 8 0.842952
14 8 0.711176
15 8 0.777662
16 1 0.823998
16 8 0.810865
17 1 0.921491
17 4 0.771171
17 8 0.917238
17 19 0.954637
18 19 0.920487
19 1 0.985058
19 2 0.969552
19 8 0.982795
19 10 0.969561
19 17 0.954637
19 18 0.920487
1 1 0.975313
1 4 0.827672
1 6 0.952787
1 7 0.500470
1 9 0.578892
1 10 0.938247
1 11 0.724676
1 13 0.846317
1 14 0.755627
1 15 0.783206
1 18 0.915933
2 2 0.915970
2 3 0.830337
2 4 0.783628
2 5 0.859396
2 6 0.892269
2 7 0.500372
2 9 0.553700
2 10 0.906839
2 11 0.658626
2 12 0.550882
2 13 0.787685
2 14 0.712728
2 15 0.728644
2 16 0.750403
2 17 0.881812
2 18 0.851125
3 2 0.830337
3 3 0.782103
3 4 0.708694
3 5 0.802499
3 6 0.849818
3 7 0.500244
3 9 0.545283
3 10 0.824097
3 11 0.633591
3 12 0.545337
3 13 0.735449
3 14 0.550212
3 15 0.678000
3 16 0.716654
3 17 0.802885
3 18 0.787563
3 19 0.915438
4 1 0.827672
4 2 0.783628
4 3 0.708694
4 4 0.696680
4 5 0.732979
4 6 0.769813
4 7 0.500090
4 8 0.826585
4 9 0.533163
4 10 0.792078
4 11 0.608861
4 12 0.535105
4 13 0.686904
4 14 0.557931
4 15 0.642827
4 16 0.650355
4 18 0.727770
4 19 0.879373
5 2 0.859396
5 3 0.802499
5 4 0.732979
5 5 0.839014
5 6 0.911416
5 7 0.500170
5 9 0.552398
5 10 0.852102
5 11 0.669097
5 12 0.582031
5 13 0.753280
5 14 0.600599
5 15 0.695011
5 16 0.730639
5 17 0.830701
5 18 0.808344
5 19 0.937531
6 1 0.952787
6 2 0.892269
6 3 0.849818
6 4 0.769813
6 5 0.911416
6 6 0.999590
6 7 0.500496
6 8 0.936191
6 9 0.570630
6 10 0.872469
6 11 0.865129
6 12 0.607888
6 13 0.756584
6 14 0.255370
6 15 0.731018
6 16 0.780528
6 17 0.871646
6 18 0.919972
6 19 0.955922
7 1 0.500470
7 2 0.500372
7 3 0.500244
7 4 0.500090
7 5 0.500170
7 6 0.500496
7 7 0.500004
7 8 0.500400
7 9 0.500020
7 10 0.500188
7 11 0.500119
7 12 0.499815
7 13 0.500078
7 14 0.500364
7 15 0.500182
7 16 0.500175
7 17 0.500174
7 18 0.501108
7 19 0.500348
8 4 0.826585
8 6 0.936191
8 7 0.500400
8 8 0.965938
8 9 0.573037
8 10 0.933688
8 11 0.715394
8 18 0.899274
9 1 0.578892
9 2 0.553700
9 3 0.545283
9 4 0.533163
9 5 0.552398
9 6 0.570630
9 7 0.500020
9 8 0.573037
9 9 0.517835
9 10 0.554558
9 11 0.529361
9 12 0.535953
9 13 0.532467
9 14 0.590612
9 15 0.528048
9 16 0.534398
9 17 0.549318
9 18 0.553709
9 19 0.582270
10 1 0.938247
10 2 0.906839
10 3 0.824097
10 4 0.792078
10 5 0.852102
10 6 0.872469
10 7 0.500188
10 8 0.933688
10 9 0.554558
10 10 0.911752
10 11 0.651565
10 12 0.538968
10 13 0.787844
10 14 0.550710
10 15 0.725961
10 16 0.739077
10 17 0.884025
10 18 0.831844
11 1 0.724676
11 2 0.658626
11 3 0.633591
11 4 0.608861
11 5 0.669097
11 6 0.865129
11 7 0.500119
11 8 0.715394
11 9 0.529361
11 10 0.651565
11 11 0.649620
11 12 0.552392
11 13 0.605378
11 14 0.590260
11 15 0.590168
11 16 0.607997
11 17 0.657260
11 18 0.706073
11 19 0.728636
12 2 0.550882
12 3 0.545337
12 4 0.535105
12 5 0.582031
12 6 0.607888
12 7 0.499815
12 9 0.535953
12 10 0.538968
12 11 0.552392
12 12 0.713125
12 13 0.528782
12 14 0.866827
12 15 0.543082
12 16 0.555036
12 17 0.547610
12 18 0.677663
12 19 0.571975
13 1 0.846317
13 2 0.787685
13 3 0.735449
13 4 0.686904
13 5 0.753280
13 6 0.756584
13 7 0.500078
13 9 0.532467
13 10 0.787844
13 11 0.605378
13 12 0.528782
13 13 0.715593
13 14 0.566406
13 15 0.653804
13 16 0.681648
13 17 0.770391
13 18 0.710402
13 19 0.881717
14 1 0.755627
14 2 0.712728
14 3 0.550212
14 4 0.557931
14 5 0.600599
14 6 0.255370
14 7 0.500364
14 9 0.590612
14 10 0.550710
14 11 0.590260
14 12 0.866827
14 13 0.566406
14 14 0.999976
14 15 0.597304
14 16 0.630577
14 17 0.580394
14 18 0.773702
14 19 0.651974
15 1 0.783206
15 2 0.728644
15 3 0.678000
15 4 0.642827
15 5 0.695011
15 6 0.731018
15 7 0.500182
15 9 0.528048
15 10 0.725961
15 11 0.590168
15 12 0.543082
15 13 0.653804
15 14 0.597304
15 15 0.620118
15 16 0.635360
15 17 0.710512
15 18 0.719384
15 19 0.815562
16 2 0.750403
16 3 0.716654
16 4 0.650355
16 5 0.730639
16 6 0.780528
16 7 0.500175
16 9 0.534398
16 10 0.739077
16 11 0.607997
16 12 0.555036
16 13 0.681648
16 14 0.630577
16 15 0.635360
16 16 0.676008
16 17 0.727246
16 18 0.734573
16 19 0.836749
17 2 0.881812
17 3 0.802885
17 5 0.830701
17 6 0.871646
17 7 0.500174
17 9 0.549318
17 10 0.884025
17 11 0.657260
17 12 0.547610
17 13 0.770391
17 14 0.580394
17 15 0.710512
17 16 0.727246
17 17 0.861800
17 18 0.821080
18 1 0.915933
18 2 0.851125
18 3 0.787563
18 4 0.727770
18 5 0.808344
18 6 0.919972
18 7 0.501108
18 8 0.899274
18 9 0.553709
18 10 0.831844
18 11 0.706073
18 12 0.677663
18 13 0.710402
18 14 0.773702
18 15 0.719384
18 16 0.734573
18 17 0.821080
18 18 0.993448
19 3 0.915438
19 4 0.879373
19 5 0.937531
19 6 0.955922
19 7 0.500348
19 9 0.582270
19 11 0.728636
19 12 0.571975
19 13 0.881717
19 14 0.651974
19 15 0.815562
19 16 0.836749
19 19 0.994480
