1 2 0.997332
1 3 0.994208
1 5 0.988253
1 8 0.999923
1 12 0.972774
1 16 0.787011
1 17 0.998070
1 19 0.999411
2 1 0.997332
2 8 0.999524
2 19 0.997363
3 1 0.994208
3 8 0.998680
4 17 0.926701
5 1 0.988253
5 8 0.997326
8 1 0.999923
8 2 0.999524
8 3 0.998680
8 5 0.997326
8 12 0.988955
8 13 0.998640
8 14 0.999687
8 15 0.500000
8 16 0.869746
8 17 0.999664
8 19 0.999930
10 19 0.993793
12 1 0.972774
12 8 0.988955
13 8 0.998640
14 8 0.999687
15 8 0.500000
16 1 0.787011
16 8 0.869746
17 1 0.998070
17 4 0.926701
17 8 0.999664
17 19 0.998325
18 19 0.990463
19 1 0.999411
19 2 0.997363
19 8 0.999930
19 10 0.993793
19 17 0.998325
19 18 0.990463
1 1 0.999405
1 4 0.949665
1 6 0.999875
1 7 0.503724
1 9 0.583114
1 10 0.991961
1 11 0.755079
1 13 0.993885
1 14 0.997888
1 15 0.500000
1 18 0.992050
2 2 0.992470
2 3 0.984707
2 4 0.904710
2 5 0.976090
2 6 0.999191
2 7 0.503132
2 9 0.569459
2 10 0.977898
2 11 0.701423
2 12 0.944976
2 13 0.983685
2 14 0.993546
2 15 0.500000
2 16 0.717610
2 17 0.993050
2 18 0.986514
3 2 0.984707
3 3 0.974425
3 4 0.879364
3 5 0.959540
3 6 0.997958
3 7 0.502729
3 9 0.557290
3 10 0.965433
3 11 0.687478
3 12 0.921291
3 13 0.973100
3 14 0.987284
3 15 0.500000
3 16 0.713248
3 17 0.987029
3 18 0.965538
3 19 0.994412
4 1 0.949665
4 2 0.904710
4 3 0.879364
4 4 0.779808
4 5 0.835033
4 6 0.974895
4 7 0.501299
4 8 0.975929
4 9 0.534391
4 10 0.880411
4 11 0.612800
4 12 0.798568
4 13 0.878700
4 14 0.913050
4 15 0.500000
4 16 0.653777
4 18 0.842099
4 19 0.952570
5 2 0.976090
5 3 0.959540
5 4 0.835033
5 5 0.958676
5 6 0.996416
5 7 0.502834
5 9 0.571178
5 10 0.943491
5 11 0.674216
5 12 0.889910
5 13 0.959398
5 14 0.979916
5 15 0.500000
5 16 0.718262
5 17 0.975714
5 18 0.977563
5 19 0.988434
6 1 0.999875
6 2 0.999191
6 3 0.997958
6 4 0.974895
6 5 0.996416
6 6 1.000000
6 7 0.507099
6 8 0.999989
6 9 0.597263
6 10 0.997246
6 11 0.894564
6 12 0.985636
6 13 0.997780
6 14 0.999159
6 15 0.500000
6 16 0.900048
6 17 0.999542
6 18 0.999305
6 19 0.999888
7 1 0.503724
7 2 0.503132
7 3 0.502729
7 4 0.501299
7 5 0.502834
7 6 0.507099
7 7 0.500031
7 8 0.505109
7 9 0.500393
7 10 0.502391
7 11 0.500975
7 12 0.501886
7 13 0.502521
7 14 0.503645
7 15 0.500000
7 16 0.501472
7 17 0.503078
7 18 0.507116
7 19 0.503769
8 4 0.975929
8 6 0.999989
8 7 0.505109
8 8 0.999995
8 9 0.616750
8 10 0.997947
8 11 0.808558
8 18 0.998528
9 1 0.583114
9 2 0.569459
9 3 0.557290
9 4 0.534391
9 5 0.571178
9 6 0.597263
9 7 0.500393
9 8 0.616750
9 9 0.519474
9 10 0.563996
9 11 0.519544
9 12 0.536103
9 13 0.552668
9 14 0.572274
9 15 0.500000
9 16 0.537559
9 17 0.573546
9 18 0.650443
9 19 0.591938
10 1 0.991961
10 2 0.977898
10 3 0.965433
10 4 0.880411
10 5 0.943491
10 6 0.997246
10 7 0.502391
10 8 0.997947
10 9 0.563996
10 10 0.967754
10 11 0.702968
10 12 0.906815
10 13 0.964926
10 14 0.983568
10 15 0.500000
10 16 0.775743
10 17 0.985037
10 18 0.945876
11 1 0.755079
11 2 0.701423
11 3 0.687478
11 4 0.612800
11 5 0.674216
11 6 0.894564
11 7 0.500975
11 8 0.808558
11 9 0.519544
11 10 0.702968
11 11 0.610088
11 12 0.637990
11 13 0.683716
11 14 0.724920
11 15 0.500000
11 16 0.625816
11 17 0.728841
11 18 0.702342
11 19 0.776127
12 2 0.944976
12 3 0.921291
12 4 0.798568
12 5 0.889910
12 6 0.985636
12 7 0.501886
12 9 0.536103
12 10 0.906815
12 11 0.637990
12 12 0.858739
12 13 0.918681
12 14 0.950999
12 15 0.500000
12 16 0.633100
12 17 0.950616
12 18 0.920555
12 19 0.971402
13 1 0.993885
13 2 0.983685
13 3 0.973100
13 4 0.878700
13 5 0.959398
13 6 0.997780
13 7 0.502521
13 9 0.552668
13 10 0.964926
13 11 0.683716
13 12 0.918681
13 13 0.973928
13 14 0.987126
13 15 0.500000
13 16 0.731019
13 17 0.986601
13 18 0.951969
13 19 0.994194
14 1 0.997888
14 2 0.993546
14 3 0.987284
14 4 0.913050
14 5 0.979916
14 6 0.999159
14 7 0.503645
14 9 0.572274
14 10 0.983568
14 11 0.724920
14 12 0.950999
14 13 0.987126
14 14 0.995926
14 15 0.500000
14 16 0.794736
14 17 0.994555
14 18 0.987487
14 19 0.998182
15 1 0.500000
15 2 0.500000
15 3 0.500000
15 4 0.500000
15 5 0.500000
15 6 0.500000
15 7 0.500000
15 9 0.500000
15 10 0.500000
15 11 0.500000
15 12 0.500000
15 13 0.500000
15 14 0.500000
15 15 0.500000
15 16 0.500000
15 17 0.500000
15 18 0.500000
15 19 0.500000
16 2 0.717610
16 3 0.713248
16 4 0.653777
16 5 0.718262
16 6 0.900048
16 7 0.501472
16 9 0.537559
16 10 0.775743
16 11 0.625816
16 12 0.633100
16 13 0.731019
16 14 0.794736
16 15 0.500000
16 16 0.788159
16 17 0.780277
16 18 0.724610
16 19 0.838909
17 2 0.993050
17 3 0.987029
17 5 0.975714
17 6 0.999542
17 7 0.503078
17 9 0.573546
17 10 0.985037
17 11 0.728841
17 12 0.950616
17 13 0.986601
17 14 0.994555
17 15 0.500000
17 16 0.780277
17 17 0.995259
17 18 0.980011
18 1 0.992050
18 2 0.986514
18 3 0.965538
18 4 0.842099
18 5 0.977563
18 6 0.999305
18 7 0.507116
18 8 0.998528
18 9 0.650443
18 10 0.945876
18 11 0.702342
18 12 0.920555
18 13 0.951969
18 14 0.987487
18 15 0.500000
18 16 0.724610
18 17 0.980011
18 18 0.999984
19 3 0.994412
19 4 0.952570
19 5 0.988434
19 6 0.999888
19 7 0.503769
19 9 0.591938
19 11 0.776127
19 12 0.971402
19 13 0.994194
19 14 0.998182
19 15 0.500000
19 16 0.838909
19 19 0.999549
