1 2 0.998779
1 3 0.997438
1 5 0.993360
1 8 0.999785
1 12 0.993949
1 16 0.968712
1 17 0.993837
1 19 0.999878
2 1 0.998779
2 8 0.998031
2 19 0.999097
3 1 0.997438
3 8 0.997187
4 17 0.799448
5 1 0.993360
5 8 0.992008
8 1 0.999785
8 2 0.998031
8 3 0.997187
8 5 0.992008
8 12 0.993487
8 13 0.985973
8 14 0.992713
8 15 0.966849
8 16 0.952978
8 17 0.993466
8 19 0.999899
10 19 0.999884
12 1 0.993949
12 8 0.993487
13 8 0.985973
14 8 0.992713
15 8 0.966849
16 1 0.968712
16 8 0.952978
17 1 0.993837
17 4 0.799448
17 8 0.993466
17 19 0.995153
18 19 0.999967
19 1 0.999878
19 2 0.999097
19 8 0.999899
19 10 0.999884
19 17 0.995153
19 18 0.999967
1 1 0.999838
1 4 0.906227
1 6 0.999999
1 7 0.502919
1 9 0.607027
1 10 0.997656
1 11 0.904931
1 13 0.985165
1 14 0.990614
1 15 0.962398
1 18 0.999191
2 2 0.995582
2 3 0.988801
2 4 0.840672
2 5 0.977671
2 6 0.999924
2 7 0.501741
2 9 0.600792
2 10 0.991456
2 11 0.860707
2 12 0.979958
2 13 0.956136
2 14 0.967467
2 15 0.913527
2 16 0.950506
2 17 0.978790
2 18 0.995970
3 2 0.988801
3 3 0.984522
3 4 0.824147
3 5 0.968547
3 6 0.999922
3 7 0.502173
3 9 0.566580
3 10 0.984494
3 11 0.807569
3 12 0.971155
3 13 0.949649
3 14 0.963485
3 15 0.905925
3 16 0.896941
3 17 0.970569
3 18 0.992657
3 19 0.997997
4 1 0.906227
4 2 0.840672
4 3 0.824147
4 4 0.669739
4 5 0.785508
4 6 0.977000
4 7 0.500860
4 8 0.907539
4 9 0.519957
4 10 0.808171
4 11 0.660095
4 12 0.787572
4 13 0.755683
4 14 0.779059
4 15 0.708840
4 16 0.675564
4 18 0.844039
4 19 0.895829
5 2 0.977671
5 3 0.968547
5 4 0.785508
5 5 0.955709
5 6 0.999832
5 7 0.501873
5 9 0.558343
5 10 0.960338
5 11 0.783881
5 12 0.948804
5 13 0.918533
5 14 0.936632
5 15 0.863933
5 16 0.893291
5 17 0.949224
5 18 0.978920
5 19 0.992154
6 1 0.999999
6 2 0.999924
6 3 0.999922
6 4 0.977000
6 5 0.999832
6 6 1.000000
6 7 0.508389
6 8 0.999999
6 9 0.657270
6 10 0.999741
6 11 0.987557
6 12 0.999658
6 13 0.999021
6 14 0.999366
6 15 0.996438
6 16 0.997573
6 17 0.999682
6 18 0.999962
6 19 0.999997
7 1 0.502919
7 2 0.501741
7 3 0.502173
7 4 0.500860
7 5 0.501873
7 6 0.508389
7 7 0.500018
7 8 0.503458
7 9 0.500165
7 10 0.502042
7 11 0.500634
7 12 0.501841
7 13 0.501850
7 14 0.502336
7 15 0.501527
7 16 0.500807
7 17 0.501864
7 18 0.502398
7 19 0.503154
8 4 0.907539
8 6 0.999999
8 7 0.503458
8 8 0.999817
8 9 0.588051
8 10 0.997963
8 11 0.885590
8 18 0.999321
9 1 0.607027
9 2 0.600792
9 3 0.566580
9 4 0.519957
9 5 0.558343
9 6 0.657270
9 7 0.500165
9 8 0.588051
9 9 0.515841
9 10 0.593902
9 11 0.542211
9 12 0.562567
9 13 0.542445
9 14 0.547022
9 15 0.534341
9 16 0.577592
9 17 0.556763
9 18 0.602916
9 19 0.631086
10 1 0.997656
10 2 0.991456
10 3 0.984494
10 4 0.808171
10 5 0.960338
10 6 0.999741
10 7 0.502042
10 8 0.997963
10 9 0.593902
10 10 0.998324
10 11 0.805872
10 12 0.977752
10 13 0.948318
10 14 0.976141
10 15 0.926364
10 16 0.913198
10 17 0.972790
10 18 0.999242
11 1 0.904931
11 2 0.860707
11 3 0.807569
11 4 0.660095
11 5 0.783881
11 6 0.987557
11 7 0.500634
11 8 0.885590
11 9 0.542211
11 10 0.805872
11 11 0.739614
11 12 0.778179
11 13 0.716591
11 14 0.722209
11 15 0.689574
11 16 0.771277
11 17 0.785460
11 18 0.833864
11 19 0.885234
12 2 0.979958
12 3 0.971155
12 4 0.787572
12 5 0.948804
12 6 0.999658
12 7 0.501841
12 9 0.562567
12 10 0.977752
12 11 0.778179
12 12 0.954235
12 13 0.923831
12 14 0.946477
12 15 0.876413
12 16 0.878380
12 17 0.952571
12 18 0.987965
12 19 0.996312
13 1 0.985165
13 2 0.956136
13 3 0.949649
13 4 0.755683
13 5 0.918533
13 6 0.999021
13 7 0.501850
13 9 0.542445
13 10 0.948318
13 11 0.716591
13 12 0.923831
13 13 0.901684
13 14 0.916970
13 15 0.842159
13 16 0.786573
13 17 0.924390
13 18 0.968386
13 19 0.987517
14 1 0.990614
14 2 0.967467
14 3 0.963485
14 4 0.779059
14 5 0.936632
14 6 0.999366
14 7 0.502336
14 9 0.547022
14 10 0.976141
14 11 0.722209
14 12 0.946477
14 13 0.916970
14 14 0.960395
14 15 0.874798
14 16 0.849964
14 17 0.945599
14 18 0.987155
14 19 0.996028
15 1 0.962398
15 2 0.913527
15 3 0.905925
15 4 0.708840
15 5 0.863933
15 6 0.996438
15 7 0.501527
15 9 0.534341
15 10 0.926364
15 11 0.689574
15 12 0.876413
15 13 0.842159
15 14 0.874798
15 15 0.795774
15 16 0.748380
15 17 0.875910
15 18 0.949375
15 19 0.976352
16 2 0.950506
16 3 0.896941
16 4 0.675564
16 5 0.893291
16 6 0.997573
16 7 0.500807
16 9 0.577592
16 10 0.913198
16 11 0.771277
16 12 0.878380
16 13 0.786573
16 14 0.849964
16 15 0.748380
16 16 0.941220
16 17 0.865561
16 18 0.945443
16 19 0.970343
17 2 0.978790
17 3 0.970569
17 5 0.949224
17 6 0.999682
17 7 0.501864
17 9 0.556763
17 10 0.972790
17 11 0.785460
17 12 0.952571
17 13 0.924390
17 14 0.945599
17 15 0.875910
17 16 0.865561
17 17 0.953668
17 18 0.984962
18 1 0.999191
18 2 0.995970
18 3 0.992657
18 4 0.844039
18 5 0.978920
18 6 0.999962
18 7 0.502398
18 8 0.999321
18 9 0.602916
18 10 0.999242
18 11 0.833864
18 12 0.987965
18 13 0.968386
18 14 0.987155
18 15 0.949375
18 16 0.945443
18 17 0.984962
18 18 0.999746
19 3 0.997997
19 4 0.895829
19 5 0.992154
19 6 0.999997
19 7 0.503154
19 9 0.631086
19 11 0.885234
19 12 0.996312
19 13 0.987517
19 14 0.996028
19 15 0.976352
19 16 0.970343
19 19 0.999998
