1 2 0.983288
1 3 0.903780
1 5 0.966515
1 8 0.971328
1 12 0.870874
1 16 0.930972
1 17 0.923835
1 19 0.998068
2 1 0.983288
2 8 0.956446
2 19 0.996841
3 1 0.903780
3 8 0.881411
4 17 0.500000
5 1 0.966515
5 8 0.920463
8 1 0.971328
8 2 0.956446
8 3 0.881411
8 5 0.920463
8 12 0.796902
8 13 0.854277
8 14 0.786367
8 15 0.726429
8 16 0.882128
8 17 0.881307
8 19 0.992114
10 19 0.996929
12 1 0.870874
12 8 0.796902
13 8 0.854277
14 8 0.786367
15 8 0.726429
16 1 0.930972
16 8 0.882128
17 1 0.923835
17 4 0.500000
17 8 0.881307
17 19 0.967670
18 19 0.997730
19 1 0.998068
19 2 0.996841
19 8 0.992114
19 10 0.996929
19 17 0.967670
19 18 0.997730
1 1 0.990785
1 4 0.500000
1 6 0.978382
1 7 0.501168
1 9 0.731297
1 10 0.981192
1 11 0.782796
1 13 0.866087
1 14 0.729477
1 15 0.730878
1 18 0.983087
2 2 0.976615
2 3 0.875007
2 4 0.500000
2 5 0.941139
2 6 0.948659
2 7 0.500894
2 9 0.708671
2 10 0.974204
2 11 0.758629
2 12 0.842151
2 13 0.830689
2 14 0.706392
2 15 0.708433
2 16 0.905966
2 17 0.901132
2 18 0.978819
3 2 0.875007
3 3 0.802853
3 4 0.500000
3 5 0.832604
3 6 0.880612
3 7 0.500946
3 9 0.615857
3 10 0.872305
3 11 0.673981
3 12 0.705069
3 13 0.717032
3 14 0.682254
3 15 0.643244
3 16 0.781381
3 17 0.782841
3 18 0.884203
3 19 0.954863
4 1 0.500000
4 2 0.500000
4 3 0.500000
4 4 0.500000
4 5 0.500000
4 6 0.500000
4 7 0.500000
4 8 0.500000
4 9 0.500000
4 10 0.500000
4 11 0.500000
4 12 0.500000
4 13 0.500000
4 14 0.500000
4 15 0.500000
4 16 0.500000
4 18 0.500000
4 19 0.500000
5 2 0.941139
5 3 0.832604
5 4 0.500000
5 5 0.934617
5 6 0.962150
5 7 0.500939
5 9 0.669459
5 10 0.938377
5 11 0.708411
5 12 0.797578
5 13 0.812466
5 14 0.660359
5 15 0.655499
5 16 0.863008
5 17 0.848461
5 18 0.935787
5 19 0.986090
6 1 0.978382
6 2 0.948659
6 3 0.880612
6 4 0.500000
6 5 0.962150
6 6 0.998278
6 7 0.501005
6 8 0.932395
6 9 0.681166
6 10 0.950080
6 11 0.787725
6 12 0.828194
6 13 0.763174
6 14 0.594588
6 15 0.665931
6 16 0.890900
6 17 0.868041
6 18 0.934108
6 19 0.988665
7 1 0.501168
7 2 0.500894
7 3 0.500946
7 4 0.500000
7 5 0.500939
7 6 0.501005
7 7 0.500012
7 8 0.501777
7 9 0.500209
7 10 0.500894
7 11 0.500110
7 12 0.500344
7 13 0.501743
7 14 0.501397
7 15 0.500692
7 16 0.500675
7 17 0.500696
7 18 0.501168
7 19 0.501574
8 4 0.500000
8 6 0.932395
8 7 0.501777
8 8 0.959757
8 9 0.682129
8 10 0.953435
8 11 0.723312
8 18 0.961945
9 1 0.731297
9 2 0.708671
9 3 0.615857
9 4 0.500000
9 5 0.669459
9 6 0.681166
9 7 0.500209
9 8 0.682129
9 9 0.570180
9 10 0.709498
9 11 0.559101
9 12 0.598701
9 13 0.618283
9 14 0.544930
9 15 0.556206
9 16 0.641831
9 17 0.631584
9 18 0.707760
9 19 0.801124
10 1 0.981192
10 2 0.974204
10 3 0.872305
10 4 0.500000
10 5 0.938377
10 6 0.950080
10 7 0.500894
10 8 0.953435
10 9 0.709498
10 10 0.976248
10 11 0.755286
10 12 0.834707
10 13 0.845480
10 14 0.707065
10 15 0.694118
10 16 0.898236
10 17 0.894596
10 18 0.978888
11 1 0.782796
11 2 0.758629
11 3 0.673981
11 4 0.500000
11 5 0.708411
11 6 0.787725
11 7 0.500110
11 8 0.723312
11 9 0.559101
11 10 0.755286
11 11 0.628481
11 12 0.629712
11 13 0.558831
11 14 0.553574
11 15 0.561426
11 16 0.669495
11 17 0.670542
11 18 0.762689
11 19 0.853099
12 2 0.842151
12 3 0.705069
12 4 0.500000
12 5 0.797578
12 6 0.828194
12 7 0.500344
12 9 0.598701
12 10 0.834707
12 11 0.629712
12 12 0.690719
12 13 0.661368
12 14 0.583032
12 15 0.592993
12 16 0.739314
12 17 0.731139
12 18 0.838178
12 19 0.927461
13 1 0.866087
13 2 0.830689
13 3 0.717032
13 4 0.500000
13 5 0.812466
13 6 0.763174
13 7 0.501743
13 9 0.618283
13 10 0.845480
13 11 0.558831
13 12 0.661368
13 13 0.883315
13 14 0.720614
13 15 0.629539
13 16 0.743535
13 17 0.730701
13 18 0.845461
13 19 0.934588
14 1 0.729477
14 2 0.706392
14 3 0.682254
14 4 0.500000
14 5 0.660359
14 6 0.594588
14 7 0.501397
14 9 0.544930
14 10 0.707065
14 11 0.553574
14 12 0.583032
14 13 0.720614
14 14 0.711663
14 15 0.607170
14 16 0.639593
14 17 0.654938
14 18 0.741781
14 19 0.812519
15 1 0.730878
15 2 0.708433
15 3 0.643244
15 4 0.500000
15 5 0.655499
15 6 0.665931
15 7 0.500692
15 9 0.556206
15 10 0.694118
15 11 0.561426
15 12 0.592993
15 13 0.629539
15 14 0.607170
15 15 0.587031
15 16 0.643850
15 17 0.642777
15 18 0.719736
15 19 0.795967
16 2 0.905966
16 3 0.781381
16 4 0.500000
16 5 0.863008
16 6 0.890900
16 7 0.500675
16 9 0.641831
16 10 0.898236
16 11 0.669495
16 12 0.739314
16 13 0.743535
16 14 0.639593
16 15 0.643850
16 16 0.815425
16 17 0.804044
16 18 0.903757
16 19 0.969352
17 2 0.901132
17 3 0.782841
17 5 0.848461
17 6 0.868041
17 7 0.500696
17 9 0.631584
17 10 0.894596
17 11 0.670542
17 12 0.731139
17 13 0.730701
17 14 0.654938
17 15 0.642777
17 16 0.804044
17 17 0.799730
17 18 0.904226
18 1 0.983087
18 2 0.978819
18 3 0.884203
18 4 0.500000
18 5 0.935787
18 6 0.934108
18 7 0.501168
18 8 0.961945
18 9 0.707760
18 10 0.978888
18 11 0.762689
18 12 0.838178
18 13 0.845461
18 14 0.741781
18 15 0.719736
18 16 0.903757
18 17 0.904226
18 18 0.985219
19 3 0.954863
19 4 0.500000
19 5 0.986090
19 6 0.988665
19 7 0.501574
19 9 0.801124
19 11 0.853099
19 12 0.927461
19 13 0.934588
19 14 0.812519
19 15 0.795967
19 16 0.969352
19 19 0.999887
