1 2 0.913061
1 3 0.914696
1 5 0.817237
1 8 0.967673
1 12 0.813829
1 16 0.813309
1 17 0.908689
1 19 0.981558
2 1 0.913061
2 8 0.928644
2 19 0.958040
3 1 0.914696
3 8 0.927383
4 17 0.500000
5 1 0.817237
5 8 0.827964
8 1 0.967673
8 2 0.928644
8 3 0.927383
8 5 0.827964
8 12 0.836260
8 13 0.942658
8 14 0.951996
8 15 0.802559
8 16 0.823754
8 17 0.927006
8 19 0.987145
10 19 0.941916
12 1 0.813829
12 8 0.836260
13 8 0.942658
14 8 0.951996
15 8 0.802559
16 1 0.813309
16 8 0.823754
17 1 0.908689
17 4 0.500000
17 8 0.927006
17 19 0.955318
18 19 0.967255
19 1 0.981558
19 2 0.958040
19 8 0.987145
19 10 0.941916
19 17 0.955318
19 18 0.967255
1 1 0.960586
1 4 0.500000
1 6 0.991665
1 7 0.502997
1 9 0.617608
1 10 0.882731
1 11 0.592624
1 13 0.935281
1 14 0.949830
1 15 0.778255
1 18 0.915050
2 2 0.861917
2 3 0.851006
2 4 0.500000
2 5 0.740767
2 6 0.979685
2 7 0.501860
2 9 0.587282
2 10 0.831810
2 11 0.576342
2 12 0.744618
2 13 0.868663
2 14 0.862644
2 15 0.720048
2 16 0.743387
2 17 0.857478
2 18 0.872465
3 2 0.851006
3 3 0.859632
3 4 0.500000
3 5 0.756160
3 6 0.968418
3 7 0.502245
3 9 0.581822
3 10 0.814220
3 11 0.558967
3 12 0.752141
3 13 0.888170
3 14 0.877094
3 15 0.721452
3 16 0.744626
3 17 0.845964
3 18 0.849034
3 19 0.949205
4 1 0.500000
4 2 0.500000
4 3 0.500000
4 4 0.500000
4 5 0.500000
4 6 0.500000
4 7 0.500000
4 8 0.500000
4 9 0.500000
4 10 0.500000
4 11 0.500000
4 12 0.500000
4 13 0.500000
4 14 0.500000
4 15 0.500000
4 16 0.500000
4 18 0.500000
4 19 0.500000
5 2 0.740767
5 3 0.756160
5 4 0.500000
5 5 0.682734
5 6 0.876109
5 7 0.501588
5 9 0.554765
5 10 0.708402
5 11 0.535372
5 12 0.668071
5 13 0.789942
5 14 0.813887
5 15 0.642017
5 16 0.661031
5 17 0.735337
5 18 0.735785
5 19 0.853623
6 1 0.991665
6 2 0.979685
6 3 0.968418
6 4 0.500000
6 5 0.876109
6 6 1.000000
6 7 0.504739
6 8 0.993332
6 9 0.714349
6 10 0.969779
6 11 0.735103
6 12 0.858718
6 13 0.947513
6 14 0.992326
6 15 0.860896
6 16 0.927427
6 17 0.973924
6 18 0.987793
6 19 0.998842
7 1 0.502997
7 2 0.501860
7 3 0.502245
7 4 0.500000
7 5 0.501588
7 6 0.504739
7 7 0.500031
7 8 0.503249
7 9 0.500648
7 10 0.501422
7 11 0.500407
7 12 0.501666
7 13 0.502597
7 14 0.505458
7 15 0.501317
7 16 0.501545
7 17 0.501981
7 18 0.501704
7 19 0.503074
8 4 0.500000
8 6 0.993332
8 7 0.503249
8 8 0.976655
8 9 0.626281
8 10 0.899416
8 11 0.598756
8 18 0.931131
9 1 0.617608
9 2 0.587282
9 3 0.581822
9 4 0.500000
9 5 0.554765
9 6 0.714349
9 7 0.500648
9 8 0.626281
9 9 0.526703
9 10 0.576483
9 11 0.519608
9 12 0.556300
9 13 0.577816
9 14 0.676481
9 15 0.547829
9 16 0.560804
9 17 0.587295
9 18 0.593948
9 19 0.648470
10 1 0.882731
10 2 0.831810
10 3 0.814220
10 4 0.500000
10 5 0.708402
10 6 0.969779
10 7 0.501422
10 8 0.899416
10 9 0.576483
10 10 0.809268
10 11 0.566800
10 12 0.706702
10 13 0.831164
10 14 0.823495
10 15 0.687582
10 16 0.710450
10 17 0.825778
10 18 0.852339
11 1 0.592624
11 2 0.576342
11 3 0.558967
11 4 0.500000
11 5 0.535372
11 6 0.735103
11 7 0.500407
11 8 0.598756
11 9 0.519608
11 10 0.566800
11 11 0.549215
11 12 0.541638
11 13 0.545392
11 14 0.577146
11 15 0.536422
11 16 0.545073
11 17 0.574513
11 18 0.577479
11 19 0.624579
12 2 0.744618
12 3 0.752141
12 4 0.500000
12 5 0.668071
12 6 0.858718
12 7 0.501666
12 9 0.556300
12 10 0.706702
12 11 0.541638
12 12 0.681456
12 13 0.776870
12 14 0.812326
12 15 0.651851
12 16 0.664116
12 17 0.745795
12 18 0.735060
12 19 0.854797
13 1 0.935281
13 2 0.868663
13 3 0.888170
13 4 0.500000
13 5 0.789942
13 6 0.947513
13 7 0.502597
13 9 0.577816
13 10 0.831164
13 11 0.545392
13 12 0.776870
13 13 0.938260
13 14 0.870368
13 15 0.736933
13 16 0.764761
13 17 0.863183
13 18 0.861488
13 19 0.959087
14 1 0.949830
14 2 0.862644
14 3 0.877094
14 4 0.500000
14 5 0.813887
14 6 0.992326
14 7 0.505458
14 9 0.676481
14 10 0.823495
14 11 0.577146
14 12 0.812326
14 13 0.870368
14 14 0.998773
14 15 0.755302
14 16 0.839433
14 17 0.865837
14 18 0.868195
14 19 0.959318
15 1 0.778255
15 2 0.720048
15 3 0.721452
15 4 0.500000
15 5 0.642017
15 6 0.860896
15 7 0.501317
15 9 0.547829
15 10 0.687582
15 11 0.536422
15 12 0.651851
15 13 0.736933
15 14 0.755302
15 15 0.631277
15 16 0.639050
15 17 0.720051
15 18 0.718252
15 19 0.829599
16 2 0.743387
16 3 0.744626
16 4 0.500000
16 5 0.661031
16 6 0.927427
16 7 0.501545
16 9 0.560804
16 10 0.710450
16 11 0.545073
16 12 0.664116
16 13 0.764761
16 14 0.839433
16 15 0.639050
16 16 0.681041
16 17 0.738838
16 18 0.742069
16 19 0.856104
17 2 0.857478
17 3 0.845964
17 5 0.735337
17 6 0.973924
17 7 0.501981
17 9 0.587295
17 10 0.825778
17 11 0.574513
17 12 0.745795
17 13 0.863183
17 14 0.865837
17 15 0.720051
17 16 0.738838
17 17 0.855727
17 18 0.867576
18 1 0.915050
18 2 0.872465
18 3 0.849034
18 4 0.500000
18 5 0.735785
18 6 0.987793
18 7 0.501704
18 8 0.931131
18 9 0.593948
18 10 0.852339
18 11 0.577479
18 12 0.735060
18 13 0.861488
18 14 0.868195
18 15 0.718252
18 16 0.742069
18 17 0.867576
18 18 0.898711
19 3 0.949205
19 4 0.500000
19 5 0.853623
19 6 0.998842
19 7 0.503074
19 9 0.648470
19 11 0.624579
19 12 0.854797
19 13 0.959087
19 14 0.959318
19 15 0.829599
19 16 0.856104
19 19 0.995582
