1 2 0.685443
1 3 0.715656
1 5 0.774016
1 8 0.843150
1 12 0.741764
1 16 0.647931
1 17 0.782054
1 19 0.882573
2 1 0.685443
2 8 0.661288
2 19 0.690516
3 1 0.715656
3 8 0.722583
4 17 0.639706
5 1 0.774016
5 8 0.771693
8 1 0.843150
8 2 0.661288
8 3 0.722583
8 5 0.771693
8 12 0.739206
8 13 0.768234
8 14 0.775680
8 15 0.662926
8 16 0.671512
8 17 0.786403
8 19 0.894963
10 19 0.500000
12 1 0.741764
12 8 0.739206
13 8 0.768234
14 8 0.775680
15 8 0.662926
16 1 0.647931
16 8 0.671512
17 1 0.782054
17 4 0.639706
17 8 0.786403
17 19 0.829090
18 19 0.910022
19 1 0.882573
19 2 0.690516
19 8 0.894963
19 10 0.500000
19 17 0.829090
19 18 0.910022
1 1 0.846479
1 4 0.669881
1 6 0.833371
1 7 0.500703
1 9 0.538863
1 10 0.500000
1 11 0.554671
1 13 0.753667
1 14 0.849518
1 15 0.644384
1 18 0.840014
2 2 0.626342
2 3 0.609758
2 4 0.571035
2 5 0.632234
2 6 0.738906
2 7 0.500613
2 9 0.521466
2 10 0.500000
2 11 0.543072
2 12 0.614474
2 13 0.605139
2 14 0.741667
2 15 0.555296
2 16 0.553150
2 17 0.628326
2 18 0.648901
3 2 0.609758
3 3 0.696537
3 4 0.580067
3 5 0.666397
3 6 0.596400
3 7 0.500404
3 9 0.528932
3 10 0.500000
3 11 0.531789
3 12 0.637332
3 13 0.623036
3 14 0.687088
3 15 0.591406
3 16 0.593967
3 17 0.660970
3 18 0.755034
3 19 0.777449
4 1 0.669881
4 2 0.571035
4 3 0.580067
4 4 0.589701
4 5 0.621686
4 6 0.652072
4 7 0.500372
4 8 0.667457
4 9 0.516412
4 10 0.500000
4 11 0.521254
4 12 0.606424
4 13 0.617874
4 14 0.689766
4 15 0.562007
4 16 0.562824
4 18 0.660157
4 19 0.695292
5 2 0.632234
5 3 0.666397
5 4 0.621686
5 5 0.714319
5 6 0.755706
5 7 0.500356
5 9 0.525887
5 10 0.500000
5 11 0.539808
5 12 0.684372
5 13 0.692660
5 14 0.765568
5 15 0.606742
5 16 0.608436
5 17 0.715097
5 18 0.772670
5 19 0.815547
6 1 0.833371
6 2 0.738906
6 3 0.596400
6 4 0.652072
6 5 0.755706
6 6 0.999876
6 7 0.501491
6 8 0.745437
6 9 0.596301
6 10 0.500000
6 11 0.804280
6 12 0.726246
6 13 0.685587
6 14 0.966456
6 15 0.553744
6 16 0.541203
6 17 0.721357
6 18 0.640700
6 19 0.752302
7 1 0.500703
7 2 0.500613
7 3 0.500404
7 4 0.500372
7 5 0.500356
7 6 0.501491
7 7 0.500010
7 8 0.500626
7 9 0.500144
7 10 0.500000
7 11 0.500226
7 12 0.500348
7 13 0.500348
7 14 0.501348
7 15 0.500250
7 16 0.500243
7 17 0.500488
7 18 0.500412
7 19 0.500578
8 4 0.667457
8 6 0.745437
8 7 0.500626
8 8 0.858532
8 9 0.535885
8 10 0.500000
8 11 0.527690
8 18 0.862834
9 1 0.538863
9 2 0.521466
9 3 0.528932
9 4 0.516412
9 5 0.525887
9 6 0.596301
9 7 0.500144
9 8 0.535885
9 9 0.513930
9 10 0.500000
9 11 0.518454
9 12 0.521138
9 13 0.515084
9 14 0.556608
9 15 0.512636
9 16 0.512446
9 17 0.526594
9 18 0.536582
9 19 0.541576
10 1 0.500000
10 2 0.500000
10 3 0.500000
10 4 0.500000
10 5 0.500000
10 6 0.500000
10 7 0.500000
10 8 0.500000
10 9 0.500000
10 10 0.500000
10 11 0.500000
10 12 0.500000
10 13 0.500000
10 14 0.500000
10 15 0.500000
10 16 0.500000
10 17 0.500000
10 18 0.500000
11 1 0.554671
11 2 0.543072
11 3 0.531789
11 4 0.521254
11 5 0.539808
11 6 0.804280
11 7 0.500226
11 8 0.527690
11 9 0.518454
11 10 0.500000
11 11 0.584792
11 12 0.532276
11 13 0.513318
11 14 0.622989
11 15 0.503492
11 16 0.499042
11 17 0.528177
11 18 0.513740
11 19 0.532907
12 2 0.614474
12 3 0.637332
12 4 0.606424
12 5 0.684372
12 6 0.726246
12 7 0.500348
12 9 0.521138
12 10 0.500000
12 11 0.532276
12 12 0.659404
12 13 0.669061
12 14 0.739849
12 15 0.590793
12 16 0.592868
12 17 0.687751
12 18 0.736298
12 19 0.778162
13 1 0.753667
13 2 0.605139
13 3 0.623036
13 4 0.617874
13 5 0.692660
13 6 0.685587
13 7 0.500348
13 9 0.515084
13 10 0.500000
13 11 0.513318
13 12 0.669061
13 13 0.705945
13 14 0.669816
13 15 0.609179
13 16 0.615305
13 17 0.707892
13 18 0.760534
13 19 0.800944
14 1 0.849518
14 2 0.741667
14 3 0.687088
14 4 0.689766
14 5 0.765568
14 6 0.966456
14 7 0.501348
14 9 0.556608
14 10 0.500000
14 11 0.622989
14 12 0.739849
14 13 0.669816
14 14 0.995586
14 15 0.577418
14 16 0.561658
14 17 0.751690
14 18 0.708507
14 19 0.797970
15 1 0.644384
15 2 0.555296
15 3 0.591406
15 4 0.562007
15 5 0.606742
15 6 0.553744
15 7 0.500250
15 9 0.512636
15 10 0.500000
15 11 0.503492
15 12 0.590793
15 13 0.609179
15 14 0.577418
15 15 0.567186
15 16 0.571424
15 17 0.617110
15 18 0.671924
15 19 0.692249
16 2 0.553150
16 3 0.593967
16 4 0.562824
16 5 0.608436
16 6 0.541203
16 7 0.500243
16 9 0.512446
16 10 0.500000
16 11 0.499042
16 12 0.592868
16 13 0.615305
16 14 0.561658
16 15 0.571424
16 16 0.577265
16 17 0.621105
16 18 0.682801
16 19 0.701107
17 2 0.628326
17 3 0.660970
17 5 0.715097
17 6 0.721357
17 7 0.500488
17 9 0.526594
17 10 0.500000
17 11 0.528177
17 12 0.687751
17 13 0.707892
17 14 0.751690
17 15 0.617110
17 16 0.621105
17 17 0.733121
17 18 0.788783
18 1 0.840014
18 2 0.648901
18 3 0.755034
18 4 0.660157
18 5 0.772670
18 6 0.640700
18 7 0.500412
18 8 0.862834
18 9 0.536582
18 10 0.500000
18 11 0.513740
18 12 0.736298
18 13 0.760534
18 14 0.708507
18 15 0.671924
18 16 0.682801
18 17 0.788783
18 18 0.888674
19 3 0.777449
19 4 0.695292
19 5 0.815547
19 6 0.752302
19 7 0.500578
19 9 0.541576
19 11 0.532907
19 12 0.778162
19 13 0.800944
19 14 0.797970
19 15 0.692249
19 16 0.701107
19 19 0.934982
