1 2 0.722822
1 3 0.765327
1 5 0.715353
1 8 0.834724
1 12 0.505163
1 16 0.696697
1 17 0.756354
1 19 0.793918
2 1 0.722822
2 8 0.717772
2 19 0.759652
3 1 0.765327
3 8 0.761991
4 17 0.696228
5 1 0.715353
5 8 0.721350
8 1 0.834724
8 2 0.717772
8 3 0.761991
8 5 0.721350
8 12 0.533127
8 13 0.806102
8 14 0.781868
8 15 0.675673
8 16 0.685231
8 17 0.745988
8 19 0.787663
10 19 0.796850
12 1 0.505163
12 8 0.533127
13 8 0.806102
14 8 0.781868
15 8 0.675673
16 1 0.696697
16 8 0.685231
17 1 0.756354
17 4 0.696228
17 8 0.745988
17 19 0.813367
18 19 0.868982
19 1 0.793918
19 2 0.759652
19 8 0.787663
19 10 0.796850
19 17 0.813367
19 18 0.868982
1 1 0.835872
1 4 0.692471
1 6 0.949380
1 7 0.501391
1 9 0.524178
1 10 0.652922
1 11 0.512447
1 13 0.815211
1 14 0.723704
1 15 0.658247
1 18 0.706214
2 2 0.667638
2 3 0.659028
2 4 0.653961
2 5 0.629104
2 6 0.891557
2 7 0.500692
2 9 0.504667
2 10 0.643600
2 11 0.503719
2 12 0.479320
2 13 0.700813
2 14 0.611421
2 15 0.592288
2 16 0.608145
2 17 0.693266
2 18 0.687579
3 2 0.659028
3 3 0.725704
3 4 0.621539
3 5 0.661386
3 6 0.841040
3 7 0.501175
3 9 0.508274
3 10 0.576737
3 11 0.515711
3 12 0.469330
3 13 0.764502
3 14 0.661513
3 15 0.615726
3 16 0.640760
3 17 0.674822
3 18 0.595004
3 19 0.677118
4 1 0.692471
4 2 0.653961
4 3 0.621539
4 4 0.671019
4 5 0.608464
4 6 0.888200
4 7 0.500284
4 8 0.670485
4 9 0.508087
4 10 0.659777
4 11 0.490727
4 12 0.495577
4 13 0.661905
4 14 0.549200
4 15 0.570403
4 16 0.599007
4 18 0.706179
4 19 0.773547
5 2 0.629104
5 3 0.661386
5 4 0.608464
5 5 0.639152
5 6 0.829462
5 7 0.500738
5 9 0.525984
5 10 0.592230
5 11 0.510525
5 12 0.528430
5 13 0.728916
5 14 0.646291
5 15 0.593548
5 16 0.610493
5 17 0.654268
5 18 0.626903
5 19 0.686295
6 1 0.949380
6 2 0.891557
6 3 0.841040
6 4 0.888200
6 5 0.829462
6 6 1.000000
6 7 0.501564
6 8 0.949548
6 9 0.610543
6 10 0.892087
6 11 0.485480
6 12 0.648911
6 13 0.942846
6 14 0.847138
6 15 0.768921
6 16 0.807265
6 17 0.934692
6 18 0.966032
6 19 0.983550
7 1 0.501391
7 2 0.500692
7 3 0.501175
7 4 0.500284
7 5 0.500738
7 6 0.501564
7 7 0.500014
7 8 0.501703
7 9 0.499906
7 10 0.499960
7 11 0.500190
7 12 0.499552
7 13 0.500685
7 14 0.501493
7 15 0.500719
7 16 0.500640
7 17 0.500623
7 18 0.499893
7 19 0.500258
8 4 0.670485
8 6 0.949548
8 7 0.501703
8 8 0.857042
8 9 0.532395
8 10 0.646045
8 11 0.527753
8 18 0.710369
9 1 0.524178
9 2 0.504667
9 3 0.508274
9 4 0.508087
9 5 0.525984
9 6 0.610543
9 7 0.499906
9 8 0.532395
9 9 0.526249
9 10 0.517601
9 11 0.505485
9 12 0.563658
9 13 0.559952
9 14 0.538984
9 15 0.510823
9 16 0.516470
9 17 0.516623
9 18 0.531388
9 19 0.530357
10 1 0.652922
10 2 0.643600
10 3 0.576737
10 4 0.659777
10 5 0.592230
10 6 0.892087
10 7 0.499960
10 8 0.646045
10 9 0.517601
10 10 0.685221
10 11 0.499104
10 12 0.538664
10 13 0.645682
10 14 0.551231
10 15 0.556223
10 16 0.567079
10 17 0.683617
10 18 0.741242
11 1 0.512447
11 2 0.503719
11 3 0.515711
11 4 0.490727
11 5 0.510525
11 6 0.485480
11 7 0.500190
11 8 0.527753
11 9 0.505485
11 10 0.499104
11 11 0.521193
11 12 0.530297
11 13 0.520535
11 14 0.548010
11 15 0.508109
11 16 0.503013
11 17 0.498095
11 18 0.489109
11 19 0.496883
12 2 0.479320
12 3 0.469330
12 4 0.495577
12 5 0.528430
12 6 0.648911
12 7 0.499552
12 9 0.563658
12 10 0.538664
12 11 0.530297
12 12 0.705690
12 13 0.555448
12 14 0.596741
12 15 0.504880
12 16 0.523251
12 17 0.507729
12 18 0.568159
12 19 0.550479
13 1 0.815211
13 2 0.700813
13 3 0.764502
13 4 0.661905
13 5 0.728916
13 6 0.942846
13 7 0.500685
13 9 0.559952
13 10 0.645682
13 11 0.520535
13 12 0.555448
13 13 0.925072
13 14 0.682347
13 15 0.631870
13 16 0.658409
13 17 0.728987
13 18 0.680397
13 19 0.774103
14 1 0.723704
14 2 0.611421
14 3 0.661513
14 4 0.549200
14 5 0.646291
14 6 0.847138
14 7 0.501493
14 9 0.538984
14 10 0.551231
14 11 0.548010
14 12 0.596741
14 13 0.682347
14 14 0.786406
14 15 0.625301
14 16 0.616582
14 17 0.619050
14 18 0.597212
14 19 0.629975
15 1 0.658247
15 2 0.592288
15 3 0.615726
15 4 0.570403
15 5 0.593548
15 6 0.768921
15 7 0.500719
15 9 0.510823
15 10 0.556223
15 11 0.508109
15 12 0.504880
15 13 0.631870
15 14 0.625301
15 15 0.576802
15 16 0.577263
15 17 0.606147
15 18 0.588554
15 19 0.624833
16 2 0.608145
16 3 0.640760
16 4 0.599007
16 5 0.610493
16 6 0.807265
16 7 0.500640
16 9 0.516470
16 10 0.567079
16 11 0.503013
16 12 0.523251
16 13 0.658409
16 14 0.616582
16 15 0.577263
16 16 0.622386
16 17 0.634540
16 18 0.595247
16 19 0.644755
17 2 0.693266
17 3 0.674822
17 5 0.654268
17 6 0.934692
17 7 0.500623
17 9 0.516623
17 10 0.683617
17 11 0.498095
17 12 0.507729
17 13 0.728987
17 14 0.619050
17 15 0.606147
17 16 0.634540
17 17 0.736477
17 18 0.741131
18 1 0.706214
18 2 0.687579
18 3 0.595004
18 4 0.706179
18 5 0.626903
18 6 0.966032
18 7 0.499893
18 8 0.710369
18 9 0.531388
18 10 0.741242
18 11 0.489109
18 12 0.568159
18 13 0.680397
18 14 0.597212
18 15 0.588554
18 16 0.595247
18 17 0.741131
18 18 0.829751
19 3 0.677118
19 4 0.773547
19 5 0.686295
19 6 0.983550
19 7 0.500258
19 9 0.530357
19 11 0.496883
19 12 0.550479
19 13 0.774103
19 14 0.629975
19 15 0.624833
19 16 0.644755
19 19 0.921957
