1 2 0.961068
1 3 0.936491
1 5 0.925512
1 8 0.978584
1 12 0.778490
1 16 0.835522
1 17 0.907970
1 19 0.998316
2 1 0.961068
2 8 0.949157
2 19 0.994095
3 1 0.936491
3 8 0.938065
4 17 0.705950
5 1 0.925512
5 8 0.930067
8 1 0.978584
8 2 0.949157
8 3 0.938065
8 5 0.930067
8 12 0.751817
8 13 0.948156
8 14 0.957801
8 15 0.886733
8 16 0.823215
8 17 0.894821
8 19 0.997024
10 19 0.996512
12 1 0.778490
12 8 0.751817
13 8 0.948156
14 8 0.957801
15 8 0.886733
16 1 0.835522
16 8 0.823215
17 1 0.907970
17 4 0.705950
17 8 0.894821
17 19 0.976199
18 19 0.998522
19 1 0.998316
19 2 0.994095
19 8 0.997024
19 10 0.996512
19 17 0.976199
19 18 0.998522
1 1 0.985502
1 4 0.796738
1 6 0.989038
1 7 0.502416
1 9 0.557331
1 10 0.969809
1 11 0.607463
1 13 0.954697
1 14 0.934297
1 15 0.866836
1 18 0.980527
2 2 0.935713
2 3 0.890890
2 4 0.754835
2 5 0.850866
2 6 0.948845
2 7 0.501651
2 9 0.543871
2 10 0.945516
2 11 0.572776
2 12 0.721141
2 13 0.921652
2 14 0.878412
2 15 0.804698
2 16 0.756166
2 17 0.874048
2 18 0.963111
3 2 0.890890
3 3 0.865000
3 4 0.698748
3 5 0.845141
3 6 0.958332
3 7 0.501761
3 9 0.545421
3 10 0.903735
3 11 0.567995
3 12 0.690156
3 13 0.883165
3 14 0.871390
3 15 0.788087
3 16 0.738466
3 17 0.819688
3 18 0.929435
3 19 0.983341
4 1 0.796738
4 2 0.754835
4 3 0.698748
4 4 0.639772
4 5 0.665210
4 6 0.773759
4 7 0.500537
4 8 0.759523
4 9 0.517700
4 10 0.777266
4 11 0.520358
4 12 0.592763
4 13 0.747654
4 14 0.681422
4 15 0.635437
4 16 0.619855
4 18 0.804013
4 19 0.903326
5 2 0.850866
5 3 0.845141
5 4 0.665210
5 5 0.877447
5 6 0.959259
5 7 0.502039
5 9 0.535055
5 10 0.868685
5 11 0.565976
5 12 0.677726
5 13 0.862331
5 14 0.856622
5 15 0.780695
5 16 0.744936
5 17 0.770984
5 18 0.888314
5 19 0.972022
6 1 0.989038
6 2 0.948845
6 3 0.958332
6 4 0.773759
6 5 0.959259
6 6 1.000000
6 7 0.504497
6 8 0.997680
6 9 0.673381
6 10 0.978721
6 11 0.685716
6 12 0.757224
6 13 0.979224
6 14 0.996065
6 15 0.950475
6 16 0.879344
6 17 0.903880
6 18 0.995877
6 19 0.999314
7 1 0.502416
7 2 0.501651
7 3 0.501761
7 4 0.500537
7 5 0.502039
7 6 0.504497
7 7 0.500023
7 8 0.503044
7 9 0.500298
7 10 0.501755
7 11 0.500516
7 12 0.500749
7 13 0.500568
7 14 0.502358
7 15 0.501475
7 16 0.500928
7 17 0.501102
7 18 0.502341
7 19 0.503530
8 4 0.759523
8 6 0.997680
8 7 0.503044
8 8 0.986156
8 9 0.576982
8 10 0.960327
8 11 0.589398
8 18 0.978352
9 1 0.557331
9 2 0.543871
9 3 0.545421
9 4 0.517700
9 5 0.535055
9 6 0.673381
9 7 0.500298
9 8 0.576982
9 9 0.523021
9 10 0.548720
9 11 0.514538
9 12 0.510069
9 13 0.522742
9 14 0.569883
9 15 0.539790
9 16 0.519458
9 17 0.531958
9 18 0.565097
9 19 0.591196
10 1 0.969809
10 2 0.945516
10 3 0.903735
10 4 0.777266
10 5 0.868685
10 6 0.978721
10 7 0.501755
10 8 0.960327
10 9 0.548720
10 10 0.958881
10 11 0.579304
10 12 0.724350
10 13 0.938731
10 14 0.899536
10 15 0.826797
10 16 0.774593
10 17 0.889870
10 18 0.974122
11 1 0.607463
11 2 0.572776
11 3 0.567995
11 4 0.520358
11 5 0.565976
11 6 0.685716
11 7 0.500516
11 8 0.589398
11 9 0.514538
11 10 0.579304
11 11 0.547017
11 12 0.528703
11 13 0.546708
11 14 0.579602
11 15 0.548556
11 16 0.532741
11 17 0.537025
11 18 0.593907
11 19 0.658797
12 2 0.721141
12 3 0.690156
12 4 0.592763
12 5 0.677726
12 6 0.757224
12 7 0.500749
12 9 0.510069
12 10 0.724350
12 11 0.528703
12 12 0.612544
12 13 0.715894
12 14 0.678990
12 15 0.627136
12 16 0.622325
12 17 0.661366
12 18 0.749296
12 19 0.857146
13 1 0.954697
13 2 0.921652
13 3 0.883165
13 4 0.747654
13 5 0.862331
13 6 0.979224
13 7 0.500568
13 9 0.522742
13 10 0.938731
13 11 0.546708
13 12 0.715894
13 13 0.970526
13 14 0.871789
13 15 0.797974
13 16 0.771029
13 17 0.866246
13 18 0.955546
13 19 0.991784
14 1 0.934297
14 2 0.878412
14 3 0.871390
14 4 0.681422
14 5 0.856622
14 6 0.996065
14 7 0.502358
14 9 0.569883
14 10 0.899536
14 11 0.579602
14 12 0.678990
14 13 0.871789
14 14 0.920523
14 15 0.818887
14 16 0.746890
14 17 0.809042
14 18 0.939905
14 19 0.983010
15 1 0.866836
15 2 0.804698
15 3 0.788087
15 4 0.635437
15 5 0.780695
15 6 0.950475
15 7 0.501475
15 9 0.539790
15 10 0.826797
15 11 0.548556
15 12 0.627136
15 13 0.797974
15 14 0.818887
15 15 0.733161
15 16 0.679089
15 17 0.735123
15 18 0.864744
15 19 0.945910
16 2 0.756166
16 3 0.738466
16 4 0.619855
16 5 0.744936
16 6 0.879344
16 7 0.500928
16 9 0.519458
16 10 0.774593
16 11 0.532741
16 12 0.622325
16 13 0.771029
16 14 0.746890
16 15 0.679089
16 16 0.669801
16 17 0.694212
16 18 0.799698
16 19 0.908998
17 2 0.874048
17 3 0.819688
17 5 0.770984
17 6 0.903880
17 7 0.501102
17 9 0.531958
17 10 0.889870
17 11 0.537025
17 12 0.661366
17 13 0.866246
17 14 0.809042
17 15 0.735123
17 16 0.694212
17 17 0.812935
17 18 0.917822
18 1 0.980527
18 2 0.963111
18 3 0.929435
18 4 0.804013
18 5 0.888314
18 6 0.995877
18 7 0.502341
18 8 0.978352
18 9 0.565097
18 10 0.974122
18 11 0.593907
18 12 0.749296
18 13 0.955546
18 14 0.939905
18 15 0.864744
18 16 0.799698
18 17 0.917822
18 18 0.987244
19 3 0.983341
19 4 0.903326
19 5 0.972022
19 6 0.999314
19 7 0.503530
19 9 0.591196
19 11 0.658797
19 12 0.857146
19 13 0.991784
19 14 0.983010
19 15 0.945910
19 16 0.908998
19 19 0.999965
