1 2 0.753251
1 3 0.761827
1 5 0.835614
1 8 0.875614
1 12 0.667980
1 16 0.774114
1 17 0.744134
1 19 0.838651
2 1 0.753251
2 8 0.904294
2 19 0.909926
3 1 0.761827
3 8 0.808034
4 17 0.738439
5 1 0.835614
5 8 0.964171
8 1 0.875614
8 2 0.904294
8 3 0.808034
8 5 0.964171
8 12 0.781857
8 13 0.759994
8 14 0.863425
8 15 0.730937
8 16 0.869503
8 17 0.896868
8 19 0.968179
10 19 0.928680
12 1 0.667980
12 8 0.781857
13 8 0.759994
14 8 0.863425
15 8 0.730937
16 1 0.774114
16 8 0.869503
17 1 0.744134
17 4 0.738439
17 8 0.896868
17 19 0.894296
18 19 0.893566
19 1 0.838651
19 2 0.909926
19 8 0.968179
19 10 0.928680
19 17 0.894296
19 18 0.893566
1 1 0.804578
1 4 0.671750
1 6 0.889022
1 7 0.500732
1 9 0.525472
1 10 0.761272
1 11 0.588398
1 13 0.661969
1 14 0.675141
1 15 0.635310
1 18 0.811335
2 2 0.843093
2 3 0.701177
2 4 0.691362
2 5 0.909570
2 6 0.945934
2 7 0.500447
2 9 0.532171
2 10 0.836544
2 11 0.629086
2 12 0.693562
2 13 0.686310
2 14 0.767802
2 15 0.650282
2 16 0.753756
2 17 0.796094
2 18 0.753972
3 2 0.701177
3 3 0.733444
3 4 0.610509
3 5 0.753864
3 6 0.799004
3 7 0.500406
3 9 0.517953
3 10 0.688733
3 11 0.572049
3 12 0.627722
3 13 0.628925
3 14 0.617057
3 15 0.603603
3 16 0.724453
3 17 0.679742
3 18 0.750712
3 19 0.761951
4 1 0.671750
4 2 0.691362
4 3 0.610509
4 4 0.712584
4 5 0.768347
4 6 0.929405
4 7 0.500842
4 8 0.821411
4 9 0.519865
4 10 0.752771
4 11 0.544272
4 12 0.620157
4 13 0.597234
4 14 0.705614
4 15 0.596537
4 16 0.675880
4 18 0.779947
4 19 0.814588
5 2 0.909570
5 3 0.753864
5 4 0.768347
5 5 0.999849
5 6 0.998860
5 7 0.502432
5 9 0.574894
5 10 0.910858
5 11 0.742085
5 12 0.766922
5 13 0.720587
5 14 0.778196
5 15 0.726544
5 16 0.837679
5 17 0.869647
5 18 0.931978
5 19 0.960215
6 1 0.889022
6 2 0.945934
6 3 0.799004
6 4 0.929405
6 5 0.998860
6 6 1.000000
6 7 0.507328
6 8 0.992521
6 9 0.605660
6 10 0.978226
6 11 0.569835
6 12 0.831176
6 13 0.571596
6 14 0.899141
6 15 0.803462
6 16 0.869958
6 17 0.953693
6 18 0.999437
6 19 0.992177
7 1 0.500732
7 2 0.500447
7 3 0.500406
7 4 0.500842
7 5 0.502432
7 6 0.507328
7 7 0.500013
7 8 0.501414
7 9 0.500144
7 10 0.501015
7 11 0.500067
7 12 0.500445
7 13 0.500055
7 14 0.500324
7 15 0.500377
7 16 0.500661
7 17 0.500758
7 18 0.502463
7 19 0.501199
8 4 0.821411
8 6 0.992521
8 7 0.501414
8 8 0.973812
8 9 0.549901
8 10 0.920753
8 11 0.652998
8 18 0.901720
9 1 0.525472
9 2 0.532171
9 3 0.517953
9 4 0.519865
9 5 0.574894
9 6 0.605660
9 7 0.500144
9 8 0.549901
9 9 0.507037
9 10 0.535000
9 11 0.508838
9 12 0.519577
9 13 0.513455
9 14 0.520361
9 15 0.515164
9 16 0.524983
9 17 0.528623
9 18 0.536221
9 19 0.547853
10 1 0.761272
10 2 0.836544
10 3 0.688733
10 4 0.752771
10 5 0.910858
10 6 0.978226
10 7 0.501015
10 8 0.920753
10 9 0.535000
10 10 0.869404
10 11 0.620697
10 12 0.700837
10 13 0.675323
10 14 0.780566
10 15 0.655123
10 16 0.767668
10 17 0.824960
10 18 0.845425
11 1 0.588398
11 2 0.629086
11 3 0.572049
11 4 0.544272
11 5 0.742085
11 6 0.569835
11 7 0.500067
11 8 0.652998
11 9 0.508838
11 10 0.620697
11 11 0.581526
11 12 0.555557
11 13 0.564067
11 14 0.564804
11 15 0.541475
11 16 0.587068
11 17 0.591229
11 18 0.576167
11 19 0.666194
12 2 0.693562
12 3 0.627722
12 4 0.620157
12 5 0.766922
12 6 0.831176
12 7 0.500445
12 9 0.519577
12 10 0.700837
12 11 0.555557
12 12 0.616784
12 13 0.605824
12 14 0.652767
12 15 0.590238
12 16 0.663024
12 17 0.677390
12 18 0.673844
12 19 0.768533
13 1 0.661969
13 2 0.686310
13 3 0.628925
13 4 0.597234
13 5 0.720587
13 6 0.571596
13 7 0.500055
13 9 0.513455
13 10 0.675323
13 11 0.564067
13 12 0.605824
13 13 0.621582
13 14 0.641032
13 15 0.579509
13 16 0.656283
13 17 0.660763
13 18 0.577981
13 19 0.746296
14 1 0.675141
14 2 0.767802
14 3 0.617057
14 4 0.705614
14 5 0.778196
14 6 0.899141
14 7 0.500324
14 9 0.520361
14 10 0.780566
14 11 0.564804
14 12 0.652767
14 13 0.641032
14 14 0.791536
14 15 0.625312
14 16 0.693475
14 17 0.768780
14 18 0.656585
14 19 0.857420
15 1 0.635310
15 2 0.650282
15 3 0.603603
15 4 0.596537
15 5 0.726544
15 6 0.803462
15 7 0.500377
15 9 0.515164
15 10 0.655123
15 11 0.541475
15 12 0.590238
15 13 0.579509
15 14 0.625312
15 15 0.572691
15 16 0.629396
15 17 0.640806
15 18 0.638517
15 19 0.712379
16 2 0.753756
16 3 0.724453
16 4 0.675880
16 5 0.837679
16 6 0.869958
16 7 0.500661
16 9 0.524983
16 10 0.767668
16 11 0.587068
16 12 0.663024
16 13 0.656283
16 14 0.693475
16 15 0.629396
16 16 0.755362
16 17 0.745241
16 18 0.775677
16 19 0.843231
17 2 0.796094
17 3 0.679742
17 5 0.869647
17 6 0.953693
17 7 0.500758
17 9 0.528623
17 10 0.824960
17 11 0.591229
17 12 0.677390
17 13 0.660763
17 14 0.768780
17 15 0.640806
17 16 0.745241
17 17 0.801051
17 18 0.805609
18 1 0.811335
18 2 0.753972
18 3 0.750712
18 4 0.779947
18 5 0.931978
18 6 0.999437
18 7 0.502463
18 8 0.901720
18 9 0.536221
18 10 0.845425
18 11 0.576167
18 12 0.673844
18 13 0.577981
18 14 0.656585
18 15 0.638517
18 16 0.775677
18 17 0.805609
18 18 0.986502
19 3 0.761951
19 4 0.814588
19 5 0.960215
19 6 0.992177
19 7 0.501199
19 9 0.547853
19 11 0.666194
19 12 0.768533
19 13 0.746296
19 14 0.857420
19 15 0.712379
19 16 0.843231
19 19 0.971367
