1 2 0.990051
1 3 0.963066
1 5 0.939568
1 8 0.962609
1 12 0.927127
1 16 0.777021
1 17 0.885775
1 19 0.996081
2 1 0.990051
2 8 0.974207
2 19 0.998703
3 1 0.963066
3 8 0.956352
4 17 0.538976
5 1 0.939568
5 8 0.899947
8 1 0.962609
8 2 0.974207
8 3 0.956352
8 5 0.899947
8 12 0.887835
8 13 0.825755
8 14 0.880363
8 15 0.746411
8 16 0.771901
8 17 0.832794
8 19 0.985968
10 19 0.998157
12 1 0.927127
12 8 0.887835
13 8 0.825755
14 8 0.880363
15 8 0.746411
16 1 0.777021
16 8 0.771901
17 1 0.885775
17 4 0.538976
17 8 0.832794
17 19 0.941287
18 19 0.973519
19 1 0.996081
19 2 0.998703
19 8 0.985968
19 10 0.998157
19 17 0.941287
19 18 0.973519
1 1 0.983678
1 4 0.576371
1 6 0.988855
1 7 0.500847
1 9 0.640893
1 10 0.985753
1 11 0.645081
1 13 0.855244
1 14 0.890438
1 15 0.760447
1 18 0.941576
2 2 0.995939
2 3 0.955555
2 4 0.538661
2 5 0.957551
2 6 0.983982
2 7 0.500991
2 9 0.652792
2 10 0.994122
2 11 0.645774
2 12 0.950174
2 13 0.890566
2 14 0.927110
2 15 0.793757
2 16 0.829193
2 17 0.909749
2 18 0.950162
3 2 0.955555
3 3 0.999912
3 4 0.671903
3 5 0.862316
3 6 0.994610
3 7 0.500664
3 9 0.534136
3 10 0.924394
3 11 0.659583
3 12 0.866007
3 13 0.750312
3 14 0.891975
3 15 0.747769
3 16 0.673926
3 17 0.834016
3 18 0.831019
3 19 0.970200
4 1 0.576371
4 2 0.538661
4 3 0.671903
4 4 0.537558
4 5 0.540606
4 6 0.693227
4 7 0.499958
4 8 0.552885
4 9 0.507690
4 10 0.528321
4 11 0.516024
4 12 0.533521
4 13 0.511301
4 14 0.507035
4 15 0.510343
4 16 0.489949
4 18 0.569729
4 19 0.544972
5 2 0.957551
5 3 0.862316
5 4 0.540606
5 5 0.873003
5 6 0.936468
5 7 0.500848
5 9 0.606556
5 10 0.945481
5 11 0.598923
5 12 0.849544
5 13 0.780160
5 14 0.802347
5 15 0.689566
5 16 0.714401
5 17 0.800139
5 18 0.875236
5 19 0.976651
6 1 0.988855
6 2 0.983982
6 3 0.994610
6 4 0.693227
6 5 0.936468
6 6 1.000000
6 7 0.497497
6 8 0.981899
6 9 0.640497
6 10 0.972890
6 11 0.740988
6 12 0.920419
6 13 0.849664
6 14 0.936179
6 15 0.754754
6 16 0.628169
6 17 0.888300
6 18 0.977442
6 19 0.992479
7 1 0.500847
7 2 0.500991
7 3 0.500664
7 4 0.499958
7 5 0.500848
7 6 0.497497
7 7 0.500018
7 8 0.500529
7 9 0.500299
7 10 0.501134
7 11 0.500229
7 12 0.500467
7 13 0.500523
7 14 0.500001
7 15 0.500212
7 16 0.500389
7 17 0.500420
7 18 0.500494
7 19 0.501362
8 4 0.552885
8 6 0.981899
8 7 0.500529
8 8 0.950170
8 9 0.611215
8 10 0.960975
8 11 0.646306
8 18 0.884561
9 1 0.640893
9 2 0.652792
9 3 0.534136
9 4 0.507690
9 5 0.606556
9 6 0.640497
9 7 0.500299
9 8 0.611215
9 9 0.538132
9 10 0.647865
9 11 0.518242
9 12 0.589467
9 13 0.568427
9 14 0.559312
9 15 0.540637
9 16 0.549023
9 17 0.571511
9 18 0.646229
9 19 0.685601
10 1 0.985753
10 2 0.994122
10 3 0.924394
10 4 0.528321
10 5 0.945481
10 6 0.972890
10 7 0.501134
10 8 0.960975
10 9 0.647865
10 10 0.992711
10 11 0.618950
10 12 0.936916
10 13 0.867653
10 14 0.904604
10 15 0.765595
10 16 0.800757
10 17 0.892870
10 18 0.941566
11 1 0.645081
11 2 0.645774
11 3 0.659583
11 4 0.516024
11 5 0.598923
11 6 0.740988
11 7 0.500229
11 8 0.646306
11 9 0.518242
11 10 0.618950
11 11 0.565421
11 12 0.589791
11 13 0.577571
11 14 0.589303
11 15 0.550379
11 16 0.556290
11 17 0.569602
11 18 0.594439
11 19 0.661859
12 2 0.950174
12 3 0.866007
12 4 0.533521
12 5 0.849544
12 6 0.920419
12 7 0.500467
12 9 0.589467
12 10 0.936916
12 11 0.589791
12 12 0.835644
12 13 0.761907
12 14 0.801560
12 15 0.681997
12 16 0.707043
12 17 0.782872
12 18 0.844239
12 19 0.971384
13 1 0.855244
13 2 0.890566
13 3 0.750312
13 4 0.511301
13 5 0.780160
13 6 0.849664
13 7 0.500523
13 9 0.568427
13 10 0.867653
13 11 0.577571
13 12 0.761907
13 13 0.715220
13 14 0.742781
13 15 0.641835
13 16 0.673475
13 17 0.709610
13 18 0.764909
13 19 0.922143
14 1 0.890438
14 2 0.927110
14 3 0.891975
14 4 0.507035
14 5 0.802347
14 6 0.936179
14 7 0.500001
14 9 0.559312
14 10 0.904604
14 11 0.589303
14 12 0.801560
14 13 0.742781
14 14 0.832482
14 15 0.682246
14 16 0.705459
14 17 0.737440
14 18 0.756190
14 19 0.950932
15 1 0.760447
15 2 0.793757
15 3 0.747769
15 4 0.510343
15 5 0.689566
15 6 0.754754
15 7 0.500212
15 9 0.540637
15 10 0.765595
15 11 0.550379
15 12 0.681997
15 13 0.641835
15 14 0.682246
15 15 0.602457
15 16 0.622488
15 17 0.640462
15 18 0.667572
15 19 0.827429
16 2 0.829193
16 3 0.673926
16 4 0.489949
16 5 0.714401
16 6 0.628169
16 7 0.500389
16 9 0.549023
16 10 0.800757
16 11 0.556290
16 12 0.707043
16 13 0.673475
16 14 0.705459
16 15 0.622488
16 16 0.671153
16 17 0.653549
16 18 0.661990
16 19 0.861523
17 2 0.909749
17 3 0.834016
17 5 0.800139
17 6 0.888300
17 7 0.500420
17 9 0.571511
17 10 0.892870
17 11 0.569602
17 12 0.782872
17 13 0.709610
17 14 0.737440
17 15 0.640462
17 16 0.653549
17 17 0.738724
17 18 0.803210
18 1 0.941576
18 2 0.950162
18 3 0.831019
18 4 0.569729
18 5 0.875236
18 6 0.977442
18 7 0.500494
18 8 0.884561
18 9 0.646229
18 10 0.941566
18 11 0.594439
18 12 0.844239
18 13 0.764909
18 14 0.756190
18 15 0.667572
18 16 0.661990
18 17 0.803210
18 18 0.965409
19 3 0.970200
19 4 0.544972
19 5 0.976651
19 6 0.992479
19 7 0.501362
19 9 0.685601
19 11 0.661859
19 12 0.971384
19 13 0.922143
19 14 0.950932
19 15 0.827429
19 16 0.861523
19 19 0.999698
