1 2 0.999703
1 3 0.999437
1 5 0.997602
1 8 0.999877
1 12 0.995678
1 16 0.976138
1 17 0.999617
1 19 0.999980
2 1 0.999703
2 8 0.998830
2 19 0.999719
3 1 0.999437
3 8 0.997335
4 17 0.500000
5 1 0.997602
5 8 0.993894
8 1 0.999877
8 2 0.998830
8 3 0.997335
8 5 0.993894
8 12 0.989325
8 13 0.953709
8 14 0.998913
8 15 0.897472
8 16 0.945596
8 17 0.998613
8 19 0.999881
10 19 0.998996
12 1 0.995678
12 8 0.989325
13 8 0.953709
14 8 0.998913
15 8 0.897472
16 1 0.976138
16 8 0.945596
17 1 0.999617
17 4 0.500000
17 8 0.998613
17 19 0.999650
18 19 0.898795
19 1 0.999980
19 2 0.999719
19 8 0.999881
19 10 0.998996
19 17 0.999650
19 18 0.898795
1 1 0.999982
1 4 0.500000
1 6 0.996817
1 7 0.503435
1 9 0.630978
1 10 0.998842
1 11 0.883621
1 13 0.970716
1 14 0.999655
1 15 0.928787
1 18 0.907580
2 2 0.997827
2 3 0.995773
2 4 0.500000
2 5 0.989181
2 6 0.982829
2 7 0.502527
2 9 0.607350
2 10 0.994018
2 11 0.814195
2 12 0.982970
2 13 0.934420
2 14 0.997209
2 15 0.873397
2 16 0.947356
2 17 0.997377
2 18 0.834958
3 2 0.995773
3 3 0.996436
3 4 0.500000
3 5 0.980066
3 6 0.976890
3 7 0.502531
3 9 0.590584
3 10 0.988650
3 11 0.814972
3 12 0.974790
3 13 0.898019
3 14 0.993618
3 15 0.843063
3 16 0.947104
3 17 0.994570
3 18 0.808706
3 19 0.999258
4 1 0.500000
4 2 0.500000
4 3 0.500000
4 4 0.500000
4 5 0.500000
4 6 0.500000
4 7 0.500000
4 8 0.500000
4 9 0.500000
4 10 0.500000
4 11 0.500000
4 12 0.500000
4 13 0.500000
4 14 0.500000
4 15 0.500000
4 16 0.500000
4 18 0.500000
4 19 0.500000
5 2 0.989181
5 3 0.980066
5 4 0.500000
5 5 0.971736
5 6 0.961722
5 7 0.501818
5 9 0.574330
5 10 0.977919
5 11 0.753308
5 12 0.955195
5 13 0.887438
5 14 0.992993
5 15 0.809770
5 16 0.872736
5 17 0.988211
5 18 0.779162
5 19 0.997691
6 1 0.996817
6 2 0.982829
6 3 0.976890
6 4 0.500000
6 5 0.961722
6 6 0.998876
6 7 0.501828
6 8 0.992681
6 9 0.486342
6 10 0.959160
6 11 0.717285
6 12 0.951706
6 13 0.870325
6 14 0.981597
6 15 0.813173
6 16 0.623447
6 17 0.980580
6 18 0.919911
6 19 0.995082
7 1 0.503435
7 2 0.502527
7 3 0.502531
7 4 0.500000
7 5 0.501818
7 6 0.501828
7 7 0.500008
7 8 0.502685
7 9 0.500006
7 10 0.502086
7 11 0.500312
7 12 0.501685
7 13 0.500891
7 14 0.501543
7 15 0.500765
7 16 0.500996
7 17 0.502406
7 18 0.500914
7 19 0.503338
8 4 0.500000
8 6 0.992681
8 7 0.502685
8 8 0.999482
8 9 0.609153
8 10 0.996456
8 11 0.839688
8 18 0.869743
9 1 0.630978
9 2 0.607350
9 3 0.590584
9 4 0.500000
9 5 0.574330
9 6 0.486342
9 7 0.500006
9 8 0.609153
9 9 0.535856
9 10 0.593270
9 11 0.538372
9 12 0.565800
9 13 0.551361
9 14 0.638467
9 15 0.530802
9 16 0.607917
9 17 0.605120
9 18 0.480515
9 19 0.642901
10 1 0.998842
10 2 0.994018
10 3 0.988650
10 4 0.500000
10 5 0.977919
10 6 0.959160
10 7 0.502086
10 8 0.996456
10 9 0.593270
10 10 0.987468
10 11 0.772970
10 12 0.966798
10 13 0.902533
10 14 0.995166
10 15 0.832468
10 16 0.913975
10 17 0.993171
10 18 0.793183
11 1 0.883621
11 2 0.814195
11 3 0.814972
11 4 0.500000
11 5 0.753308
11 6 0.717285
11 7 0.500312
11 8 0.839688
11 9 0.538372
11 10 0.772970
11 11 0.652180
11 12 0.728314
11 13 0.659192
11 14 0.880920
11 15 0.613693
11 16 0.695243
11 17 0.808400
11 18 0.557040
11 19 0.878414
12 2 0.982970
12 3 0.974790
12 4 0.500000
12 5 0.955195
12 6 0.951706
12 7 0.501685
12 9 0.565800
12 10 0.966798
12 11 0.728314
12 12 0.939247
12 13 0.857825
12 14 0.982966
12 15 0.785121
12 16 0.855460
12 17 0.980934
12 18 0.764486
12 19 0.995567
13 1 0.970716
13 2 0.934420
13 3 0.898019
13 4 0.500000
13 5 0.887438
13 6 0.870325
13 7 0.500891
13 9 0.551361
13 10 0.902533
13 11 0.659192
13 12 0.857825
13 13 0.784662
13 14 0.948942
13 15 0.705688
13 16 0.740913
13 17 0.932053
13 18 0.661281
13 19 0.972634
14 1 0.999655
14 2 0.997209
14 3 0.993618
14 4 0.500000
14 5 0.992993
14 6 0.981597
14 7 0.501543
14 9 0.638467
14 10 0.995166
14 11 0.880920
14 12 0.982966
14 13 0.948942
14 14 0.999993
14 15 0.869091
14 16 0.940372
14 17 0.997169
14 18 0.787075
14 19 0.999732
15 1 0.928787
15 2 0.873397
15 3 0.843063
15 4 0.500000
15 5 0.809770
15 6 0.813173
15 7 0.500765
15 9 0.530802
15 10 0.832468
15 11 0.613693
15 12 0.785121
15 13 0.705688
15 14 0.869091
15 15 0.653096
15 16 0.690042
15 17 0.867574
15 18 0.623363
15 19 0.929404
16 2 0.947356
16 3 0.947104
16 4 0.500000
16 5 0.872736
16 6 0.623447
16 7 0.500996
16 9 0.607917
16 10 0.913975
16 11 0.695243
16 12 0.855460
16 13 0.740913
16 14 0.940372
16 15 0.690042
16 16 0.937907
16 17 0.937000
16 18 0.534171
16 19 0.977009
17 2 0.997377
17 3 0.994570
17 5 0.988211
17 6 0.980580
17 7 0.502406
17 9 0.605120
17 10 0.993171
17 11 0.808400
17 12 0.980934
17 13 0.932053
17 14 0.997169
17 15 0.867574
17 16 0.937000
17 17 0.996937
17 18 0.828598
18 1 0.907580
18 2 0.834958
18 3 0.808706
18 4 0.500000
18 5 0.779162
18 6 0.919911
18 7 0.500914
18 8 0.869743
18 9 0.480515
18 10 0.793183
18 11 0.557040
18 12 0.764486
18 13 0.661281
18 14 0.787075
18 15 0.623363
18 16 0.534171
18 17 0.828598
18 18 0.848245
19 3 0.999258
19 4 0.500000
19 5 0.997691
19 6 0.995082
19 7 0.503338
19 9 0.642901
19 11 0.878414
19 12 0.995567
19 13 0.972634
19 14 0.999732
19 15 0.929404
19 16 0.977009
19 19 0.999983
