1 2 0.915736
1 3 0.794302
1 5 0.798729
1 8 0.830643
1 12 0.699105
1 16 0.821419
1 17 0.839559
1 19 0.944546
2 1 0.915736
2 8 0.822132
2 19 0.950096
3 1 0.794302
3 8 0.726848
4 17 0.631407
5 1 0.798729
5 8 0.715433
8 1 0.830643
8 2 0.822132
8 3 0.726848
8 5 0.715433
8 12 0.661422
8 13 0.708895
8 14 0.921661
8 15 0.641330
8 16 0.741561
8 17 0.739849
8 19 0.856675
10 19 0.500000
12 1 0.699105
12 8 0.661422
13 8 0.708895
14 8 0.921661
15 8 0.641330
16 1 0.821419
16 8 0.741561
17 1 0.839559
17 4 0.631407
17 8 0.739849
17 19 0.885777
18 19 0.919970
19 1 0.944546
19 2 0.950096
19 8 0.856675
19 10 0.500000
19 17 0.885777
19 18 0.919970
1 1 0.917025
1 4 0.664606
1 6 0.982489
1 7 0.501956
1 9 0.462811
1 10 0.500000
1 11 0.529919
1 13 0.733231
1 14 0.978656
1 15 0.677739
1 18 0.858673
2 2 0.922764
2 3 0.782622
2 4 0.656946
2 5 0.798999
2 6 0.979354
2 7 0.502381
2 9 0.447149
2 10 0.500000
2 11 0.535317
2 12 0.701526
2 13 0.770230
2 14 0.965612
2 15 0.674193
2 16 0.820171
2 17 0.841159
2 18 0.872389
3 2 0.782622
3 3 0.716230
3 4 0.579668
3 5 0.693546
3 6 0.945078
3 7 0.500919
3 9 0.488531
3 10 0.500000
3 11 0.506001
3 12 0.634117
3 13 0.738123
3 14 0.881607
3 15 0.614272
3 16 0.713276
3 17 0.702128
3 18 0.690864
3 19 0.810402
4 1 0.664606
4 2 0.656946
4 3 0.579668
4 4 0.571748
4 5 0.589368
4 6 0.645349
4 7 0.500365
4 8 0.601268
4 9 0.493626
4 10 0.500000
4 11 0.507996
4 12 0.544200
4 13 0.412582
4 14 0.823545
4 15 0.546087
4 16 0.601598
4 18 0.646618
4 19 0.701184
5 2 0.798999
5 3 0.693546
5 4 0.589368
5 5 0.699031
5 6 0.923610
5 7 0.501071
5 9 0.473643
5 10 0.500000
5 11 0.528142
5 12 0.624911
5 13 0.700992
5 14 0.885199
5 15 0.606051
5 16 0.710717
5 17 0.718421
5 18 0.724981
5 19 0.831465
6 1 0.982489
6 2 0.979354
6 3 0.945078
6 4 0.645349
6 5 0.923610
6 6 0.999998
6 7 0.503982
6 8 0.952839
6 9 0.453427
6 10 0.500000
6 11 0.556433
6 12 0.843279
6 13 0.994696
6 14 0.995906
6 15 0.800158
6 16 0.935624
6 17 0.905002
6 18 0.879177
6 19 0.982392
7 1 0.501956
7 2 0.502381
7 3 0.500919
7 4 0.500365
7 5 0.501071
7 6 0.503982
7 7 0.500022
7 8 0.501223
7 9 0.499724
7 10 0.500000
7 11 0.499797
7 12 0.500905
7 13 0.502179
7 14 0.502400
7 15 0.500689
7 16 0.501333
7 17 0.501345
7 18 0.501950
7 19 0.502837
8 4 0.601268
8 6 0.952839
8 7 0.501223
8 8 0.765573
8 9 0.483599
8 10 0.500000
8 11 0.504126
8 18 0.747469
9 1 0.462811
9 2 0.447149
9 3 0.488531
9 4 0.493626
9 5 0.473643
9 6 0.453427
9 7 0.499724
9 8 0.483599
9 9 0.523972
9 10 0.500000
9 11 0.490532
9 12 0.483984
9 13 0.439237
9 14 0.519797
9 15 0.493524
9 16 0.475971
9 17 0.470525
9 18 0.459714
9 19 0.441449
10 1 0.500000
10 2 0.500000
10 3 0.500000
10 4 0.500000
10 5 0.500000
10 6 0.500000
10 7 0.500000
10 8 0.500000
10 9 0.500000
10 10 0.500000
10 11 0.500000
10 12 0.500000
10 13 0.500000
10 14 0.500000
10 15 0.500000
10 16 0.500000
10 17 0.500000
10 18 0.500000
11 1 0.529919
11 2 0.535317
11 3 0.506001
11 4 0.507996
11 5 0.528142
11 6 0.556433
11 7 0.499797
11 8 0.504126
11 9 0.490532
11 10 0.500000
11 11 0.547554
11 12 0.492666
11 13 0.529515
11 14 0.489469
11 15 0.493989
11 16 0.508940
11 17 0.525106
11 18 0.528329
11 19 0.536502
12 2 0.701526
12 3 0.634117
12 4 0.544200
12 5 0.624911
12 6 0.843279
12 7 0.500905
12 9 0.483984
12 10 0.500000
12 11 0.492666
12 12 0.608955
12 13 0.680019
12 14 0.726207
12 15 0.586908
12 16 0.644909
12 17 0.632319
12 18 0.641743
12 19 0.727572
13 1 0.733231
13 2 0.770230
13 3 0.738123
13 4 0.412582
13 5 0.700992
13 6 0.994696
13 7 0.502179
13 9 0.439237
13 10 0.500000
13 11 0.529515
13 12 0.680019
13 13 0.995862
13 14 0.175421
13 15 0.605555
13 16 0.692522
13 17 0.563033
13 18 0.511509
13 19 0.698480
14 1 0.978656
14 2 0.965612
14 3 0.881607
14 4 0.823545
14 5 0.885199
14 6 0.995906
14 7 0.502400
14 9 0.519797
14 10 0.500000
14 11 0.489469
14 12 0.726207
14 13 0.175421
14 14 0.999999
14 15 0.750485
14 16 0.916361
14 17 0.942807
14 18 0.940661
14 19 0.986124
15 1 0.677739
15 2 0.674193
15 3 0.614272
15 4 0.546087
15 5 0.606051
15 6 0.800158
15 7 0.500689
15 9 0.493524
15 10 0.500000
15 11 0.493989
15 12 0.586908
15 13 0.605555
15 14 0.750485
15 15 0.575812
15 16 0.625792
15 17 0.619789
15 18 0.626422
15 19 0.701175
16 2 0.820171
16 3 0.713276
16 4 0.601598
16 5 0.710717
16 6 0.935624
16 7 0.501333
16 9 0.475971
16 10 0.500000
16 11 0.508940
16 12 0.644909
16 13 0.692522
16 14 0.916361
16 15 0.625792
16 16 0.733942
16 17 0.738662
16 18 0.748999
16 19 0.855982
17 2 0.841159
17 3 0.702128
17 5 0.718421
17 6 0.905002
17 7 0.501345
17 9 0.470525
17 10 0.500000
17 11 0.525106
17 12 0.632319
17 13 0.563033
17 14 0.942807
17 15 0.619789
17 16 0.738662
17 17 0.770585
17 18 0.798376
18 1 0.858673
18 2 0.872389
18 3 0.690864
18 4 0.646618
18 5 0.724981
18 6 0.879177
18 7 0.501950
18 8 0.747469
18 9 0.459714
18 10 0.500000
18 11 0.528329
18 12 0.641743
18 13 0.511509
18 14 0.940661
18 15 0.626422
18 16 0.748999
18 17 0.798376
18 18 0.856229
19 3 0.810402
19 4 0.701184
19 5 0.831465
19 6 0.982392
19 7 0.502837
19 9 0.441449
19 11 0.536502
19 12 0.727572
19 13 0.698480
19 14 0.986124
19 15 0.701175
19 16 0.855982
19 19 0.973417
