1 2 0.758714
1 3 0.841791
1 5 0.723135
1 8 0.818779
1 12 0.702109
1 16 0.695029
1 17 0.666871
1 19 0.802482
2 1 0.758714
2 8 0.780656
2 19 0.768289
3 1 0.841791
3 8 0.870835
4 17 0.571845
5 1 0.723135
5 8 0.743067
8 1 0.818779
8 2 0.780656
8 3 0.870835
8 5 0.743067
8 12 0.725031
8 13 0.777609
8 14 0.720115
8 15 0.500000
8 16 0.718587
8 17 0.681966
8 19 0.818238
10 19 0.839192
12 1 0.702109
12 8 0.725031
13 8 0.777609
14 8 0.720115
15 8 0.500000
16 1 0.695029
16 8 0.718587
17 1 0.666871
17 4 0.571845
17 8 0.681966
17 19 0.733039
18 19 0.858496
19 1 0.802482
19 2 0.768289
19 8 0.818238
19 10 0.839192
19 17 0.733039
19 18 0.858496
1 1 0.796886
1 4 0.603555
1 6 0.854406
1 7 0.501133
1 9 0.530449
1 10 0.691306
1 11 0.542680
1 13 0.744402
1 14 0.706670
1 15 0.500000
1 18 0.690026
2 2 0.729020
2 3 0.750609
2 4 0.585512
2 5 0.692660
2 6 0.828761
2 7 0.500958
2 9 0.528971
2 10 0.665792
2 11 0.525811
2 12 0.674526
2 13 0.712114
2 14 0.686480
2 15 0.500000
2 16 0.667919
2 17 0.643277
2 18 0.667318
3 2 0.750609
3 3 0.999989
3 4 0.693958
3 5 0.676726
3 6 0.184467
3 7 0.504847
3 9 0.527289
3 10 0.663731
3 11 0.644301
3 12 0.696780
3 13 0.835988
3 14 0.756393
3 15 0.500000
3 16 0.701652
3 17 0.682333
3 18 0.552977
3 19 0.761080
4 1 0.603555
4 2 0.585512
4 3 0.693958
4 4 0.557128
4 5 0.561664
4 6 0.638870
4 7 0.500560
4 8 0.609079
4 9 0.513432
4 10 0.604416
4 11 0.514309
4 12 0.560379
4 13 0.590405
4 14 0.561151
4 15 0.500000
4 16 0.559793
4 18 0.602094
4 19 0.667677
5 2 0.692660
5 3 0.676726
5 4 0.561664
5 5 0.678459
5 6 0.789098
5 7 0.500590
5 9 0.518421
5 10 0.622827
5 11 0.520494
5 12 0.649752
5 13 0.671636
5 14 0.653266
5 15 0.500000
5 16 0.644118
5 17 0.615826
5 18 0.625477
5 19 0.708235
6 1 0.854406
6 2 0.828761
6 3 0.184467
6 4 0.638870
6 5 0.789098
6 6 0.995655
6 7 0.500167
6 8 0.877547
6 9 0.555197
6 10 0.789496
6 11 0.652095
6 12 0.768662
6 13 0.806891
6 14 0.814344
6 15 0.500000
6 16 0.760395
6 17 0.737848
6 18 0.820935
6 19 0.909383
7 1 0.501133
7 2 0.500958
7 3 0.504847
7 4 0.500560
7 5 0.500590
7 6 0.500167
7 7 0.500016
7 8 0.501336
7 9 0.500210
7 10 0.500675
7 11 0.500172
7 12 0.500686
7 13 0.501220
7 14 0.501108
7 15 0.500000
7 16 0.500662
7 17 0.500647
7 18 0.500468
7 19 0.501145
8 4 0.609079
8 6 0.877547
8 7 0.501336
8 8 0.847296
8 9 0.533046
8 10 0.701939
8 11 0.540441
8 18 0.706016
9 1 0.530449
9 2 0.528971
9 3 0.527289
9 4 0.513432
9 5 0.518421
9 6 0.555197
9 7 0.500210
9 8 0.533046
9 9 0.509726
9 10 0.528845
9 11 0.495806
9 12 0.519501
9 13 0.525541
9 14 0.541198
9 15 0.500000
9 16 0.518816
9 17 0.520480
9 18 0.531781
9 19 0.548616
10 1 0.691306
10 2 0.665792
10 3 0.663731
10 4 0.604416
10 5 0.622827
10 6 0.789496
10 7 0.500675
10 8 0.701939
10 9 0.528845
10 10 0.733872
10 11 0.477489
10 12 0.619537
10 13 0.667894
10 14 0.571874
10 15 0.500000
10 16 0.617397
10 17 0.646040
10 18 0.751037
11 1 0.542680
11 2 0.525811
11 3 0.644301
11 4 0.514309
11 5 0.520494
11 6 0.652095
11 7 0.500172
11 8 0.540441
11 9 0.495806
11 10 0.477489
11 11 0.646294
11 12 0.521059
11 13 0.521635
11 14 0.625215
11 15 0.500000
11 16 0.514433
11 17 0.504695
11 18 0.451236
11 19 0.467906
12 2 0.674526
12 3 0.696780
12 4 0.560379
12 5 0.649752
12 6 0.768662
12 7 0.500686
12 9 0.519501
12 10 0.619537
12 11 0.521059
12 12 0.636404
12 13 0.666983
12 14 0.632162
12 15 0.500000
12 16 0.631402
12 17 0.607342
12 18 0.625042
12 19 0.702430
13 1 0.744402
13 2 0.712114
13 3 0.835988
13 4 0.590405
13 5 0.671636
13 6 0.806891
13 7 0.501220
13 9 0.525541
13 10 0.667894
13 11 0.521635
13 12 0.666983
13 13 0.730506
13 14 0.643452
13 15 0.500000
13 16 0.664577
13 17 0.642841
13 18 0.673654
13 19 0.770717
14 1 0.706670
14 2 0.686480
14 3 0.756393
14 4 0.561151
14 5 0.653266
14 6 0.814344
14 7 0.501108
14 9 0.541198
14 10 0.571874
14 11 0.625215
14 12 0.632162
14 13 0.643452
14 14 0.914044
14 15 0.500000
14 16 0.623009
14 17 0.599811
14 18 0.552832
14 19 0.630792
15 1 0.500000
15 2 0.500000
15 3 0.500000
15 4 0.500000
15 5 0.500000
15 6 0.500000
15 7 0.500000
15 9 0.500000
15 10 0.500000
15 11 0.500000
15 12 0.500000
15 13 0.500000
15 14 0.500000
15 15 0.500000
15 16 0.500000
15 17 0.500000
15 18 0.500000
15 19 0.500000
16 2 0.667919
16 3 0.701652
16 4 0.559793
16 5 0.644118
16 6 0.760395
16 7 0.500662
16 9 0.518816
16 10 0.617397
16 11 0.514433
16 12 0.631402
16 13 0.664577
16 14 0.623009
16 15 0.500000
16 16 0.628277
16 17 0.605233
16 18 0.623220
16 19 0.698932
17 2 0.643277
17 3 0.682333
17 5 0.615826
17 6 0.737848
17 7 0.500647
17 9 0.520480
17 10 0.646040
17 11 0.504695
17 12 0.607342
17 13 0.642841
17 14 0.599811
17 15 0.500000
17 16 0.605233
17 17 0.607949
17 18 0.653594
18 1 0.690026
18 2 0.667318
18 3 0.552977
18 4 0.602094
18 5 0.625477
18 6 0.820935
18 7 0.500468
18 8 0.706016
18 9 0.531781
18 10 0.751037
18 11 0.451236
18 12 0.625042
18 13 0.673654
18 14 0.552832
18 15 0.500000
18 16 0.623220
18 17 0.653594
18 18 0.781898
19 3 0.761080
19 4 0.667677
19 5 0.708235
19 6 0.909383
19 7 0.501145
19 9 0.548616
19 11 0.467906
19 12 0.702430
19 13 0.770717
19 14 0.630792
19 15 0.500000
19 16 0.698932
19 19 0.937478
