1 2 0.986651
1 3 0.870933
1 5 0.870009
1 8 0.972731
1 12 0.876356
1 16 0.900179
1 17 0.906767
1 19 0.992863
2 1 0.986651
2 8 0.987296
2 19 0.999748
3 1 0.870933
3 8 0.884786
4 17 0.724456
5 1 0.870009
5 8 0.900317
8 1 0.972731
8 2 0.987296
8 3 0.884786
8 5 0.900317
8 12 0.883230
8 13 0.859362
8 14 0.997070
8 15 0.808018
8 16 0.917655
8 17 0.920823
8 19 0.993848
10 19 0.996357
12 1 0.876356
12 8 0.883230
13 8 0.859362
14 8 0.997070
15 8 0.808018
16 1 0.900179
16 8 0.917655
17 1 0.906767
17 4 0.724456
17 8 0.920823
17 19 0.967121
18 19 0.996918
19 1 0.992863
19 2 0.999748
19 8 0.993848
19 10 0.996357
19 17 0.967121
19 18 0.996918
1 1 0.966363
1 4 0.791898
1 6 0.994358
1 7 0.498306
1 9 0.599210
1 10 0.956025
1 11 0.612426
1 13 0.829317
1 14 0.995689
1 15 0.781435
1 18 0.987965
2 2 0.999611
2 3 0.922634
2 4 0.821272
2 5 0.900544
2 6 0.997692
2 7 0.498594
2 9 0.597171
2 10 0.994227
2 11 0.601052
2 12 0.921896
2 13 0.868164
2 14 0.996962
2 15 0.833505
2 16 0.937013
2 17 0.949027
2 18 0.991227
3 2 0.922634
3 3 0.757050
3 4 0.670932
3 5 0.755568
3 6 0.952962
3 7 0.499259
3 9 0.553884
3 10 0.859260
3 11 0.580482
3 12 0.753670
3 13 0.712855
3 14 0.959768
3 15 0.675755
3 16 0.780073
3 17 0.783447
3 18 0.933512
3 19 0.947233
4 1 0.791898
4 2 0.821272
4 3 0.670932
4 4 0.654334
4 5 0.681408
4 6 0.901080
4 7 0.499139
4 8 0.810349
4 9 0.548560
4 10 0.752733
4 11 0.524655
4 12 0.681070
4 13 0.650225
4 14 0.911106
4 15 0.628113
4 16 0.711120
4 18 0.815146
4 19 0.856303
5 2 0.900544
5 3 0.755568
5 4 0.681408
5 5 0.801249
5 6 0.942824
5 7 0.498614
5 9 0.558837
5 10 0.836989
5 11 0.565064
5 12 0.736283
5 13 0.727746
5 14 0.968719
5 15 0.692115
5 16 0.798285
5 17 0.792609
5 18 0.903142
5 19 0.934751
6 1 0.994358
6 2 0.997692
6 3 0.952962
6 4 0.901080
6 5 0.942824
6 6 0.999992
6 7 0.498509
6 8 0.996134
6 9 0.682395
6 10 0.990236
6 11 0.773036
6 12 0.953158
6 13 0.909185
6 14 0.999844
6 15 0.887725
6 16 0.964912
6 17 0.972199
6 18 0.999552
6 19 0.999261
7 1 0.498306
7 2 0.498594
7 3 0.499259
7 4 0.499139
7 5 0.498614
7 6 0.498509
7 7 0.500023
7 8 0.498000
7 9 0.499796
7 10 0.499264
7 11 0.500391
7 12 0.499156
7 13 0.499290
7 14 0.496699
7 15 0.499371
7 16 0.498761
7 17 0.498809
7 18 0.498806
7 19 0.498496
8 4 0.810349
8 6 0.996134
8 7 0.498000
8 8 0.981410
8 9 0.615376
8 10 0.959730
8 11 0.628710
8 18 0.989765
9 1 0.599210
9 2 0.597171
9 3 0.553884
9 4 0.548560
9 5 0.558837
9 6 0.682395
9 7 0.499796
9 8 0.615376
9 9 0.522428
9 10 0.576330
9 11 0.516659
9 12 0.555200
9 13 0.553829
9 14 0.685820
9 15 0.544222
9 16 0.567128
9 17 0.570777
9 18 0.613753
9 19 0.618009
10 1 0.956025
10 2 0.994227
10 3 0.859260
10 4 0.752733
10 5 0.836989
10 6 0.990236
10 7 0.499264
10 8 0.959730
10 9 0.576330
10 10 0.971156
10 11 0.597876
10 12 0.856238
10 13 0.803843
10 14 0.987531
10 15 0.763932
10 16 0.878190
10 17 0.891575
10 18 0.975978
11 1 0.612426
11 2 0.601052
11 3 0.580482
11 4 0.524655
11 5 0.565064
11 6 0.773036
11 7 0.500391
11 8 0.628710
11 9 0.516659
11 10 0.597876
11 11 0.620998
11 12 0.568580
11 13 0.563898
11 14 0.631928
11 15 0.544537
11 16 0.564275
11 17 0.554584
11 18 0.829149
11 19 0.636887
12 2 0.921896
12 3 0.753670
12 4 0.681070
12 5 0.736283
12 6 0.953158
12 7 0.499156
12 9 0.555200
12 10 0.856238
12 11 0.568580
12 12 0.766299
12 13 0.711891
12 14 0.959814
12 15 0.669613
12 16 0.777407
12 17 0.785996
12 18 0.942971
12 19 0.945169
13 1 0.829317
13 2 0.868164
13 3 0.712855
13 4 0.650225
13 5 0.727746
13 6 0.909185
13 7 0.499290
13 9 0.553829
13 10 0.803843
13 11 0.563898
13 12 0.711891
13 13 0.719973
13 14 0.903349
13 15 0.659161
13 16 0.745128
13 17 0.746253
13 18 0.901102
13 19 0.904100
14 1 0.995689
14 2 0.996962
14 3 0.959768
14 4 0.911106
14 5 0.968719
14 6 0.999844
14 7 0.496699
14 9 0.685820
14 10 0.987531
14 11 0.631928
14 12 0.959814
14 13 0.903349
14 14 0.999999
14 15 0.894090
14 16 0.976867
14 17 0.978512
14 18 0.998134
14 19 0.999162
15 1 0.781435
15 2 0.833505
15 3 0.675755
15 4 0.628113
15 5 0.692115
15 6 0.887725
15 7 0.499371
15 9 0.544222
15 10 0.763932
15 11 0.544537
15 12 0.669613
15 13 0.659161
15 14 0.894090
15 15 0.631237
15 16 0.705623
15 17 0.709779
15 18 0.817873
15 19 0.867498
16 2 0.937013
16 3 0.780073
16 4 0.711120
16 5 0.798285
16 6 0.964912
16 7 0.498761
16 9 0.567128
16 10 0.878190
16 11 0.564275
16 12 0.777407
16 13 0.745128
16 14 0.976867
16 15 0.705623
16 16 0.820218
16 17 0.823754
16 18 0.937113
16 19 0.960052
17 2 0.949027
17 3 0.783447
17 5 0.792609
17 6 0.972199
17 7 0.498809
17 9 0.570777
17 10 0.891575
17 11 0.554584
17 12 0.785996
17 13 0.746253
17 14 0.978512
17 15 0.709779
17 16 0.823754
17 17 0.834042
17 18 0.935273
18 1 0.987965
18 2 0.991227
18 3 0.933512
18 4 0.815146
18 5 0.903142
18 6 0.999552
18 7 0.498806
18 8 0.989765
18 9 0.613753
18 10 0.975978
18 11 0.829149
18 12 0.942971
18 13 0.901102
18 14 0.998134
18 15 0.817873
18 16 0.937113
18 17 0.935273
18 18 0.999938
19 3 0.947233
19 4 0.856303
19 5 0.934751
19 6 0.999261
19 7 0.498496
19 9 0.618009
19 11 0.636887
19 12 0.945169
19 13 0.904100
19 14 0.999162
19 15 0.867498
19 16 0.960052
19 19 0.999876
