1 2 0.992436
1 3 0.990130
1 5 0.979182
1 8 0.998801
1 12 0.936893
1 16 0.988664
1 17 0.986923
1 19 0.998947
2 1 0.992436
2 8 0.992957
2 19 0.994216
3 1 0.990130
3 8 0.992735
4 17 0.887005
5 1 0.979182
5 8 0.972176
8 1 0.998801
8 2 0.992957
8 3 0.992735
8 5 0.972176
8 12 0.964680
8 13 0.980430
8 14 0.996009
8 15 0.955418
8 16 0.993310
8 17 0.993242
8 19 0.999609
10 19 0.500000
12 1 0.936893
12 8 0.964680
13 8 0.980430
14 8 0.996009
15 8 0.955418
16 1 0.988664
16 8 0.993310
17 1 0.986923
17 4 0.887005
17 8 0.993242
17 19 0.995100
18 19 0.998221
19 1 0.998947
19 2 0.994216
19 8 0.999609
19 10 0.500000
19 17 0.995100
19 18 0.998221
1 1 0.998456
1 4 0.918472
1 6 0.998687
1 7 0.504036
1 9 0.702324
1 10 0.500000
1 11 0.795009
1 13 0.969167
1 14 0.986211
1 15 0.924345
1 18 0.993106
2 2 0.981364
2 3 0.971323
2 4 0.860343
2 5 0.947035
2 6 0.997090
2 7 0.503367
2 9 0.677660
2 10 0.500000
2 11 0.722037
2 12 0.885716
2 13 0.933690
2 14 0.961186
2 15 0.868881
2 16 0.969410
2 17 0.961843
2 18 0.973022
3 2 0.971323
3 3 0.966704
3 4 0.852462
3 5 0.935988
3 6 0.991823
3 7 0.503088
3 9 0.649125
3 10 0.500000
3 11 0.722015
3 12 0.880422
3 13 0.926006
3 14 0.961855
3 15 0.863024
3 16 0.963945
3 17 0.958873
3 18 0.972850
3 19 0.993193
4 1 0.918472
4 2 0.860343
4 3 0.852462
4 4 0.781197
4 5 0.780592
4 6 0.939537
4 7 0.501789
4 8 0.941771
4 9 0.573488
4 10 0.500000
4 11 0.624216
4 12 0.761918
4 13 0.787219
4 14 0.838651
4 15 0.740569
4 16 0.856908
4 18 0.910477
4 19 0.955547
5 2 0.947035
5 3 0.935988
5 4 0.780592
5 5 0.931745
5 6 0.978858
5 7 0.502170
5 9 0.632597
5 10 0.500000
5 11 0.715860
5 12 0.807342
5 13 0.875421
5 14 0.908582
5 15 0.791138
5 16 0.926705
5 17 0.909431
5 18 0.930874
5 19 0.976669
6 1 0.998687
6 2 0.997090
6 3 0.991823
6 4 0.939537
6 5 0.978858
6 6 0.999987
6 7 0.505149
6 8 0.999096
6 9 0.788899
6 10 0.500000
6 11 0.749030
6 12 0.954031
6 13 0.973710
6 14 0.992342
6 15 0.942699
6 16 0.993163
6 17 0.989894
6 18 0.989819
6 19 0.999158
7 1 0.504036
7 2 0.503367
7 3 0.503088
7 4 0.501789
7 5 0.502170
7 6 0.505149
7 7 0.500022
7 8 0.504419
7 9 0.500514
7 10 0.500000
7 11 0.500560
7 12 0.501848
7 13 0.502766
7 14 0.503036
7 15 0.501629
7 16 0.503045
7 17 0.503072
7 18 0.502875
7 19 0.504406
8 4 0.941771
8 6 0.999096
8 7 0.504419
8 8 0.999745
8 9 0.704723
8 10 0.500000
8 11 0.753179
8 18 0.997115
9 1 0.702324
9 2 0.677660
9 3 0.649125
9 4 0.573488
9 5 0.632597
9 6 0.788899
9 7 0.500514
9 8 0.704723
9 9 0.548707
9 10 0.500000
9 11 0.543394
9 12 0.591977
9 13 0.608388
9 14 0.651338
9 15 0.587846
9 16 0.652495
9 17 0.629329
9 18 0.638737
9 19 0.706879
10 1 0.500000
10 2 0.500000
10 3 0.500000
10 4 0.500000
10 5 0.500000
10 6 0.500000
10 7 0.500000
10 8 0.500000
10 9 0.500000
10 10 0.500000
10 11 0.500000
10 12 0.500000
10 13 0.500000
10 14 0.500000
10 15 0.500000
10 16 0.500000
10 17 0.500000
10 18 0.500000
11 1 0.795009
11 2 0.722037
11 3 0.722015
11 4 0.624216
11 5 0.715860
11 6 0.749030
11 7 0.500560
11 8 0.753179
11 9 0.543394
11 10 0.500000
11 11 0.657950
11 12 0.616375
11 13 0.620072
11 14 0.651846
11 15 0.603583
11 16 0.704882
11 17 0.702984
11 18 0.731388
11 19 0.799012
12 2 0.885716
12 3 0.880422
12 4 0.761918
12 5 0.807342
12 6 0.954031
12 7 0.501848
12 9 0.591977
12 10 0.500000
12 11 0.616375
12 12 0.797557
12 13 0.828108
12 14 0.900744
12 15 0.776696
12 16 0.887401
12 17 0.886624
12 18 0.915271
12 19 0.962308
13 1 0.969167
13 2 0.933690
13 3 0.926006
13 4 0.787219
13 5 0.875421
13 6 0.973710
13 7 0.502766
13 9 0.608388
13 10 0.500000
13 11 0.620072
13 12 0.828108
13 13 0.893112
13 14 0.932456
13 15 0.809307
13 16 0.924102
13 17 0.917057
13 18 0.938318
13 19 0.977832
14 1 0.986211
14 2 0.961186
14 3 0.961855
14 4 0.838651
14 5 0.908582
14 6 0.992342
14 7 0.503036
14 9 0.651338
14 10 0.500000
14 11 0.651846
14 12 0.900744
14 13 0.932456
14 14 0.983735
14 15 0.887041
14 16 0.965577
14 17 0.955544
14 18 0.968920
14 19 0.992256
15 1 0.924345
15 2 0.868881
15 3 0.863024
15 4 0.740569
15 5 0.791138
15 6 0.942699
15 7 0.501629
15 9 0.587846
15 10 0.500000
15 11 0.603583
15 12 0.776696
15 13 0.809307
15 14 0.887041
15 15 0.760708
15 16 0.868571
15 17 0.866312
15 18 0.898228
15 19 0.950441
16 2 0.969410
16 3 0.963945
16 4 0.856908
16 5 0.926705
16 6 0.993163
16 7 0.503045
16 9 0.652495
16 10 0.500000
16 11 0.704882
16 12 0.887401
16 13 0.924102
16 14 0.965577
16 15 0.868571
16 16 0.964441
16 17 0.960039
16 18 0.973219
16 19 0.993428
17 2 0.961843
17 3 0.958873
17 5 0.909431
17 6 0.989894
17 7 0.503072
17 9 0.629329
17 10 0.500000
17 11 0.702984
17 12 0.886624
17 13 0.917057
17 14 0.955544
17 15 0.866312
17 16 0.960039
17 17 0.970070
17 18 0.982321
18 1 0.993106
18 2 0.973022
18 3 0.972850
18 4 0.910477
18 5 0.930874
18 6 0.989819
18 7 0.502875
18 8 0.997115
18 9 0.638737
18 10 0.500000
18 11 0.731388
18 12 0.915271
18 13 0.938318
18 14 0.968920
18 15 0.898228
18 16 0.973219
18 17 0.982321
18 18 0.993446
19 3 0.993193
19 4 0.955547
19 5 0.976669
19 6 0.999158
19 7 0.504406
19 9 0.706879
19 11 0.799012
19 12 0.962308
19 13 0.977832
19 14 0.992256
19 15 0.950441
19 16 0.993428
19 19 0.999762
