1 2 0.994458
1 3 0.981737
1 5 0.939913
1 8 0.996753
1 12 0.941887
1 16 0.973327
1 17 0.976307
1 19 0.997750
2 1 0.994458
2 8 0.997243
2 19 0.997518
3 1 0.981737
3 8 0.991468
4 17 0.844820
5 1 0.939913
5 8 0.983536
8 1 0.996753
8 2 0.997243
8 3 0.991468
8 5 0.983536
8 12 0.952025
8 13 0.974827
8 14 0.989769
8 15 0.500000
8 16 0.979678
8 17 0.984847
8 19 0.998836
10 19 0.980685
12 1 0.941887
12 8 0.952025
13 8 0.974827
14 8 0.989769
15 8 0.500000
16 1 0.973327
16 8 0.979678
17 1 0.976307
17 4 0.844820
17 8 0.984847
17 19 0.987458
18 19 0.959627
19 1 0.997750
19 2 0.997518
19 8 0.998836
19 10 0.980685
19 17 0.987458
19 18 0.959627
1 1 0.995317
1 4 0.883683
1 6 0.917771
1 7 0.501024
1 9 0.634011
1 10 0.967140
1 11 0.793927
1 13 0.938709
1 14 0.953144
1 15 0.500000
1 18 0.944535
2 2 0.994661
2 3 0.982861
2 4 0.856127
2 5 0.957803
2 6 0.919165
2 7 0.501043
2 9 0.637381
2 10 0.961971
2 11 0.805260
2 12 0.939301
2 13 0.948034
2 14 0.964862
2 15 0.500000
2 16 0.970363
2 17 0.973301
2 18 0.938499
3 2 0.982861
3 3 0.961946
3 4 0.794170
3 5 0.929226
3 6 0.858161
3 7 0.500752
3 9 0.613056
3 10 0.921962
3 11 0.746184
3 12 0.890427
3 13 0.915783
3 14 0.943781
3 15 0.500000
3 16 0.935510
3 17 0.942230
3 18 0.896840
3 19 0.990421
4 1 0.883683
4 2 0.856127
4 3 0.794170
4 4 0.784148
4 5 0.675037
4 6 0.776551
4 7 0.500845
4 8 0.884592
4 9 0.556196
4 10 0.813016
4 11 0.596083
4 12 0.727858
4 13 0.684795
4 14 0.705494
4 15 0.500000
4 16 0.798754
4 18 0.741475
4 19 0.917018
5 2 0.957803
5 3 0.929226
5 4 0.675037
5 5 0.945642
5 6 0.837255
5 7 0.500826
5 9 0.609140
5 10 0.837144
5 11 0.712872
5 12 0.821412
5 13 0.903063
5 14 0.949558
5 15 0.500000
5 16 0.878317
5 17 0.885114
5 18 0.808807
5 19 0.967405
6 1 0.917771
6 2 0.919165
6 3 0.858161
6 4 0.776551
6 5 0.837255
6 6 0.999366
6 7 0.501890
6 8 0.932610
6 9 0.613353
6 10 0.858757
6 11 0.652517
6 12 0.809327
6 13 0.785100
6 14 0.770289
6 15 0.500000
6 16 0.853392
6 17 0.877119
6 18 0.840303
6 19 0.956413
7 1 0.501024
7 2 0.501043
7 3 0.500752
7 4 0.500845
7 5 0.500826
7 6 0.501890
7 7 0.500010
7 8 0.501368
7 9 0.500312
7 10 0.500757
7 11 0.500292
7 12 0.500519
7 13 0.500605
7 14 0.500691
7 15 0.500000
7 16 0.500749
7 17 0.501106
7 18 0.500284
7 19 0.501354
8 4 0.884592
8 6 0.932610
8 7 0.501368
8 8 0.999308
8 9 0.676915
8 10 0.972201
8 11 0.828206
8 18 0.962395
9 1 0.634011
9 2 0.637381
9 3 0.613056
9 4 0.556196
9 5 0.609140
9 6 0.613353
9 7 0.500312
9 8 0.676915
9 9 0.535114
9 10 0.585788
9 11 0.542012
9 12 0.569997
9 13 0.593770
9 14 0.627329
9 15 0.500000
9 16 0.603414
9 17 0.606393
9 18 0.569796
9 19 0.658183
10 1 0.967140
10 2 0.961971
10 3 0.921962
10 4 0.813016
10 5 0.837144
10 6 0.858757
10 7 0.500757
10 8 0.972201
10 9 0.585788
10 10 0.903907
10 11 0.689017
10 12 0.851893
10 13 0.837116
10 14 0.852996
10 15 0.500000
10 16 0.907179
10 17 0.921007
10 18 0.851820
11 1 0.793927
11 2 0.805260
11 3 0.746184
11 4 0.596083
11 5 0.712872
11 6 0.652517
11 7 0.500292
11 8 0.828206
11 9 0.542012
11 10 0.689017
11 11 0.615195
11 12 0.672240
11 13 0.685045
11 14 0.721455
11 15 0.500000
11 16 0.714034
11 17 0.713438
11 18 0.674384
11 19 0.824487
12 2 0.939301
12 3 0.890427
12 4 0.727858
12 5 0.821412
12 6 0.809327
12 7 0.500519
12 9 0.569997
12 10 0.851893
12 11 0.672240
12 12 0.815831
12 13 0.814009
12 14 0.829686
12 15 0.500000
12 16 0.868697
12 17 0.870263
12 18 0.803592
12 19 0.960146
13 1 0.938709
13 2 0.948034
13 3 0.915783
13 4 0.684795
13 5 0.903063
13 6 0.785100
13 7 0.500605
13 9 0.593770
13 10 0.837116
13 11 0.685045
13 12 0.814009
13 13 0.881981
13 14 0.919585
13 15 0.500000
13 16 0.868615
13 17 0.872152
13 18 0.833149
13 19 0.961836
14 1 0.953144
14 2 0.964862
14 3 0.943781
14 4 0.705494
14 5 0.949558
14 6 0.770289
14 7 0.500691
14 9 0.627329
14 10 0.852996
14 11 0.721455
14 12 0.829686
14 13 0.919585
14 14 0.967930
14 15 0.500000
14 16 0.892704
14 17 0.904503
14 18 0.862185
14 19 0.974090
15 1 0.500000
15 2 0.500000
15 3 0.500000
15 4 0.500000
15 5 0.500000
15 6 0.500000
15 7 0.500000
15 9 0.500000
15 10 0.500000
15 11 0.500000
15 12 0.500000
15 13 0.500000
15 14 0.500000
15 15 0.500000
15 16 0.500000
15 17 0.500000
15 18 0.500000
15 19 0.500000
16 2 0.970363
16 3 0.935510
16 4 0.798754
16 5 0.878317
16 6 0.853392
16 7 0.500749
16 9 0.603414
16 10 0.907179
16 11 0.714034
16 12 0.868697
16 13 0.868615
16 14 0.892704
16 15 0.500000
16 16 0.926323
16 17 0.926133
16 18 0.856863
16 19 0.983872
17 2 0.973301
17 3 0.942230
17 5 0.885114
17 6 0.877119
17 7 0.501106
17 9 0.606393
17 10 0.921007
17 11 0.713438
17 12 0.870263
17 13 0.872152
17 14 0.904503
17 15 0.500000
17 16 0.926133
17 17 0.943487
17 18 0.877390
18 1 0.944535
18 2 0.938499
18 3 0.896840
18 4 0.741475
18 5 0.808807
18 6 0.840303
18 7 0.500284
18 8 0.962395
18 9 0.569796
18 10 0.851820
18 11 0.674384
18 12 0.803592
18 13 0.833149
18 14 0.862185
18 15 0.500000
18 16 0.856863
18 17 0.877390
18 18 0.934406
19 3 0.990421
19 4 0.917018
19 5 0.967405
19 6 0.956413
19 7 0.501354
19 9 0.658183
19 11 0.824487
19 12 0.960146
19 13 0.961836
19 14 0.974090
19 15 0.500000
19 16 0.983872
19 19 0.999169
