1 2 0.828061
1 3 0.791903
1 5 0.761356
1 8 0.775235
1 12 0.723952
1 16 0.718402
1 17 0.814325
1 19 0.912217
2 1 0.828061
2 8 0.693820
2 19 0.850370
3 1 0.791903
3 8 0.656221
4 17 0.671035
5 1 0.761356
5 8 0.678229
8 1 0.775235
8 2 0.693820
8 3 0.656221
8 5 0.678229
8 12 0.647799
8 13 0.717965
8 14 0.847522
8 15 0.592279
8 16 0.640264
8 17 0.683891
8 19 0.755406
10 19 0.873760
12 1 0.723952
12 8 0.647799
13 8 0.717965
14 8 0.847522
15 8 0.592279
16 1 0.718402
16 8 0.640264
17 1 0.814325
17 4 0.671035
17 8 0.683891
17 19 0.833478
18 19 0.724223
19 1 0.912217
19 2 0.850370
19 8 0.755406
19 10 0.873760
19 17 0.833478
19 18 0.724223
1 1 0.907028
1 4 0.727763
1 6 0.965645
1 7 0.501919
1 9 0.583064
1 10 0.832712
1 11 0.631044
1 13 0.850971
1 14 0.904671
1 15 0.626600
1 18 0.763605
2 2 0.764266
2 3 0.703558
2 4 0.663941
2 5 0.684237
2 6 0.905620
2 7 0.501307
2 9 0.550196
2 10 0.770065
2 11 0.582930
2 12 0.660419
2 13 0.750613
2 14 0.822597
2 15 0.581411
2 16 0.658789
2 17 0.741544
2 18 0.651054
3 2 0.703558
3 3 0.716165
3 4 0.644880
3 5 0.647476
3 6 0.882974
3 7 0.501200
3 9 0.548119
3 10 0.720807
3 11 0.584559
3 12 0.622392
3 13 0.756792
3 14 0.742168
3 15 0.566334
3 16 0.620371
3 17 0.700909
3 18 0.707459
3 19 0.795537
4 1 0.727763
4 2 0.663941
4 3 0.644880
4 4 0.625985
4 5 0.610262
4 6 0.847116
4 7 0.500936
4 8 0.620481
4 9 0.533404
4 10 0.683984
4 11 0.559134
4 12 0.594457
4 13 0.699668
4 14 0.650846
4 15 0.550187
4 16 0.600677
4 18 0.618683
4 19 0.748100
5 2 0.684237
5 3 0.647476
5 4 0.610262
5 5 0.673128
5 6 0.819765
5 7 0.501016
5 9 0.553024
5 10 0.661935
5 11 0.565987
5 12 0.639116
5 13 0.699837
5 14 0.831578
5 15 0.577941
5 16 0.629019
5 17 0.672351
5 18 0.640759
5 19 0.741529
6 1 0.965645
6 2 0.905620
6 3 0.882974
6 4 0.847116
6 5 0.819765
6 6 0.999624
6 7 0.504115
6 8 0.851904
6 9 0.622446
6 10 0.922365
6 11 0.686703
6 12 0.793583
6 13 0.926204
6 14 0.910699
6 15 0.678511
6 16 0.800621
6 17 0.912896
6 18 0.931067
6 19 0.971610
7 1 0.501919
7 2 0.501307
7 3 0.501200
7 4 0.500936
7 5 0.501016
7 6 0.504115
7 7 0.500017
7 8 0.500895
7 9 0.500239
7 10 0.501347
7 11 0.500402
7 12 0.500756
7 13 0.501223
7 14 0.501524
7 15 0.500254
7 16 0.500724
7 17 0.501341
7 18 0.502143
7 19 0.501979
8 4 0.620481
8 6 0.851904
8 7 0.500895
8 8 0.693868
8 9 0.559506
8 10 0.673933
8 11 0.574234
8 18 0.653778
9 1 0.583064
9 2 0.550196
9 3 0.548119
9 4 0.533404
9 5 0.553024
9 6 0.622446
9 7 0.500239
9 8 0.559506
9 9 0.524241
9 10 0.540121
9 11 0.520585
9 12 0.542986
9 13 0.579424
9 14 0.647361
9 15 0.529730
9 16 0.541694
9 17 0.551457
9 18 0.556435
9 19 0.565722
10 1 0.832712
10 2 0.770065
10 3 0.720807
10 4 0.683984
10 5 0.661935
10 6 0.922365
10 7 0.501347
10 8 0.673933
10 9 0.540121
10 10 0.803598
10 11 0.588186
10 12 0.644570
10 13 0.765840
10 14 0.742057
10 15 0.573061
10 16 0.648524
10 17 0.754677
10 18 0.655467
11 1 0.631044
11 2 0.582930
11 3 0.584559
11 4 0.559134
11 5 0.565987
11 6 0.686703
11 7 0.500402
11 8 0.574234
11 9 0.520585
11 10 0.588186
11 11 0.543279
11 12 0.554593
11 13 0.604094
11 14 0.628112
11 15 0.532633
11 16 0.553301
11 17 0.583660
11 18 0.590937
11 19 0.627234
12 2 0.660419
12 3 0.622392
12 4 0.594457
12 5 0.639116
12 6 0.793583
12 7 0.500756
12 9 0.542986
12 10 0.644570
12 11 0.554593
12 12 0.616523
12 13 0.667025
12 14 0.795059
12 15 0.564690
12 16 0.611171
12 17 0.648098
12 18 0.603752
12 19 0.714320
13 1 0.850971
13 2 0.750613
13 3 0.756792
13 4 0.699668
13 5 0.699837
13 6 0.926204
13 7 0.501223
13 9 0.579424
13 10 0.765840
13 11 0.604094
13 12 0.667025
13 13 0.870881
13 14 0.823162
13 15 0.602356
13 16 0.671875
13 17 0.764362
13 18 0.702569
13 19 0.847705
14 1 0.904671
14 2 0.822597
14 3 0.742168
14 4 0.650846
14 5 0.831578
14 6 0.910699
14 7 0.501524
14 9 0.647361
14 10 0.742057
14 11 0.628112
14 12 0.795059
14 13 0.823162
14 14 0.998644
14 15 0.691168
14 16 0.774559
14 17 0.775815
14 18 0.744230
14 19 0.859805
15 1 0.626600
15 2 0.581411
15 3 0.566334
15 4 0.550187
15 5 0.577941
15 6 0.678511
15 7 0.500254
15 9 0.529730
15 10 0.573061
15 11 0.532633
15 12 0.564690
15 13 0.602356
15 14 0.691168
15 15 0.549505
15 16 0.561471
15 17 0.577902
15 18 0.575790
15 19 0.611853
16 2 0.658789
16 3 0.620371
16 4 0.600677
16 5 0.629019
16 6 0.800621
16 7 0.500724
16 9 0.541694
16 10 0.648524
16 11 0.553301
16 12 0.611171
16 13 0.671875
16 14 0.774559
16 15 0.561471
16 16 0.612098
16 17 0.652352
16 18 0.590381
16 19 0.716623
17 2 0.741544
17 3 0.700909
17 5 0.672351
17 6 0.912896
17 7 0.501341
17 9 0.551457
17 10 0.754677
17 11 0.583660
17 12 0.648098
17 13 0.764362
17 14 0.775815
17 15 0.577902
17 16 0.652352
17 17 0.738240
17 18 0.659478
18 1 0.763605
18 2 0.651054
18 3 0.707459
18 4 0.618683
18 5 0.640759
18 6 0.931067
18 7 0.502143
18 8 0.653778
18 9 0.556435
18 10 0.655467
18 11 0.590937
18 12 0.603752
18 13 0.702569
18 14 0.744230
18 15 0.575790
18 16 0.590381
18 17 0.659478
18 18 0.898542
19 3 0.795537
19 4 0.748100
19 5 0.741529
19 6 0.971610
19 7 0.501979
19 9 0.565722
19 11 0.627234
19 12 0.714320
19 13 0.847705
19 14 0.859805
19 15 0.611853
19 16 0.716623
19 19 0.937379
