1 2 0.986560
1 3 0.950782
1 5 0.850516
1 8 0.991111
1 12 0.957606
1 16 0.958422
1 17 0.821187
1 19 0.998022
2 1 0.986560
2 8 0.992671
2 19 0.998583
3 1 0.950782
3 8 0.979737
4 17 0.578989
5 1 0.850516
5 8 0.935082
8 1 0.991111
8 2 0.992671
8 3 0.979737
8 5 0.935082
8 12 0.971383
8 13 0.954965
8 14 0.996824
8 15 0.500000
8 16 0.972557
8 17 0.868114
8 19 0.999273
10 19 0.995421
12 1 0.957606
12 8 0.971383
13 8 0.954965
14 8 0.996824
15 8 0.500000
16 1 0.958422
16 8 0.972557
17 1 0.821187
17 4 0.578989
17 8 0.868114
17 19 0.912580
18 19 0.999359
19 1 0.998022
19 2 0.998583
19 8 0.999273
19 10 0.995421
19 17 0.912580
19 18 0.999359
1 1 0.986385
1 4 0.649268
1 6 0.999798
1 7 0.502529
1 9 0.619452
1 10 0.962032
1 11 0.624237
1 13 0.908141
1 14 0.995985
1 15 0.500000
1 18 0.989614
2 2 0.988757
2 3 0.960548
2 4 0.653716
2 5 0.874618
2 6 0.999892
2 7 0.502534
2 9 0.636010
2 10 0.969071
2 11 0.642266
2 12 0.959129
2 13 0.920933
2 14 0.996175
2 15 0.500000
2 16 0.960696
2 17 0.835397
2 18 0.991724
3 2 0.960548
3 3 0.945223
3 4 0.605173
3 5 0.853220
3 6 0.999569
3 7 0.502099
3 9 0.617754
3 10 0.923026
3 11 0.609270
3 12 0.904833
3 13 0.873269
3 14 0.972197
3 15 0.500000
3 16 0.909273
3 17 0.773886
3 18 0.969958
3 19 0.991262
4 1 0.649268
4 2 0.653716
4 3 0.605173
4 4 0.547452
4 5 0.577356
4 6 0.766128
4 7 0.500141
4 8 0.673610
4 9 0.519916
4 10 0.606279
4 11 0.495213
4 12 0.614370
4 13 0.589351
4 14 0.682489
4 15 0.500000
4 16 0.617749
4 18 0.657423
4 19 0.708420
5 2 0.874618
5 3 0.853220
5 4 0.577356
5 5 0.820428
5 6 0.992933
5 7 0.501053
5 9 0.597921
5 10 0.829748
5 11 0.625601
5 12 0.795298
5 13 0.812218
5 14 0.876484
5 15 0.500000
5 16 0.799452
5 17 0.698572
5 18 0.894106
5 19 0.949672
6 1 0.999798
6 2 0.999892
6 3 0.999569
6 4 0.766128
6 5 0.992933
6 6 1.000000
6 7 0.507029
6 8 0.999983
6 9 0.784629
6 10 0.999455
6 11 0.852539
6 12 0.998404
6 13 0.996109
6 14 0.999987
6 15 0.500000
6 16 0.998322
6 17 0.968361
6 18 0.999950
6 19 0.999999
7 1 0.502529
7 2 0.502534
7 3 0.502099
7 4 0.500141
7 5 0.501053
7 6 0.507029
7 7 0.500015
7 8 0.502856
7 9 0.500317
7 10 0.502125
7 11 0.500635
7 12 0.501843
7 13 0.501227
7 14 0.503673
7 15 0.500000
7 16 0.501802
7 17 0.500720
7 18 0.502992
7 19 0.503936
8 4 0.673610
8 6 0.999983
8 7 0.502856
8 8 0.997380
8 9 0.668164
8 10 0.978279
8 11 0.694009
8 18 0.994879
9 1 0.619452
9 2 0.636010
9 3 0.617754
9 4 0.519916
9 5 0.597921
9 6 0.784629
9 7 0.500317
9 8 0.668164
9 9 0.533312
9 10 0.620572
9 11 0.536070
9 12 0.591652
9 13 0.585701
9 14 0.643810
9 15 0.500000
9 16 0.592518
9 17 0.555572
9 18 0.660874
9 19 0.708832
10 1 0.962032
10 2 0.969071
10 3 0.923026
10 4 0.606279
10 5 0.829748
10 6 0.999455
10 7 0.502125
10 8 0.978279
10 9 0.620572
10 10 0.951716
10 11 0.658376
10 12 0.912449
10 13 0.870037
10 14 0.987847
10 15 0.500000
10 16 0.913243
10 17 0.768871
10 18 0.981287
11 1 0.624237
11 2 0.642266
11 3 0.609270
11 4 0.495213
11 5 0.625601
11 6 0.852539
11 7 0.500635
11 8 0.694009
11 9 0.536070
11 10 0.658376
11 11 0.656134
11 12 0.587881
11 13 0.619450
11 14 0.646067
11 15 0.500000
11 16 0.580875
11 17 0.534284
11 18 0.675360
11 19 0.734463
12 2 0.959129
12 3 0.904833
12 4 0.614370
12 5 0.795298
12 6 0.998404
12 7 0.501843
12 9 0.591652
12 10 0.912449
12 11 0.587881
12 12 0.908528
12 13 0.850703
12 14 0.981821
12 15 0.500000
12 16 0.910138
12 17 0.759998
12 18 0.964610
12 19 0.989432
13 1 0.908141
13 2 0.920933
13 3 0.873269
13 4 0.589351
13 5 0.812218
13 6 0.996109
13 7 0.501227
13 9 0.585701
13 10 0.870037
13 11 0.619450
13 12 0.850703
13 13 0.849712
13 14 0.939127
13 15 0.500000
13 16 0.854846
13 17 0.725545
13 18 0.927493
13 19 0.972901
14 1 0.995985
14 2 0.996175
14 3 0.972197
14 4 0.682489
14 5 0.876484
14 6 0.999987
14 7 0.503673
14 9 0.643810
14 10 0.987847
14 11 0.646067
14 12 0.981821
14 13 0.939127
14 14 0.999903
14 15 0.500000
14 16 0.981622
14 17 0.870872
14 18 0.997599
14 19 0.999743
15 1 0.500000
15 2 0.500000
15 3 0.500000
15 4 0.500000
15 5 0.500000
15 6 0.500000
15 7 0.500000
15 9 0.500000
15 10 0.500000
15 11 0.500000
15 12 0.500000
15 13 0.500000
15 14 0.500000
15 15 0.500000
15 16 0.500000
15 17 0.500000
15 18 0.500000
15 19 0.500000
16 2 0.960696
16 3 0.909273
16 4 0.617749
16 5 0.799452
16 6 0.998322
16 7 0.501802
16 9 0.592518
16 10 0.913243
16 11 0.580875
16 12 0.910138
16 13 0.854846
16 14 0.981622
16 15 0.500000
16 16 0.913090
16 17 0.765578
16 18 0.966091
16 19 0.989942
17 2 0.835397
17 3 0.773886
17 5 0.698572
17 6 0.968361
17 7 0.500720
17 9 0.555572
17 10 0.768871
17 11 0.534284
17 12 0.759998
17 13 0.725545
17 14 0.870872
17 15 0.500000
17 16 0.765578
17 17 0.666389
17 18 0.846509
18 1 0.989614
18 2 0.991724
18 3 0.969958
18 4 0.657423
18 5 0.894106
18 6 0.999950
18 7 0.502992
18 8 0.994879
18 9 0.660874
18 10 0.981287
18 11 0.675360
18 12 0.964610
18 13 0.927493
18 14 0.997599
18 15 0.500000
18 16 0.966091
18 17 0.846509
18 18 0.995884
19 3 0.991262
19 4 0.708420
19 5 0.949672
19 6 0.999999
19 7 0.503936
19 9 0.708832
19 11 0.734463
19 12 0.989432
19 13 0.972901
19 14 0.999743
19 15 0.500000
19 16 0.989942
19 19 0.999954
