1 2 0.901240
1 3 0.792503
1 5 0.827233
1 8 0.943694
1 12 0.791441
1 16 0.805590
1 17 0.770803
1 19 0.935579
2 1 0.901240
2 8 0.997382
2 19 0.999211
3 1 0.792503
3 8 0.956318
4 17 0.625926
5 1 0.827233
5 8 0.969624
8 1 0.943694
8 2 0.997382
8 3 0.956318
8 5 0.969624
8 12 0.945870
8 13 0.995442
8 14 0.988432
8 15 0.919128
8 16 0.950996
8 17 0.934364
8 19 0.999413
10 19 0.999135
12 1 0.791441
12 8 0.945870
13 8 0.995442
14 8 0.988432
15 8 0.919128
16 1 0.805590
16 8 0.950996
17 1 0.770803
17 4 0.625926
17 8 0.934364
17 19 0.945496
18 19 0.961326
19 1 0.935579
19 2 0.999211
19 8 0.999413
19 10 0.999135
19 17 0.945496
19 18 0.961326
1 1 0.815530
1 4 0.615086
1 6 0.934895
1 7 0.502569
1 9 0.548654
1 10 0.872007
1 11 0.623339
1 13 0.917969
1 14 0.838104
1 15 0.729209
1 18 0.739682
2 2 0.996462
2 3 0.936220
2 4 0.683053
2 5 0.950584
2 6 0.982973
2 7 0.504674
2 9 0.603980
2 10 0.995661
2 11 0.659462
2 12 0.915565
2 13 0.989158
2 14 0.978401
2 15 0.896102
2 16 0.919721
2 17 0.904653
2 18 0.931594
3 2 0.936220
3 3 0.831973
3 4 0.610550
3 5 0.839011
3 6 0.933730
3 7 0.502474
3 9 0.546855
3 10 0.925363
3 11 0.592773
3 12 0.798744
3 13 0.931707
3 14 0.876151
3 15 0.751277
3 16 0.811181
3 17 0.784244
3 18 0.787720
3 19 0.967120
4 1 0.615086
4 2 0.683053
4 3 0.610550
4 4 0.567834
4 5 0.634309
4 6 0.749418
4 7 0.500982
4 8 0.718478
4 9 0.529479
4 10 0.679188
4 11 0.555701
4 12 0.612339
4 13 0.705441
4 14 0.652460
4 15 0.581411
4 16 0.613450
4 18 0.611079
4 19 0.729503
5 2 0.950584
5 3 0.839011
5 4 0.634309
5 5 0.868692
5 6 0.948473
5 7 0.502963
5 9 0.561157
5 10 0.938941
5 11 0.632268
5 12 0.826769
5 13 0.949164
5 14 0.904556
5 15 0.777666
5 16 0.836574
5 17 0.814829
5 18 0.814951
5 19 0.975703
6 1 0.934895
6 2 0.982973
6 3 0.933730
6 4 0.749418
6 5 0.948473
6 6 0.999799
6 7 0.503965
6 8 0.993408
6 9 0.574328
6 10 0.977422
6 11 0.713023
6 12 0.922046
6 13 0.990538
6 14 0.946493
6 15 0.852351
6 16 0.935067
6 17 0.922141
6 18 0.836188
6 19 0.993948
7 1 0.502569
7 2 0.504674
7 3 0.502474
7 4 0.500982
7 5 0.502963
7 6 0.503965
7 7 0.500042
7 8 0.505968
7 9 0.500498
7 10 0.504564
7 11 0.500898
7 12 0.502497
7 13 0.504262
7 14 0.504701
7 15 0.502079
7 16 0.502739
7 17 0.502440
7 18 0.501676
7 19 0.506029
8 4 0.718478
8 6 0.993408
8 7 0.505968
8 8 0.998861
8 9 0.608933
8 10 0.996177
8 11 0.712228
8 18 0.942912
9 1 0.548654
9 2 0.603980
9 3 0.546855
9 4 0.529479
9 5 0.561157
9 6 0.574328
9 7 0.500498
9 8 0.608933
9 9 0.524191
9 10 0.603935
9 11 0.521177
9 12 0.547893
9 13 0.607938
9 14 0.565099
9 15 0.538832
9 16 0.546288
9 17 0.554493
9 18 0.591296
9 19 0.632974
10 1 0.872007
10 2 0.995661
10 3 0.925363
10 4 0.679188
10 5 0.938941
10 6 0.977422
10 7 0.504564
10 8 0.996177
10 9 0.603935
10 10 0.995834
10 11 0.655813
10 12 0.898384
10 13 0.985189
10 14 0.975927
10 15 0.882528
10 16 0.901818
10 17 0.893775
10 18 0.913309
11 1 0.623339
11 2 0.659462
11 3 0.592773
11 4 0.555701
11 5 0.632268
11 6 0.713023
11 7 0.500898
11 8 0.712228
11 9 0.521177
11 10 0.655813
11 11 0.588450
11 12 0.611788
11 13 0.670600
11 14 0.655352
11 15 0.577509
11 16 0.615181
11 17 0.614516
11 18 0.556823
11 19 0.701575
12 2 0.915565
12 3 0.798744
12 4 0.612339
12 5 0.826769
12 6 0.922046
12 7 0.502497
12 9 0.547893
12 10 0.898384
12 11 0.611788
12 12 0.787642
12 13 0.920982
12 14 0.864039
12 15 0.736601
12 16 0.798365
12 17 0.773670
12 18 0.773681
12 19 0.950921
13 1 0.917969
13 2 0.989158
13 3 0.931707
13 4 0.705441
13 5 0.949164
13 6 0.990538
13 7 0.504262
13 9 0.607938
13 10 0.985189
13 11 0.670600
13 12 0.920982
13 13 0.999118
13 14 0.972051
13 15 0.874130
13 16 0.919483
13 17 0.908389
13 18 0.950228
13 19 0.996533
14 1 0.838104
14 2 0.978401
14 3 0.876151
14 4 0.652460
14 5 0.904556
14 6 0.946493
14 7 0.504701
14 9 0.565099
14 10 0.975927
14 11 0.655352
14 12 0.864039
14 13 0.972051
14 14 0.972824
14 15 0.834802
14 16 0.870467
14 17 0.857577
14 18 0.877179
14 19 0.992567
15 1 0.729209
15 2 0.896102
15 3 0.751277
15 4 0.581411
15 5 0.777666
15 6 0.852351
15 7 0.502079
15 9 0.538832
15 10 0.882528
15 11 0.577509
15 12 0.736601
15 13 0.874130
15 14 0.834802
15 15 0.708190
15 16 0.742305
15 17 0.722118
15 18 0.744610
15 19 0.936929
16 2 0.919721
16 3 0.811181
16 4 0.613450
16 5 0.836574
16 6 0.935067
16 7 0.502739
16 9 0.546288
16 10 0.901818
16 11 0.615181
16 12 0.798365
16 13 0.919483
16 14 0.870467
16 15 0.742305
16 16 0.815069
16 17 0.782429
16 18 0.762234
16 19 0.953856
17 2 0.904653
17 3 0.784244
17 5 0.814829
17 6 0.922141
17 7 0.502440
17 9 0.554493
17 10 0.893775
17 11 0.614516
17 12 0.773670
17 13 0.908389
17 14 0.857577
17 15 0.722118
17 16 0.782429
17 17 0.774743
17 18 0.767628
18 1 0.739682
18 2 0.931594
18 3 0.787720
18 4 0.611079
18 5 0.814951
18 6 0.836188
18 7 0.501676
18 8 0.942912
18 9 0.591296
18 10 0.913309
18 11 0.556823
18 12 0.773681
18 13 0.950228
18 14 0.877179
18 15 0.744610
18 16 0.762234
18 17 0.767628
18 18 0.964707
19 3 0.967120
19 4 0.729503
19 5 0.975703
19 6 0.993948
19 7 0.506029
19 9 0.632974
19 11 0.701575
19 12 0.950921
19 13 0.996533
19 14 0.992567
19 15 0.936929
19 16 0.953856
19 19 0.999896
