1 2 0.869282
1 3 0.935457
1 5 0.824659
1 8 0.867252
1 12 0.793837
1 16 0.812958
1 17 0.853332
1 19 0.955502
2 1 0.869282
2 8 0.789463
2 19 0.906115
3 1 0.935457
3 8 0.890355
4 17 0.676184
5 1 0.824659
5 8 0.745531
8 1 0.867252
8 2 0.789463
8 3 0.890355
8 5 0.745531
8 12 0.723877
8 13 0.659338
8 14 0.921969
8 15 0.627759
8 16 0.726279
8 17 0.766342
8 19 0.893730
10 19 0.886693
12 1 0.793837
12 8 0.723877
13 8 0.659338
14 8 0.921969
15 8 0.627759
16 1 0.812958
16 8 0.726279
17 1 0.853332
17 4 0.676184
17 8 0.766342
17 19 0.881383
18 19 0.905383
19 1 0.955502
19 2 0.906115
19 8 0.893730
19 10 0.886693
19 17 0.881383
19 18 0.905383
1 1 0.937145
1 4 0.749263
1 6 0.867743
1 7 0.501521
1 9 0.651517
1 10 0.843956
1 11 0.624820
1 13 0.698795
1 14 0.974718
1 15 0.655009
1 18 0.860667
2 2 0.812043
2 3 0.873786
2 4 0.677979
2 5 0.754782
2 6 0.825037
2 7 0.501325
2 9 0.608571
2 10 0.776523
2 11 0.594472
2 12 0.725456
2 13 0.652490
2 14 0.940308
2 15 0.606025
2 16 0.721627
2 17 0.780500
2 18 0.797597
3 2 0.873786
3 3 0.997534
3 4 0.753163
3 5 0.814816
3 6 0.842252
3 7 0.501667
3 9 0.675281
3 10 0.848864
3 11 0.613404
3 12 0.803166
3 13 0.732951
3 14 0.979706
3 15 0.707049
3 16 0.798987
3 17 0.851809
3 18 0.852347
3 19 0.954010
4 1 0.749263
4 2 0.677979
4 3 0.753163
4 4 0.618104
4 5 0.650706
4 6 0.636275
4 7 0.500654
4 8 0.675480
4 9 0.559349
4 10 0.657607
4 11 0.553902
4 12 0.631917
4 13 0.582379
4 14 0.816769
4 15 0.562157
4 16 0.653127
4 18 0.664226
4 19 0.767146
5 2 0.754782
5 3 0.814816
5 4 0.650706
5 5 0.716821
5 6 0.751793
5 7 0.500931
5 9 0.585856
5 10 0.726483
5 11 0.572779
5 12 0.685723
5 13 0.619764
5 14 0.889420
5 15 0.587801
5 16 0.691785
5 17 0.735516
5 18 0.744038
5 19 0.854947
6 1 0.867743
6 2 0.825037
6 3 0.842252
6 4 0.636275
6 5 0.751793
6 6 0.974070
6 7 0.501310
6 8 0.834360
6 9 0.639139
6 10 0.785797
6 11 0.637081
6 12 0.744018
6 13 0.698864
6 14 0.960190
6 15 0.654613
6 16 0.691604
6 17 0.753892
6 18 0.819997
6 19 0.914294
7 1 0.501521
7 2 0.501325
7 3 0.501667
7 4 0.500654
7 5 0.500931
7 6 0.501310
7 7 0.500014
7 8 0.500899
7 9 0.500380
7 10 0.500781
7 11 0.500495
7 12 0.500866
7 13 0.500425
7 14 0.503971
7 15 0.500288
7 16 0.500844
7 17 0.501143
7 18 0.500869
7 19 0.501579
8 4 0.675480
8 6 0.834360
8 7 0.500899
8 8 0.804125
8 9 0.615014
8 10 0.765103
8 11 0.594697
8 18 0.779675
9 1 0.651517
9 2 0.608571
9 3 0.675281
9 4 0.559349
9 5 0.585856
9 6 0.639139
9 7 0.500380
9 8 0.615014
9 9 0.550338
9 10 0.596233
9 11 0.533148
9 12 0.580876
9 13 0.554546
9 14 0.715845
9 15 0.544130
9 16 0.581460
9 17 0.596621
9 18 0.604116
9 19 0.670466
10 1 0.843956
10 2 0.776523
10 3 0.848864
10 4 0.657607
10 5 0.726483
10 6 0.785797
10 7 0.500781
10 8 0.765103
10 9 0.596233
10 10 0.759315
10 11 0.568765
10 12 0.698435
10 13 0.632247
10 14 0.898328
10 15 0.595235
10 16 0.702715
10 17 0.749966
10 18 0.777881
11 1 0.624820
11 2 0.594472
11 3 0.613404
11 4 0.553902
11 5 0.572779
11 6 0.637081
11 7 0.500495
11 8 0.594697
11 9 0.533148
11 10 0.568765
11 11 0.545563
11 12 0.568964
11 13 0.551583
11 14 0.725129
11 15 0.537433
11 16 0.572107
11 17 0.585206
11 18 0.575460
11 19 0.629578
12 2 0.725456
12 3 0.803166
12 4 0.631917
12 5 0.685723
12 6 0.744018
12 7 0.500866
12 9 0.580876
12 10 0.698435
12 11 0.568964
12 12 0.666545
12 13 0.610134
12 14 0.871437
12 15 0.584054
12 16 0.670772
12 17 0.706762
12 18 0.710972
12 19 0.821728
13 1 0.698795
13 2 0.652490
13 3 0.732951
13 4 0.582379
13 5 0.619764
13 6 0.698864
13 7 0.500425
13 9 0.554546
13 10 0.632247
13 11 0.551583
13 12 0.610134
13 13 0.585528
13 14 0.775338
13 15 0.562751
13 16 0.604900
13 17 0.632729
13 18 0.638899
13 19 0.726031
14 1 0.974718
14 2 0.940308
14 3 0.979706
14 4 0.816769
14 5 0.889420
14 6 0.960190
14 7 0.503971
14 9 0.715845
14 10 0.898328
14 11 0.725129
14 12 0.871437
14 13 0.775338
14 14 0.999628
14 15 0.714117
14 16 0.896075
14 17 0.921521
14 18 0.913285
14 19 0.982587
15 1 0.655009
15 2 0.606025
15 3 0.707049
15 4 0.562157
15 5 0.587801
15 6 0.654613
15 7 0.500288
15 9 0.544130
15 10 0.595235
15 11 0.537433
15 12 0.584054
15 13 0.562751
15 14 0.714117
15 15 0.555270
15 16 0.585695
15 17 0.596340
15 18 0.597906
15 19 0.665693
16 2 0.721627
16 3 0.798987
16 4 0.653127
16 5 0.691785
16 6 0.691604
16 7 0.500844
16 9 0.581460
16 10 0.702715
16 11 0.572107
16 12 0.670772
16 13 0.604900
16 14 0.896075
16 15 0.585695
16 16 0.710919
16 17 0.723366
16 18 0.712031
16 19 0.828146
17 2 0.780500
17 3 0.851809
17 5 0.735516
17 6 0.753892
17 7 0.501143
17 9 0.596621
17 10 0.749966
17 11 0.585206
17 12 0.706762
17 13 0.632729
17 14 0.921521
17 15 0.596340
17 16 0.723366
17 17 0.765539
17 18 0.765684
18 1 0.860667
18 2 0.797597
18 3 0.852347
18 4 0.664226
18 5 0.744038
18 6 0.819997
18 7 0.500869
18 8 0.779675
18 9 0.604116
18 10 0.777881
18 11 0.575460
18 12 0.710972
18 13 0.638899
18 14 0.913285
18 15 0.597906
18 16 0.712031
18 17 0.765684
18 18 0.806142
19 3 0.954010
19 4 0.767146
19 5 0.854947
19 6 0.914294
19 7 0.501579
19 9 0.670466
19 11 0.629578
19 12 0.821728
19 13 0.726031
19 14 0.982587
19 15 0.665693
19 16 0.828146
19 19 0.976103
