1 2 0.681290
1 3 0.677237
1 5 0.697991
1 8 0.865631
1 12 0.682430
1 16 0.715234
1 17 0.695045
1 19 0.821766
2 1 0.681290
2 8 0.676410
2 19 0.585130
3 1 0.677237
3 8 0.775802
4 17 0.592334
5 1 0.697991
5 8 0.767227
8 1 0.865631
8 2 0.676410
8 3 0.775802
8 5 0.767227
8 12 0.747333
8 13 0.782103
8 14 0.835832
8 15 0.733849
8 16 0.793068
8 17 0.758926
8 19 0.934560
10 19 0.919606
12 1 0.682430
12 8 0.747333
13 8 0.782103
14 8 0.835832
15 8 0.733849
16 1 0.715234
16 8 0.793068
17 1 0.695045
17 4 0.592334
17 8 0.758926
17 19 0.750767
18 19 0.949541
19 1 0.821766
19 2 0.585130
19 8 0.934560
19 10 0.919606
19 17 0.750767
19 18 0.949541
1 1 0.805617
1 4 0.636518
1 6 0.979736
1 7 0.501923
1 9 0.569445
1 10 0.736053
1 11 0.488621
1 13 0.689498
1 14 0.731878
1 15 0.655976
1 18 0.807469
2 2 0.677838
2 3 0.572262
2 4 0.575118
2 5 0.582267
2 6 0.816767
2 7 0.501215
2 9 0.510996
2 10 0.556835
2 11 0.499726
2 12 0.580655
2 13 0.578506
2 14 0.575357
2 15 0.547284
2 16 0.584313
2 17 0.598295
2 18 0.582738
3 2 0.572262
3 3 0.703261
3 4 0.569104
3 5 0.631322
3 6 0.874499
3 7 0.501191
3 9 0.570691
3 10 0.703765
3 11 0.484724
3 12 0.613455
3 13 0.647221
3 14 0.670611
3 15 0.607015
3 16 0.638499
3 17 0.619504
3 18 0.723477
3 19 0.770099
4 1 0.636518
4 2 0.575118
4 3 0.569104
4 4 0.571243
4 5 0.580781
4 6 0.817140
4 7 0.500733
4 8 0.679517
4 9 0.518286
4 10 0.613511
4 11 0.500139
4 12 0.573148
4 13 0.587418
4 14 0.544128
4 15 0.564272
4 16 0.587334
4 18 0.657689
4 19 0.665149
5 2 0.582267
5 3 0.631322
5 4 0.580781
5 5 0.647386
5 6 0.942318
5 7 0.501104
5 9 0.570063
5 10 0.691044
5 11 0.496968
5 12 0.623904
5 13 0.638977
5 14 0.629080
5 15 0.611041
5 16 0.649766
5 17 0.631750
5 18 0.722558
5 19 0.758643
6 1 0.979736
6 2 0.816767
6 3 0.874499
6 4 0.817140
6 5 0.942318
6 6 1.000000
6 7 0.505618
6 8 0.995668
6 9 0.779926
6 10 0.977338
6 11 0.512532
6 12 0.914390
6 13 0.937293
6 14 0.929764
6 15 0.899114
6 16 0.952699
6 17 0.925357
6 18 0.988926
6 19 0.995163
7 1 0.501923
7 2 0.501215
7 3 0.501191
7 4 0.500733
7 5 0.501104
7 6 0.505618
7 7 0.500022
7 8 0.502390
7 9 0.500313
7 10 0.501093
7 11 0.499742
7 12 0.500944
7 13 0.500857
7 14 0.501301
7 15 0.500820
7 16 0.501220
7 17 0.501082
7 18 0.501301
7 19 0.501526
8 4 0.679517
8 6 0.995668
8 7 0.502390
8 8 0.942618
8 9 0.613873
8 10 0.860753
8 11 0.487093
8 18 0.919810
9 1 0.569445
9 2 0.510996
9 3 0.570691
9 4 0.518286
9 5 0.570063
9 6 0.779926
9 7 0.500313
9 8 0.613873
9 9 0.559737
9 10 0.611899
9 11 0.501109
9 12 0.552433
9 13 0.565037
9 14 0.574071
9 15 0.547704
9 16 0.564036
9 17 0.548855
9 18 0.607894
9 19 0.648812
10 1 0.736053
10 2 0.556835
10 3 0.703765
10 4 0.613511
10 5 0.691044
10 6 0.977338
10 7 0.501093
10 8 0.860753
10 9 0.611899
10 10 0.856132
10 11 0.511695
10 12 0.665785
10 13 0.746905
10 14 0.798828
10 15 0.674601
10 16 0.704904
10 17 0.682653
10 18 0.882176
11 1 0.488621
11 2 0.499726
11 3 0.484724
11 4 0.500139
11 5 0.496968
11 6 0.512532
11 7 0.499742
11 8 0.487093
11 9 0.501109
11 10 0.511695
11 11 0.522888
11 12 0.496170
11 13 0.508959
11 14 0.452479
11 15 0.497790
11 16 0.490879
11 17 0.499843
11 18 0.502874
11 19 0.509788
12 2 0.580655
12 3 0.613455
12 4 0.573148
12 5 0.623904
12 6 0.914390
12 7 0.500944
12 9 0.552433
12 10 0.665785
12 11 0.496170
12 12 0.610782
12 13 0.622128
12 14 0.652594
12 15 0.598431
12 16 0.633965
12 17 0.615325
12 18 0.711050
12 19 0.732558
13 1 0.689498
13 2 0.578506
13 3 0.647221
13 4 0.587418
13 5 0.638977
13 6 0.937293
13 7 0.500857
13 9 0.565037
13 10 0.746905
13 11 0.508959
13 12 0.622128
13 13 0.682162
13 14 0.701890
13 15 0.620689
13 16 0.648745
13 17 0.637950
13 18 0.768825
13 19 0.814460
14 1 0.731878
14 2 0.575357
14 3 0.670611
14 4 0.544128
14 5 0.629080
14 6 0.929764
14 7 0.501301
14 9 0.574071
14 10 0.798828
14 11 0.452479
14 12 0.652594
14 13 0.701890
14 14 0.986058
14 15 0.654987
14 16 0.699128
14 17 0.607774
14 18 0.842756
14 19 0.872125
15 1 0.655976
15 2 0.547284
15 3 0.607015
15 4 0.564272
15 5 0.611041
15 6 0.899114
15 7 0.500820
15 9 0.547704
15 10 0.674601
15 11 0.497790
15 12 0.598431
15 13 0.620689
15 14 0.654987
15 15 0.597370
15 16 0.624034
15 17 0.602623
15 18 0.714459
15 19 0.739177
16 2 0.584313
16 3 0.638499
16 4 0.587334
16 5 0.649766
16 6 0.952699
16 7 0.501220
16 9 0.564036
16 10 0.704904
16 11 0.490879
16 12 0.633965
16 13 0.648745
16 14 0.699128
16 15 0.624034
16 16 0.665875
16 17 0.638242
16 18 0.756460
16 19 0.780682
17 2 0.598295
17 3 0.619504
17 5 0.631750
17 6 0.925357
17 7 0.501082
17 9 0.548855
17 10 0.682653
17 11 0.499843
17 12 0.615325
17 13 0.637950
17 14 0.607774
17 15 0.602623
17 16 0.638242
17 17 0.633842
17 18 0.724148
18 1 0.807469
18 2 0.582738
18 3 0.723477
18 4 0.657689
18 5 0.722558
18 6 0.988926
18 7 0.501301
18 8 0.919810
18 9 0.607894
18 10 0.882176
18 11 0.502874
18 12 0.711050
18 13 0.768825
18 14 0.842756
18 15 0.714459
18 16 0.756460
18 17 0.724148
18 18 0.941136
19 3 0.770099
19 4 0.665149
19 5 0.758643
19 6 0.995163
19 7 0.501526
19 9 0.648812
19 11 0.509788
19 12 0.732558
19 13 0.814460
19 14 0.872125
19 15 0.739177
19 16 0.780682
19 19 0.967933
