1 2 0.869267
1 3 0.817818
1 5 0.890448
1 8 0.900677
1 12 0.686799
1 16 0.727158
1 17 0.877317
1 19 0.962680
2 1 0.869267
2 8 0.864607
2 19 0.933129
3 1 0.817818
3 8 0.774047
4 17 0.698938
5 1 0.890448
5 8 0.825896
8 1 0.900677
8 2 0.864607
8 3 0.774047
8 5 0.825896
8 12 0.682632
8 13 0.758521
8 14 0.742721
8 15 0.652129
8 16 0.723780
8 17 0.852214
8 19 0.944805
10 19 0.940776
12 1 0.686799
12 8 0.682632
13 8 0.758521
14 8 0.742721
15 8 0.652129
16 1 0.727158
16 8 0.723780
17 1 0.877317
17 4 0.698938
17 8 0.852214
17 19 0.939788
18 19 0.957647
19 1 0.962680
19 2 0.933129
19 8 0.944805
19 10 0.940776
19 17 0.939788
19 18 0.957647
1 1 0.934142
1 4 0.718557
1 6 0.890524
1 7 0.502074
1 9 0.616374
1 10 0.860498
1 11 0.623803
1 13 0.823498
1 14 0.714925
1 15 0.644689
1 18 0.879681
2 2 0.848648
2 3 0.721775
2 4 0.689749
2 5 0.789369
2 6 0.854004
2 7 0.501541
2 9 0.593774
2 10 0.815411
2 11 0.581483
2 12 0.666411
2 13 0.738921
2 14 0.683175
2 15 0.631068
2 16 0.703368
2 17 0.832317
2 18 0.833390
3 2 0.721775
3 3 0.732009
3 4 0.607743
3 5 0.765550
3 6 0.722674
3 7 0.501181
3 9 0.566704
3 10 0.716281
3 11 0.576627
3 12 0.597779
3 13 0.703435
3 14 0.644232
3 15 0.581674
3 16 0.635489
3 17 0.734566
3 18 0.736653
3 19 0.845957
4 1 0.718557
4 2 0.689749
4 3 0.607743
4 4 0.616219
4 5 0.668205
4 6 0.655163
4 7 0.500683
4 8 0.698434
4 9 0.544325
4 10 0.695047
4 11 0.527836
4 12 0.580460
4 13 0.633512
4 14 0.549561
4 15 0.554674
4 16 0.590907
4 18 0.711377
4 19 0.808691
5 2 0.789369
5 3 0.765550
5 4 0.668205
5 5 0.857323
5 6 0.829825
5 7 0.501608
5 9 0.585822
5 10 0.800227
5 11 0.601393
5 12 0.632274
5 13 0.790136
5 14 0.641248
5 15 0.596225
5 16 0.660892
5 17 0.814279
5 18 0.819786
5 19 0.921743
6 1 0.890524
6 2 0.854004
6 3 0.722674
6 4 0.655163
6 5 0.829825
6 6 0.988382
6 7 0.502586
6 8 0.865306
6 9 0.575838
6 10 0.793174
6 11 0.657758
6 12 0.682672
6 13 0.712949
6 14 0.712267
6 15 0.643806
6 16 0.726085
6 17 0.815571
6 18 0.819277
6 19 0.913383
7 1 0.502074
7 2 0.501541
7 3 0.501181
7 4 0.500683
7 5 0.501608
7 6 0.502586
7 7 0.500014
7 8 0.501796
7 9 0.500210
7 10 0.501535
7 11 0.500270
7 12 0.500548
7 13 0.500958
7 14 0.500720
7 15 0.500396
7 16 0.500858
7 17 0.501505
7 18 0.501866
7 19 0.502784
8 4 0.698434
8 6 0.865306
8 7 0.501796
8 8 0.895588
8 9 0.610709
8 10 0.828821
8 11 0.596508
8 18 0.847388
9 1 0.616374
9 2 0.593774
9 3 0.566704
9 4 0.544325
9 5 0.585822
9 6 0.575838
9 7 0.500210
9 8 0.610709
9 9 0.537669
9 10 0.576325
9 11 0.528741
9 12 0.539841
9 13 0.555320
9 14 0.559695
9 15 0.536013
9 16 0.546967
9 17 0.589641
9 18 0.573186
9 19 0.632852
10 1 0.860498
10 2 0.815411
10 3 0.716281
10 4 0.695047
10 5 0.800227
10 6 0.793174
10 7 0.501535
10 8 0.828821
10 9 0.576325
10 10 0.828920
10 11 0.563787
10 12 0.639488
10 13 0.766197
10 14 0.596138
10 15 0.595334
10 16 0.669813
10 17 0.824690
10 18 0.852407
11 1 0.623803
11 2 0.581483
11 3 0.576627
11 4 0.527836
11 5 0.601393
11 6 0.657758
11 7 0.500270
11 8 0.596508
11 9 0.528741
11 10 0.563787
11 11 0.573702
11 12 0.530696
11 13 0.566167
11 14 0.561006
11 15 0.531756
11 16 0.543593
11 17 0.575058
11 18 0.564624
11 19 0.611772
12 2 0.666411
12 3 0.597779
12 4 0.580460
12 5 0.632274
12 6 0.682672
12 7 0.500548
12 9 0.539841
12 10 0.639488
12 11 0.530696
12 12 0.577452
12 13 0.597993
12 14 0.586695
12 15 0.559581
12 16 0.589134
12 17 0.657248
12 18 0.650084
12 19 0.734836
13 1 0.823498
13 2 0.738921
13 3 0.703435
13 4 0.633512
13 5 0.790136
13 6 0.712949
13 7 0.500958
13 9 0.555320
13 10 0.766197
13 11 0.566167
13 12 0.597993
13 13 0.825346
13 14 0.574777
13 15 0.562715
13 16 0.629068
13 17 0.758280
13 18 0.769312
13 19 0.882789
14 1 0.714925
14 2 0.683175
14 3 0.644232
14 4 0.549561
14 5 0.641248
14 6 0.712267
14 7 0.500720
14 9 0.559695
14 10 0.596138
14 11 0.561006
14 12 0.586695
14 13 0.574777
14 14 0.728429
14 15 0.591047
14 16 0.602980
14 17 0.644417
14 18 0.597368
14 19 0.679907
15 1 0.644689
15 2 0.631068
15 3 0.581674
15 4 0.554674
15 5 0.596225
15 6 0.643806
15 7 0.500396
15 9 0.536013
15 10 0.595334
15 11 0.531756
15 12 0.559581
15 13 0.562715
15 14 0.591047
15 15 0.552267
15 16 0.572601
15 17 0.616431
15 18 0.600907
15 19 0.669209
16 2 0.703368
16 3 0.635489
16 4 0.590907
16 5 0.660892
16 6 0.726085
16 7 0.500858
16 9 0.546967
16 10 0.669813
16 11 0.543593
16 12 0.589134
16 13 0.629068
16 14 0.602980
16 15 0.572601
16 16 0.625942
16 17 0.688498
16 18 0.686047
16 19 0.782806
17 2 0.832317
17 3 0.734566
17 5 0.814279
17 6 0.815571
17 7 0.501505
17 9 0.589641
17 10 0.824690
17 11 0.575058
17 12 0.657248
17 13 0.758280
17 14 0.644417
17 15 0.616431
17 16 0.688498
17 17 0.836676
17 18 0.846029
18 1 0.879681
18 2 0.833390
18 3 0.736653
18 4 0.711377
18 5 0.819786
18 6 0.819277
18 7 0.501866
18 8 0.847388
18 9 0.573186
18 10 0.852407
18 11 0.564624
18 12 0.650084
18 13 0.769312
18 14 0.597368
18 15 0.600907
18 16 0.686047
18 17 0.846029
18 18 0.885939
19 3 0.845957
19 4 0.808691
19 5 0.921743
19 6 0.913383
19 7 0.502784
19 9 0.632852
19 11 0.611772
19 12 0.734836
19 13 0.882789
19 14 0.679907
19 15 0.669209
19 16 0.782806
19 19 0.992594
