1 2 0.954106
1 3 0.940008
1 5 0.897425
1 8 0.987086
1 12 0.782826
1 16 0.874558
1 17 0.947465
1 19 0.961869
2 1 0.954106
2 8 0.979887
2 19 0.957302
3 1 0.940008
3 8 0.930538
4 17 0.780442
5 1 0.897425
5 8 0.973375
8 1 0.987086
8 2 0.979887
8 3 0.930538
8 5 0.973375
8 12 0.894908
8 13 0.950158
8 14 0.980830
8 15 0.888335
8 16 0.935870
8 17 0.976338
8 19 0.979263
10 19 0.500000
12 1 0.782826
12 8 0.894908
13 8 0.950158
14 8 0.980830
15 8 0.888335
16 1 0.874558
16 8 0.935870
17 1 0.947465
17 4 0.780442
17 8 0.976338
17 19 0.940508
18 19 0.933553
19 1 0.961869
19 2 0.957302
19 8 0.979263
19 10 0.500000
19 17 0.940508
19 18 0.933553
1 1 0.978114
1 4 0.826691
1 6 0.969232
1 7 0.501603
1 9 0.668288
1 10 0.500000
1 11 0.719184
1 13 0.834902
1 14 0.917195
1 15 0.781897
1 18 0.900331
2 2 0.948264
2 3 0.860882
2 4 0.779629
2 5 0.853750
2 6 0.954470
2 7 0.501127
2 9 0.626922
2 10 0.500000
2 11 0.713433
2 12 0.762568
2 13 0.834841
2 14 0.894915
2 15 0.766686
2 16 0.839873
2 17 0.929712
2 18 0.901410
3 2 0.860882
3 3 0.917334
3 4 0.733069
3 5 0.793273
3 6 0.841346
3 7 0.501017
3 9 0.633701
3 10 0.500000
3 11 0.617609
3 12 0.678244
3 13 0.688533
3 14 0.801382
3 15 0.674829
3 16 0.782152
3 17 0.860620
3 18 0.770520
3 19 0.864105
4 1 0.826691
4 2 0.779629
4 3 0.733069
4 4 0.680639
4 5 0.742691
4 6 0.866236
4 7 0.500986
4 8 0.879333
4 9 0.570400
4 10 0.500000
4 11 0.625525
4 12 0.643287
4 13 0.693232
4 14 0.758475
4 15 0.642338
4 16 0.699099
4 18 0.719648
4 19 0.803386
5 2 0.853750
5 3 0.793273
5 4 0.742691
5 5 0.908243
5 6 0.980073
5 7 0.501270
5 9 0.617908
5 10 0.500000
5 11 0.713777
5 12 0.773420
5 13 0.836854
5 14 0.907012
5 15 0.756980
5 16 0.800165
5 17 0.861932
5 18 0.735963
5 19 0.839973
6 1 0.969232
6 2 0.954470
6 3 0.841346
6 4 0.866236
6 5 0.980073
6 6 1.000000
6 7 0.501897
6 8 0.997526
6 9 0.645933
6 10 0.500000
6 11 0.917084
6 12 0.876234
6 13 0.913334
6 14 0.956747
6 15 0.873307
6 16 0.912082
6 17 0.954021
6 18 0.865564
6 19 0.960043
7 1 0.501603
7 2 0.501127
7 3 0.501017
7 4 0.500986
7 5 0.501270
7 6 0.501897
7 7 0.500012
7 8 0.502122
7 9 0.500425
7 10 0.500000
7 11 0.500814
7 12 0.500647
7 13 0.500975
7 14 0.501341
7 15 0.500576
7 16 0.500809
7 17 0.501346
7 18 0.501036
7 19 0.501486
8 4 0.879333
8 6 0.997526
8 7 0.502122
8 8 0.998631
8 9 0.700826
8 10 0.500000
8 11 0.841025
8 18 0.927551
9 1 0.668288
9 2 0.626922
9 3 0.633701
9 4 0.570400
9 5 0.617908
9 6 0.645933
9 7 0.500425
9 8 0.700826
9 9 0.550698
9 10 0.500000
9 11 0.549581
9 12 0.566845
9 13 0.585016
9 14 0.624506
9 15 0.561709
9 16 0.596619
9 17 0.627459
9 18 0.592764
9 19 0.629893
10 1 0.500000
10 2 0.500000
10 3 0.500000
10 4 0.500000
10 5 0.500000
10 6 0.500000
10 7 0.500000
10 8 0.500000
10 9 0.500000
10 10 0.500000
10 11 0.500000
10 12 0.500000
10 13 0.500000
10 14 0.500000
10 15 0.500000
10 16 0.500000
10 17 0.500000
10 18 0.500000
11 1 0.719184
11 2 0.713433
11 3 0.617609
11 4 0.625525
11 5 0.713777
11 6 0.917084
11 7 0.500814
11 8 0.841025
11 9 0.549581
11 10 0.500000
11 11 0.714295
11 12 0.635728
11 13 0.701083
11 14 0.707407
11 15 0.637977
11 16 0.663249
11 17 0.712078
11 18 0.628066
11 19 0.699640
12 2 0.762568
12 3 0.678244
12 4 0.643287
12 5 0.773420
12 6 0.876234
12 7 0.500647
12 9 0.566845
12 10 0.500000
12 11 0.635728
12 12 0.677913
12 13 0.729231
12 14 0.789905
12 15 0.667368
12 16 0.698807
12 17 0.755082
12 18 0.670065
12 19 0.748355
13 1 0.834902
13 2 0.834841
13 3 0.688533
13 4 0.693232
13 5 0.836854
13 6 0.913334
13 7 0.500975
13 9 0.585016
13 10 0.500000
13 11 0.701083
13 12 0.729231
13 13 0.821780
13 14 0.860667
13 15 0.722393
13 16 0.758333
13 17 0.825764
13 18 0.735242
13 19 0.822666
14 1 0.917195
14 2 0.894915
14 3 0.801382
14 4 0.758475
14 5 0.907012
14 6 0.956747
14 7 0.501341
14 9 0.624506
14 10 0.500000
14 11 0.707407
14 12 0.789905
14 13 0.860667
14 14 0.925371
14 15 0.775500
14 16 0.820766
14 17 0.891394
14 18 0.799173
14 19 0.890086
15 1 0.781897
15 2 0.766686
15 3 0.674829
15 4 0.642338
15 5 0.756980
15 6 0.873307
15 7 0.500576
15 9 0.561709
15 10 0.500000
15 11 0.637977
15 12 0.667368
15 13 0.722393
15 14 0.775500
15 15 0.661967
15 16 0.696773
15 17 0.755424
15 18 0.675950
15 19 0.755618
16 2 0.839873
16 3 0.782152
16 4 0.699099
16 5 0.800165
16 6 0.912082
16 7 0.500809
16 9 0.596619
16 10 0.500000
16 11 0.663249
16 12 0.698807
16 13 0.758333
16 14 0.820766
16 15 0.696773
16 16 0.765077
16 17 0.829587
16 18 0.747596
16 19 0.838668
17 2 0.929712
17 3 0.860620
17 5 0.861932
17 6 0.954021
17 7 0.501346
17 9 0.627459
17 10 0.500000
17 11 0.712078
17 12 0.755082
17 13 0.825764
17 14 0.891394
17 15 0.755424
17 16 0.829587
17 17 0.917280
17 18 0.871913
18 1 0.900331
18 2 0.901410
18 3 0.770520
18 4 0.719648
18 5 0.735963
18 6 0.865564
18 7 0.501036
18 8 0.927551
18 9 0.592764
18 10 0.500000
18 11 0.628066
18 12 0.670065
18 13 0.735242
18 14 0.799173
18 15 0.675950
18 16 0.747596
18 17 0.871913
18 18 0.880098
19 3 0.864105
19 4 0.803386
19 5 0.839973
19 6 0.960043
19 7 0.501486
19 9 0.629893
19 11 0.699640
19 12 0.748355
19 13 0.822666
19 14 0.890086
19 15 0.755618
19 16 0.838668
19 19 0.973788
