1 2 0.934964
1 3 0.903153
1 5 0.741806
1 8 0.948635
1 12 0.859823
1 16 0.890321
1 17 0.907636
1 19 0.981473
2 1 0.934964
2 8 0.900092
2 19 0.955136
3 1 0.903153
3 8 0.878770
4 17 0.685454
5 1 0.741806
5 8 0.796994
8 1 0.948635
8 2 0.900092
8 3 0.878770
8 5 0.796994
8 12 0.830957
8 13 0.822170
8 14 0.730219
8 15 0.500000
8 16 0.803882
8 17 0.872437
8 19 0.958915
10 19 0.945299
12 1 0.859823
12 8 0.830957
13 8 0.822170
14 8 0.730219
15 8 0.500000
16 1 0.890321
16 8 0.803882
17 1 0.907636
17 4 0.685454
17 8 0.872437
17 19 0.933972
18 19 0.942584
19 1 0.981473
19 2 0.955136
19 8 0.958915
19 10 0.945299
19 17 0.933972
19 18 0.942584
1 1 0.975703
1 4 0.763628
1 6 0.983548
1 7 0.502742
1 9 0.647492
1 10 0.901138
1 11 0.590241
1 13 0.768869
1 14 0.678496
1 15 0.500000
1 18 0.892776
2 2 0.891613
2 3 0.841840
2 4 0.696736
2 5 0.714402
2 6 0.878544
2 7 0.502438
2 9 0.587718
2 10 0.848016
2 11 0.568948
2 12 0.797331
2 13 0.746161
2 14 0.691063
2 15 0.500000
2 16 0.810625
2 17 0.851733
2 18 0.837894
3 2 0.841840
3 3 0.828781
3 4 0.664346
3 5 0.707696
3 6 0.952323
3 7 0.501810
3 9 0.565141
3 10 0.770169
3 11 0.554128
3 12 0.769929
3 13 0.770160
3 14 0.692730
3 15 0.500000
3 16 0.764038
3 17 0.805871
3 18 0.762597
3 19 0.907671
4 1 0.763628
4 2 0.696736
4 3 0.664346
4 4 0.615177
4 5 0.599700
4 6 0.853433
4 7 0.500872
4 8 0.731307
4 9 0.547374
4 10 0.687742
4 11 0.525736
4 12 0.638951
4 13 0.593210
4 14 0.518318
4 15 0.500000
4 16 0.644742
4 18 0.685102
4 19 0.801191
5 2 0.714402
5 3 0.707696
5 4 0.599700
5 5 0.726918
5 6 0.857727
5 7 0.501595
5 9 0.504286
5 10 0.654750
5 11 0.545163
5 12 0.668948
5 13 0.742763
5 14 0.707154
5 15 0.500000
5 16 0.589168
5 17 0.692393
5 18 0.647980
5 19 0.769639
6 1 0.983548
6 2 0.878544
6 3 0.952323
6 4 0.853433
6 5 0.857727
6 6 1.000000
6 7 0.500735
6 8 0.983612
6 9 0.649627
6 10 0.859596
6 11 0.693318
6 12 0.883376
6 13 0.883405
6 14 0.953040
6 15 0.500000
6 16 0.841509
6 17 0.918482
6 18 0.931998
6 19 0.977070
7 1 0.502742
7 2 0.502438
7 3 0.501810
7 4 0.500872
7 5 0.501595
7 6 0.500735
7 7 0.500024
7 8 0.502641
7 9 0.500327
7 10 0.501984
7 11 0.500622
7 12 0.501399
7 13 0.501445
7 14 0.501727
7 15 0.500000
7 16 0.501446
7 17 0.501925
7 18 0.501668
7 19 0.503343
8 4 0.731307
8 6 0.983612
8 7 0.502641
8 8 0.940909
8 9 0.583882
8 10 0.845893
8 11 0.579580
8 18 0.837149
9 1 0.647492
9 2 0.587718
9 3 0.565141
9 4 0.547374
9 5 0.504286
9 6 0.649627
9 7 0.500327
9 8 0.583882
9 9 0.563084
9 10 0.589288
9 11 0.504126
9 12 0.559505
9 13 0.489313
9 14 0.454154
9 15 0.500000
9 16 0.610208
9 17 0.578481
9 18 0.575243
9 19 0.645698
10 1 0.901138
10 2 0.848016
10 3 0.770169
10 4 0.687742
10 5 0.654750
10 6 0.859596
10 7 0.501984
10 8 0.845893
10 9 0.589288
10 10 0.844828
10 11 0.553252
10 12 0.734263
10 13 0.642854
10 14 0.621582
10 15 0.500000
10 16 0.773074
10 17 0.815835
10 18 0.839128
11 1 0.590241
11 2 0.568948
11 3 0.554128
11 4 0.525736
11 5 0.545163
11 6 0.693318
11 7 0.500622
11 8 0.579580
11 9 0.504126
11 10 0.553252
11 11 0.566135
11 12 0.543113
11 13 0.500856
11 14 0.581910
11 15 0.500000
11 16 0.554571
11 17 0.555290
11 18 0.553394
11 19 0.592807
12 2 0.797331
12 3 0.769929
12 4 0.638951
12 5 0.668948
12 6 0.883376
12 7 0.501399
12 9 0.559505
12 10 0.734263
12 11 0.543113
12 12 0.729321
12 13 0.705155
12 14 0.617683
12 15 0.500000
12 16 0.722312
12 17 0.762326
12 18 0.725721
12 19 0.870009
13 1 0.768869
13 2 0.746161
13 3 0.770160
13 4 0.593210
13 5 0.742763
13 6 0.883405
13 7 0.501445
13 9 0.489313
13 10 0.642854
13 11 0.500856
13 12 0.705155
13 13 0.847293
13 14 0.751371
13 15 0.500000
13 16 0.607923
13 17 0.715973
13 18 0.639634
13 19 0.774217
14 1 0.678496
14 2 0.691063
14 3 0.692730
14 4 0.518318
14 5 0.707154
14 6 0.953040
14 7 0.501727
14 9 0.454154
14 10 0.621582
14 11 0.581910
14 12 0.617683
14 13 0.751371
14 14 0.949265
14 15 0.500000
14 16 0.567854
14 17 0.639080
14 18 0.672452
14 19 0.709315
15 1 0.500000
15 2 0.500000
15 3 0.500000
15 4 0.500000
15 5 0.500000
15 6 0.500000
15 7 0.500000
15 9 0.500000
15 10 0.500000
15 11 0.500000
15 12 0.500000
15 13 0.500000
15 14 0.500000
15 15 0.500000
15 16 0.500000
15 17 0.500000
15 18 0.500000
15 19 0.500000
16 2 0.810625
16 3 0.764038
16 4 0.644742
16 5 0.589168
16 6 0.841509
16 7 0.501446
16 9 0.610208
16 10 0.773074
16 11 0.554571
16 12 0.722312
16 13 0.607923
16 14 0.567854
16 15 0.500000
16 16 0.798092
16 17 0.771390
16 18 0.757283
16 19 0.896115
17 2 0.851733
17 3 0.805871
17 5 0.692393
17 6 0.918482
17 7 0.501925
17 9 0.578481
17 10 0.815835
17 11 0.555290
17 12 0.762326
17 13 0.715973
17 14 0.639080
17 15 0.500000
17 16 0.771390
17 17 0.819572
17 18 0.809932
18 1 0.892776
18 2 0.837894
18 3 0.762597
18 4 0.685102
18 5 0.647980
18 6 0.931998
18 7 0.501668
18 8 0.837149
18 9 0.575243
18 10 0.839128
18 11 0.553394
18 12 0.725721
18 13 0.639634
18 14 0.672452
18 15 0.500000
18 16 0.757283
18 17 0.809932
18 18 0.847914
19 3 0.907671
19 4 0.801191
19 5 0.769639
19 6 0.977070
19 7 0.503343
19 9 0.645698
19 11 0.592807
19 12 0.870009
19 13 0.774217
19 14 0.709315
19 15 0.500000
19 16 0.896115
19 19 0.992687
