1 2 0.683356
1 3 0.642316
1 5 0.563772
1 8 0.751913
1 12 0.645653
1 16 0.646721
1 17 0.601945
1 19 0.706678
2 1 0.683356
2 8 0.687931
2 19 0.678584
3 1 0.642316
3 8 0.705888
4 17 0.589861
5 1 0.563772
5 8 0.577488
8 1 0.751913
8 2 0.687931
8 3 0.705888
8 5 0.577488
8 12 0.675784
8 13 0.648906
8 14 0.756236
8 15 0.632653
8 16 0.677816
8 17 0.606002
8 19 0.728501
10 19 0.633576
12 1 0.645653
12 8 0.675784
13 8 0.648906
14 8 0.756236
15 8 0.632653
16 1 0.646721
16 8 0.677816
17 1 0.601945
17 4 0.589861
17 8 0.606002
17 19 0.619129
18 19 0.515500
19 1 0.706678
19 2 0.678584
19 8 0.728501
19 10 0.633576
19 17 0.619129
19 18 0.515500
1 1 0.719889
1 4 0.561411
1 6 0.582111
1 7 0.500336
1 9 0.497595
1 10 0.629112
1 11 0.513299
1 13 0.622742
1 14 0.672661
1 15 0.590538
1 18 0.447466
2 2 0.665518
2 3 0.602669
2 4 0.552829
2 5 0.546552
2 6 0.556840
2 7 0.500477
2 9 0.497879
2 10 0.608331
2 11 0.510799
2 12 0.616713
2 13 0.604516
2 14 0.629400
2 15 0.564382
2 16 0.614254
2 17 0.589983
2 18 0.465553
3 2 0.602669
3 3 0.634785
3 4 0.524260
3 5 0.560037
3 6 0.595294
3 7 0.500042
3 9 0.501092
3 10 0.580334
3 11 0.502640
3 12 0.599178
3 13 0.582884
3 14 0.620101
3 15 0.575385
3 16 0.601369
3 17 0.545042
3 18 0.506961
3 19 0.629443
4 1 0.561411
4 2 0.552829
4 3 0.524260
4 4 0.583227
4 5 0.520210
4 6 0.591715
4 7 0.500496
4 8 0.565089
4 9 0.510004
4 10 0.559540
4 11 0.516333
4 12 0.533511
4 13 0.535702
4 14 0.593591
4 15 0.521385
4 16 0.532555
4 18 0.579529
4 19 0.582242
5 2 0.546552
5 3 0.560037
5 4 0.520210
5 5 0.561964
5 6 0.652383
5 7 0.500066
5 9 0.503269
5 10 0.537170
5 11 0.512114
5 12 0.542383
5 13 0.532853
5 14 0.510245
5 15 0.529244
5 16 0.548814
5 17 0.527612
5 18 0.557280
5 19 0.561944
6 1 0.582111
6 2 0.556840
6 3 0.595294
6 4 0.591715
6 5 0.652383
6 6 0.940913
6 7 0.501369
6 8 0.577878
6 9 0.504226
6 10 0.577077
6 11 0.536984
6 12 0.548166
6 13 0.534720
6 14 0.473382
6 15 0.542181
6 16 0.570122
6 17 0.592824
6 18 0.847690
6 19 0.612313
7 1 0.500336
7 2 0.500477
7 3 0.500042
7 4 0.500496
7 5 0.500066
7 6 0.501369
7 7 0.500025
7 8 0.500197
7 9 0.499994
7 10 0.500427
7 11 0.499808
7 12 0.500120
7 13 0.500315
7 14 0.500464
7 15 0.500036
7 16 0.500024
7 17 0.500575
7 18 0.501541
7 19 0.500594
8 4 0.565089
8 6 0.577878
8 7 0.500197
8 8 0.838582
8 9 0.502440
8 10 0.649882
8 11 0.500629
8 18 0.418836
9 1 0.497595
9 2 0.497879
9 3 0.501092
9 4 0.510004
9 5 0.503269
9 6 0.504226
9 7 0.499994
9 8 0.502440
9 9 0.505377
9 10 0.502325
9 11 0.502623
9 12 0.498369
9 13 0.501732
9 14 0.513822
9 15 0.501004
9 16 0.498439
9 17 0.508755
9 18 0.519478
9 19 0.501260
10 1 0.629112
10 2 0.608331
10 3 0.580334
10 4 0.559540
10 5 0.537170
10 6 0.577077
10 7 0.500427
10 8 0.649882
10 9 0.502325
10 10 0.586234
10 11 0.509403
10 12 0.581797
10 13 0.575480
10 14 0.619121
10 15 0.552533
10 16 0.580114
10 17 0.580918
10 18 0.528622
11 1 0.513299
11 2 0.510799
11 3 0.502640
11 4 0.516333
11 5 0.512114
11 6 0.536984
11 7 0.499808
11 8 0.500629
11 9 0.502623
11 10 0.509403
11 11 0.524185
11 12 0.508094
11 13 0.501187
11 14 0.513274
11 15 0.502952
11 16 0.513053
11 17 0.517130
11 18 0.543112
11 19 0.514608
12 2 0.616713
12 3 0.599178
12 4 0.533511
12 5 0.542383
12 6 0.548166
12 7 0.500120
12 9 0.498369
12 10 0.581797
12 11 0.508094
12 12 0.596573
12 13 0.580560
12 14 0.614121
12 15 0.561403
12 16 0.597433
12 17 0.558893
12 18 0.465083
12 19 0.634094
13 1 0.622742
13 2 0.604516
13 3 0.582884
13 4 0.535702
13 5 0.532853
13 6 0.534720
13 7 0.500315
13 9 0.501732
13 10 0.575480
13 11 0.501187
13 12 0.580560
13 13 0.581118
13 14 0.615405
13 15 0.553220
13 16 0.576151
13 17 0.558207
13 18 0.496399
13 19 0.621028
14 1 0.672661
14 2 0.629400
14 3 0.620101
14 4 0.593591
14 5 0.510245
14 6 0.473382
14 7 0.500464
14 9 0.513822
14 10 0.619121
14 11 0.513274
14 12 0.614121
14 13 0.615405
14 14 0.790682
14 15 0.594547
14 16 0.609689
14 17 0.619740
14 18 0.499525
14 19 0.669554
15 1 0.590538
15 2 0.564382
15 3 0.575385
15 4 0.521385
15 5 0.529244
15 6 0.542181
15 7 0.500036
15 9 0.501004
15 10 0.552533
15 11 0.502952
15 12 0.561403
15 13 0.553220
15 14 0.594547
15 15 0.547548
15 16 0.562488
15 17 0.534767
15 18 0.504495
15 19 0.582473
16 2 0.614254
16 3 0.601369
16 4 0.532555
16 5 0.548814
16 6 0.570122
16 7 0.500024
16 9 0.498439
16 10 0.580114
16 11 0.513053
16 12 0.597433
16 13 0.576151
16 14 0.609689
16 15 0.562488
16 16 0.601696
16 17 0.557318
16 18 0.469261
16 19 0.632121
17 2 0.589983
17 3 0.545042
17 5 0.527612
17 6 0.592824
17 7 0.500575
17 9 0.508755
17 10 0.580918
17 11 0.517130
17 12 0.558893
17 13 0.558207
17 14 0.619740
17 15 0.534767
17 16 0.557318
17 17 0.605138
17 18 0.559221
18 1 0.447466
18 2 0.465553
18 3 0.506961
18 4 0.579529
18 5 0.557280
18 6 0.847690
18 7 0.501541
18 8 0.418836
18 9 0.519478
18 10 0.528622
18 11 0.543112
18 12 0.465083
18 13 0.496399
18 14 0.499525
18 15 0.504495
18 16 0.469261
18 17 0.559221
18 18 0.958665
19 3 0.629443
19 4 0.582242
19 5 0.561944
19 6 0.612313
19 7 0.500594
19 9 0.501260
19 11 0.514608
19 12 0.634094
19 13 0.621028
19 14 0.669554
19 15 0.582473
19 16 0.632121
19 19 0.708204
