1 2 0.810191
1 3 0.879207
1 5 0.826774
1 8 0.832268
1 12 0.791034
1 16 0.836454
1 17 0.833908
1 19 0.936726
2 1 0.810191
2 8 0.616547
2 19 0.748727
3 1 0.879207
3 8 0.755010
4 17 0.656742
5 1 0.826774
5 8 0.747514
8 1 0.832268
8 2 0.616547
8 3 0.755010
8 5 0.747514
8 12 0.664258
8 13 0.743534
8 14 0.773067
8 15 0.677978
8 16 0.719510
8 17 0.721302
8 19 0.840567
10 19 0.883146
12 1 0.791034
12 8 0.664258
13 8 0.743534
14 8 0.773067
15 8 0.677978
16 1 0.836454
16 8 0.719510
17 1 0.833908
17 4 0.656742
17 8 0.721302
17 19 0.866012
18 19 0.922207
19 1 0.936726
19 2 0.748727
19 8 0.840567
19 10 0.883146
19 17 0.866012
19 18 0.922207
1 1 0.949560
1 4 0.725638
1 6 0.990008
1 7 0.500980
1 9 0.512262
1 10 0.806176
1 11 0.622808
1 13 0.753405
1 14 0.747350
1 15 0.681730
1 18 0.839913
2 2 0.748596
2 3 0.724402
2 4 0.597531
2 5 0.665503
2 6 0.898435
2 7 0.500683
2 9 0.511571
2 10 0.628149
2 11 0.528751
2 12 0.667901
2 13 0.589745
2 14 0.577769
2 15 0.559793
2 16 0.687392
2 17 0.668329
2 18 0.648471
3 2 0.724402
3 3 0.831582
3 4 0.634871
3 5 0.756384
3 6 0.954767
3 7 0.500251
3 9 0.505277
3 10 0.678540
3 11 0.606946
3 12 0.720003
3 13 0.681304
3 14 0.701666
3 15 0.633524
3 16 0.757865
3 17 0.729038
3 18 0.696957
3 19 0.825867
4 1 0.725638
4 2 0.597531
4 3 0.634871
4 4 0.603133
4 5 0.624977
4 6 0.831342
4 7 0.500350
4 8 0.634116
4 9 0.500612
4 10 0.661782
4 11 0.528026
4 12 0.604618
4 13 0.597985
4 14 0.579601
4 15 0.563037
4 16 0.627982
4 18 0.689961
4 19 0.761600
5 2 0.665503
5 3 0.756384
5 4 0.624977
5 5 0.732526
5 6 0.936079
5 7 0.500586
5 9 0.501367
5 10 0.684927
5 11 0.600279
5 12 0.679244
5 13 0.680284
5 14 0.687525
5 15 0.629179
5 16 0.717889
5 17 0.712502
5 18 0.710723
5 19 0.821992
6 1 0.990008
6 2 0.898435
6 3 0.954767
6 4 0.831342
6 5 0.936079
6 6 0.999955
6 7 0.501311
6 8 0.932228
6 9 0.547924
6 10 0.931294
6 11 0.707492
6 12 0.905291
6 13 0.873177
6 14 0.836885
6 15 0.790256
6 16 0.936402
6 17 0.940630
6 18 0.952056
6 19 0.992116
7 1 0.500980
7 2 0.500683
7 3 0.500251
7 4 0.500350
7 5 0.500586
7 6 0.501311
7 7 0.500012
7 8 0.500546
7 9 0.500125
7 10 0.500687
7 11 0.500304
7 12 0.500360
7 13 0.500497
7 14 0.500311
7 15 0.500326
7 16 0.500441
7 17 0.500582
7 18 0.500920
7 19 0.501268
8 4 0.634116
8 6 0.932228
8 7 0.500546
8 8 0.836576
8 9 0.501759
8 10 0.707441
8 11 0.649539
8 18 0.743183
9 1 0.512262
9 2 0.511571
9 3 0.505277
9 4 0.500612
9 5 0.501367
9 6 0.547924
9 7 0.500125
9 8 0.501759
9 9 0.514474
9 10 0.509601
9 11 0.498352
9 12 0.502248
9 13 0.500184
9 14 0.501928
9 15 0.502823
9 16 0.504750
9 17 0.503020
9 18 0.514577
9 19 0.515064
10 1 0.806176
10 2 0.628149
10 3 0.678540
10 4 0.661782
10 5 0.684927
10 6 0.931294
10 7 0.500687
10 8 0.707441
10 9 0.509601
10 10 0.768255
10 11 0.535536
10 12 0.644312
10 13 0.659674
10 14 0.625343
10 15 0.602555
10 16 0.673816
10 17 0.739683
10 18 0.813560
11 1 0.622808
11 2 0.528751
11 3 0.606946
11 4 0.528026
11 5 0.600279
11 6 0.707492
11 7 0.500304
11 8 0.649539
11 9 0.498352
11 10 0.535536
11 11 0.597773
11 12 0.560831
11 13 0.599517
11 14 0.616249
11 15 0.574226
11 16 0.578366
11 17 0.558277
11 18 0.534258
11 19 0.585892
12 2 0.667901
12 3 0.720003
12 4 0.604618
12 5 0.679244
12 6 0.905291
12 7 0.500360
12 9 0.502248
12 10 0.644312
12 11 0.560831
12 12 0.658644
12 13 0.618874
12 14 0.611827
12 15 0.583384
12 16 0.685893
12 17 0.675604
12 18 0.659578
12 19 0.763378
13 1 0.753405
13 2 0.589745
13 3 0.681304
13 4 0.597985
13 5 0.680284
13 6 0.873177
13 7 0.500497
13 9 0.500184
13 10 0.659674
13 11 0.599517
13 12 0.618874
13 13 0.679480
13 14 0.672185
13 15 0.620660
13 16 0.651065
13 17 0.665733
13 18 0.692248
13 19 0.774137
14 1 0.747350
14 2 0.577769
14 3 0.701666
14 4 0.579601
14 5 0.687525
14 6 0.836885
14 7 0.500311
14 9 0.501928
14 10 0.625343
14 11 0.616249
14 12 0.611827
14 13 0.672185
14 14 0.755950
14 15 0.638004
14 16 0.664382
14 17 0.642123
14 18 0.643768
14 19 0.737214
15 1 0.681730
15 2 0.559793
15 3 0.633524
15 4 0.563037
15 5 0.629179
15 6 0.790256
15 7 0.500326
15 9 0.502823
15 10 0.602555
15 11 0.574226
15 12 0.583384
15 13 0.620660
15 14 0.638004
15 15 0.586971
15 16 0.610648
15 17 0.610528
15 18 0.621037
15 19 0.689184
16 2 0.687392
16 3 0.757865
16 4 0.627982
16 5 0.717889
16 6 0.936402
16 7 0.500441
16 9 0.504750
16 10 0.673816
16 11 0.578366
16 12 0.685893
16 13 0.651065
16 14 0.664382
16 15 0.610648
16 16 0.733069
16 17 0.709919
16 18 0.691219
16 19 0.806042
17 2 0.668329
17 3 0.729038
17 5 0.712502
17 6 0.940630
17 7 0.500582
17 9 0.503020
17 10 0.739683
17 11 0.558277
17 12 0.675604
17 13 0.665733
17 14 0.642123
17 15 0.610528
17 16 0.709919
17 17 0.741287
17 18 0.776892
18 1 0.839913
18 2 0.648471
18 3 0.696957
18 4 0.689961
18 5 0.710723
18 6 0.952056
18 7 0.500920
18 8 0.743183
18 9 0.514577
18 10 0.813560
18 11 0.534258
18 12 0.659578
18 13 0.692248
18 14 0.643768
18 15 0.621037
18 16 0.691219
18 17 0.776892
18 18 0.865370
19 3 0.825867
19 4 0.761600
19 5 0.821992
19 6 0.992116
19 7 0.501268
19 9 0.515064
19 11 0.585892
19 12 0.763378
19 13 0.774137
19 14 0.737214
19 15 0.689184
19 16 0.806042
19 19 0.971334
