1 2 0.995102
1 3 0.996341
1 5 0.969891
1 8 0.995201
1 12 0.969288
1 16 0.972860
1 17 0.977882
1 19 0.999479
2 1 0.995102
2 8 0.991543
2 19 0.999447
3 1 0.996341
3 8 0.991427
4 17 0.853630
5 1 0.969891
5 8 0.961628
8 1 0.995201
8 2 0.991543
8 3 0.991427
8 5 0.961628
8 12 0.958690
8 13 0.930869
8 14 0.999950
8 15 0.870322
8 16 0.963189
8 17 0.972366
8 19 0.999040
10 19 0.996906
12 1 0.969288
12 8 0.958690
13 8 0.930869
14 8 0.999950
15 8 0.870322
16 1 0.972860
16 8 0.963189
17 1 0.977882
17 4 0.853630
17 8 0.972366
17 19 0.993592
18 19 0.998080
19 1 0.999479
19 2 0.999447
19 8 0.999040
19 10 0.996906
19 17 0.993592
19 18 0.998080
1 1 0.997401
1 4 0.927974
1 6 0.999830
1 7 0.505640
1 9 0.749106
1 10 0.984385
1 11 0.730749
1 13 0.929394
1 14 0.999971
1 15 0.874289
1 18 0.992570
2 2 0.996089
2 3 0.994633
2 4 0.910818
2 5 0.960380
2 6 0.999898
2 7 0.506472
2 9 0.756930
2 10 0.984063
2 11 0.733177
2 12 0.955199
2 13 0.920974
2 14 0.999953
2 15 0.848600
2 16 0.959829
2 17 0.971037
2 18 0.988079
3 2 0.994633
3 3 0.996563
3 4 0.909601
3 5 0.961134
3 6 0.999875
3 7 0.506127
3 9 0.742987
3 10 0.980085
3 11 0.694914
3 12 0.960538
3 13 0.910015
3 14 0.999959
3 15 0.846692
3 16 0.964047
3 17 0.969403
3 18 0.993769
3 19 0.999265
4 1 0.927974
4 2 0.910818
4 3 0.909601
4 4 0.775453
4 5 0.821365
4 6 0.982822
4 7 0.502394
4 8 0.918234
4 9 0.614570
4 10 0.868282
4 11 0.616201
4 12 0.816118
4 13 0.761495
4 14 0.989729
4 15 0.712310
4 16 0.828531
4 18 0.884752
4 19 0.967063
5 2 0.960380
5 3 0.961134
5 4 0.821365
5 5 0.892748
5 6 0.994265
5 7 0.503467
5 9 0.657172
5 10 0.925223
5 11 0.660372
5 12 0.885805
5 13 0.838548
5 14 0.998390
5 15 0.764117
5 16 0.892554
5 17 0.908205
5 18 0.941601
5 19 0.989706
6 1 0.999830
6 2 0.999898
6 3 0.999875
6 4 0.982822
6 5 0.994265
6 6 1.000000
6 7 0.512309
6 8 0.999579
6 9 0.868816
6 10 0.999112
6 11 0.793585
6 12 0.992713
6 13 0.984715
6 14 1.000000
6 15 0.947687
6 16 0.994121
6 17 0.997337
6 18 0.999952
6 19 0.999997
7 1 0.505640
7 2 0.506472
7 3 0.506127
7 4 0.502394
7 5 0.503467
7 6 0.512309
7 7 0.500044
7 8 0.504805
7 9 0.501256
7 10 0.504575
7 11 0.500956
7 12 0.503198
7 13 0.502884
7 14 0.512350
7 15 0.501680
7 16 0.503280
7 17 0.503732
7 18 0.506628
7 19 0.508484
8 4 0.918234
8 6 0.999579
8 7 0.504805
8 8 0.994126
8 9 0.739400
8 10 0.979809
8 11 0.740256
8 18 0.985137
9 1 0.749106
9 2 0.756930
9 3 0.742987
9 4 0.614570
9 5 0.657172
9 6 0.868816
9 7 0.501256
9 8 0.739400
9 9 0.574710
9 10 0.705044
9 11 0.557076
9 12 0.652146
9 13 0.645200
9 14 0.914226
9 15 0.595537
9 16 0.655146
9 17 0.671592
9 18 0.725746
9 19 0.825502
10 1 0.984385
10 2 0.984063
10 3 0.980085
10 4 0.868282
10 5 0.925223
10 6 0.999112
10 7 0.504575
10 8 0.979809
10 9 0.705044
10 10 0.961575
10 11 0.697267
10 12 0.917975
10 13 0.879399
10 14 0.999667
10 15 0.806534
10 16 0.924924
10 17 0.942560
10 18 0.967178
11 1 0.730749
11 2 0.733177
11 3 0.694914
11 4 0.616201
11 5 0.660372
11 6 0.793585
11 7 0.500956
11 8 0.740256
11 9 0.557076
11 10 0.697267
11 11 0.578935
11 12 0.648613
11 13 0.640359
11 14 0.894921
11 15 0.595315
11 16 0.655293
11 17 0.674176
11 18 0.635340
11 19 0.811725
12 2 0.955199
12 3 0.960538
12 4 0.816118
12 5 0.885805
12 6 0.992713
12 7 0.503198
12 9 0.652146
12 10 0.917975
12 11 0.648613
12 12 0.883458
12 13 0.823799
12 14 0.997771
12 15 0.758174
12 16 0.890476
12 17 0.902288
12 18 0.940986
12 19 0.987791
13 1 0.929394
13 2 0.920974
13 3 0.910015
13 4 0.761495
13 5 0.838548
13 6 0.984715
13 7 0.502884
13 9 0.645200
13 10 0.879399
13 11 0.640359
13 12 0.823799
13 13 0.827192
13 14 0.995597
13 15 0.725803
13 16 0.829710
13 17 0.856925
13 18 0.910756
13 19 0.972259
14 1 0.999971
14 2 0.999953
14 3 0.999959
14 4 0.989729
14 5 0.998390
14 6 1.000000
14 7 0.512350
14 9 0.914226
14 10 0.999667
14 11 0.894921
14 12 0.997771
14 13 0.995597
14 14 1.000000
14 15 0.974807
14 16 0.997922
14 17 0.998908
14 18 0.999940
14 19 0.999999
15 1 0.874289
15 2 0.848600
15 3 0.846692
15 4 0.712310
15 5 0.764117
15 6 0.947687
15 7 0.501680
15 9 0.595537
15 10 0.806534
15 11 0.595315
15 12 0.758174
15 13 0.725803
15 14 0.974807
15 15 0.671906
15 16 0.766681
15 17 0.788866
15 18 0.821228
15 19 0.926969
16 2 0.959829
16 3 0.964047
16 4 0.828531
16 5 0.892554
16 6 0.994121
16 7 0.503280
16 9 0.655146
16 10 0.924924
16 11 0.655293
16 12 0.890476
16 13 0.829710
16 14 0.997922
16 15 0.766681
16 16 0.899462
16 17 0.911586
16 18 0.944664
16 19 0.989665
17 2 0.971037
17 3 0.969403
17 5 0.908205
17 6 0.997337
17 7 0.503732
17 9 0.671592
17 10 0.942560
17 11 0.674176
17 12 0.902288
17 13 0.856925
17 14 0.998908
17 15 0.788866
17 16 0.911586
17 17 0.929892
17 18 0.955211
18 1 0.992570
18 2 0.988079
18 3 0.993769
18 4 0.884752
18 5 0.941601
18 6 0.999952
18 7 0.506628
18 8 0.985137
18 9 0.725746
18 10 0.967178
18 11 0.635340
18 12 0.940986
18 13 0.910756
18 14 0.999940
18 15 0.821228
18 16 0.944664
18 17 0.955211
18 18 0.998513
19 3 0.999265
19 4 0.967063
19 5 0.989706
19 6 0.999997
19 7 0.508484
19 9 0.825502
19 11 0.811725
19 12 0.987791
19 13 0.972259
19 14 0.999999
19 15 0.926969
19 16 0.989665
19 19 0.999971
