1 2 0.937225
1 3 0.924595
1 5 0.907549
1 8 0.948380
1 12 0.861982
1 16 0.838690
1 17 0.939439
1 19 0.981062
2 1 0.937225
2 8 0.921519
2 19 0.961161
3 1 0.924595
3 8 0.909993
4 17 0.757456
5 1 0.907549
5 8 0.858625
8 1 0.948380
8 2 0.921519
8 3 0.909993
8 5 0.858625
8 12 0.807199
8 13 0.846085
8 14 0.971765
8 15 0.500000
8 16 0.798699
8 17 0.922655
8 19 0.974402
10 19 0.951271
12 1 0.861982
12 8 0.807199
13 8 0.846085
14 8 0.971765
15 8 0.500000
16 1 0.838690
16 8 0.798699
17 1 0.939439
17 4 0.757456
17 8 0.922655
17 19 0.968346
18 19 0.942435
19 1 0.981062
19 2 0.961161
19 8 0.974402
19 10 0.951271
19 17 0.968346
19 18 0.942435
1 1 0.966728
1 4 0.785071
1 6 0.966419
1 7 0.503989
1 9 0.591919
1 10 0.904816
1 11 0.630069
1 13 0.852917
1 14 0.977563
1 15 0.500000
1 18 0.887714
2 2 0.916541
2 3 0.890719
2 4 0.746565
2 5 0.850595
2 6 0.951106
2 7 0.502892
2 9 0.554715
2 10 0.856232
2 11 0.586157
2 12 0.801011
2 13 0.808422
2 14 0.939273
2 15 0.500000
2 16 0.788727
2 17 0.908423
2 18 0.839900
3 2 0.890719
3 3 0.880404
3 4 0.723905
3 5 0.839464
3 6 0.926701
3 7 0.502772
3 9 0.556043
3 10 0.851923
3 11 0.585406
3 12 0.784977
3 13 0.803417
3 14 0.952765
3 15 0.500000
3 16 0.766896
3 17 0.892130
3 18 0.834877
3 19 0.955960
4 1 0.785071
4 2 0.746565
4 3 0.723905
4 4 0.640607
4 5 0.700757
4 6 0.753759
4 7 0.501720
4 8 0.758490
4 9 0.537929
4 10 0.721247
4 11 0.551018
4 12 0.667056
4 13 0.660561
4 14 0.811049
4 15 0.500000
4 16 0.653073
4 18 0.704198
4 19 0.836624
5 2 0.850595
5 3 0.839464
5 4 0.700757
5 5 0.851002
5 6 0.880440
5 7 0.503105
5 9 0.580582
5 10 0.815055
5 11 0.599854
5 12 0.796322
5 13 0.759208
5 14 0.935331
5 15 0.500000
5 16 0.752323
5 17 0.859557
5 18 0.776546
5 19 0.929696
6 1 0.966419
6 2 0.951106
6 3 0.926701
6 4 0.753759
6 5 0.880440
6 6 0.999972
6 7 0.503531
6 8 0.963617
6 9 0.605330
6 10 0.865745
6 11 0.575145
6 12 0.813559
6 13 0.879654
6 14 0.893614
6 15 0.500000
6 16 0.834070
6 17 0.930243
6 18 0.910516
6 19 0.974396
7 1 0.503989
7 2 0.502892
7 3 0.502772
7 4 0.501720
7 5 0.503105
7 6 0.503531
7 7 0.500035
7 8 0.503197
7 9 0.500631
7 10 0.502813
7 11 0.500667
7 12 0.502377
7 13 0.502020
7 14 0.504941
7 15 0.500000
7 16 0.501701
7 17 0.503365
7 18 0.502575
7 19 0.504806
8 4 0.758490
8 6 0.963617
8 7 0.503197
8 8 0.942830
8 9 0.558516
8 10 0.887583
8 11 0.592053
8 18 0.882493
9 1 0.591919
9 2 0.554715
9 3 0.556043
9 4 0.537929
9 5 0.580582
9 6 0.605330
9 7 0.500631
9 8 0.558516
9 9 0.534328
9 10 0.562650
9 11 0.529601
9 12 0.565376
9 13 0.545876
9 14 0.616624
9 15 0.500000
9 16 0.551112
9 17 0.569295
9 18 0.541848
9 19 0.598493
10 1 0.904816
10 2 0.856232
10 3 0.851923
10 4 0.721247
10 5 0.815055
10 6 0.865745
10 7 0.502813
10 8 0.887583
10 9 0.562650
10 10 0.853393
10 11 0.590421
10 12 0.767048
10 13 0.779714
10 14 0.952864
10 15 0.500000
10 16 0.745146
10 17 0.877225
10 18 0.835473
11 1 0.630069
11 2 0.586157
11 3 0.585406
11 4 0.551018
11 5 0.599854
11 6 0.575145
11 7 0.500667
11 8 0.592053
11 9 0.529601
11 10 0.590421
11 11 0.552550
11 12 0.589559
11 13 0.562019
11 14 0.645223
11 15 0.500000
11 16 0.573276
11 17 0.599710
11 18 0.565378
11 19 0.643708
12 2 0.801011
12 3 0.784977
12 4 0.667056
12 5 0.796322
12 6 0.813559
12 7 0.502377
12 9 0.565376
12 10 0.767048
12 11 0.589559
12 12 0.754859
12 13 0.713007
12 14 0.892312
12 15 0.500000
12 16 0.714368
12 17 0.809967
12 18 0.727509
12 19 0.886794
13 1 0.852917
13 2 0.808422
13 3 0.803417
13 4 0.660561
13 5 0.759208
13 6 0.879654
13 7 0.502020
13 9 0.545876
13 10 0.779714
13 11 0.562019
13 12 0.713007
13 13 0.757841
13 14 0.926615
13 15 0.500000
13 16 0.695637
13 17 0.815256
13 18 0.766255
13 19 0.900924
14 1 0.977563
14 2 0.939273
14 3 0.952765
14 4 0.811049
14 5 0.935331
14 6 0.893614
14 7 0.504941
14 9 0.616624
14 10 0.952864
14 11 0.645223
14 12 0.892312
14 13 0.926615
14 14 0.999599
14 15 0.500000
14 16 0.853938
14 17 0.961713
14 18 0.939788
14 19 0.993714
15 1 0.500000
15 2 0.500000
15 3 0.500000
15 4 0.500000
15 5 0.500000
15 6 0.500000
15 7 0.500000
15 9 0.500000
15 10 0.500000
15 11 0.500000
15 12 0.500000
15 13 0.500000
15 14 0.500000
15 15 0.500000
15 16 0.500000
15 17 0.500000
15 18 0.500000
15 19 0.500000
16 2 0.788727
16 3 0.766896
16 4 0.653073
16 5 0.752323
16 6 0.834070
16 7 0.501701
16 9 0.551112
16 10 0.745146
16 11 0.573276
16 12 0.714368
16 13 0.695637
16 14 0.853938
16 15 0.500000
16 16 0.700957
16 17 0.788642
16 18 0.722200
16 19 0.867267
17 2 0.908423
17 3 0.892130
17 5 0.859557
17 6 0.930243
17 7 0.503365
17 9 0.569295
17 10 0.877225
17 11 0.599710
17 12 0.809967
17 13 0.815256
17 14 0.961713
17 15 0.500000
17 16 0.788642
17 17 0.914153
17 18 0.859393
18 1 0.887714
18 2 0.839900
18 3 0.834877
18 4 0.704198
18 5 0.776546
18 6 0.910516
18 7 0.502575
18 8 0.882493
18 9 0.541848
18 10 0.835473
18 11 0.565378
18 12 0.727509
18 13 0.766255
18 14 0.939788
18 15 0.500000
18 16 0.722200
18 17 0.859393
18 18 0.846793
19 3 0.955960
19 4 0.836624
19 5 0.929696
19 6 0.974396
19 7 0.504806
19 9 0.598493
19 11 0.643708
19 12 0.886794
19 13 0.900924
19 14 0.993714
19 15 0.500000
19 16 0.867267
19 19 0.993944
