1 2 0.608786
1 3 0.699307
1 5 0.684036
1 8 0.746191
1 12 0.647339
1 16 0.644047
1 17 0.588197
1 19 0.558580
2 1 0.608786
2 8 0.706175
2 19 0.883762
3 1 0.699307
3 8 0.751653
4 17 0.558531
5 1 0.684036
5 8 0.735386
8 1 0.746191
8 2 0.706175
8 3 0.751653
8 5 0.735386
8 12 0.703212
8 13 0.834830
8 14 0.799393
8 15 0.665193
8 16 0.700423
8 17 0.617433
8 19 0.698038
10 19 0.942337
12 1 0.647339
12 8 0.703212
13 8 0.834830
14 8 0.799393
15 8 0.665193
16 1 0.644047
16 8 0.700423
17 1 0.588197
17 4 0.558531
17 8 0.617433
17 19 0.579865
18 19 0.947006
19 1 0.558580
19 2 0.883762
19 8 0.698038
19 10 0.942337
19 17 0.579865
19 18 0.947006
1 1 0.685543
1 4 0.541216
1 6 0.612583
1 7 0.500497
1 9 0.545934
1 10 0.533341
1 11 0.514139
1 13 0.749071
1 14 0.700294
1 15 0.612023
1 18 0.509233
2 2 0.782593
2 3 0.610478
2 4 0.574284
2 5 0.630085
2 6 0.519127
2 7 0.500823
2 9 0.530806
2 10 0.789408
2 11 0.554040
2 12 0.597587
2 13 0.616317
2 14 0.598075
2 15 0.578635
2 16 0.579294
2 17 0.597688
2 18 0.787767
3 2 0.610478
3 3 0.731840
3 4 0.550884
3 5 0.705975
3 6 0.492501
3 7 0.500397
3 9 0.545685
3 10 0.496552
3 11 0.509652
3 12 0.669713
3 13 0.758321
3 14 0.709514
3 15 0.625711
3 16 0.665459
3 17 0.608363
3 18 0.467748
3 19 0.504978
4 1 0.541216
4 2 0.574284
4 3 0.550884
4 4 0.551960
4 5 0.545027
4 6 0.541428
4 7 0.500178
4 8 0.562151
4 9 0.503649
4 10 0.548033
4 11 0.520422
4 12 0.541028
4 13 0.544835
4 14 0.550300
4 15 0.532553
4 16 0.536071
4 18 0.554032
4 19 0.577705
5 2 0.630085
5 3 0.705975
5 4 0.545027
5 5 0.696172
5 6 0.512417
5 7 0.500535
5 9 0.550031
5 10 0.558499
5 11 0.519969
5 12 0.648967
5 13 0.741101
5 14 0.676852
5 15 0.609857
5 16 0.642059
5 17 0.597736
5 18 0.532572
5 19 0.592686
6 1 0.612583
6 2 0.519127
6 3 0.492501
6 4 0.541428
6 5 0.512417
6 6 0.999657
6 7 0.501006
6 8 0.752152
6 9 0.514932
6 10 0.556707
6 11 0.585263
6 12 0.555728
6 13 0.751158
6 14 0.767931
6 15 0.574941
6 16 0.559295
6 17 0.506773
6 18 0.609996
6 19 0.625911
7 1 0.500497
7 2 0.500823
7 3 0.500397
7 4 0.500178
7 5 0.500535
7 6 0.501006
7 7 0.500009
7 8 0.500918
7 9 0.500226
7 10 0.501144
7 11 0.500207
7 12 0.500345
7 13 0.501345
7 14 0.500653
7 15 0.500263
7 16 0.500301
7 17 0.500268
7 18 0.501269
7 19 0.501763
8 4 0.562151
8 6 0.752152
8 7 0.500918
8 8 0.848905
8 9 0.561186
8 10 0.623984
8 11 0.530629
8 18 0.594122
9 1 0.545934
9 2 0.530806
9 3 0.545685
9 4 0.503649
9 5 0.550031
9 6 0.514932
9 7 0.500226
9 8 0.561186
9 9 0.521604
9 10 0.531448
9 11 0.502741
9 12 0.530824
9 13 0.570025
9 14 0.541465
9 15 0.520844
9 16 0.531133
9 17 0.517116
9 18 0.516594
9 19 0.542260
10 1 0.533341
10 2 0.789408
10 3 0.496552
10 4 0.548033
10 5 0.558499
10 6 0.556707
10 7 0.501144
10 8 0.623984
10 9 0.531448
10 10 0.866280
10 11 0.572434
10 12 0.515754
10 13 0.517582
10 14 0.495336
10 15 0.514035
10 16 0.495993
10 17 0.549505
10 18 0.870262
11 1 0.514139
11 2 0.554040
11 3 0.509652
11 4 0.520422
11 5 0.519969
11 6 0.585263
11 7 0.500207
11 8 0.530629
11 9 0.502741
11 10 0.572434
11 11 0.539448
11 12 0.512191
11 13 0.511196
11 14 0.517146
11 15 0.510896
11 16 0.509448
11 17 0.521930
11 18 0.578308
11 19 0.608826
12 2 0.597587
12 3 0.669713
12 4 0.541028
12 5 0.648967
12 6 0.555728
12 7 0.500345
12 9 0.530824
12 10 0.515754
12 11 0.512191
12 12 0.627580
12 13 0.698876
12 14 0.669228
12 15 0.596924
12 16 0.623924
12 17 0.580048
12 18 0.497275
12 19 0.534677
13 1 0.749071
13 2 0.616317
13 3 0.758321
13 4 0.544835
13 5 0.741101
13 6 0.751158
13 7 0.501345
13 9 0.570025
13 10 0.517582
13 11 0.511196
13 12 0.698876
13 13 0.916923
13 14 0.811822
13 15 0.657853
13 16 0.700351
13 17 0.602946
13 18 0.505512
13 19 0.543805
14 1 0.700294
14 2 0.598075
14 3 0.709514
14 4 0.550300
14 5 0.676852
14 6 0.767931
14 7 0.500653
14 9 0.541465
14 10 0.495336
14 11 0.517146
14 12 0.669228
14 13 0.811822
14 14 0.795301
14 15 0.637691
14 16 0.678748
14 17 0.590286
14 18 0.473439
14 19 0.510078
15 1 0.612023
15 2 0.578635
15 3 0.625711
15 4 0.532553
15 5 0.609857
15 6 0.574941
15 7 0.500263
15 9 0.520844
15 10 0.514035
15 11 0.510896
15 12 0.596924
15 13 0.657853
15 14 0.637691
15 15 0.577392
15 16 0.594126
15 17 0.559059
15 18 0.501831
15 19 0.532055
16 2 0.579294
16 3 0.665459
16 4 0.536071
16 5 0.642059
16 6 0.559295
16 7 0.500301
16 9 0.531133
16 10 0.495993
16 11 0.509448
16 12 0.623924
16 13 0.700351
16 14 0.678748
16 15 0.594126
16 16 0.625949
16 17 0.573556
16 18 0.475049
16 19 0.502459
17 2 0.597688
17 3 0.608363
17 5 0.597736
17 6 0.506773
17 7 0.500268
17 9 0.517116
17 10 0.549505
17 11 0.521930
17 12 0.580048
17 13 0.602946
17 14 0.590286
17 15 0.559059
17 16 0.573556
17 17 0.581068
17 18 0.545063
18 1 0.509233
18 2 0.787767
18 3 0.467748
18 4 0.554032
18 5 0.532572
18 6 0.609996
18 7 0.501269
18 8 0.594122
18 9 0.516594
18 10 0.870262
18 11 0.578308
18 12 0.497275
18 13 0.505512
18 14 0.473439
18 15 0.501831
18 16 0.475049
18 17 0.545063
18 18 0.887744
19 3 0.504978
19 4 0.577705
19 5 0.592686
19 6 0.625911
19 7 0.501763
19 9 0.542260
19 11 0.608826
19 12 0.534677
19 13 0.543805
19 14 0.510078
19 15 0.532055
19 16 0.502459
19 19 0.985359
