1 2 0.954670
1 3 0.856338
1 5 0.900374
1 8 0.975247
1 12 0.806738
1 16 0.851599
1 17 0.879384
1 19 0.974324
2 1 0.954670
2 8 0.973940
2 19 0.974176
3 1 0.856338
3 8 0.891485
4 17 0.648689
5 1 0.900374
5 8 0.930992
8 1 0.975247
8 2 0.973940
8 3 0.891485
8 5 0.930992
8 12 0.867392
8 13 0.898805
8 14 0.915440
8 15 0.500000
8 16 0.866375
8 17 0.908692
8 19 0.984626
10 19 0.959981
12 1 0.806738
12 8 0.867392
13 8 0.898805
14 8 0.915440
15 8 0.500000
16 1 0.851599
16 8 0.866375
17 1 0.879384
17 4 0.648689
17 8 0.908692
17 19 0.927887
18 19 0.968631
19 1 0.974324
19 2 0.974176
19 8 0.984626
19 10 0.959981
19 17 0.927887
19 18 0.968631
1 1 0.961925
1 4 0.698871
1 6 0.969354
1 7 0.502044
1 9 0.620182
1 10 0.910311
1 11 0.611508
1 13 0.857256
1 14 0.873437
1 15 0.500000
1 18 0.909525
2 2 0.955122
2 3 0.842210
2 4 0.692746
2 5 0.895202
2 6 0.980282
2 7 0.501743
2 9 0.623595
2 10 0.911429
2 11 0.580074
2 12 0.814026
2 13 0.863527
2 14 0.875821
2 15 0.500000
2 16 0.825074
2 17 0.879706
2 18 0.917154
3 2 0.842210
3 3 0.760365
3 4 0.612963
3 5 0.770023
3 6 0.824145
3 7 0.500892
3 9 0.561331
3 10 0.768951
3 11 0.579204
3 12 0.701730
3 13 0.715666
3 14 0.755026
3 15 0.500000
3 16 0.723083
3 17 0.742437
3 18 0.753806
3 19 0.868049
4 1 0.698871
4 2 0.692746
4 3 0.612963
4 4 0.576501
4 5 0.636831
4 6 0.729788
4 7 0.500635
4 8 0.716506
4 9 0.532645
4 10 0.674939
4 11 0.528853
4 12 0.586347
4 13 0.598772
4 14 0.624908
4 15 0.500000
4 16 0.602266
4 18 0.689237
4 19 0.759104
5 2 0.895202
5 3 0.770023
5 4 0.636831
5 5 0.829517
5 6 0.913633
5 7 0.501522
5 9 0.586917
5 10 0.826857
5 11 0.564919
5 12 0.740859
5 13 0.788941
5 14 0.804569
5 15 0.500000
5 16 0.757796
5 17 0.799258
5 18 0.828894
5 19 0.920223
6 1 0.969354
6 2 0.980282
6 3 0.824145
6 4 0.729788
6 5 0.913633
6 6 0.999971
6 7 0.499128
6 8 0.984154
6 9 0.701410
6 10 0.968190
6 11 0.466492
6 12 0.837106
6 13 0.935531
6 14 0.921553
6 15 0.500000
6 16 0.850604
6 17 0.930547
6 18 0.979229
6 19 0.994393
7 1 0.502044
7 2 0.501743
7 3 0.500892
7 4 0.500635
7 5 0.501522
7 6 0.499128
7 7 0.500025
7 8 0.501951
7 9 0.500145
7 10 0.501109
7 11 0.500389
7 12 0.500601
7 13 0.501186
7 14 0.501124
7 15 0.500000
7 16 0.501151
7 17 0.501300
7 18 0.501162
7 19 0.501848
8 4 0.716506
8 6 0.984154
8 7 0.501951
8 8 0.988896
8 9 0.644714
8 10 0.934899
8 11 0.613844
8 18 0.934351
9 1 0.620182
9 2 0.623595
9 3 0.561331
9 4 0.532645
9 5 0.586917
9 6 0.701410
9 7 0.500145
9 8 0.644714
9 9 0.527563
9 10 0.598805
9 11 0.510080
9 12 0.561094
9 13 0.578830
9 14 0.581596
9 15 0.500000
9 16 0.560127
9 17 0.581953
9 18 0.604613
9 19 0.650079
10 1 0.910311
10 2 0.911429
10 3 0.768951
10 4 0.674939
10 5 0.826857
10 6 0.968190
10 7 0.501109
10 8 0.934899
10 9 0.598805
10 10 0.885010
10 11 0.559614
10 12 0.741110
10 13 0.781237
10 14 0.798856
10 15 0.500000
10 16 0.756342
10 17 0.836783
10 18 0.900033
11 1 0.611508
11 2 0.580074
11 3 0.579204
11 4 0.528853
11 5 0.564919
11 6 0.466492
11 7 0.500389
11 8 0.613844
11 9 0.510080
11 10 0.559614
11 11 0.564275
11 12 0.539381
11 13 0.528371
11 14 0.548028
11 15 0.500000
11 16 0.566895
11 17 0.550971
11 18 0.543077
11 19 0.599482
12 2 0.814026
12 3 0.701730
12 4 0.586347
12 5 0.740859
12 6 0.837106
12 7 0.500601
12 9 0.561094
12 10 0.741110
12 11 0.539381
12 12 0.699848
12 13 0.708941
12 14 0.729242
12 15 0.500000
12 16 0.663510
12 17 0.714063
12 18 0.742695
12 19 0.837103
13 1 0.857256
13 2 0.863527
13 3 0.715666
13 4 0.598772
13 5 0.788941
13 6 0.935531
13 7 0.501186
13 9 0.578830
13 10 0.781237
13 11 0.528371
13 12 0.708941
13 13 0.791122
13 14 0.778141
13 15 0.500000
13 16 0.717234
13 17 0.753635
13 18 0.782506
13 19 0.876883
14 1 0.873437
14 2 0.875821
14 3 0.755026
14 4 0.624908
14 5 0.804569
14 6 0.921553
14 7 0.501124
14 9 0.581596
14 10 0.798856
14 11 0.548028
14 12 0.729242
14 13 0.778141
14 14 0.808467
14 15 0.500000
14 16 0.726324
14 17 0.776723
14 18 0.801435
14 19 0.894322
15 1 0.500000
15 2 0.500000
15 3 0.500000
15 4 0.500000
15 5 0.500000
15 6 0.500000
15 7 0.500000
15 9 0.500000
15 10 0.500000
15 11 0.500000
15 12 0.500000
15 13 0.500000
15 14 0.500000
15 15 0.500000
15 16 0.500000
15 17 0.500000
15 18 0.500000
15 19 0.500000
16 2 0.825074
16 3 0.723083
16 4 0.602266
16 5 0.757796
16 6 0.850604
16 7 0.501151
16 9 0.560127
16 10 0.756342
16 11 0.566895
16 12 0.663510
16 13 0.717234
16 14 0.726324
16 15 0.500000
16 16 0.741610
16 17 0.729189
16 18 0.748469
16 19 0.857168
17 2 0.879706
17 3 0.742437
17 5 0.799258
17 6 0.930547
17 7 0.501300
17 9 0.581953
17 10 0.836783
17 11 0.550971
17 12 0.714063
17 13 0.753635
17 14 0.776723
17 15 0.500000
17 16 0.729189
17 17 0.799766
17 18 0.853481
18 1 0.909525
18 2 0.917154
18 3 0.753806
18 4 0.689237
18 5 0.828894
18 6 0.979229
18 7 0.501162
18 8 0.934351
18 9 0.604613
18 10 0.900033
18 11 0.543077
18 12 0.742695
18 13 0.782506
18 14 0.801435
18 15 0.500000
18 16 0.748469
18 17 0.853481
18 18 0.925317
19 3 0.868049
19 4 0.759104
19 5 0.920223
19 6 0.994393
19 7 0.501848
19 9 0.650079
19 11 0.599482
19 12 0.837103
19 13 0.876883
19 14 0.894322
19 15 0.500000
19 16 0.857168
19 19 0.993039
