1 2 0.676341
1 3 0.768215
1 5 0.744270
1 8 0.858820
1 12 0.733840
1 16 0.546905
1 17 0.707569
1 19 0.795908
2 1 0.676341
2 8 0.782019
2 19 0.708525
3 1 0.768215
3 8 0.804085
4 17 0.646236
5 1 0.744270
5 8 0.789488
8 1 0.858820
8 2 0.782019
8 3 0.804085
8 5 0.789488
8 12 0.773729
8 13 0.790524
8 14 0.958947
8 15 0.500000
8 16 0.575504
8 17 0.777200
8 19 0.877870
10 19 0.832322
12 1 0.733840
12 8 0.773729
13 8 0.790524
14 8 0.958947
15 8 0.500000
16 1 0.546905
16 8 0.575504
17 1 0.707569
17 4 0.646236
17 8 0.777200
17 19 0.824281
18 19 0.871687
19 1 0.795908
19 2 0.708525
19 8 0.877870
19 10 0.832322
19 17 0.824281
19 18 0.871687
1 1 0.818546
1 4 0.615320
1 6 0.505999
1 7 0.500858
1 9 0.514130
1 10 0.643462
1 11 0.584415
1 13 0.726779
1 14 0.898585
1 15 0.500000
1 18 0.714954
2 2 0.784217
2 3 0.635222
2 4 0.557984
2 5 0.632301
2 6 0.821164
2 7 0.501133
2 9 0.478194
2 10 0.572349
2 11 0.583009
2 12 0.615237
2 13 0.637476
2 14 0.814689
2 15 0.500000
2 16 0.555443
2 17 0.638529
2 18 0.712712
3 2 0.635222
3 3 0.731288
3 4 0.590504
3 5 0.700871
3 6 0.479302
3 7 0.500467
3 9 0.512320
3 10 0.615960
3 11 0.564329
3 12 0.693847
3 13 0.688579
3 14 0.828353
3 15 0.500000
3 16 0.570289
3 17 0.667249
3 18 0.662459
3 19 0.745664
4 1 0.615320
4 2 0.557984
4 3 0.590504
4 4 0.607563
4 5 0.606639
4 6 0.465796
4 7 0.500771
4 8 0.663867
4 9 0.521873
4 10 0.643800
4 11 0.517322
4 12 0.593871
4 13 0.626504
4 14 0.735406
4 15 0.500000
4 16 0.518373
4 18 0.643069
4 19 0.728702
5 2 0.632301
5 3 0.700871
5 4 0.606639
5 5 0.690587
5 6 0.468900
5 7 0.500737
5 9 0.515270
5 10 0.637230
5 11 0.560715
5 12 0.679021
5 13 0.684345
5 14 0.829877
5 15 0.500000
5 16 0.542711
5 17 0.677961
5 18 0.677919
5 19 0.762172
6 1 0.505999
6 2 0.821164
6 3 0.479302
6 4 0.465796
6 5 0.468900
6 6 0.999984
6 7 0.503070
6 8 0.670891
6 9 0.481791
6 10 0.516964
6 11 0.526717
6 12 0.431361
6 13 0.519913
6 14 0.922659
6 15 0.500000
6 16 0.659819
6 17 0.542789
6 18 0.847377
6 19 0.670559
7 1 0.500858
7 2 0.501133
7 3 0.500467
7 4 0.500771
7 5 0.500737
7 6 0.503070
7 7 0.500017
7 8 0.501657
7 9 0.500107
7 10 0.500966
7 11 0.500209
7 12 0.500610
7 13 0.501047
7 14 0.503937
7 15 0.500000
7 16 0.500084
7 17 0.501097
7 18 0.501495
7 19 0.501810
8 4 0.663867
8 6 0.670891
8 7 0.501657
8 8 0.916710
8 9 0.512376
8 10 0.708859
8 11 0.601860
8 18 0.808865
9 1 0.514130
9 2 0.478194
9 3 0.512320
9 4 0.521873
9 5 0.515270
9 6 0.481791
9 7 0.500107
9 8 0.512376
9 9 0.519586
9 10 0.536017
9 11 0.493137
9 12 0.511604
9 13 0.519398
9 14 0.523702
9 15 0.500000
9 16 0.478233
9 17 0.526455
9 18 0.523814
9 19 0.548914
10 1 0.643462
10 2 0.572349
10 3 0.615960
10 4 0.643800
10 5 0.637230
10 6 0.516964
10 7 0.500966
10 8 0.708859
10 9 0.536017
10 10 0.733357
10 11 0.504755
10 12 0.623100
10 13 0.676097
10 14 0.833678
10 15 0.500000
10 16 0.579404
10 17 0.702406
10 18 0.732021
11 1 0.584415
11 2 0.583009
11 3 0.564329
11 4 0.517322
11 5 0.560715
11 6 0.526717
11 7 0.500209
11 8 0.601860
11 9 0.493137
11 10 0.504755
11 11 0.583647
11 12 0.554457
11 13 0.521538
11 14 0.530073
11 15 0.500000
11 16 0.484518
11 17 0.538350
11 18 0.535649
11 19 0.543708
12 2 0.615237
12 3 0.693847
12 4 0.593871
12 5 0.679021
12 6 0.431361
12 7 0.500610
12 9 0.511604
12 10 0.623100
12 11 0.554457
12 12 0.673845
12 13 0.675437
12 14 0.820997
12 15 0.500000
12 16 0.563283
12 17 0.659881
12 18 0.649090
12 19 0.737485
13 1 0.726779
13 2 0.637476
13 3 0.688579
13 4 0.626504
13 5 0.684345
13 6 0.519913
13 7 0.501047
13 9 0.519398
13 10 0.676097
13 11 0.521538
13 12 0.675437
13 13 0.715607
13 14 0.878623
13 15 0.500000
13 16 0.607864
13 17 0.698482
13 18 0.701389
13 19 0.798119
14 1 0.898585
14 2 0.814689
14 3 0.828353
14 4 0.735406
14 5 0.829877
14 6 0.922659
14 7 0.503937
14 9 0.523702
14 10 0.833678
14 11 0.530073
14 12 0.820997
14 13 0.878623
14 14 0.999790
14 15 0.500000
14 16 0.696286
14 17 0.851749
14 18 0.929163
14 19 0.961576
15 1 0.500000
15 2 0.500000
15 3 0.500000
15 4 0.500000
15 5 0.500000
15 6 0.500000
15 7 0.500000
15 9 0.500000
15 10 0.500000
15 11 0.500000
15 12 0.500000
15 13 0.500000
15 14 0.500000
15 15 0.500000
15 16 0.500000
15 17 0.500000
15 18 0.500000
15 19 0.500000
16 2 0.555443
16 3 0.570289
16 4 0.518373
16 5 0.542711
16 6 0.659819
16 7 0.500084
16 9 0.478233
16 10 0.579404
16 11 0.484518
16 12 0.563283
16 13 0.607864
16 14 0.696286
16 15 0.500000
16 16 0.904701
16 17 0.553479
16 18 0.579407
16 19 0.637957
17 2 0.638529
17 3 0.667249
17 5 0.677961
17 6 0.542789
17 7 0.501097
17 9 0.526455
17 10 0.702406
17 11 0.538350
17 12 0.659881
17 13 0.698482
17 14 0.851749
17 15 0.500000
17 16 0.553479
17 17 0.716210
17 18 0.735316
18 1 0.714954
18 2 0.712712
18 3 0.662459
18 4 0.643069
18 5 0.677919
18 6 0.847377
18 7 0.501495
18 8 0.808865
18 9 0.523814
18 10 0.732021
18 11 0.535649
18 12 0.649090
18 13 0.701389
18 14 0.929163
18 15 0.500000
18 16 0.579407
18 17 0.735316
18 18 0.835141
19 3 0.745664
19 4 0.728702
19 5 0.762172
19 6 0.670559
19 7 0.501810
19 9 0.548914
19 11 0.543708
19 12 0.737485
19 13 0.798119
19 14 0.961576
19 15 0.500000
19 16 0.637957
19 19 0.941904
