1 2 0.997047
1 3 0.999981
1 5 0.991274
1 8 0.999834
1 12 0.975242
1 16 0.984737
1 17 0.997217
1 19 0.999293
2 1 0.997047
2 8 0.998493
2 19 0.995381
3 1 0.999981
3 8 0.999993
4 17 0.876080
5 1 0.991274
5 8 0.993345
8 1 0.999834
8 2 0.998493
8 3 0.999993
8 5 0.993345
8 12 0.984371
8 13 0.994602
8 14 0.997897
8 15 0.974405
8 16 0.989244
8 17 0.998537
8 19 0.999677
10 19 0.988768
12 1 0.975242
12 8 0.984371
13 8 0.994602
14 8 0.997897
15 8 0.974405
16 1 0.984737
16 8 0.989244
17 1 0.997217
17 4 0.876080
17 8 0.998537
17 19 0.995815
18 19 0.982866
19 1 0.999293
19 2 0.995381
19 8 0.999677
19 10 0.988768
19 17 0.995815
19 18 0.982866
1 1 0.999666
1 4 0.929191
1 6 0.999472
1 7 0.506222
1 9 0.684570
1 10 0.991366
1 11 0.897948
1 13 0.989894
1 14 0.995526
1 15 0.961499
1 18 0.989693
2 2 0.987505
2 3 0.999682
2 4 0.867994
2 5 0.966481
2 6 0.996557
2 7 0.504566
2 9 0.641259
2 10 0.970608
2 11 0.832852
2 12 0.939553
2 13 0.970206
2 14 0.982838
2 15 0.918250
2 16 0.951432
2 17 0.987285
2 18 0.959077
3 2 0.999682
3 3 1.000000
3 4 0.970364
3 5 0.998047
3 6 0.999916
3 7 0.508813
3 9 0.753265
3 10 0.998649
3 11 0.961427
3 12 0.993105
3 13 0.998139
3 14 0.999142
3 15 0.987397
3 16 0.996617
3 17 0.999676
3 18 0.998545
3 19 0.999955
4 1 0.929191
4 2 0.867994
4 3 0.970364
4 4 0.706573
4 5 0.819801
4 6 0.908606
4 7 0.502128
4 8 0.944833
4 9 0.566731
4 10 0.826030
4 11 0.654512
4 12 0.765215
4 13 0.821562
4 14 0.853562
4 15 0.741467
4 16 0.791466
4 18 0.819291
4 19 0.915694
5 2 0.966481
5 3 0.998047
5 4 0.819801
5 5 0.950874
5 6 0.984786
5 7 0.503638
5 9 0.613062
5 10 0.936645
5 11 0.781976
5 12 0.892443
5 13 0.932603
5 14 0.957550
5 15 0.863897
5 16 0.918336
5 17 0.968135
5 18 0.937901
5 19 0.984621
6 1 0.999472
6 2 0.996557
6 3 0.999916
6 4 0.908606
6 5 0.984786
6 6 0.999979
6 7 0.506116
6 8 0.999841
6 9 0.637387
6 10 0.987760
6 11 0.935285
6 12 0.977208
6 13 0.987560
6 14 0.997421
6 15 0.961994
6 16 0.983781
6 17 0.995739
6 18 0.965738
6 19 0.998863
7 1 0.506222
7 2 0.504566
7 3 0.508813
7 4 0.502128
7 5 0.503638
7 6 0.506116
7 7 0.500024
7 8 0.506931
7 9 0.500626
7 10 0.503815
7 11 0.501878
7 12 0.502859
7 13 0.503565
7 14 0.504413
7 15 0.502587
7 16 0.503238
7 17 0.504713
7 18 0.503639
7 19 0.505780
8 4 0.944833
8 6 0.999841
8 7 0.506931
8 8 0.999945
8 9 0.699181
8 10 0.994672
8 11 0.916117
8 18 0.991206
9 1 0.684570
9 2 0.641259
9 3 0.753265
9 4 0.566731
9 5 0.613062
9 6 0.637387
9 7 0.500626
9 8 0.699181
9 9 0.539291
9 10 0.612390
9 11 0.554346
9 12 0.589292
9 13 0.618463
9 14 0.624243
9 15 0.578696
9 16 0.596276
9 17 0.644708
9 18 0.642870
9 19 0.671570
10 1 0.991366
10 2 0.970608
10 3 0.998649
10 4 0.826030
10 5 0.936645
10 6 0.987760
10 7 0.503815
10 8 0.994672
10 9 0.612390
10 10 0.951614
10 11 0.776229
10 12 0.897833
10 13 0.941532
10 14 0.961149
10 15 0.875027
10 16 0.922884
10 17 0.972851
10 18 0.936774
11 1 0.897948
11 2 0.832852
11 3 0.961427
11 4 0.654512
11 5 0.781976
11 6 0.935285
11 7 0.501878
11 8 0.916117
11 9 0.554346
11 10 0.776229
11 11 0.721681
11 12 0.736149
11 13 0.767021
11 14 0.829906
11 15 0.707308
11 16 0.762489
11 17 0.822178
11 18 0.734896
11 19 0.871439
12 2 0.939553
12 3 0.993105
12 4 0.765215
12 5 0.892443
12 6 0.977208
12 7 0.502859
12 9 0.589292
12 10 0.897833
12 11 0.736149
12 12 0.854617
12 13 0.899858
12 14 0.930881
12 15 0.822807
12 16 0.871769
12 17 0.938762
12 18 0.886110
12 19 0.966337
13 1 0.989894
13 2 0.970206
13 3 0.998139
13 4 0.821562
13 5 0.932603
13 6 0.987560
13 7 0.503565
13 9 0.618463
13 10 0.941532
13 11 0.767021
13 12 0.899858
13 13 0.948060
13 14 0.962295
13 15 0.874856
13 16 0.910566
13 17 0.970782
13 18 0.918440
13 19 0.986549
14 1 0.995526
14 2 0.982838
14 3 0.999142
14 4 0.853562
14 5 0.957550
14 6 0.997421
14 7 0.504413
14 9 0.624243
14 10 0.961149
14 11 0.829906
14 12 0.930881
14 13 0.962295
14 14 0.981934
14 15 0.907564
14 16 0.943253
14 17 0.982831
14 18 0.936508
14 19 0.993047
15 1 0.961499
15 2 0.918250
15 3 0.987397
15 4 0.741467
15 5 0.863897
15 6 0.961994
15 7 0.502587
15 9 0.578696
15 10 0.875027
15 11 0.707308
15 12 0.822807
15 13 0.874856
15 14 0.907564
15 15 0.795392
15 16 0.839687
15 17 0.918699
15 18 0.851062
15 19 0.952089
16 2 0.951432
16 3 0.996617
16 4 0.791466
16 5 0.918336
16 6 0.983781
16 7 0.503238
16 9 0.596276
16 10 0.922884
16 11 0.762489
16 12 0.871769
16 13 0.910566
16 14 0.943253
16 15 0.839687
16 16 0.907133
16 17 0.954519
16 18 0.922818
16 19 0.977473
17 2 0.987285
17 3 0.999676
17 5 0.968135
17 6 0.995739
17 7 0.504713
17 9 0.644708
17 10 0.972851
17 11 0.822178
17 12 0.938762
17 13 0.970782
17 14 0.982831
17 15 0.918699
17 16 0.954519
17 17 0.988406
17 18 0.964445
18 1 0.989693
18 2 0.959077
18 3 0.998545
18 4 0.819291
18 5 0.937901
18 6 0.965738
18 7 0.503639
18 8 0.991206
18 9 0.642870
18 10 0.936774
18 11 0.734896
18 12 0.886110
18 13 0.918440
18 14 0.936508
18 15 0.851062
18 16 0.922818
18 17 0.964445
18 18 0.985082
19 3 0.999955
19 4 0.915694
19 5 0.984621
19 6 0.998863
19 7 0.505780
19 9 0.671570
19 11 0.871439
19 12 0.966337
19 13 0.986549
19 14 0.993047
19 15 0.952089
19 16 0.977473
19 19 0.998883
