1 2 0.954838
1 3 0.935246
1 5 0.877489
1 8 0.939349
1 12 0.839453
1 16 0.802587
1 17 0.913556
1 19 0.994604
2 1 0.954838
2 8 0.889881
2 19 0.983737
3 1 0.935246
3 8 0.869358
4 17 0.711794
5 1 0.877489
5 8 0.815482
8 1 0.939349
8 2 0.889881
8 3 0.869358
8 5 0.815482
8 12 0.740488
8 13 0.796999
8 14 0.900459
8 15 0.768986
8 16 0.728271
8 17 0.833445
8 19 0.975956
10 19 0.978077
12 1 0.839453
12 8 0.740488
13 8 0.796999
14 8 0.900459
15 8 0.768986
16 1 0.802587
16 8 0.728271
17 1 0.913556
17 4 0.711794
17 8 0.833445
17 19 0.958034
18 19 0.991882
19 1 0.994604
19 2 0.983737
19 8 0.975956
19 10 0.978077
19 17 0.958034
19 18 0.991882
1 1 0.981936
1 4 0.801667
1 6 0.986967
1 7 0.502146
1 9 0.600413
1 10 0.938023
1 11 0.619091
1 13 0.787398
1 14 0.927676
1 15 0.800160
1 18 0.970046
2 2 0.918150
2 3 0.882159
2 4 0.745112
2 5 0.819894
2 6 0.954320
2 7 0.501563
2 9 0.582742
2 10 0.896232
2 11 0.593702
2 12 0.772885
2 13 0.726515
2 14 0.869076
2 15 0.743648
2 16 0.738051
2 17 0.862705
2 18 0.939649
3 2 0.882159
3 3 0.881228
3 4 0.709344
3 5 0.789832
3 6 0.971000
3 7 0.501750
3 9 0.568756
3 10 0.847660
3 11 0.585318
3 12 0.755377
3 13 0.715801
3 14 0.866518
3 15 0.723853
3 16 0.710381
3 17 0.824625
3 18 0.901263
3 19 0.965785
4 1 0.801667
4 2 0.745112
4 3 0.709344
4 4 0.644547
4 5 0.659825
4 6 0.782487
4 7 0.500468
4 8 0.718369
4 9 0.535111
4 10 0.724926
4 11 0.554029
4 12 0.638129
4 13 0.608718
4 14 0.690912
4 15 0.622489
4 16 0.626604
4 18 0.775427
4 19 0.863355
5 2 0.819894
5 3 0.789832
5 4 0.659825
5 5 0.752171
5 6 0.907113
5 7 0.500958
5 9 0.556918
5 10 0.800890
5 11 0.559535
5 12 0.682994
5 13 0.681845
5 14 0.804942
5 15 0.681139
5 16 0.664983
5 17 0.760491
5 18 0.852680
5 19 0.935837
6 1 0.986967
6 2 0.954320
6 3 0.971000
6 4 0.782487
6 5 0.907113
6 6 0.999997
6 7 0.504529
6 8 0.982701
6 9 0.523984
6 10 0.920339
6 11 0.605293
6 12 0.880940
6 13 0.913275
6 14 0.977234
6 15 0.875442
6 16 0.863961
6 17 0.918047
6 18 0.972971
6 19 0.993275
7 1 0.502146
7 2 0.501563
7 3 0.501750
7 4 0.500468
7 5 0.500958
7 6 0.504529
7 7 0.500014
7 8 0.501908
7 9 0.500276
7 10 0.501299
7 11 0.500096
7 12 0.501064
7 13 0.501044
7 14 0.502007
7 15 0.500787
7 16 0.500673
7 17 0.501040
7 18 0.501725
7 19 0.502546
8 4 0.718369
8 6 0.982701
8 7 0.501908
8 8 0.919477
8 9 0.587470
8 10 0.872721
8 11 0.574445
8 18 0.922798
9 1 0.600413
9 2 0.582742
9 3 0.568756
9 4 0.535111
9 5 0.556918
9 6 0.523984
9 7 0.500276
9 8 0.587470
9 9 0.532470
9 10 0.580392
9 11 0.513486
9 12 0.534138
9 13 0.545281
9 14 0.593921
9 15 0.543704
9 16 0.526271
9 17 0.559282
9 18 0.591535
9 19 0.647628
10 1 0.938023
10 2 0.896232
10 3 0.847660
10 4 0.724926
10 5 0.800890
10 6 0.920339
10 7 0.501299
10 8 0.872721
10 9 0.580392
10 10 0.882228
10 11 0.583898
10 12 0.740541
10 13 0.718416
10 14 0.846391
10 15 0.727545
10 16 0.714622
10 17 0.837841
10 18 0.926732
11 1 0.619091
11 2 0.593702
11 3 0.585318
11 4 0.554029
11 5 0.559535
11 6 0.605293
11 7 0.500096
11 8 0.574445
11 9 0.513486
11 10 0.583898
11 11 0.527826
11 12 0.549206
11 13 0.532256
11 14 0.565828
11 15 0.542437
11 16 0.538372
11 17 0.580814
11 18 0.603337
11 19 0.654063
12 2 0.772885
12 3 0.755377
12 4 0.638129
12 5 0.682994
12 6 0.880940
12 7 0.501064
12 9 0.534138
12 10 0.740541
12 11 0.549206
12 12 0.683213
12 13 0.614765
12 14 0.734885
12 15 0.625107
12 16 0.643446
12 17 0.722854
12 18 0.795488
12 19 0.883896
13 1 0.787398
13 2 0.726515
13 3 0.715801
13 4 0.608718
13 5 0.681845
13 6 0.913275
13 7 0.501044
13 9 0.545281
13 10 0.718416
13 11 0.532256
13 12 0.614765
13 13 0.702239
13 14 0.770151
13 15 0.662264
13 16 0.617693
13 17 0.680672
13 18 0.771883
13 19 0.860411
14 1 0.927676
14 2 0.869076
14 3 0.866518
14 4 0.690912
14 5 0.804942
14 6 0.977234
14 7 0.502007
14 9 0.593921
14 10 0.846391
14 11 0.565828
14 12 0.734885
14 13 0.770151
14 14 0.906088
14 15 0.745440
14 16 0.710238
14 17 0.806298
14 18 0.897276
14 19 0.966084
15 1 0.800160
15 2 0.743648
15 3 0.723853
15 4 0.622489
15 5 0.681139
15 6 0.875442
15 7 0.500787
15 9 0.543704
15 10 0.727545
15 11 0.542437
15 12 0.625107
15 13 0.662264
15 14 0.745440
15 15 0.650209
15 16 0.623270
15 17 0.698015
15 18 0.780482
15 19 0.869051
16 2 0.738051
16 3 0.710381
16 4 0.626604
16 5 0.664983
16 6 0.863961
16 7 0.500673
16 9 0.526271
16 10 0.714622
16 11 0.538372
16 12 0.643446
16 13 0.617693
16 14 0.710238
16 15 0.623270
16 16 0.642440
16 17 0.699095
16 18 0.772143
16 19 0.856453
17 2 0.862705
17 3 0.824625
17 5 0.760491
17 6 0.918047
17 7 0.501040
17 9 0.559282
17 10 0.837841
17 11 0.580814
17 12 0.722854
17 13 0.680672
17 14 0.806298
17 15 0.698015
17 16 0.699095
17 17 0.812868
17 18 0.891313
18 1 0.970046
18 2 0.939649
18 3 0.901263
18 4 0.775427
18 5 0.852680
18 6 0.972971
18 7 0.501725
18 8 0.922798
18 9 0.591535
18 10 0.926732
18 11 0.603337
18 12 0.795488
18 13 0.771883
18 14 0.897276
18 15 0.780482
18 16 0.772143
18 17 0.891313
18 18 0.962587
19 3 0.965785
19 4 0.863355
19 5 0.935837
19 6 0.993275
19 7 0.502546
19 9 0.647628
19 11 0.654063
19 12 0.883896
19 13 0.860411
19 14 0.966084
19 15 0.869051
19 16 0.856453
19 19 0.999262
