1 2 0.671270
1 3 0.674189
1 5 0.676926
1 8 0.794841
1 12 0.647573
1 16 0.635116
1 17 0.639015
1 19 0.716474
2 1 0.671270
2 8 0.744880
2 19 0.666135
3 1 0.674189
3 8 0.727190
4 17 0.599836
5 1 0.676926
5 8 0.795032
8 1 0.794841
8 2 0.744880
8 3 0.727190
8 5 0.795032
8 12 0.712048
8 13 0.859737
8 14 0.975891
8 15 0.708890
8 16 0.687607
8 17 0.682778
8 19 0.781778
10 19 0.847948
12 1 0.647573
12 8 0.712048
13 8 0.859737
14 8 0.975891
15 8 0.708890
16 1 0.635116
16 8 0.687607
17 1 0.639015
17 4 0.599836
17 8 0.682778
17 19 0.583621
18 19 0.651828
19 1 0.716474
19 2 0.666135
19 8 0.781778
19 10 0.847948
19 17 0.583621
19 18 0.651828
1 1 0.725672
1 4 0.599807
1 6 0.783024
1 7 0.500903
1 9 0.538067
1 10 0.698594
1 11 0.642619
1 13 0.735632
1 14 0.867639
1 15 0.626886
1 18 0.761278
2 2 0.645737
2 3 0.628046
2 4 0.559515
2 5 0.650336
2 6 0.757189
2 7 0.500583
2 9 0.520295
2 10 0.652950
2 11 0.612089
2 12 0.615347
2 13 0.697511
2 14 0.862586
2 15 0.604411
2 16 0.603059
2 17 0.591461
2 18 0.745019
3 2 0.628046
3 3 0.647036
3 4 0.577429
3 5 0.631859
3 6 0.757882
3 7 0.500518
3 9 0.539630
3 10 0.626660
3 11 0.609013
3 12 0.617190
3 13 0.667795
3 14 0.760425
3 15 0.595145
3 16 0.605562
3 17 0.610770
3 18 0.730688
3 19 0.649876
4 1 0.599807
4 2 0.559515
4 3 0.577429
4 4 0.597541
4 5 0.570768
4 6 0.578349
4 7 0.500127
4 8 0.636406
4 9 0.524094
4 10 0.501619
4 11 0.568170
4 12 0.558306
4 13 0.586347
4 14 0.544760
4 15 0.551414
4 16 0.550175
4 18 0.615894
4 19 0.521827
5 2 0.650336
5 3 0.631859
5 4 0.570768
5 5 0.710481
5 6 0.668364
5 7 0.500472
5 9 0.508285
5 10 0.648136
5 11 0.663076
5 12 0.629436
5 13 0.745202
5 14 0.910595
5 15 0.631225
5 16 0.609167
5 17 0.597801
5 18 0.734177
5 19 0.659796
6 1 0.783024
6 2 0.757189
6 3 0.757882
6 4 0.578349
6 5 0.668364
6 6 0.999895
6 7 0.499581
6 8 0.797798
6 9 0.603583
6 10 0.731857
6 11 0.477541
6 12 0.713243
6 13 0.634030
6 14 0.973849
6 15 0.654640
6 16 0.695090
6 17 0.670745
6 18 0.941624
6 19 0.781317
7 1 0.500903
7 2 0.500583
7 3 0.500518
7 4 0.500127
7 5 0.500472
7 6 0.499581
7 7 0.500016
7 8 0.501060
7 9 0.500103
7 10 0.501865
7 11 0.500517
7 12 0.500397
7 13 0.501031
7 14 0.502053
7 15 0.500295
7 16 0.500504
7 17 0.500360
7 18 0.501021
7 19 0.501779
8 4 0.636406
8 6 0.797798
8 7 0.501060
8 8 0.905506
8 9 0.530261
8 10 0.765629
8 11 0.741642
8 18 0.863021
9 1 0.538067
9 2 0.520295
9 3 0.539630
9 4 0.524094
9 5 0.508285
9 6 0.603583
9 7 0.500103
9 8 0.530261
9 9 0.526995
9 10 0.518835
9 11 0.505442
9 12 0.521172
9 13 0.509250
9 14 0.470610
9 15 0.511152
9 16 0.522282
9 17 0.533243
9 18 0.562768
9 19 0.528958
10 1 0.698594
10 2 0.652950
10 3 0.626660
10 4 0.501619
10 5 0.648136
10 6 0.731857
10 7 0.501865
10 8 0.765629
10 9 0.518835
10 10 0.859335
10 11 0.605542
10 12 0.617264
10 13 0.754454
10 14 0.950017
10 15 0.605762
10 16 0.625425
10 17 0.561243
10 18 0.596808
11 1 0.642619
11 2 0.612089
11 3 0.609013
11 4 0.568170
11 5 0.663076
11 6 0.477541
11 7 0.500517
11 8 0.741642
11 9 0.505442
11 10 0.605542
11 11 0.669469
11 12 0.601354
11 13 0.701275
11 14 0.816086
11 15 0.600874
11 16 0.582521
11 17 0.586150
11 18 0.692565
11 19 0.616329
12 2 0.615347
12 3 0.617190
12 4 0.558306
12 5 0.629436
12 6 0.713243
12 7 0.500397
12 9 0.521172
12 10 0.617264
12 11 0.601354
12 12 0.601581
12 13 0.664053
12 14 0.794598
12 15 0.589150
12 16 0.588859
12 17 0.585270
12 18 0.691160
12 19 0.632602
13 1 0.735632
13 2 0.697511
13 3 0.667795
13 4 0.586347
13 5 0.745202
13 6 0.634030
13 7 0.501031
13 9 0.509250
13 10 0.754454
13 11 0.701275
13 12 0.664053
13 13 0.830388
13 14 0.966034
13 15 0.671010
13 16 0.647347
13 17 0.625250
13 18 0.801276
13 19 0.758332
14 1 0.867639
14 2 0.862586
14 3 0.760425
14 4 0.544760
14 5 0.910595
14 6 0.973849
14 7 0.502053
14 9 0.470610
14 10 0.950017
14 11 0.816086
14 12 0.794598
14 13 0.966034
14 14 0.999950
14 15 0.819927
14 16 0.767897
14 17 0.644963
14 18 0.949189
14 19 0.945566
15 1 0.626886
15 2 0.604411
15 3 0.595145
15 4 0.551414
15 5 0.631225
15 6 0.654640
15 7 0.500295
15 9 0.511152
15 10 0.605762
15 11 0.600874
15 12 0.589150
15 13 0.671010
15 14 0.819927
15 15 0.589246
15 16 0.575915
15 17 0.571570
15 18 0.682660
15 19 0.615493
16 2 0.603059
16 3 0.605562
16 4 0.550175
16 5 0.609167
16 6 0.695090
16 7 0.500504
16 9 0.522282
16 10 0.625425
16 11 0.582521
16 12 0.588859
16 13 0.647347
16 14 0.767897
16 15 0.575915
16 16 0.582163
16 17 0.576800
16 18 0.670997
16 19 0.637330
17 2 0.591461
17 3 0.610770
17 5 0.597801
17 6 0.670745
17 7 0.500360
17 9 0.533243
17 10 0.561243
17 11 0.586150
17 12 0.585270
17 13 0.625250
17 14 0.644963
17 15 0.571570
17 16 0.576800
17 17 0.614704
17 18 0.666497
18 1 0.761278
18 2 0.745019
18 3 0.730688
18 4 0.615894
18 5 0.734177
18 6 0.941624
18 7 0.501021
18 8 0.863021
18 9 0.562768
18 10 0.596808
18 11 0.692565
18 12 0.691160
18 13 0.801276
18 14 0.949189
18 15 0.682660
18 16 0.670997
18 17 0.666497
18 18 0.993947
19 3 0.649876
19 4 0.521827
19 5 0.659796
19 6 0.781317
19 7 0.501779
19 9 0.528958
19 11 0.616329
19 12 0.632602
19 13 0.758332
19 14 0.945566
19 15 0.615493
19 16 0.637330
19 19 0.841516
