1 2 0.980350
1 3 0.985660
1 5 0.905389
1 8 0.987548
1 12 0.952512
1 16 0.882213
1 17 0.934966
1 19 0.988297
2 1 0.980350
2 8 0.977920
2 19 0.980463
3 1 0.985660
3 8 0.979884
4 17 0.759167
5 1 0.905389
5 8 0.929541
8 1 0.987548
8 2 0.977920
8 3 0.979884
8 5 0.929541
8 12 0.951063
8 13 0.914124
8 14 0.966538
8 15 0.840985
8 16 0.906445
8 17 0.945525
8 19 0.987753
10 19 0.920141
12 1 0.952512
12 8 0.951063
13 8 0.914124
14 8 0.966538
15 8 0.840985
16 1 0.882213
16 8 0.906445
17 1 0.934966
17 4 0.759167
17 8 0.945525
17 19 0.940080
18 19 0.882552
19 1 0.988297
19 2 0.980463
19 8 0.987753
19 10 0.920141
19 17 0.940080
19 18 0.882552
1 1 0.990700
1 4 0.824366
1 6 0.966248
1 7 0.502849
1 9 0.596888
1 10 0.909018
1 11 0.710452
1 13 0.936380
1 14 0.943984
1 15 0.812676
1 18 0.918782
2 2 0.968884
2 3 0.969425
2 4 0.792060
2 5 0.864166
2 6 0.925481
2 7 0.502707
2 9 0.585430
2 10 0.884615
2 11 0.640586
2 12 0.929166
2 13 0.938593
2 14 0.928714
2 15 0.787287
2 16 0.858755
2 17 0.912701
2 18 0.856549
3 2 0.969425
3 3 0.980339
3 4 0.798550
3 5 0.890418
3 6 0.962016
3 7 0.502401
3 9 0.585546
3 10 0.880770
3 11 0.726229
3 12 0.935944
3 13 0.897381
3 14 0.920718
3 15 0.783004
3 16 0.856315
3 17 0.913465
3 18 0.912987
3 19 0.979975
4 1 0.824366
4 2 0.792060
4 3 0.798550
4 4 0.686256
4 5 0.709866
4 6 0.755096
4 7 0.500824
4 8 0.849939
4 9 0.526115
4 10 0.704309
4 11 0.579768
4 12 0.735033
4 13 0.647493
4 14 0.767482
4 15 0.639904
4 16 0.693042
4 18 0.679109
4 19 0.834826
5 2 0.864166
5 3 0.890418
5 4 0.709866
5 5 0.851166
5 6 0.914079
5 7 0.501668
5 9 0.552280
5 10 0.741368
5 11 0.669073
5 12 0.824973
5 13 0.717389
5 14 0.845272
5 15 0.705816
5 16 0.759155
5 17 0.810788
5 18 0.869069
5 19 0.892813
6 1 0.966248
6 2 0.925481
6 3 0.962016
6 4 0.755096
6 5 0.914079
6 6 0.999994
6 7 0.501558
6 8 0.973599
6 9 0.601041
6 10 0.878391
6 11 0.852271
6 12 0.909242
6 13 0.801384
6 14 0.944289
6 15 0.733251
6 16 0.765846
6 17 0.863145
6 18 0.973483
6 19 0.963347
7 1 0.502849
7 2 0.502707
7 3 0.502401
7 4 0.500824
7 5 0.501668
7 6 0.501558
7 7 0.500023
7 8 0.502986
7 9 0.500389
7 10 0.501679
7 11 0.499574
7 12 0.502077
7 13 0.504499
7 14 0.502209
7 15 0.501108
7 16 0.501169
7 17 0.501665
7 18 0.501613
7 19 0.503169
8 4 0.849939
8 6 0.973599
8 7 0.502986
8 8 0.992013
8 9 0.592768
8 10 0.904919
8 11 0.703167
8 18 0.931795
9 1 0.596888
9 2 0.585430
9 3 0.585546
9 4 0.526115
9 5 0.552280
9 6 0.601041
9 7 0.500389
9 8 0.592768
9 9 0.512575
9 10 0.550651
9 11 0.514664
9 12 0.566318
9 13 0.588666
9 14 0.563011
9 15 0.533034
9 16 0.540355
9 17 0.552578
9 18 0.564636
9 19 0.596125
10 1 0.909018
10 2 0.884615
10 3 0.880770
10 4 0.704309
10 5 0.741368
10 6 0.878391
10 7 0.501679
10 8 0.904919
10 9 0.550651
10 10 0.795715
10 11 0.563431
10 12 0.820400
10 13 0.852100
10 14 0.826430
10 15 0.680134
10 16 0.728877
10 17 0.809077
10 18 0.733089
11 1 0.710452
11 2 0.640586
11 3 0.726229
11 4 0.579768
11 5 0.669073
11 6 0.852271
11 7 0.499574
11 8 0.703167
11 9 0.514664
11 10 0.563431
11 11 0.693226
11 12 0.629538
11 13 0.363473
11 14 0.619023
11 15 0.559741
11 16 0.601491
11 17 0.618028
11 18 0.742715
11 19 0.643511
12 2 0.929166
12 3 0.935944
12 4 0.735033
12 5 0.824973
12 6 0.909242
12 7 0.502077
12 9 0.566318
12 10 0.820400
12 11 0.629538
12 12 0.878998
12 13 0.868654
12 14 0.880906
12 15 0.734003
12 16 0.797632
12 17 0.855294
12 18 0.831034
12 19 0.949601
13 1 0.936380
13 2 0.938593
13 3 0.897381
13 4 0.647493
13 5 0.717389
13 6 0.801384
13 7 0.504499
13 9 0.588666
13 10 0.852100
13 11 0.363473
13 12 0.868654
13 13 0.993633
13 14 0.851664
13 15 0.710760
13 16 0.744140
13 17 0.811816
13 18 0.662794
13 19 0.959182
14 1 0.943984
14 2 0.928714
14 3 0.920718
14 4 0.767482
14 5 0.845272
14 6 0.944289
14 7 0.502209
14 9 0.563011
14 10 0.826430
14 11 0.619023
14 12 0.880906
14 13 0.851664
14 14 0.929974
14 15 0.764763
14 16 0.829449
14 17 0.877846
14 18 0.842032
14 19 0.953505
15 1 0.812676
15 2 0.787287
15 3 0.783004
15 4 0.639904
15 5 0.705816
15 6 0.733251
15 7 0.501108
15 9 0.533034
15 10 0.680134
15 11 0.559741
15 12 0.734003
15 13 0.710760
15 14 0.764763
15 15 0.644313
15 16 0.692053
15 17 0.725568
15 18 0.703924
15 19 0.817321
16 2 0.858755
16 3 0.856315
16 4 0.693042
16 5 0.759155
16 6 0.765846
16 7 0.501169
16 9 0.540355
16 10 0.728877
16 11 0.601491
16 12 0.797632
16 13 0.744140
16 14 0.829449
16 15 0.692053
16 16 0.771277
16 17 0.796109
16 18 0.727961
16 19 0.883208
17 2 0.912701
17 3 0.913465
17 5 0.810788
17 6 0.863145
17 7 0.501665
17 9 0.552578
17 10 0.809077
17 11 0.618028
17 12 0.855294
17 13 0.811816
17 14 0.877846
17 15 0.725568
17 16 0.796109
17 17 0.860861
17 18 0.781476
18 1 0.918782
18 2 0.856549
18 3 0.912987
18 4 0.679109
18 5 0.869069
18 6 0.973483
18 7 0.501613
18 8 0.931795
18 9 0.564636
18 10 0.733089
18 11 0.742715
18 12 0.831034
18 13 0.662794
18 14 0.842032
18 15 0.703924
18 16 0.727961
18 17 0.781476
18 18 0.967573
19 3 0.979975
19 4 0.834826
19 5 0.892813
19 6 0.963347
19 7 0.503169
19 9 0.596125
19 11 0.643511
19 12 0.949601
19 13 0.959182
19 14 0.953505
19 15 0.817321
19 16 0.883208
19 19 0.989750
