1 2 0.987806
1 3 0.973440
1 5 0.940098
1 8 0.996533
1 12 0.906119
1 16 0.956802
1 17 0.835821
1 19 0.995606
2 1 0.987806
2 8 0.995258
2 19 0.994413
3 1 0.973440
3 8 0.981720
4 17 0.576761
5 1 0.940098
5 8 0.975054
8 1 0.996533
8 2 0.995258
8 3 0.981720
8 5 0.975054
8 12 0.944390
8 13 0.969623
8 14 0.978477
8 15 0.923067
8 16 0.976716
8 17 0.876792
8 19 0.998592
10 19 0.500000
12 1 0.906119
12 8 0.944390
13 8 0.969623
14 8 0.978477
15 8 0.923067
16 1 0.956802
16 8 0.976716
17 1 0.835821
17 4 0.576761
17 8 0.876792
17 19 0.859781
18 19 0.996326
19 1 0.995606
19 2 0.994413
19 8 0.998592
19 10 0.500000
19 17 0.859781
19 18 0.996326
1 1 0.992335
1 4 0.672354
1 6 0.999733
1 7 0.501644
1 9 0.677508
1 10 0.500000
1 11 0.776073
1 13 0.937566
1 14 0.948212
1 15 0.872543
1 18 0.988542
2 2 0.984605
2 3 0.958277
2 4 0.660674
2 5 0.930492
2 6 0.999162
2 7 0.501525
2 9 0.645171
2 10 0.500000
2 11 0.754943
2 12 0.889925
2 13 0.928981
2 14 0.938564
2 15 0.859329
2 16 0.944944
2 17 0.816630
2 18 0.986756
3 2 0.958277
3 3 0.944037
3 4 0.613037
3 5 0.867645
3 6 0.997717
3 7 0.501097
3 9 0.644009
3 10 0.500000
3 11 0.722926
3 12 0.830452
3 13 0.869543
3 14 0.884803
3 15 0.792290
3 16 0.904795
3 17 0.760478
3 18 0.960949
3 19 0.979563
4 1 0.672354
4 2 0.660674
4 3 0.613037
4 4 0.551945
4 5 0.631406
4 6 0.780277
4 7 0.500493
4 8 0.712866
4 9 0.529527
4 10 0.500000
4 11 0.544410
4 12 0.592376
4 13 0.608935
4 14 0.618140
4 15 0.577966
4 16 0.612433
4 18 0.656521
4 19 0.693800
5 2 0.930492
5 3 0.867645
5 4 0.631406
5 5 0.895533
5 6 0.988164
5 7 0.501531
5 9 0.600258
5 10 0.500000
5 11 0.696738
5 12 0.810228
5 13 0.858472
5 14 0.878988
5 15 0.784254
5 16 0.858104
5 17 0.729439
5 18 0.926025
5 19 0.959959
6 1 0.999733
6 2 0.999162
6 3 0.997717
6 4 0.780277
6 5 0.988164
6 6 1.000000
6 7 0.501672
6 8 0.999917
6 9 0.795602
6 10 0.500000
6 11 0.858981
6 12 0.982173
6 13 0.989563
6 14 0.991803
6 15 0.962315
6 16 0.995111
6 17 0.942033
6 18 0.998589
6 19 0.999760
7 1 0.501644
7 2 0.501525
7 3 0.501097
7 4 0.500493
7 5 0.501531
7 6 0.501672
7 7 0.500015
7 8 0.502292
7 9 0.500129
7 10 0.500000
7 11 0.500603
7 12 0.500878
7 13 0.501281
7 14 0.500979
7 15 0.500803
7 16 0.500917
7 17 0.500644
7 18 0.501944
7 19 0.502218
8 4 0.712866
8 6 0.999917
8 7 0.502292
8 8 0.999286
8 9 0.685946
8 10 0.500000
8 11 0.830772
8 18 0.995395
9 1 0.677508
9 2 0.645171
9 3 0.644009
9 4 0.529527
9 5 0.600258
9 6 0.795602
9 7 0.500129
9 8 0.685946
9 9 0.554740
9 10 0.500000
9 11 0.552122
9 12 0.580936
9 13 0.576537
9 14 0.589780
9 15 0.568616
9 16 0.611450
9 17 0.562536
9 18 0.639656
9 19 0.671530
10 1 0.500000
10 2 0.500000
10 3 0.500000
10 4 0.500000
10 5 0.500000
10 6 0.500000
10 7 0.500000
10 8 0.500000
10 9 0.500000
10 10 0.500000
10 11 0.500000
10 12 0.500000
10 13 0.500000
10 14 0.500000
10 15 0.500000
10 16 0.500000
10 17 0.500000
10 18 0.500000
11 1 0.776073
11 2 0.754943
11 3 0.722926
11 4 0.544410
11 5 0.696738
11 6 0.858981
11 7 0.500603
11 8 0.830772
11 9 0.552122
11 10 0.500000
11 11 0.625431
11 12 0.643842
11 13 0.679066
11 14 0.705880
11 15 0.630101
11 16 0.690929
11 17 0.601874
11 18 0.762557
11 19 0.802157
12 2 0.889925
12 3 0.830452
12 4 0.592376
12 5 0.810228
12 6 0.982173
12 7 0.500878
12 9 0.580936
12 10 0.500000
12 11 0.643842
12 12 0.761456
12 13 0.796553
12 14 0.819685
12 15 0.728772
12 16 0.814961
12 17 0.685121
12 18 0.886172
12 19 0.927830
13 1 0.937566
13 2 0.928981
13 3 0.869543
13 4 0.608935
13 5 0.858472
13 6 0.989563
13 7 0.501281
13 9 0.576537
13 10 0.500000
13 11 0.679066
13 12 0.796553
13 13 0.851849
13 14 0.862581
13 15 0.765866
13 16 0.853624
13 17 0.716301
13 18 0.932275
13 19 0.960784
14 1 0.948212
14 2 0.938564
14 3 0.884803
14 4 0.618140
14 5 0.878988
14 6 0.991803
14 7 0.500979
14 9 0.589780
14 10 0.500000
14 11 0.705880
14 12 0.819685
14 13 0.862581
14 14 0.907736
14 15 0.788600
14 16 0.879002
14 17 0.737833
14 18 0.927859
14 19 0.962264
15 1 0.872543
15 2 0.859329
15 3 0.792290
15 4 0.577966
15 5 0.784254
15 6 0.962315
15 7 0.500803
15 9 0.568616
15 10 0.500000
15 11 0.630101
15 12 0.728772
15 13 0.765866
15 14 0.788600
15 15 0.703984
15 16 0.781187
15 17 0.660164
15 18 0.857442
15 19 0.901503
16 2 0.944944
16 3 0.904795
16 4 0.612433
16 5 0.858104
16 6 0.995111
16 7 0.500917
16 9 0.611450
16 10 0.500000
16 11 0.690929
16 12 0.814961
16 13 0.853624
16 14 0.879002
16 15 0.781187
16 16 0.884384
16 17 0.742199
16 18 0.942718
16 19 0.968987
17 2 0.816630
17 3 0.760478
17 5 0.729439
17 6 0.942033
17 7 0.500644
17 9 0.562536
17 10 0.500000
17 11 0.601874
17 12 0.685121
17 13 0.716301
17 14 0.737833
17 15 0.660164
17 16 0.742199
17 17 0.646923
17 18 0.813552
18 1 0.988542
18 2 0.986756
18 3 0.960949
18 4 0.656521
18 5 0.926025
18 6 0.998589
18 7 0.501944
18 8 0.995395
18 9 0.639656
18 10 0.500000
18 11 0.762557
18 12 0.886172
18 13 0.932275
18 14 0.927859
18 15 0.857442
18 16 0.942718
18 17 0.813552
18 18 0.992143
19 3 0.979563
19 4 0.693800
19 5 0.959959
19 6 0.999760
19 7 0.502218
19 9 0.671530
19 11 0.802157
19 12 0.927830
19 13 0.960784
19 14 0.962264
19 15 0.901503
19 16 0.968987
19 19 0.998665
