1 2 0.912570
1 3 0.881312
1 5 0.831067
1 8 0.935400
1 12 0.859723
1 16 0.794530
1 17 0.601078
1 19 0.961548
2 1 0.912570
2 8 0.920238
2 19 0.961964
3 1 0.881312
3 8 0.891594
4 17 0.549992
5 1 0.831067
5 8 0.827866
8 1 0.935400
8 2 0.920238
8 3 0.891594
8 5 0.827866
8 12 0.870203
8 13 0.831735
8 14 0.832740
8 15 0.500000
8 16 0.821546
8 17 0.606856
8 19 0.967770
10 19 0.919367
12 1 0.859723
12 8 0.870203
13 8 0.831735
14 8 0.832740
15 8 0.500000
16 1 0.794530
16 8 0.821546
17 1 0.601078
17 4 0.549992
17 8 0.606856
17 19 0.615764
18 19 0.955870
19 1 0.961548
19 2 0.961964
19 8 0.967770
19 10 0.919367
19 17 0.615764
19 18 0.955870
1 1 0.927278
1 4 0.601078
1 6 0.930039
1 7 0.500740
1 9 0.523647
1 10 0.840951
1 11 0.597514
1 13 0.806353
1 14 0.788740
1 15 0.500000
1 18 0.877112
2 2 0.910231
2 3 0.870427
2 4 0.585612
2 5 0.805781
2 6 0.904455
2 7 0.500358
2 9 0.513664
2 10 0.842882
2 11 0.580723
2 12 0.849778
2 13 0.795723
2 14 0.762126
2 15 0.500000
2 16 0.778849
2 17 0.585612
2 18 0.884996
3 2 0.870427
3 3 0.845896
3 4 0.578479
3 5 0.784300
3 6 0.853282
3 7 0.500314
3 9 0.502749
3 10 0.788595
3 11 0.576957
3 12 0.817509
3 13 0.764855
3 14 0.742458
3 15 0.500000
3 16 0.759735
3 17 0.578479
3 18 0.819791
3 19 0.930185
4 1 0.601078
4 2 0.585612
4 3 0.578479
4 4 0.549992
4 5 0.572984
4 6 0.651447
4 7 0.500325
4 8 0.606856
4 9 0.505481
4 10 0.563795
4 11 0.504386
4 12 0.573114
4 13 0.560749
4 14 0.563027
4 15 0.500000
4 16 0.553270
4 18 0.557837
4 19 0.615764
5 2 0.805781
5 3 0.784300
5 4 0.572984
5 5 0.773599
5 6 0.805489
5 7 0.500887
5 9 0.521048
5 10 0.721962
5 11 0.571918
5 12 0.759161
5 13 0.712858
5 14 0.701191
5 15 0.500000
5 16 0.704146
5 17 0.572984
5 18 0.749070
5 19 0.873273
6 1 0.930039
6 2 0.904455
6 3 0.853282
6 4 0.651447
6 5 0.805489
6 6 0.995319
6 7 0.501752
6 8 0.941734
6 9 0.569897
6 10 0.838797
6 11 0.580980
6 12 0.836552
6 13 0.803963
6 14 0.779797
6 15 0.500000
6 16 0.747851
6 17 0.651447
6 18 0.865595
6 19 0.954087
7 1 0.500740
7 2 0.500358
7 3 0.500314
7 4 0.500325
7 5 0.500887
7 6 0.501752
7 7 0.500022
7 8 0.500512
7 9 0.500368
7 10 0.500160
7 11 0.500198
7 12 0.500324
7 13 0.500238
7 14 0.500488
7 15 0.500000
7 16 0.500042
7 17 0.500325
7 18 0.500188
7 19 0.500441
8 4 0.606856
8 6 0.941734
8 7 0.500512
8 8 0.954630
8 9 0.522659
8 10 0.854713
8 11 0.597426
8 18 0.893130
9 1 0.523647
9 2 0.513664
9 3 0.502749
9 4 0.505481
9 5 0.521048
9 6 0.569897
9 7 0.500368
9 8 0.522659
9 9 0.518574
9 10 0.512600
9 11 0.509355
9 12 0.506697
9 13 0.507371
9 14 0.517748
9 15 0.500000
9 16 0.500699
9 17 0.505481
9 18 0.522577
9 19 0.522944
10 1 0.840951
10 2 0.842882
10 3 0.788595
10 4 0.563795
10 5 0.721962
10 6 0.838797
10 7 0.500160
10 8 0.854713
10 9 0.512600
10 10 0.785348
10 11 0.546411
10 12 0.772468
10 13 0.727598
10 14 0.701850
10 15 0.500000
10 16 0.703222
10 17 0.563795
10 18 0.837373
11 1 0.597514
11 2 0.580723
11 3 0.576957
11 4 0.504386
11 5 0.571918
11 6 0.580980
11 7 0.500198
11 8 0.597426
11 9 0.509355
11 10 0.546411
11 11 0.546242
11 12 0.566830
11 13 0.552703
11 14 0.546643
11 15 0.500000
11 16 0.555909
11 17 0.504386
11 18 0.565610
11 19 0.603962
12 2 0.849778
12 3 0.817509
12 4 0.573114
12 5 0.759161
12 6 0.836552
12 7 0.500324
12 9 0.506697
12 10 0.772468
12 11 0.566830
12 12 0.793783
12 13 0.741352
12 14 0.720467
12 15 0.500000
12 16 0.733827
12 17 0.573114
12 18 0.806797
12 19 0.915210
13 1 0.806353
13 2 0.795723
13 3 0.764855
13 4 0.560749
13 5 0.712858
13 6 0.803963
13 7 0.500238
13 9 0.507371
13 10 0.727598
13 11 0.552703
13 12 0.741352
13 13 0.713843
13 14 0.702056
13 15 0.500000
13 16 0.699092
13 17 0.560749
13 18 0.767773
13 19 0.871665
14 1 0.788740
14 2 0.762126
14 3 0.742458
14 4 0.563027
14 5 0.701191
14 6 0.779797
14 7 0.500488
14 9 0.517748
14 10 0.701850
14 11 0.546643
14 12 0.720467
14 13 0.702056
14 14 0.733005
14 15 0.500000
14 16 0.692275
14 17 0.563027
14 18 0.737563
14 19 0.840911
15 1 0.500000
15 2 0.500000
15 3 0.500000
15 4 0.500000
15 5 0.500000
15 6 0.500000
15 7 0.500000
15 9 0.500000
15 10 0.500000
15 11 0.500000
15 12 0.500000
15 13 0.500000
15 14 0.500000
15 15 0.500000
15 16 0.500000
15 17 0.500000
15 18 0.500000
15 19 0.500000
16 2 0.778849
16 3 0.759735
16 4 0.553270
16 5 0.704146
16 6 0.747851
16 7 0.500042
16 9 0.500699
16 10 0.703222
16 11 0.555909
16 12 0.733827
16 13 0.699092
16 14 0.692275
16 15 0.500000
16 16 0.705913
16 17 0.553270
16 18 0.729678
16 19 0.846887
17 2 0.585612
17 3 0.578479
17 5 0.572984
17 6 0.651447
17 7 0.500325
17 9 0.505481
17 10 0.563795
17 11 0.504386
17 12 0.573114
17 13 0.560749
17 14 0.563027
17 15 0.500000
17 16 0.553270
17 17 0.549992
17 18 0.557837
18 1 0.877112
18 2 0.884996
18 3 0.819791
18 4 0.557837
18 5 0.749070
18 6 0.865595
18 7 0.500188
18 8 0.893130
18 9 0.522577
18 10 0.837373
18 11 0.565610
18 12 0.806797
18 13 0.767773
18 14 0.737563
18 15 0.500000
18 16 0.729678
18 17 0.557837
18 18 0.904502
19 3 0.930185
19 4 0.615764
19 5 0.873273
19 6 0.954087
19 7 0.500441
19 9 0.522944
19 11 0.603962
19 12 0.915210
19 13 0.871665
19 14 0.840911
19 15 0.500000
19 16 0.846887
19 19 0.990421
