0	0	0	0	0	0	0	2	1	1	0	0	3	0
0	10	1	0	0	0	2	12	14	3	2	2	11	0
0	1	2	0	0	0	0	10	13	5	0	3	13	0
0	0	0	0	0	0	0	0	0	0	0	0	1	0
0	0	0	0	0	0	1	6	6	2	0	1	11	0
0	0	0	0	0	0	0	0	0	0	0	0	0	0
0	2	0	0	1	0	20	20	20	16	13	11	20	0
2	12	10	0	6	0	20	20	20	20	19	16	20	0
1	14	13	0	6	0	20	20	20	20	18	16	20	0
1	3	5	0	2	0	16	20	20	19	16	14	20	0
0	2	0	0	0	0	13	19	18	16	19	12	20	0
0	2	3	0	1	0	11	16	16	14	12	19	20	0
3	11	13	1	11	0	20	20	20	20	20	20	20	0
0	0	0	0	0	0	0	0	0	0	0	0	0	0
