20	19	0	20	20	20	20	19	20	0	4	0	17
19	3	0	7	6	9	4	2	9	0	0	0	0
0	0	0	0	0	0	0	0	0	0	0	0	0
20	7	0	20	17	20	15	20	19	0	4	0	10
20	6	0	17	20	18	16	12	16	0	0	0	6
20	9	0	20	18	20	16	16	19	0	2	0	7
20	4	0	15	16	16	20	10	13	0	0	0	5
19	2	0	20	12	16	10	19	16	0	1	0	4
20	9	0	19	16	19	13	16	20	0	2	0	6
0	0	0	0	0	0	0	0	0	0	0	0	0
4	0	0	4	0	2	0	1	2	0	0	0	0
0	0	0	0	0	0	0	0	0	0	0	0	0
17	0	0	10	6	7	5	4	6	0	0	0	10
