1 2 0.927627
1 3 0.725767
1 5 0.847761
1 8 0.962931
1 12 0.641129
1 16 0.897621
1 17 0.904215
1 19 0.973543
2 1 0.927627
2 8 0.934363
2 19 0.943826
3 1 0.725767
3 8 0.737311
4 17 0.746858
5 1 0.847761
5 8 0.880578
8 1 0.962931
8 2 0.934363
8 3 0.737311
8 5 0.880578
8 12 0.633813
8 13 0.856169
8 14 0.882803
8 15 0.803239
8 16 0.910853
8 17 0.908194
8 19 0.977344
10 19 0.929422
12 1 0.641129
12 8 0.633813
13 8 0.856169
14 8 0.882803
15 8 0.803239
16 1 0.897621
16 8 0.910853
17 1 0.904215
17 4 0.746858
17 8 0.908194
17 19 0.940467
18 19 0.947221
19 1 0.973543
19 2 0.943826
19 8 0.977344
19 10 0.929422
19 17 0.940467
19 18 0.947221
1 1 0.957907
1 4 0.786319
1 6 0.893761
1 7 0.500483
1 9 0.550079
1 10 0.869865
1 11 0.470302
1 13 0.829951
1 14 0.850791
1 15 0.777845
1 18 0.890130
2 2 0.894675
2 3 0.617805
2 4 0.736053
2 5 0.805793
2 6 0.833004
2 7 0.500310
2 9 0.541661
2 10 0.810179
2 11 0.469025
2 12 0.595640
2 13 0.783790
2 14 0.801245
2 15 0.737997
2 16 0.856554
2 17 0.858213
2 18 0.830067
3 2 0.617805
3 3 0.991875
3 4 0.615770
3 5 0.574176
3 6 0.591905
3 7 0.503530
3 9 0.568494
3 10 0.759287
3 11 0.475248
3 12 0.804507
3 13 0.615937
3 14 0.670121
3 15 0.576776
3 16 0.635845
3 17 0.679175
3 18 0.819098
3 19 0.858199
4 1 0.786319
4 2 0.736053
4 3 0.615770
4 4 0.671552
4 5 0.649752
4 6 0.769366
4 7 0.500077
4 8 0.783557
4 9 0.525389
4 10 0.717764
4 11 0.513821
4 12 0.545953
4 13 0.647363
4 14 0.673836
4 15 0.615343
4 16 0.695522
4 18 0.730604
4 19 0.842371
5 2 0.805793
5 3 0.574176
5 4 0.649752
5 5 0.764201
5 6 0.832194
5 7 0.500232
5 9 0.526832
5 10 0.728825
5 11 0.504105
5 12 0.558652
5 13 0.730733
5 14 0.745508
5 15 0.688808
5 16 0.780548
5 17 0.760982
5 18 0.746876
5 19 0.871408
6 1 0.893761
6 2 0.833004
6 3 0.591905
6 4 0.769366
6 5 0.832194
6 6 0.999995
6 7 0.499292
6 8 0.953180
6 9 0.640972
6 10 0.799589
6 11 0.738743
6 12 0.370233
6 13 0.742596
6 14 0.898599
6 15 0.740883
6 16 0.839395
6 17 0.855380
6 18 0.767599
6 19 0.918995
7 1 0.500483
7 2 0.500310
7 3 0.503530
7 4 0.500077
7 5 0.500232
7 6 0.499292
7 7 0.500032
7 8 0.500642
7 9 0.500555
7 10 0.500471
7 11 0.499760
7 12 0.501135
7 13 0.499834
7 14 0.500529
7 15 0.500210
7 16 0.500182
7 17 0.500234
7 18 0.500848
7 19 0.500771
8 4 0.783557
8 6 0.953180
8 7 0.500642
8 8 0.974635
8 9 0.563908
8 10 0.879703
8 11 0.496949
8 18 0.900641
9 1 0.550079
9 2 0.541661
9 3 0.568494
9 4 0.525389
9 5 0.526832
9 6 0.640972
9 7 0.500555
9 8 0.563908
9 9 0.528567
9 10 0.539207
9 11 0.507278
9 12 0.506193
9 13 0.516434
9 14 0.546876
9 15 0.522034
9 16 0.530196
9 17 0.541201
9 18 0.546794
9 19 0.566414
10 1 0.869865
10 2 0.810179
10 3 0.759287
10 4 0.717764
10 5 0.728825
10 6 0.799589
10 7 0.500471
10 8 0.879703
10 9 0.539207
10 10 0.812380
10 11 0.503004
10 12 0.599316
10 13 0.731954
10 14 0.755933
10 15 0.677145
10 16 0.774471
10 17 0.817553
10 18 0.837109
11 1 0.470302
11 2 0.469025
11 3 0.475248
11 4 0.513821
11 5 0.504105
11 6 0.738743
11 7 0.499760
11 8 0.496949
11 9 0.507278
11 10 0.503004
11 11 0.557566
11 12 0.457594
11 13 0.489963
11 14 0.513856
11 15 0.493242
11 16 0.473941
11 17 0.503000
11 18 0.498965
11 19 0.490833
12 2 0.595640
12 3 0.804507
12 4 0.545953
12 5 0.558652
12 6 0.370233
12 7 0.501135
12 9 0.506193
12 10 0.599316
12 11 0.457594
12 12 0.659451
12 13 0.573010
12 14 0.564406
12 15 0.549781
12 16 0.602300
12 17 0.585950
12 18 0.623561
12 19 0.673590
13 1 0.829951
13 2 0.783790
13 3 0.615937
13 4 0.647363
13 5 0.730733
13 6 0.742596
13 7 0.499834
13 9 0.516434
13 10 0.731954
13 11 0.489963
13 12 0.573010
13 13 0.730913
13 14 0.719909
13 15 0.670673
13 16 0.761242
13 17 0.749930
13 18 0.744844
13 19 0.866876
14 1 0.850791
14 2 0.801245
14 3 0.670121
14 4 0.673836
14 5 0.745508
14 6 0.898599
14 7 0.500529
14 9 0.546876
14 10 0.755933
14 11 0.513856
14 12 0.564406
14 13 0.719909
14 14 0.771119
14 15 0.680965
14 16 0.773946
14 17 0.779986
14 18 0.780296
14 19 0.890584
15 1 0.777845
15 2 0.737997
15 3 0.576776
15 4 0.615343
15 5 0.688808
15 6 0.740883
15 7 0.500210
15 9 0.522034
15 10 0.677145
15 11 0.493242
15 12 0.549781
15 13 0.670673
15 14 0.680965
15 15 0.636456
15 16 0.713899
15 17 0.702295
15 18 0.689804
15 19 0.804814
16 2 0.856554
16 3 0.635845
16 4 0.695522
16 5 0.780548
16 6 0.839395
16 7 0.500182
16 9 0.530196
16 10 0.774471
16 11 0.473941
16 12 0.602300
16 13 0.761242
16 14 0.773946
16 15 0.713899
16 16 0.829309
16 17 0.815508
16 18 0.789998
16 19 0.916071
17 2 0.858213
17 3 0.679175
17 5 0.760982
17 6 0.855380
17 7 0.500234
17 9 0.541201
17 10 0.817553
17 11 0.503000
17 12 0.585950
17 13 0.749930
17 14 0.779986
17 15 0.702295
17 16 0.815508
17 17 0.850991
17 18 0.837672
18 1 0.890130
18 2 0.830067
18 3 0.819098
18 4 0.730604
18 5 0.746876
18 6 0.767599
18 7 0.500848
18 8 0.900641
18 9 0.546794
18 10 0.837109
18 11 0.498965
18 12 0.623561
18 13 0.744844
18 14 0.780296
18 15 0.689804
18 16 0.789998
18 17 0.837672
18 18 0.873730
19 3 0.858199
19 4 0.842371
19 5 0.871408
19 6 0.918995
19 7 0.500771
19 9 0.566414
19 11 0.490833
19 12 0.673590
19 13 0.866876
19 14 0.890584
19 15 0.804814
19 16 0.916071
19 19 0.990512
