1 2 0.969826
1 3 0.956928
1 5 0.954302
1 8 0.984766
1 12 0.859218
1 16 0.891370
1 17 0.958296
1 19 0.995056
2 1 0.969826
2 8 0.970681
2 19 0.990999
3 1 0.956928
3 8 0.946851
4 17 0.500000
5 1 0.954302
5 8 0.950782
8 1 0.984766
8 2 0.970681
8 3 0.946851
8 5 0.950782
8 12 0.907912
8 13 0.912368
8 14 0.913367
8 15 0.874093
8 16 0.865311
8 17 0.979518
8 19 0.998216
10 19 0.986766
12 1 0.859218
12 8 0.907912
13 8 0.912368
14 8 0.913367
15 8 0.874093
16 1 0.891370
16 8 0.865311
17 1 0.958296
17 4 0.500000
17 8 0.979518
17 19 0.993251
18 19 0.994283
19 1 0.995056
19 2 0.990999
19 8 0.998216
19 10 0.986766
19 17 0.993251
19 18 0.994283
1 1 0.984967
1 4 0.500000
1 6 0.999657
1 7 0.505340
1 9 0.697699
1 10 0.928192
1 11 0.749954
1 13 0.895804
1 14 0.891348
1 15 0.825884
1 18 0.956372
2 2 0.953264
2 3 0.923967
2 4 0.500000
2 5 0.924017
2 6 0.999020
2 7 0.504770
2 9 0.667005
2 10 0.909168
2 11 0.729882
2 12 0.815782
2 13 0.859141
2 14 0.864171
2 15 0.786525
2 16 0.851284
2 17 0.940063
2 18 0.942135
3 2 0.923967
3 3 0.928704
3 4 0.500000
3 5 0.911729
3 6 0.993738
3 7 0.503619
3 9 0.654068
3 10 0.833034
3 11 0.657390
3 12 0.778468
3 13 0.845039
3 14 0.827241
3 15 0.751517
3 16 0.833018
3 17 0.888746
3 18 0.867869
3 19 0.969116
4 1 0.500000
4 2 0.500000
4 3 0.500000
4 4 0.500000
4 5 0.500000
4 6 0.500000
4 7 0.500000
4 8 0.500000
4 9 0.500000
4 10 0.500000
4 11 0.500000
4 12 0.500000
4 13 0.500000
4 14 0.500000
4 15 0.500000
4 16 0.500000
4 18 0.500000
4 19 0.500000
5 2 0.924017
5 3 0.911729
5 4 0.500000
5 5 0.906853
5 6 0.995396
5 7 0.503887
5 9 0.647183
5 10 0.855922
5 11 0.681890
5 12 0.783496
5 13 0.832976
5 14 0.824733
5 15 0.753296
5 16 0.824100
5 17 0.901831
5 18 0.897436
5 19 0.976590
6 1 0.999657
6 2 0.999020
6 3 0.993738
6 4 0.500000
6 5 0.995396
6 6 1.000000
6 7 0.509719
6 8 0.999727
6 9 0.859907
6 10 0.996207
6 11 0.959699
6 12 0.978131
6 13 0.963797
6 14 0.988616
6 15 0.955318
6 16 0.983960
6 17 0.998886
6 18 0.999354
6 19 0.999989
7 1 0.505340
7 2 0.504770
7 3 0.503619
7 4 0.500000
7 5 0.503887
7 6 0.509719
7 7 0.500047
7 8 0.505793
7 9 0.500870
7 10 0.503924
7 11 0.501854
7 12 0.502363
7 13 0.502950
7 14 0.502969
7 15 0.502136
7 16 0.502609
7 17 0.504463
7 18 0.504945
7 19 0.507882
8 4 0.500000
8 6 0.999727
8 7 0.505793
8 8 0.994808
8 9 0.676982
8 10 0.959966
8 11 0.789684
8 18 0.975438
9 1 0.697699
9 2 0.667005
9 3 0.654068
9 4 0.500000
9 5 0.647183
9 6 0.859907
9 7 0.500870
9 8 0.676982
9 9 0.556347
9 10 0.617730
9 11 0.563394
9 12 0.579195
9 13 0.591904
9 14 0.598979
9 15 0.568621
9 16 0.604933
9 17 0.642328
9 18 0.645080
9 19 0.733458
10 1 0.928192
10 2 0.909168
10 3 0.833034
10 4 0.500000
10 5 0.855922
10 6 0.996207
10 7 0.503924
10 8 0.959966
10 9 0.617730
10 10 0.901632
10 11 0.724881
10 12 0.790936
10 13 0.797602
10 14 0.811719
10 15 0.759957
10 16 0.757269
10 17 0.925708
10 18 0.932780
11 1 0.749954
11 2 0.729882
11 3 0.657390
11 4 0.500000
11 5 0.681890
11 6 0.959699
11 7 0.501854
11 8 0.789684
11 9 0.563394
11 10 0.724881
11 11 0.667059
11 12 0.631509
11 13 0.617746
11 14 0.673073
11 15 0.616756
11 16 0.619222
11 17 0.744408
11 18 0.781907
11 19 0.868625
12 2 0.815782
12 3 0.778468
12 4 0.500000
12 5 0.783496
12 6 0.978131
12 7 0.502363
12 9 0.579195
12 10 0.790936
12 11 0.631509
12 12 0.738057
12 13 0.732277
12 14 0.731156
12 15 0.701056
12 16 0.693627
12 17 0.842727
12 18 0.826148
12 19 0.935723
13 1 0.895804
13 2 0.859141
13 3 0.845039
13 4 0.500000
13 5 0.832976
13 6 0.963797
13 7 0.502950
13 9 0.591904
13 10 0.797602
13 11 0.617746
13 12 0.732277
13 13 0.800987
13 14 0.762623
13 15 0.708307
13 16 0.743881
13 17 0.847870
13 18 0.825217
13 19 0.942743
14 1 0.891348
14 2 0.864171
14 3 0.827241
14 4 0.500000
14 5 0.824733
14 6 0.988616
14 7 0.502969
14 9 0.598979
14 10 0.811719
14 11 0.673073
14 12 0.731156
14 13 0.762623
14 14 0.804100
14 15 0.709427
14 16 0.739147
14 17 0.860856
14 18 0.853758
14 19 0.951419
15 1 0.825884
15 2 0.786525
15 3 0.751517
15 4 0.500000
15 5 0.753296
15 6 0.955318
15 7 0.502136
15 9 0.568621
15 10 0.759957
15 11 0.616756
15 12 0.701056
15 13 0.708307
15 14 0.709427
15 15 0.673089
15 16 0.669987
15 17 0.806339
15 18 0.791301
15 19 0.909617
16 2 0.851284
16 3 0.833018
16 4 0.500000
16 5 0.824100
16 6 0.983960
16 7 0.502609
16 9 0.604933
16 10 0.757269
16 11 0.619222
16 12 0.693627
16 13 0.743881
16 14 0.739147
16 15 0.669987
16 16 0.758685
16 17 0.807133
16 18 0.801997
16 19 0.918585
17 2 0.940063
17 3 0.888746
17 5 0.901831
17 6 0.998886
17 7 0.504463
17 9 0.642328
17 10 0.925708
17 11 0.744408
17 12 0.842727
17 13 0.847870
17 14 0.860856
17 15 0.806339
17 16 0.807133
17 17 0.953694
17 18 0.952243
18 1 0.956372
18 2 0.942135
18 3 0.867869
18 4 0.500000
18 5 0.897436
18 6 0.999354
18 7 0.504945
18 8 0.975438
18 9 0.645080
18 10 0.932780
18 11 0.781907
18 12 0.826148
18 13 0.825217
18 14 0.853758
18 15 0.791301
18 16 0.801997
18 17 0.952243
18 18 0.964227
19 3 0.969116
19 4 0.500000
19 5 0.976590
19 6 0.999989
19 7 0.507882
19 9 0.733458
19 11 0.868625
19 12 0.935723
19 13 0.942743
19 14 0.951419
19 15 0.909617
19 16 0.918585
19 19 0.999795
