1 2 0.648671
1 3 0.632879
1 5 0.596870
1 8 0.655453
1 12 0.586559
1 16 0.602066
1 17 0.711760
1 19 0.826224
2 1 0.648671
2 8 0.635147
2 19 0.755943
3 1 0.632879
3 8 0.635873
4 17 0.682415
5 1 0.596870
5 8 0.592902
8 1 0.655453
8 2 0.635147
8 3 0.635873
8 5 0.592902
8 12 0.586800
8 13 0.579963
8 14 0.659564
8 15 0.591119
8 16 0.601672
8 17 0.632439
8 19 0.707400
10 19 0.500000
12 1 0.586559
12 8 0.586800
13 8 0.579963
14 8 0.659564
15 8 0.591119
16 1 0.602066
16 8 0.601672
17 1 0.711760
17 4 0.682415
17 8 0.632439
17 19 0.932415
18 19 0.991399
19 1 0.826224
19 2 0.755943
19 8 0.707400
19 10 0.500000
19 17 0.932415
19 18 0.991399
1 1 0.682442
1 4 0.607063
1 6 0.754494
1 7 0.500878
1 9 0.558854
1 10 0.500000
1 11 0.504936
1 13 0.567280
1 14 0.566792
1 15 0.568626
1 18 0.822963
2 2 0.632656
2 3 0.605160
2 4 0.574489
2 5 0.585935
2 6 0.644130
2 7 0.500934
2 9 0.538976
2 10 0.500000
2 11 0.503829
2 12 0.575877
2 13 0.571821
2 14 0.562005
2 15 0.561300
2 16 0.583814
2 17 0.659109
2 18 0.753991
3 2 0.605160
3 3 0.971582
3 4 0.632023
3 5 0.604738
3 6 0.872954
3 7 0.504286
3 9 0.596970
3 10 0.500000
3 11 0.547626
3 12 0.570481
3 13 0.640212
3 14 0.613570
3 15 0.557410
3 16 0.578459
3 17 0.716445
3 18 0.815562
3 19 0.824315
4 1 0.607063
4 2 0.574489
4 3 0.632023
4 4 0.602256
4 5 0.559036
4 6 0.653170
4 7 0.500358
4 8 0.559382
4 9 0.549947
4 10 0.500000
4 11 0.494753
4 12 0.545733
4 13 0.537103
4 14 0.518922
4 15 0.526186
4 16 0.559555
4 18 0.779747
4 19 0.786018
5 2 0.585935
5 3 0.604738
5 4 0.559036
5 5 0.576549
5 6 0.508178
5 7 0.500697
5 9 0.527185
5 10 0.500000
5 11 0.498275
5 12 0.556993
5 13 0.571114
5 14 0.567934
5 15 0.541743
5 16 0.567772
5 17 0.622193
5 18 0.684454
5 19 0.688571
6 1 0.754494
6 2 0.644130
6 3 0.872954
6 4 0.653170
6 5 0.508178
6 6 0.999912
6 7 0.501408
6 8 0.751720
6 9 0.634309
6 10 0.500000
6 11 0.628386
6 12 0.576421
6 13 0.420520
6 14 0.606966
6 15 0.612504
6 16 0.614596
6 17 0.758220
6 18 0.891846
6 19 0.890342
7 1 0.500878
7 2 0.500934
7 3 0.504286
7 4 0.500358
7 5 0.500697
7 6 0.501408
7 7 0.500031
7 8 0.501290
7 9 0.500331
7 10 0.500000
7 11 0.500352
7 12 0.500581
7 13 0.501074
7 14 0.501070
7 15 0.500569
7 16 0.500513
7 17 0.500666
7 18 0.500914
7 19 0.501004
8 4 0.559382
8 6 0.751720
8 7 0.501290
8 8 0.696301
8 9 0.541802
8 10 0.500000
8 11 0.532083
8 18 0.706484
9 1 0.558854
9 2 0.538976
9 3 0.596970
9 4 0.549947
9 5 0.527185
9 6 0.634309
9 7 0.500331
9 8 0.541802
9 9 0.538478
9 10 0.500000
9 11 0.502961
9 12 0.523741
9 13 0.513022
9 14 0.519845
9 15 0.514358
9 16 0.530680
9 17 0.589436
9 18 0.646381
9 19 0.649567
10 1 0.500000
10 2 0.500000
10 3 0.500000
10 4 0.500000
10 5 0.500000
10 6 0.500000
10 7 0.500000
10 8 0.500000
10 9 0.500000
10 10 0.500000
10 11 0.500000
10 12 0.500000
10 13 0.500000
10 14 0.500000
10 15 0.500000
10 16 0.500000
10 17 0.500000
10 18 0.500000
11 1 0.504936
11 2 0.503829
11 3 0.547626
11 4 0.494753
11 5 0.498275
11 6 0.628386
11 7 0.500352
11 8 0.532083
11 9 0.502961
11 10 0.500000
11 11 0.523671
11 12 0.505264
11 13 0.502039
11 14 0.544130
11 15 0.516436
11 16 0.504231
11 17 0.489574
11 18 0.486133
11 19 0.484030
12 2 0.575877
12 3 0.570481
12 4 0.545733
12 5 0.556993
12 6 0.576421
12 7 0.500581
12 9 0.523741
12 10 0.500000
12 11 0.505264
12 12 0.549546
12 13 0.552803
12 14 0.557607
12 15 0.539603
12 16 0.556596
12 17 0.597208
12 18 0.653787
12 19 0.655750
13 1 0.567280
13 2 0.571821
13 3 0.640212
13 4 0.537103
13 5 0.571114
13 6 0.420520
13 7 0.501074
13 9 0.513022
13 10 0.500000
13 11 0.502039
13 12 0.552803
13 13 0.601706
13 14 0.563249
13 15 0.536647
13 16 0.556787
13 17 0.575363
13 18 0.601379
13 19 0.606614
14 1 0.566792
14 2 0.562005
14 3 0.613570
14 4 0.518922
14 5 0.567934
14 6 0.606966
14 7 0.501070
14 9 0.519845
14 10 0.500000
14 11 0.544130
14 12 0.557607
14 13 0.563249
14 14 0.719440
14 15 0.579606
14 16 0.573670
14 17 0.547229
14 18 0.555185
14 19 0.554055
15 1 0.568626
15 2 0.561300
15 3 0.557410
15 4 0.526186
15 5 0.541743
15 6 0.612504
15 7 0.500569
15 9 0.514358
15 10 0.500000
15 11 0.516436
15 12 0.539603
15 13 0.536647
15 14 0.579606
15 15 0.544482
15 16 0.545805
15 17 0.561719
15 18 0.602814
15 19 0.602195
16 2 0.583814
16 3 0.578459
16 4 0.559555
16 5 0.567772
16 6 0.614596
16 7 0.500513
16 9 0.530680
16 10 0.500000
16 11 0.504231
16 12 0.556596
16 13 0.556787
16 14 0.573670
16 15 0.545805
16 16 0.570365
16 17 0.621618
16 18 0.685797
16 19 0.689305
17 2 0.659109
17 3 0.716445
17 5 0.622193
17 6 0.758220
17 7 0.500666
17 9 0.589436
17 10 0.500000
17 11 0.489574
17 12 0.597208
17 13 0.575363
17 14 0.547229
17 15 0.561719
17 16 0.621618
17 17 0.817553
17 18 0.929860
18 1 0.822963
18 2 0.753991
18 3 0.815562
18 4 0.779747
18 5 0.684454
18 6 0.891846
18 7 0.500914
18 8 0.706484
18 9 0.646381
18 10 0.500000
18 11 0.486133
18 12 0.653787
18 13 0.601379
18 14 0.555185
18 15 0.602814
18 16 0.685797
18 17 0.929860
18 18 0.991321
19 3 0.824315
19 4 0.786018
19 5 0.688571
19 6 0.890342
19 7 0.501004
19 9 0.649567
19 11 0.484030
19 12 0.655750
19 13 0.606614
19 14 0.554055
19 15 0.602195
19 16 0.689305
19 19 0.991640
