1 2 0.853268
1 3 0.836414
1 5 0.840047
1 8 0.908852
1 12 0.775204
1 16 0.778185
1 17 0.825978
1 19 0.920253
2 1 0.853268
2 8 0.821605
2 19 0.805735
3 1 0.836414
3 8 0.874035
4 17 0.662221
5 1 0.840047
5 8 0.845035
8 1 0.908852
8 2 0.821605
8 3 0.874035
8 5 0.845035
8 12 0.817366
8 13 0.857291
8 14 0.855450
8 15 0.769556
8 16 0.808141
8 17 0.845066
8 19 0.952109
10 19 0.950566
12 1 0.775204
12 8 0.817366
13 8 0.857291
14 8 0.855450
15 8 0.769556
16 1 0.778185
16 8 0.808141
17 1 0.825978
17 4 0.662221
17 8 0.845066
17 19 0.889258
18 19 0.970465
19 1 0.920253
19 2 0.805735
19 8 0.952109
19 10 0.950566
19 17 0.889258
19 18 0.970465
1 1 0.908202
1 4 0.670284
1 6 0.903603
1 7 0.502028
1 9 0.552123
1 10 0.848676
1 11 0.553127
1 13 0.809076
1 14 0.726900
1 15 0.728629
1 18 0.922191
2 2 0.839581
2 3 0.769304
2 4 0.585866
2 5 0.786855
2 6 0.686454
2 7 0.501398
2 9 0.539134
2 10 0.692814
2 11 0.481316
2 12 0.699858
2 13 0.730587
2 14 0.596643
2 15 0.662377
2 16 0.717765
2 17 0.728413
2 18 0.803043
3 2 0.769304
3 3 0.821874
3 4 0.617061
3 5 0.789928
3 6 0.782987
3 7 0.501861
3 9 0.525662
3 10 0.798208
3 11 0.625647
3 12 0.742942
3 13 0.799529
3 14 0.784345
3 15 0.702754
3 16 0.737885
3 17 0.754430
3 18 0.717872
3 19 0.882776
4 1 0.670284
4 2 0.585866
4 3 0.617061
4 4 0.598305
4 5 0.614340
4 6 0.794299
4 7 0.500747
4 8 0.692799
4 9 0.515049
4 10 0.716162
4 11 0.538145
4 12 0.603774
4 13 0.617672
4 14 0.610222
4 15 0.586483
4 16 0.596177
4 18 0.803649
4 19 0.748774
5 2 0.786855
5 3 0.789928
5 4 0.614340
5 5 0.795936
5 6 0.799086
5 7 0.501517
5 9 0.536765
5 10 0.763808
5 11 0.569787
5 12 0.716816
5 13 0.770758
5 14 0.689961
5 15 0.680102
5 16 0.727802
5 17 0.750009
5 18 0.769595
5 19 0.857570
6 1 0.903603
6 2 0.686454
6 3 0.782987
6 4 0.794299
6 5 0.799086
6 6 0.999986
6 7 0.502367
6 8 0.948523
6 9 0.640013
6 10 0.955442
6 11 0.826026
6 12 0.802122
6 13 0.792861
6 14 0.822479
6 15 0.757607
6 16 0.817520
6 17 0.887498
6 18 0.992510
6 19 0.967928
7 1 0.502028
7 2 0.501398
7 3 0.501861
7 4 0.500747
7 5 0.501517
7 6 0.502367
7 7 0.500017
7 8 0.502513
7 9 0.500516
7 10 0.502027
7 11 0.501124
7 12 0.501370
7 13 0.501693
7 14 0.502098
7 15 0.501134
7 16 0.501232
7 17 0.501480
7 18 0.500842
7 19 0.502762
8 4 0.692799
8 6 0.948523
8 7 0.502513
8 8 0.943557
8 9 0.554112
8 10 0.904993
8 11 0.656982
8 18 0.916578
9 1 0.552123
9 2 0.539134
9 3 0.525662
9 4 0.515049
9 5 0.536765
9 6 0.640013
9 7 0.500516
9 8 0.554112
9 9 0.557935
9 10 0.527057
9 11 0.549833
9 12 0.529509
9 13 0.514746
9 14 0.536847
9 15 0.523173
9 16 0.525535
9 17 0.522501
9 18 0.479626
9 19 0.538187
10 1 0.848676
10 2 0.692814
10 3 0.798208
10 4 0.716162
10 5 0.763808
10 6 0.955442
10 7 0.502027
10 8 0.904993
10 9 0.527057
10 10 0.925940
10 11 0.641656
10 12 0.763945
10 13 0.804311
10 14 0.834895
10 15 0.726309
10 16 0.746344
10 17 0.837063
10 18 0.963600
11 1 0.553127
11 2 0.481316
11 3 0.625647
11 4 0.538145
11 5 0.569787
11 6 0.826026
11 7 0.501124
11 8 0.656982
11 9 0.549833
11 10 0.641656
11 11 0.736901
11 12 0.589525
11 13 0.624388
11 14 0.729692
11 15 0.573782
11 16 0.570569
11 17 0.555352
11 18 0.304676
11 19 0.677154
12 2 0.699858
12 3 0.742942
12 4 0.603774
12 5 0.716816
12 6 0.802122
12 7 0.501370
12 9 0.529509
12 10 0.763945
12 11 0.589525
12 12 0.692340
12 13 0.725733
12 14 0.720427
12 15 0.657221
12 16 0.682915
12 17 0.710441
12 18 0.766599
12 19 0.830061
13 1 0.809076
13 2 0.730587
13 3 0.799529
13 4 0.617672
13 5 0.770758
13 6 0.792861
13 7 0.501693
13 9 0.514746
13 10 0.804311
13 11 0.624388
13 12 0.725733
13 13 0.795873
13 14 0.775161
13 15 0.689020
13 16 0.721531
13 17 0.745276
13 18 0.737302
13 19 0.878982
14 1 0.726900
14 2 0.596643
14 3 0.784345
14 4 0.610222
14 5 0.689961
14 6 0.822479
14 7 0.502098
14 9 0.536847
14 10 0.834895
14 11 0.729692
14 12 0.720427
14 13 0.775161
14 14 0.879064
14 15 0.687624
14 16 0.687413
14 17 0.704521
14 18 0.618706
14 19 0.882272
15 1 0.728629
15 2 0.662377
15 3 0.702754
15 4 0.586483
15 5 0.680102
15 6 0.757607
15 7 0.501134
15 9 0.523173
15 10 0.726309
15 11 0.573782
15 12 0.657221
15 13 0.689020
15 14 0.687624
15 15 0.630431
15 16 0.653041
15 17 0.676282
15 18 0.731279
15 19 0.787775
16 2 0.717765
16 3 0.737885
16 4 0.596177
16 5 0.727802
16 6 0.817520
16 7 0.501232
16 9 0.525535
16 10 0.746344
16 11 0.570569
16 12 0.682915
16 13 0.721531
16 14 0.687413
16 15 0.653041
16 16 0.697772
16 17 0.706828
16 18 0.758691
16 19 0.819465
17 2 0.728413
17 3 0.754430
17 5 0.750009
17 6 0.887498
17 7 0.501480
17 9 0.522501
17 10 0.837063
17 11 0.555352
17 12 0.710441
17 13 0.745276
17 14 0.704521
17 15 0.676282
17 16 0.706828
17 17 0.782730
17 18 0.916089
18 1 0.922191
18 2 0.803043
18 3 0.717872
18 4 0.803649
18 5 0.769595
18 6 0.992510
18 7 0.500842
18 8 0.916578
18 9 0.479626
18 10 0.963600
18 11 0.304676
18 12 0.766599
18 13 0.737302
18 14 0.618706
18 15 0.731279
18 16 0.758691
18 17 0.916089
18 18 0.999878
19 3 0.882776
19 4 0.748774
19 5 0.857570
19 6 0.967928
19 7 0.502762
19 9 0.538187
19 11 0.677154
19 12 0.830061
19 13 0.878982
19 14 0.882272
19 15 0.787775
19 16 0.819465
19 19 0.975883
