1 2 0.708894
1 3 0.670995
1 5 0.616029
1 8 0.764515
1 12 0.662195
1 16 0.663059
1 17 0.703504
1 19 0.793647
2 1 0.708894
2 8 0.771472
2 19 0.784664
3 1 0.670995
3 8 0.719055
4 17 0.648851
5 1 0.616029
5 8 0.727139
8 1 0.764515
8 2 0.771472
8 3 0.719055
8 5 0.727139
8 12 0.713157
8 13 0.695740
8 14 0.750316
8 15 0.500000
8 16 0.669946
8 17 0.707197
8 19 0.834401
10 19 0.783340
12 1 0.662195
12 8 0.713157
13 8 0.695740
14 8 0.750316
15 8 0.500000
16 1 0.663059
16 8 0.669946
17 1 0.703504
17 4 0.648851
17 8 0.707197
17 19 0.767927
18 19 0.920151
19 1 0.793647
19 2 0.784664
19 8 0.834401
19 10 0.783340
19 17 0.767927
19 18 0.920151
1 1 0.748286
1 4 0.634299
1 6 0.656851
1 7 0.500317
1 9 0.552576
1 10 0.704101
1 11 0.574309
1 13 0.611425
1 14 0.661564
1 15 0.500000
1 18 0.866443
2 2 0.719427
2 3 0.661988
2 4 0.620437
2 5 0.651679
2 6 0.687793
2 7 0.500316
2 9 0.549377
2 10 0.690506
2 11 0.593890
2 12 0.652595
2 13 0.625591
2 14 0.673339
2 15 0.500000
2 16 0.626692
2 17 0.683352
2 18 0.849674
3 2 0.661988
3 3 0.636914
3 4 0.580748
3 5 0.621578
3 6 0.609249
3 7 0.500210
3 9 0.537689
3 10 0.635755
3 11 0.572995
3 12 0.626748
3 13 0.596101
3 14 0.646169
3 15 0.500000
3 16 0.607300
3 17 0.632508
3 18 0.768580
3 19 0.718089
4 1 0.634299
4 2 0.620437
4 3 0.580748
4 4 0.618967
4 5 0.543740
4 6 0.623053
4 7 0.500351
4 8 0.624903
4 9 0.526635
4 10 0.633828
4 11 0.541470
4 12 0.569873
4 13 0.544004
4 14 0.557181
4 15 0.500000
4 16 0.577968
4 18 0.707361
4 19 0.688598
5 2 0.651679
5 3 0.621578
5 4 0.543740
5 5 0.676645
5 6 0.642843
5 7 0.500221
5 9 0.534987
5 10 0.609643
5 11 0.592376
5 12 0.617793
5 13 0.619760
5 14 0.657852
5 15 0.500000
5 16 0.568516
5 17 0.584713
5 18 0.748239
5 19 0.688801
6 1 0.656851
6 2 0.687793
6 3 0.609249
6 4 0.623053
6 5 0.642843
6 6 0.980913
6 7 0.500686
6 8 0.725596
6 9 0.563189
6 10 0.655899
6 11 0.616174
6 12 0.613957
6 13 0.611047
6 14 0.613439
6 15 0.500000
6 16 0.568821
6 17 0.665437
6 18 0.941081
6 19 0.740247
7 1 0.500317
7 2 0.500316
7 3 0.500210
7 4 0.500351
7 5 0.500221
7 6 0.500686
7 7 0.500006
7 8 0.500466
7 9 0.499987
7 10 0.500163
7 11 0.499963
7 12 0.500228
7 13 0.500396
7 14 0.500226
7 15 0.500000
7 16 0.500174
7 17 0.500370
7 18 0.500464
7 19 0.500329
8 4 0.624903
8 6 0.725596
8 7 0.500466
8 8 0.855566
8 9 0.565754
8 10 0.723316
8 11 0.624001
8 18 0.916609
9 1 0.552576
9 2 0.549377
9 3 0.537689
9 4 0.526635
9 5 0.534987
9 6 0.563189
9 7 0.499987
9 8 0.565754
9 9 0.517643
9 10 0.546256
9 11 0.523743
9 12 0.535237
9 13 0.523744
9 14 0.538727
9 15 0.500000
9 16 0.532616
9 17 0.543311
9 18 0.623951
9 19 0.572323
10 1 0.704101
10 2 0.690506
10 3 0.635755
10 4 0.633828
10 5 0.609643
10 6 0.655899
10 7 0.500163
10 8 0.723316
10 9 0.546256
10 10 0.707821
10 11 0.581367
10 12 0.626841
10 13 0.588044
10 14 0.617550
10 15 0.500000
10 16 0.623411
10 17 0.690617
10 18 0.827382
11 1 0.574309
11 2 0.593890
11 3 0.572995
11 4 0.541470
11 5 0.592376
11 6 0.616174
11 7 0.499963
11 8 0.624001
11 9 0.523743
11 10 0.581367
11 11 0.580010
11 12 0.564011
11 13 0.548636
11 14 0.581914
11 15 0.500000
11 16 0.545373
11 17 0.567227
11 18 0.670088
11 19 0.631239
12 2 0.652595
12 3 0.626748
12 4 0.569873
12 5 0.617793
12 6 0.613957
12 7 0.500228
12 9 0.535237
12 10 0.626841
12 11 0.564011
12 12 0.621594
12 13 0.598492
12 14 0.638934
12 15 0.500000
12 16 0.601774
12 17 0.619766
12 18 0.769104
12 19 0.704495
13 1 0.611425
13 2 0.625591
13 3 0.596101
13 4 0.544004
13 5 0.619760
13 6 0.611047
13 7 0.500396
13 9 0.523744
13 10 0.588044
13 11 0.548636
13 12 0.598492
13 13 0.616363
13 14 0.619210
13 15 0.500000
13 16 0.563612
13 17 0.578069
13 18 0.737188
13 19 0.651944
14 1 0.661564
14 2 0.673339
14 3 0.646169
14 4 0.557181
14 5 0.657852
14 6 0.613439
14 7 0.500226
14 9 0.538727
14 10 0.617550
14 11 0.581914
14 12 0.638934
14 13 0.619210
14 14 0.687391
14 15 0.500000
14 16 0.605784
14 17 0.611865
14 18 0.796908
14 19 0.709651
15 1 0.500000
15 2 0.500000
15 3 0.500000
15 4 0.500000
15 5 0.500000
15 6 0.500000
15 7 0.500000
15 9 0.500000
15 10 0.500000
15 11 0.500000
15 12 0.500000
15 13 0.500000
15 14 0.500000
15 15 0.500000
15 16 0.500000
15 17 0.500000
15 18 0.500000
15 19 0.500000
16 2 0.626692
16 3 0.607300
16 4 0.577968
16 5 0.568516
16 6 0.568821
16 7 0.500174
16 9 0.532616
16 10 0.623411
16 11 0.545373
16 12 0.601774
16 13 0.563612
16 14 0.605784
16 15 0.500000
16 16 0.612076
16 17 0.625321
16 18 0.776813
16 19 0.687951
17 2 0.683352
17 3 0.632508
17 5 0.584713
17 6 0.665437
17 7 0.500370
17 9 0.543311
17 10 0.690617
17 11 0.567227
17 12 0.619766
17 13 0.578069
17 14 0.611865
17 15 0.500000
17 16 0.625321
17 17 0.699507
17 18 0.816654
18 1 0.866443
18 2 0.849674
18 3 0.768580
18 4 0.707361
18 5 0.748239
18 6 0.941081
18 7 0.500464
18 8 0.916609
18 9 0.623951
18 10 0.827382
18 11 0.670088
18 12 0.769104
18 13 0.737188
18 14 0.796908
18 15 0.500000
18 16 0.776813
18 17 0.816654
18 18 0.998244
19 3 0.718089
19 4 0.688598
19 5 0.688801
19 6 0.740247
19 7 0.500329
19 9 0.572323
19 11 0.631239
19 12 0.704495
19 13 0.651944
19 14 0.709651
19 15 0.500000
19 16 0.687951
19 19 0.875748
