1 2 0.704421
1 3 0.777176
1 5 0.682674
1 8 0.886735
1 12 0.759172
1 16 0.762665
1 17 0.800459
1 19 0.894196
2 1 0.704421
2 8 0.928836
2 19 0.789310
3 1 0.777176
3 8 0.895186
4 17 0.714267
5 1 0.682674
5 8 0.852507
8 1 0.886735
8 2 0.928836
8 3 0.895186
8 5 0.852507
8 12 0.830490
8 13 0.888207
8 14 0.912624
8 15 0.782162
8 16 0.844881
8 17 0.899467
8 19 0.955208
10 19 0.926209
12 1 0.759172
12 8 0.830490
13 8 0.888207
14 8 0.912624
15 8 0.782162
16 1 0.762665
16 8 0.844881
17 1 0.800459
17 4 0.714267
17 8 0.899467
17 19 0.880716
18 19 0.632467
19 1 0.894196
19 2 0.789310
19 8 0.955208
19 10 0.926209
19 17 0.880716
19 18 0.632467
1 1 0.821192
1 4 0.676504
1 6 0.689141
1 7 0.499478
1 9 0.508981
1 10 0.851134
1 11 0.539270
1 13 0.735595
1 14 0.740504
1 15 0.653360
1 18 0.621967
2 2 0.882920
2 3 0.764746
2 4 0.649255
2 5 0.743650
2 6 0.752483
2 7 0.501036
2 9 0.514086
2 10 0.749881
2 11 0.552696
2 12 0.667373
2 13 0.769254
2 14 0.811163
2 15 0.685855
2 16 0.688247
2 17 0.743090
2 18 0.718459
3 2 0.764746
3 3 0.788779
3 4 0.661774
3 5 0.723734
3 6 0.677947
3 7 0.499855
3 9 0.514280
3 10 0.808201
3 11 0.544065
3 12 0.725044
3 13 0.727612
3 14 0.750905
3 15 0.661808
3 16 0.734805
3 17 0.776123
3 18 0.625469
3 19 0.854558
4 1 0.676504
4 2 0.649255
4 3 0.661774
4 4 0.646118
4 5 0.635456
4 6 0.556038
4 7 0.499861
4 8 0.775929
4 9 0.491680
4 10 0.695428
4 11 0.516668
4 12 0.631514
4 13 0.652967
4 14 0.682582
4 15 0.602398
4 16 0.647587
4 18 0.608649
4 19 0.746151
5 2 0.743650
5 3 0.723734
5 4 0.635456
5 5 0.734064
5 6 0.618037
5 7 0.500250
5 9 0.508458
5 10 0.707737
5 11 0.542839
5 12 0.646093
5 13 0.685440
5 14 0.732497
5 15 0.633716
5 16 0.662856
5 17 0.717800
5 18 0.618473
5 19 0.750901
6 1 0.689141
6 2 0.752483
6 3 0.677947
6 4 0.556038
6 5 0.618037
6 6 0.997428
6 7 0.500411
6 8 0.855681
6 9 0.509261
6 10 0.770829
6 11 0.430489
6 12 0.656389
6 13 0.714474
6 14 0.649330
6 15 0.591083
6 16 0.601685
6 17 0.643618
6 18 0.650073
6 19 0.778336
7 1 0.499478
7 2 0.501036
7 3 0.499855
7 4 0.499861
7 5 0.500250
7 6 0.500411
7 7 0.500011
7 8 0.500549
7 9 0.500074
7 10 0.499560
7 11 0.500162
7 12 0.499633
7 13 0.500037
7 14 0.500242
7 15 0.500077
7 16 0.499683
7 17 0.499610
7 18 0.500603
7 19 0.499371
8 4 0.775929
8 6 0.855681
8 7 0.500549
8 8 0.985821
8 9 0.517870
8 10 0.925317
8 11 0.575846
8 18 0.746256
9 1 0.508981
9 2 0.514086
9 3 0.514280
9 4 0.491680
9 5 0.508458
9 6 0.509261
9 7 0.500074
9 8 0.517870
9 9 0.510826
9 10 0.508491
9 11 0.507859
9 12 0.508492
9 13 0.507205
9 14 0.496708
9 15 0.502909
9 16 0.509543
9 17 0.495222
9 18 0.506247
9 19 0.507465
10 1 0.851134
10 2 0.749881
10 3 0.808201
10 4 0.695428
10 5 0.707737
10 6 0.770829
10 7 0.499560
10 8 0.925317
10 9 0.508491
10 10 0.890541
10 11 0.537647
10 12 0.788878
10 13 0.778866
10 14 0.788212
10 15 0.680817
10 16 0.789415
10 17 0.829408
10 18 0.597603
11 1 0.539270
11 2 0.552696
11 3 0.544065
11 4 0.516668
11 5 0.542839
11 6 0.430489
11 7 0.500162
11 8 0.575846
11 9 0.507859
11 10 0.537647
11 11 0.556933
11 12 0.533541
11 13 0.523331
11 14 0.515023
11 15 0.520130
11 16 0.534174
11 17 0.527663
11 18 0.565487
11 19 0.545060
12 2 0.667373
12 3 0.725044
12 4 0.631514
12 5 0.646093
12 6 0.656389
12 7 0.499633
12 9 0.508492
12 10 0.788878
12 11 0.533541
12 12 0.705033
12 13 0.685388
12 14 0.687638
12 15 0.618853
12 16 0.706736
12 17 0.737396
12 18 0.593583
12 19 0.832958
13 1 0.735595
13 2 0.769254
13 3 0.727612
13 4 0.652967
13 5 0.685440
13 6 0.714474
13 7 0.500037
13 9 0.507205
13 10 0.778866
13 11 0.523331
13 12 0.685388
13 13 0.754389
13 14 0.766740
13 15 0.651184
13 16 0.697596
13 17 0.751087
13 18 0.617595
13 19 0.823648
14 1 0.740504
14 2 0.811163
14 3 0.750905
14 4 0.682582
14 5 0.732497
14 6 0.649330
14 7 0.500242
14 9 0.496708
14 10 0.788212
14 11 0.515023
14 12 0.687638
14 13 0.766740
14 14 0.829540
14 15 0.680287
14 16 0.712062
14 17 0.785224
14 18 0.602154
14 19 0.835226
15 1 0.653360
15 2 0.685855
15 3 0.661808
15 4 0.602398
15 5 0.633716
15 6 0.591083
15 7 0.500077
15 9 0.502909
15 10 0.680817
15 11 0.520130
15 12 0.618853
15 13 0.651184
15 14 0.680287
15 15 0.600588
15 16 0.630891
15 17 0.671779
15 18 0.580378
15 19 0.718993
16 2 0.688247
16 3 0.734805
16 4 0.647587
16 5 0.662856
16 6 0.601685
16 7 0.499683
16 9 0.509543
16 10 0.789415
16 11 0.534174
16 12 0.706736
16 13 0.697596
16 14 0.712062
16 15 0.630891
16 16 0.717299
16 17 0.753224
16 18 0.607117
16 19 0.837088
17 2 0.743090
17 3 0.776123
17 5 0.717800
17 6 0.643618
17 7 0.499610
17 9 0.495222
17 10 0.829408
17 11 0.527663
17 12 0.737396
17 13 0.751087
17 14 0.785224
17 15 0.671779
17 16 0.753224
17 17 0.822028
17 18 0.647314
18 1 0.621967
18 2 0.718459
18 3 0.625469
18 4 0.608649
18 5 0.618473
18 6 0.650073
18 7 0.500603
18 8 0.746256
18 9 0.506247
18 10 0.597603
18 11 0.565487
18 12 0.593583
18 13 0.617595
18 14 0.602154
18 15 0.580378
18 16 0.607117
18 17 0.647314
18 18 0.800907
19 3 0.854558
19 4 0.746151
19 5 0.750901
19 6 0.778336
19 7 0.499371
19 9 0.507465
19 11 0.545060
19 12 0.832958
19 13 0.823648
19 14 0.835226
19 15 0.718993
19 16 0.837088
19 19 0.956450
