1 2 0.962151
1 3 0.971806
1 5 0.970112
1 8 0.987497
1 12 0.954373
1 16 0.853973
1 17 0.954130
1 19 0.948203
2 1 0.962151
2 8 0.962687
2 19 0.903129
3 1 0.971806
3 8 0.972730
4 17 0.706379
5 1 0.970112
5 8 0.970193
8 1 0.987497
8 2 0.962687
8 3 0.972730
8 5 0.970193
8 12 0.955119
8 13 0.857504
8 14 0.773363
8 15 0.500000
8 16 0.848328
8 17 0.953900
8 19 0.946660
10 19 0.745030
12 1 0.954373
12 8 0.955119
13 8 0.857504
14 8 0.773363
15 8 0.500000
16 1 0.853973
16 8 0.848328
17 1 0.954130
17 4 0.706379
17 8 0.953900
17 19 0.887209
18 19 0.833776
19 1 0.948203
19 2 0.903129
19 8 0.946660
19 10 0.745030
19 17 0.887209
19 18 0.833776
1 1 0.987345
1 4 0.773855
1 6 0.999495
1 7 0.504125
1 9 0.619206
1 10 0.773806
1 11 0.790943
1 13 0.861383
1 14 0.787415
1 15 0.500000
1 18 0.872581
2 2 0.921294
2 3 0.932062
2 4 0.709874
2 5 0.930593
2 6 0.995861
2 7 0.503085
2 9 0.583328
2 10 0.723388
2 11 0.731328
2 12 0.905315
2 13 0.812913
2 14 0.663196
2 15 0.500000
2 16 0.783053
2 17 0.906094
2 18 0.814841
3 2 0.932062
3 3 0.948840
3 4 0.732399
3 5 0.943695
3 6 0.998304
3 7 0.503490
3 9 0.597219
3 10 0.723252
3 11 0.750830
3 12 0.922234
3 13 0.808119
3 14 0.759929
3 15 0.500000
3 16 0.805673
3 17 0.921442
3 18 0.819944
3 19 0.910230
4 1 0.773855
4 2 0.709874
4 3 0.732399
4 4 0.594347
4 5 0.728494
4 6 0.908956
4 7 0.501387
4 8 0.772594
4 9 0.541136
4 10 0.585663
4 11 0.596881
4 12 0.702106
4 13 0.603136
4 14 0.650025
4 15 0.500000
4 16 0.628803
4 18 0.633633
4 19 0.694488
5 2 0.930593
5 3 0.943695
5 4 0.728494
5 5 0.944798
5 6 0.996970
5 7 0.503371
5 9 0.597804
5 10 0.728494
5 11 0.750655
5 12 0.920507
5 13 0.815359
5 14 0.720279
5 15 0.500000
5 16 0.808244
5 17 0.920186
5 18 0.819714
5 19 0.910898
6 1 0.999495
6 2 0.995861
6 3 0.998304
6 4 0.908956
6 5 0.996970
6 6 1.000000
6 7 0.507540
6 8 0.999540
6 9 0.744108
6 10 0.891375
6 11 0.938234
6 12 0.994228
6 13 0.923460
6 14 0.933021
6 15 0.500000
6 16 0.950443
6 17 0.994892
6 18 0.972090
6 19 0.994197
7 1 0.504125
7 2 0.503085
7 3 0.503490
7 4 0.501387
7 5 0.503371
7 6 0.507540
7 7 0.500042
7 8 0.504235
7 9 0.500592
7 10 0.501142
7 11 0.501113
7 12 0.502824
7 13 0.500964
7 14 0.503662
7 15 0.500000
7 16 0.501565
7 17 0.503032
7 18 0.501783
7 19 0.502761
8 4 0.772594
8 6 0.999540
8 7 0.504235
8 8 0.988119
8 9 0.614670
8 10 0.768866
8 11 0.791679
8 18 0.868510
9 1 0.619206
9 2 0.583328
9 3 0.597219
9 4 0.541136
9 5 0.597804
9 6 0.744108
9 7 0.500592
9 8 0.614670
9 9 0.525097
9 10 0.531686
9 11 0.541916
9 12 0.583546
9 13 0.544435
9 14 0.582677
9 15 0.500000
9 16 0.558509
9 17 0.587474
9 18 0.552414
9 19 0.577061
10 1 0.773806
10 2 0.723388
10 3 0.723252
10 4 0.585663
10 5 0.728494
10 6 0.891375
10 7 0.501142
10 8 0.768866
10 9 0.531686
10 10 0.629433
10 11 0.602409
10 12 0.695968
10 13 0.627962
10 14 0.616984
10 15 0.500000
10 16 0.621270
10 17 0.706822
10 18 0.680864
11 1 0.790943
11 2 0.731328
11 3 0.750830
11 4 0.596881
11 5 0.750655
11 6 0.938234
11 7 0.501113
11 8 0.791679
11 9 0.541916
11 10 0.602409
11 11 0.639853
11 12 0.718295
11 13 0.636649
11 14 0.550851
11 15 0.500000
11 16 0.636020
11 17 0.721768
11 18 0.654792
11 19 0.724708
12 2 0.905315
12 3 0.922234
12 4 0.702106
12 5 0.920507
12 6 0.994228
12 7 0.502824
12 9 0.583546
12 10 0.695968
12 11 0.718295
12 12 0.894973
12 13 0.786174
12 14 0.701125
12 15 0.500000
12 16 0.774738
12 17 0.892946
12 18 0.786627
12 19 0.879776
13 1 0.861383
13 2 0.812913
13 3 0.808119
13 4 0.603136
13 5 0.815359
13 6 0.923460
13 7 0.500964
13 9 0.544435
13 10 0.627962
13 11 0.636649
13 12 0.786174
13 13 0.848122
13 14 0.425862
13 15 0.500000
13 16 0.679010
13 17 0.780930
13 18 0.709613
13 19 0.783246
14 1 0.787415
14 2 0.663196
14 3 0.759929
14 4 0.650025
14 5 0.720279
14 6 0.933021
14 7 0.503662
14 9 0.582677
14 10 0.616984
14 11 0.550851
14 12 0.701125
14 13 0.425862
14 14 0.997107
14 15 0.500000
14 16 0.669944
14 17 0.722309
14 18 0.677651
14 19 0.730339
15 1 0.500000
15 2 0.500000
15 3 0.500000
15 4 0.500000
15 5 0.500000
15 6 0.500000
15 7 0.500000
15 9 0.500000
15 10 0.500000
15 11 0.500000
15 12 0.500000
15 13 0.500000
15 14 0.500000
15 15 0.500000
15 16 0.500000
15 17 0.500000
15 18 0.500000
15 19 0.500000
16 2 0.783053
16 3 0.805673
16 4 0.628803
16 5 0.808244
16 6 0.950443
16 7 0.501565
16 9 0.558509
16 10 0.621270
16 11 0.636020
16 12 0.774738
16 13 0.679010
16 14 0.669944
16 15 0.500000
16 16 0.691673
16 17 0.778096
16 18 0.684119
16 19 0.762775
17 2 0.906094
17 3 0.921442
17 5 0.920186
17 6 0.994892
17 7 0.503032
17 9 0.587474
17 10 0.706822
17 11 0.721768
17 12 0.892946
17 13 0.780930
17 14 0.722309
17 15 0.500000
17 16 0.778096
17 17 0.895037
17 18 0.797328
18 1 0.872581
18 2 0.814841
18 3 0.819944
18 4 0.633633
18 5 0.819714
18 6 0.972090
18 7 0.501783
18 8 0.868510
18 9 0.552414
18 10 0.680864
18 11 0.654792
18 12 0.786627
18 13 0.709613
18 14 0.677651
18 15 0.500000
18 16 0.684119
18 17 0.797328
18 18 0.763455
19 3 0.910230
19 4 0.694488
19 5 0.910898
19 6 0.994197
19 7 0.502761
19 9 0.577061
19 11 0.724708
19 12 0.879776
19 13 0.783246
19 14 0.730339
19 15 0.500000
19 16 0.762775
19 19 0.909635
