1 2 0.935419
1 3 0.856622
1 5 0.756921
1 8 0.963741
1 12 0.843698
1 16 0.833109
1 17 0.893966
1 19 0.965717
2 1 0.935419
2 8 0.969239
2 19 0.979902
3 1 0.856622
3 8 0.899492
4 17 0.500000
5 1 0.756921
5 8 0.859691
8 1 0.963741
8 2 0.969239
8 3 0.899492
8 5 0.859691
8 12 0.896727
8 13 0.900299
8 14 0.923073
8 15 0.780473
8 16 0.887478
8 17 0.943156
8 19 0.987222
10 19 0.986384
12 1 0.843698
12 8 0.896727
13 8 0.900299
14 8 0.923073
15 8 0.780473
16 1 0.833109
16 8 0.887478
17 1 0.893966
17 4 0.500000
17 8 0.943156
17 19 0.970520
18 19 0.976366
19 1 0.965717
19 2 0.979902
19 8 0.987222
19 10 0.986384
19 17 0.970520
19 18 0.976366
1 1 0.929969
1 4 0.500000
1 6 0.763702
1 7 0.503201
1 9 0.534427
1 10 0.916596
1 11 0.568049
1 13 0.824632
1 14 0.810050
1 15 0.691416
1 18 0.933242
2 2 0.950021
2 3 0.861640
2 4 0.500000
2 5 0.766870
2 6 0.771941
2 7 0.503294
2 9 0.524978
2 10 0.944760
2 11 0.582918
2 12 0.849891
2 13 0.841857
2 14 0.812265
2 15 0.697410
2 16 0.842394
2 17 0.920386
2 18 0.932347
3 2 0.861640
3 3 0.785866
3 4 0.500000
3 5 0.683774
3 6 0.738639
3 7 0.502152
3 9 0.514854
3 10 0.827429
3 11 0.535333
3 12 0.767411
3 13 0.751815
3 14 0.724113
3 15 0.633232
3 16 0.757215
3 17 0.802977
3 18 0.849360
3 19 0.898377
4 1 0.500000
4 2 0.500000
4 3 0.500000
4 4 0.500000
4 5 0.500000
4 6 0.500000
4 7 0.500000
4 8 0.500000
4 9 0.500000
4 10 0.500000
4 11 0.500000
4 12 0.500000
4 13 0.500000
4 14 0.500000
4 15 0.500000
4 16 0.500000
4 18 0.500000
4 19 0.500000
5 2 0.766870
5 3 0.683774
5 4 0.500000
5 5 0.696945
5 6 0.558717
5 7 0.501593
5 9 0.529284
5 10 0.733822
5 11 0.528196
5 12 0.684913
5 13 0.695246
5 14 0.726056
5 15 0.623900
5 16 0.675593
5 17 0.725033
5 18 0.790867
5 19 0.811039
6 1 0.763702
6 2 0.771941
6 3 0.738639
6 4 0.500000
6 5 0.558717
6 6 0.999214
6 7 0.500855
6 8 0.769595
6 9 0.490947
6 10 0.843495
6 11 0.675931
6 12 0.677028
6 13 0.554344
6 14 0.631305
6 15 0.557458
6 16 0.674535
6 17 0.755265
6 18 0.901628
6 19 0.888915
7 1 0.503201
7 2 0.503294
7 3 0.502152
7 4 0.500000
7 5 0.501593
7 6 0.500855
7 7 0.500023
7 8 0.504255
7 9 0.500354
7 10 0.502783
7 11 0.500518
7 12 0.502103
7 13 0.501978
7 14 0.502064
7 15 0.501117
7 16 0.502129
7 17 0.502620
7 18 0.503256
7 19 0.503943
8 4 0.500000
8 6 0.769595
8 7 0.504255
8 8 0.991676
8 9 0.556849
8 10 0.955497
8 11 0.603505
8 18 0.970731
9 1 0.534427
9 2 0.524978
9 3 0.514854
9 4 0.500000
9 5 0.529284
9 6 0.490947
9 7 0.500354
9 8 0.556849
9 9 0.525086
9 10 0.522901
9 11 0.523827
9 12 0.519378
9 13 0.502741
9 14 0.531453
9 15 0.513427
9 16 0.519525
9 17 0.524633
9 18 0.610074
9 19 0.535490
10 1 0.916596
10 2 0.944760
10 3 0.827429
10 4 0.500000
10 5 0.733822
10 6 0.843495
10 7 0.502783
10 8 0.955497
10 9 0.522901
10 10 0.961859
10 11 0.613447
10 12 0.814952
10 13 0.789421
10 14 0.744302
10 15 0.662013
10 16 0.808707
10 17 0.930154
10 18 0.938300
11 1 0.568049
11 2 0.582918
11 3 0.535333
11 4 0.500000
11 5 0.528196
11 6 0.675931
11 7 0.500518
11 8 0.603505
11 9 0.523827
11 10 0.613447
11 11 0.580427
11 12 0.537277
11 13 0.514410
11 14 0.559904
11 15 0.521807
11 16 0.542471
11 17 0.589578
11 18 0.664629
11 19 0.647712
12 2 0.849891
12 3 0.767411
12 4 0.500000
12 5 0.684913
12 6 0.677028
12 7 0.502103
12 9 0.519378
12 10 0.814952
12 11 0.537277
12 12 0.754602
12 13 0.745630
12 14 0.730753
12 15 0.634119
12 16 0.745317
12 17 0.793521
12 18 0.839008
12 19 0.888728
13 1 0.824632
13 2 0.841857
13 3 0.751815
13 4 0.500000
13 5 0.695246
13 6 0.554344
13 7 0.501978
13 9 0.502741
13 10 0.789421
13 11 0.514410
13 12 0.745630
13 13 0.783902
13 14 0.761108
13 15 0.649624
13 16 0.741093
13 17 0.779644
13 18 0.751319
13 19 0.868459
14 1 0.810050
14 2 0.812265
14 3 0.724113
14 4 0.500000
14 5 0.726056
14 6 0.631305
14 7 0.502064
14 9 0.531453
14 10 0.744302
14 11 0.559904
14 12 0.730753
14 13 0.761108
14 14 0.843120
14 15 0.676675
14 16 0.723232
14 17 0.752361
14 18 0.825869
14 19 0.836228
15 1 0.691416
15 2 0.697410
15 3 0.633232
15 4 0.500000
15 5 0.623900
15 6 0.557458
15 7 0.501117
15 9 0.513427
15 10 0.662013
15 11 0.521807
15 12 0.634119
15 13 0.649624
15 14 0.676675
15 15 0.590464
15 16 0.629609
15 17 0.658290
15 18 0.691435
15 19 0.727205
16 2 0.842394
16 3 0.757215
16 4 0.500000
16 5 0.675593
16 6 0.674535
16 7 0.502129
16 9 0.519525
16 10 0.808707
16 11 0.542471
16 12 0.745317
16 13 0.741093
16 14 0.723232
16 15 0.629609
16 16 0.740114
16 17 0.787208
16 18 0.820233
16 19 0.882184
17 2 0.920386
17 3 0.802977
17 5 0.725033
17 6 0.755265
17 7 0.502620
17 9 0.524633
17 10 0.930154
17 11 0.589578
17 12 0.793521
17 13 0.779644
17 14 0.752361
17 15 0.658290
17 16 0.787208
17 17 0.896427
17 18 0.908581
18 1 0.933242
18 2 0.932347
18 3 0.849360
18 4 0.500000
18 5 0.790867
18 6 0.901628
18 7 0.503256
18 8 0.970731
18 9 0.610074
18 10 0.938300
18 11 0.664629
18 12 0.839008
18 13 0.751319
18 14 0.825869
18 15 0.691435
18 16 0.820233
18 17 0.908581
18 18 0.993684
19 3 0.898377
19 4 0.500000
19 5 0.811039
19 6 0.888915
19 7 0.503943
19 9 0.535490
19 11 0.647712
19 12 0.888728
19 13 0.868459
19 14 0.836228
19 15 0.727205
19 16 0.882184
19 19 0.996773
