1 2 0.866621
1 3 0.890110
1 5 0.781212
1 8 0.937106
1 12 0.819744
1 16 0.735217
1 17 0.756273
1 19 0.889933
2 1 0.866621
2 8 0.923551
2 19 0.894154
3 1 0.890110
3 8 0.960690
4 17 0.624597
5 1 0.781212
5 8 0.815861
8 1 0.937106
8 2 0.923551
8 3 0.960690
8 5 0.815861
8 12 0.881489
8 13 0.813224
8 14 0.905715
8 15 0.815663
8 16 0.753366
8 17 0.776376
8 19 0.929372
10 19 0.860628
12 1 0.819744
12 8 0.881489
13 8 0.813224
14 8 0.905715
15 8 0.815663
16 1 0.735217
16 8 0.753366
17 1 0.756273
17 4 0.624597
17 8 0.776376
17 19 0.788874
18 19 0.871939
19 1 0.889933
19 2 0.894154
19 8 0.929372
19 10 0.860628
19 17 0.788874
19 18 0.871939
1 1 0.900332
1 4 0.667687
1 6 0.978882
1 7 0.501361
1 9 0.643952
1 10 0.740065
1 11 0.656091
1 13 0.790535
1 14 0.813539
1 15 0.743184
1 18 0.777548
2 2 0.874423
2 3 0.905859
2 4 0.632415
2 5 0.732026
2 6 0.938658
2 7 0.500965
2 9 0.644223
2 10 0.732693
2 11 0.612827
2 12 0.807119
2 13 0.748116
2 14 0.809224
2 15 0.729889
2 16 0.716201
2 17 0.730936
2 18 0.764340
3 2 0.905859
3 3 0.960503
3 4 0.624296
3 5 0.749443
3 6 0.976369
3 7 0.502218
3 9 0.695352
3 10 0.758980
3 11 0.636894
3 12 0.846165
3 13 0.746398
3 14 0.878113
3 15 0.778318
3 16 0.716321
3 17 0.732713
3 18 0.778738
3 19 0.920562
4 1 0.667687
4 2 0.632415
4 3 0.624296
4 4 0.591910
4 5 0.581048
4 6 0.834970
4 7 0.500145
4 8 0.669412
4 9 0.543986
4 10 0.610180
4 11 0.548908
4 12 0.604518
4 13 0.648253
4 14 0.558808
4 15 0.566347
4 16 0.614350
4 18 0.623522
4 19 0.681640
5 2 0.732026
5 3 0.749443
5 4 0.581048
5 5 0.731630
5 6 0.862164
5 7 0.500845
5 9 0.570249
5 10 0.644046
5 11 0.592476
5 12 0.706654
5 13 0.681490
5 14 0.706174
5 15 0.646733
5 16 0.612864
5 17 0.643862
5 18 0.657300
5 19 0.761303
6 1 0.978882
6 2 0.938658
6 3 0.976369
6 4 0.834970
6 5 0.862164
6 6 0.999997
6 7 0.504682
6 8 0.992370
6 9 0.794004
6 10 0.859500
6 11 0.830360
6 12 0.917085
6 13 0.944049
6 14 0.896172
6 15 0.866294
6 16 0.873954
6 17 0.895307
6 18 0.878119
6 19 0.959221
7 1 0.501361
7 2 0.500965
7 3 0.502218
7 4 0.500145
7 5 0.500845
7 6 0.504682
7 7 0.500018
7 8 0.502403
7 9 0.500683
7 10 0.500288
7 11 0.500651
7 12 0.500985
7 13 0.500634
7 14 0.501541
7 15 0.500922
7 16 0.500277
7 17 0.500262
7 18 0.500120
7 19 0.500625
8 4 0.669412
8 6 0.992370
8 7 0.502403
8 8 0.977663
8 9 0.698399
8 10 0.765730
8 11 0.697040
8 18 0.812244
9 1 0.643952
9 2 0.644223
9 3 0.695352
9 4 0.543986
9 5 0.570249
9 6 0.794004
9 7 0.500683
9 8 0.698399
9 9 0.573726
9 10 0.587258
9 11 0.546939
9 12 0.606659
9 13 0.551731
9 14 0.608520
9 15 0.581256
9 16 0.573452
9 17 0.574648
9 18 0.585665
9 19 0.660397
10 1 0.740065
10 2 0.732693
10 3 0.758980
10 4 0.610180
10 5 0.644046
10 6 0.859500
10 7 0.500288
10 8 0.765730
10 9 0.587258
10 10 0.760536
10 11 0.531511
10 12 0.680963
10 13 0.549365
10 14 0.643978
10 15 0.619189
10 16 0.649239
10 17 0.674062
10 18 0.756285
11 1 0.656091
11 2 0.612827
11 3 0.636894
11 4 0.548908
11 5 0.592476
11 6 0.830360
11 7 0.500651
11 8 0.697040
11 9 0.546939
11 10 0.531511
11 11 0.580842
11 12 0.596631
11 13 0.618607
11 14 0.593608
11 15 0.576967
11 16 0.560605
11 17 0.569607
11 18 0.550441
11 19 0.580304
12 2 0.807119
12 3 0.846165
12 4 0.604518
12 5 0.706654
12 6 0.917085
12 7 0.500985
12 9 0.606659
12 10 0.680963
12 11 0.596631
12 12 0.757978
12 13 0.699472
12 14 0.771402
12 15 0.690827
12 16 0.662377
12 17 0.681544
12 18 0.711770
12 19 0.831240
13 1 0.790535
13 2 0.748116
13 3 0.746398
13 4 0.648253
13 5 0.681490
13 6 0.944049
13 7 0.500634
13 9 0.551731
13 10 0.549365
13 11 0.618607
13 12 0.699472
13 13 0.927522
13 14 0.640385
13 15 0.633463
13 16 0.698075
13 17 0.706846
13 18 0.596119
13 19 0.682897
14 1 0.813539
14 2 0.809224
14 3 0.878113
14 4 0.558808
14 5 0.706174
14 6 0.896172
14 7 0.501541
14 9 0.608520
14 10 0.643978
14 11 0.593608
14 12 0.771402
14 13 0.640385
14 14 0.838005
14 15 0.713563
14 16 0.614577
14 17 0.633201
14 18 0.684491
14 19 0.809530
15 1 0.743184
15 2 0.729889
15 3 0.778318
15 4 0.566347
15 5 0.646733
15 6 0.866294
15 7 0.500922
15 9 0.581256
15 10 0.619189
15 11 0.576967
15 12 0.690827
15 13 0.633463
15 14 0.713563
15 15 0.645327
15 16 0.605748
15 17 0.619289
15 18 0.643622
15 19 0.740667
16 2 0.716201
16 3 0.716321
16 4 0.614350
16 5 0.612864
16 6 0.873954
16 7 0.500277
16 9 0.573452
16 10 0.649239
16 11 0.560605
16 12 0.662377
16 13 0.698075
16 14 0.614577
16 15 0.605748
16 16 0.662837
16 17 0.666372
16 18 0.666189
16 19 0.758106
17 2 0.730936
17 3 0.732713
17 5 0.643862
17 6 0.895307
17 7 0.500262
17 9 0.574648
17 10 0.674062
17 11 0.569607
17 12 0.681544
17 13 0.706846
17 14 0.633201
17 15 0.619289
17 16 0.666372
17 17 0.682544
17 18 0.692514
18 1 0.777548
18 2 0.764340
18 3 0.778738
18 4 0.623522
18 5 0.657300
18 6 0.878119
18 7 0.500120
18 8 0.812244
18 9 0.585665
18 10 0.756285
18 11 0.550441
18 12 0.711770
18 13 0.596119
18 14 0.684491
18 15 0.643622
18 16 0.666189
18 17 0.692514
18 18 0.780298
19 3 0.920562
19 4 0.681640
19 5 0.761303
19 6 0.959221
19 7 0.500625
19 9 0.660397
19 11 0.580304
19 12 0.831240
19 13 0.682897
19 14 0.809530
19 15 0.740667
19 16 0.758106
19 19 0.960431
