1 2 0.992761
1 3 0.962614
1 5 0.976259
1 8 0.998920
1 12 0.968154
1 16 0.974073
1 17 0.971633
1 19 0.998109
2 1 0.992761
2 8 0.999217
2 19 0.998896
3 1 0.962614
3 8 0.987398
4 17 0.836838
5 1 0.976259
5 8 0.996541
8 1 0.998920
8 2 0.999217
8 3 0.987398
8 5 0.996541
8 12 0.992601
8 13 0.994585
8 14 0.997867
8 15 0.500000
8 16 0.994221
8 17 0.993671
8 19 0.999878
10 19 0.990812
12 1 0.968154
12 8 0.992601
13 8 0.994585
14 8 0.997867
15 8 0.500000
16 1 0.974073
16 8 0.994221
17 1 0.971633
17 4 0.836838
17 8 0.993671
17 19 0.992800
18 19 0.993526
19 1 0.998109
19 2 0.998896
19 8 0.999878
19 10 0.990812
19 17 0.992800
19 18 0.993526
1 1 0.992461
1 4 0.878562
1 6 0.999984
1 7 0.502300
1 9 0.671452
1 10 0.961528
1 11 0.825786
1 13 0.975140
1 14 0.985814
1 15 0.500000
1 18 0.972791
2 2 0.995268
2 3 0.955664
2 4 0.900696
2 5 0.983288
2 6 0.999985
2 7 0.502323
2 9 0.685675
2 10 0.972072
2 11 0.844035
2 12 0.971907
2 13 0.973556
2 14 0.984685
2 15 0.500000
2 16 0.976520
2 17 0.978606
2 18 0.978993
3 2 0.955664
3 3 0.915005
3 4 0.764026
3 5 0.892840
3 6 0.999083
3 7 0.501482
3 9 0.599794
3 10 0.877098
3 11 0.712734
3 12 0.897638
3 13 0.926784
3 14 0.949852
3 15 0.500000
3 16 0.910867
3 17 0.900357
3 18 0.906622
3 19 0.979823
4 1 0.878562
4 2 0.900696
4 3 0.764026
4 4 0.730288
4 5 0.847350
4 6 0.987836
4 7 0.501000
4 8 0.946256
4 9 0.580529
4 10 0.823134
4 11 0.682598
4 12 0.807751
4 13 0.803879
4 14 0.826630
4 15 0.500000
4 16 0.819214
4 18 0.831159
4 19 0.947016
5 2 0.983288
5 3 0.892840
5 4 0.847350
5 5 0.976491
5 6 0.999858
5 7 0.501964
5 9 0.681817
5 10 0.934695
5 11 0.810570
5 12 0.943590
5 13 0.940704
5 14 0.961083
5 15 0.500000
5 16 0.949915
5 17 0.947317
5 18 0.942665
5 19 0.994302
6 1 0.999984
6 2 0.999985
6 3 0.999083
6 4 0.987836
6 5 0.999858
6 6 1.000000
6 7 0.504766
6 8 1.000000
6 9 0.843206
6 10 0.999271
6 11 0.976524
6 12 0.999631
6 13 0.999567
6 14 0.999942
6 15 0.500000
6 16 0.999775
6 17 0.999646
6 18 0.999753
6 19 0.999999
7 1 0.502300
7 2 0.502323
7 3 0.501482
7 4 0.501000
7 5 0.501964
7 6 0.504766
7 7 0.500015
7 8 0.503248
7 9 0.500569
7 10 0.501834
7 11 0.501037
7 12 0.501513
7 13 0.502322
7 14 0.501749
7 15 0.500000
7 16 0.501715
7 17 0.501733
7 18 0.502022
7 19 0.503344
8 4 0.946256
8 6 1.000000
8 7 0.503248
8 8 0.999953
8 9 0.752693
8 10 0.990208
8 11 0.906530
8 18 0.993885
9 1 0.671452
9 2 0.685675
9 3 0.599794
9 4 0.580529
9 5 0.681817
9 6 0.843206
9 7 0.500569
9 8 0.752693
9 9 0.546252
9 10 0.628353
9 11 0.572423
9 12 0.630967
9 13 0.641751
9 14 0.653736
9 15 0.500000
9 16 0.638561
9 17 0.633307
9 18 0.634206
9 19 0.732931
10 1 0.961528
10 2 0.972072
10 3 0.877098
10 4 0.823134
10 5 0.934695
10 6 0.999271
10 7 0.501834
10 8 0.990208
10 9 0.628353
10 10 0.924093
10 11 0.766175
10 12 0.908294
10 13 0.917872
10 14 0.927447
10 15 0.500000
10 16 0.919013
10 17 0.930461
10 18 0.934184
11 1 0.825786
11 2 0.844035
11 3 0.712734
11 4 0.682598
11 5 0.810570
11 6 0.976524
11 7 0.501037
11 8 0.906530
11 9 0.572423
11 10 0.766175
11 11 0.669208
11 12 0.756533
11 13 0.756865
11 14 0.773098
11 15 0.500000
11 16 0.770998
11 17 0.778873
11 18 0.778332
11 19 0.904209
12 2 0.971907
12 3 0.897638
12 4 0.807751
12 5 0.943590
12 6 0.999631
12 7 0.501513
12 9 0.630967
12 10 0.908294
12 11 0.756533
12 12 0.921490
12 13 0.924117
12 14 0.949773
12 15 0.500000
12 16 0.930492
12 17 0.926498
12 18 0.924820
12 19 0.988664
13 1 0.975140
13 2 0.973556
13 3 0.926784
13 4 0.803879
13 5 0.940704
13 6 0.999567
13 7 0.502322
13 9 0.641751
13 10 0.917872
13 11 0.756865
13 12 0.924117
13 13 0.982826
13 14 0.970669
13 15 0.500000
13 16 0.932247
13 17 0.926228
13 18 0.934972
13 19 0.990777
14 1 0.985814
14 2 0.984685
14 3 0.949852
14 4 0.826630
14 5 0.961083
14 6 0.999942
14 7 0.501749
14 9 0.653736
14 10 0.927447
14 11 0.773098
14 12 0.949773
14 13 0.970669
14 14 0.986832
14 15 0.500000
14 16 0.955933
14 17 0.945931
14 18 0.949490
14 19 0.994179
15 1 0.500000
15 2 0.500000
15 3 0.500000
15 4 0.500000
15 5 0.500000
15 6 0.500000
15 7 0.500000
15 9 0.500000
15 10 0.500000
15 11 0.500000
15 12 0.500000
15 13 0.500000
15 14 0.500000
15 15 0.500000
15 16 0.500000
15 17 0.500000
15 18 0.500000
15 19 0.500000
16 2 0.976520
16 3 0.910867
16 4 0.819214
16 5 0.949915
16 6 0.999775
16 7 0.501715
16 9 0.638561
16 10 0.919013
16 11 0.770998
16 12 0.930492
16 13 0.932247
16 14 0.955933
16 15 0.500000
16 16 0.940199
16 17 0.935675
16 18 0.935076
16 19 0.991225
17 2 0.978606
17 3 0.900357
17 5 0.947317
17 6 0.999646
17 7 0.501733
17 9 0.633307
17 10 0.930461
17 11 0.778873
17 12 0.926498
17 13 0.926228
17 14 0.945931
17 15 0.500000
17 16 0.935675
17 17 0.942440
17 18 0.941547
18 1 0.972791
18 2 0.978993
18 3 0.906622
18 4 0.831159
18 5 0.942665
18 6 0.999753
18 7 0.502022
18 8 0.993885
18 9 0.634206
18 10 0.934184
18 11 0.778332
18 12 0.924820
18 13 0.934972
18 14 0.949490
18 15 0.500000
18 16 0.935076
18 17 0.941547
18 18 0.949525
19 3 0.979823
19 4 0.947016
19 5 0.994302
19 6 0.999999
19 7 0.503344
19 9 0.732931
19 11 0.904209
19 12 0.988664
19 13 0.990777
19 14 0.994179
19 15 0.500000
19 16 0.991225
19 19 0.999860
