1 2 0.768496
1 3 0.734686
1 5 0.709485
1 8 0.821071
1 12 0.681149
1 16 0.664181
1 17 0.594914
1 19 0.798675
2 1 0.768496
2 8 0.789432
2 19 0.768337
3 1 0.734686
3 8 0.774291
4 17 0.549005
5 1 0.709485
5 8 0.686212
8 1 0.821071
8 2 0.789432
8 3 0.774291
8 5 0.686212
8 12 0.674796
8 13 0.789441
8 14 0.825322
8 15 0.706472
8 16 0.738319
8 17 0.602584
8 19 0.831619
10 19 0.701142
12 1 0.681149
12 8 0.674796
13 8 0.789441
14 8 0.825322
15 8 0.706472
16 1 0.664181
16 8 0.738319
17 1 0.594914
17 4 0.549005
17 8 0.602584
17 19 0.609529
18 19 0.548425
19 1 0.798675
19 2 0.768337
19 8 0.831619
19 10 0.701142
19 17 0.609529
19 18 0.548425
1 1 0.816048
1 4 0.542867
1 6 0.777753
1 7 0.500876
1 9 0.507353
1 10 0.676016
1 11 0.562390
1 13 0.692861
1 14 0.746147
1 15 0.644813
1 18 0.579778
2 2 0.736214
2 3 0.704012
2 4 0.541149
2 5 0.664347
2 6 0.739019
2 7 0.500692
2 9 0.514044
2 10 0.656693
2 11 0.551271
2 12 0.644863
2 13 0.727651
2 14 0.719674
2 15 0.630748
2 16 0.654959
2 17 0.583354
2 18 0.550630
3 2 0.704012
3 3 0.695357
3 4 0.548885
3 5 0.630359
3 6 0.714440
3 7 0.500437
3 9 0.520937
3 10 0.632150
3 11 0.540253
3 12 0.625010
3 13 0.705347
3 14 0.713598
3 15 0.629134
3 16 0.653776
3 17 0.579230
3 18 0.556547
3 19 0.736879
4 1 0.542867
4 2 0.541149
4 3 0.548885
4 4 0.551906
4 5 0.523398
4 6 0.734068
4 7 0.500050
4 8 0.554751
4 9 0.518058
4 10 0.534905
4 11 0.551528
4 12 0.524034
4 13 0.613115
4 14 0.560760
4 15 0.522240
4 16 0.539979
4 18 0.482668
4 19 0.566475
5 2 0.664347
5 3 0.630359
5 4 0.523398
5 5 0.653548
5 6 0.748644
5 7 0.500504
5 9 0.496152
5 10 0.605692
5 11 0.546836
5 12 0.612376
5 13 0.616060
5 14 0.644522
5 15 0.569407
5 16 0.579230
5 17 0.554638
5 18 0.530859
5 19 0.688527
6 1 0.777753
6 2 0.739019
6 3 0.714440
6 4 0.734068
6 5 0.748644
6 6 0.999980
6 7 0.501131
6 8 0.749448
6 9 0.534906
6 10 0.768832
6 11 0.840043
6 12 0.689084
6 13 0.925928
6 14 0.802455
6 15 0.578374
6 16 0.653764
6 17 0.730865
6 18 0.447247
6 19 0.867912
7 1 0.500876
7 2 0.500692
7 3 0.500437
7 4 0.500050
7 5 0.500504
7 6 0.501131
7 7 0.500008
7 8 0.500829
7 9 0.500084
7 10 0.500556
7 11 0.500377
7 12 0.500435
7 13 0.499891
7 14 0.500517
7 15 0.500227
7 16 0.500306
7 17 0.500213
7 18 0.500304
7 19 0.500861
8 4 0.554751
8 6 0.749448
8 7 0.500829
8 8 0.883904
8 9 0.542964
8 10 0.707743
8 11 0.530528
8 18 0.606604
9 1 0.507353
9 2 0.514044
9 3 0.520937
9 4 0.518058
9 5 0.496152
9 6 0.534906
9 7 0.500084
9 8 0.542964
9 9 0.523508
9 10 0.521018
9 11 0.504064
9 12 0.498337
9 13 0.582865
9 14 0.545417
9 15 0.520484
9 16 0.534220
9 17 0.515423
9 18 0.492854
9 19 0.530469
10 1 0.676016
10 2 0.656693
10 3 0.632150
10 4 0.534905
10 5 0.605692
10 6 0.768832
10 7 0.500556
10 8 0.707743
10 9 0.521018
10 10 0.625997
10 11 0.540091
10 12 0.587397
10 13 0.695264
10 14 0.663078
10 15 0.588858
10 16 0.610543
10 17 0.558640
10 18 0.526819
11 1 0.562390
11 2 0.551271
11 3 0.540253
11 4 0.551528
11 5 0.546836
11 6 0.840043
11 7 0.500377
11 8 0.530528
11 9 0.504064
11 10 0.540091
11 11 0.595998
11 12 0.540530
11 13 0.569725
11 14 0.536264
11 15 0.500605
11 16 0.518931
11 17 0.554104
11 18 0.480964
11 19 0.575133
12 2 0.644863
12 3 0.625010
12 4 0.524034
12 5 0.612376
12 6 0.689084
12 7 0.500435
12 9 0.498337
12 10 0.587397
12 11 0.540530
12 12 0.599943
12 13 0.586057
12 14 0.623323
12 15 0.568902
12 16 0.575305
12 17 0.550370
12 18 0.547254
12 19 0.662877
13 1 0.692861
13 2 0.727651
13 3 0.705347
13 4 0.613115
13 5 0.616060
13 6 0.925928
13 7 0.499891
13 9 0.582865
13 10 0.695264
13 11 0.569725
13 12 0.586057
13 13 0.990607
13 14 0.753284
13 15 0.646933
13 16 0.740715
13 17 0.622179
13 18 0.384917
13 19 0.805094
14 1 0.746147
14 2 0.719674
14 3 0.713598
14 4 0.560760
14 5 0.644522
14 6 0.802455
14 7 0.500517
14 9 0.545417
14 10 0.663078
14 11 0.536264
14 12 0.623323
14 13 0.753284
14 14 0.799744
14 15 0.661981
14 16 0.690597
14 17 0.587986
14 18 0.562447
14 19 0.769238
15 1 0.644813
15 2 0.630748
15 3 0.629134
15 4 0.522240
15 5 0.569407
15 6 0.578374
15 7 0.500227
15 9 0.520484
15 10 0.588858
15 11 0.500605
15 12 0.568902
15 13 0.646933
15 14 0.661981
15 15 0.599352
15 16 0.616970
15 17 0.540234
15 18 0.548253
15 19 0.657585
16 2 0.654959
16 3 0.653776
16 4 0.539979
16 5 0.579230
16 6 0.653764
16 7 0.500306
16 9 0.534220
16 10 0.610543
16 11 0.518931
16 12 0.575305
16 13 0.740715
16 14 0.690597
16 15 0.616970
16 16 0.657160
16 17 0.557858
16 18 0.529962
16 19 0.693658
17 2 0.583354
17 3 0.579230
17 5 0.554638
17 6 0.730865
17 7 0.500213
17 9 0.515423
17 10 0.558640
17 11 0.554104
17 12 0.550370
17 13 0.622179
17 14 0.587986
17 15 0.540234
17 16 0.557858
17 17 0.556177
17 18 0.495795
18 1 0.579778
18 2 0.550630
18 3 0.556547
18 4 0.482668
18 5 0.530859
18 6 0.447247
18 7 0.500304
18 8 0.606604
18 9 0.492854
18 10 0.526819
18 11 0.480964
18 12 0.547254
18 13 0.384917
18 14 0.562447
18 15 0.548253
18 16 0.529962
18 17 0.495795
18 18 0.620314
19 3 0.736879
19 4 0.566475
19 5 0.688527
19 6 0.867912
19 7 0.500861
19 9 0.530469
19 11 0.575133
19 12 0.662877
19 13 0.805094
19 14 0.769238
19 15 0.657585
19 16 0.693658
19 19 0.817650
