1 2 0.873871
1 3 0.838040
1 5 0.840141
1 8 0.894572
1 12 0.791818
1 16 0.787707
1 17 0.724477
1 19 0.918211
2 1 0.873871
2 8 0.852739
2 19 0.900194
3 1 0.838040
3 8 0.830763
4 17 0.735620
5 1 0.840141
5 8 0.850153
8 1 0.894572
8 2 0.852739
8 3 0.830763
8 5 0.850153
8 12 0.757679
8 13 0.819680
8 14 0.846408
8 15 0.746905
8 16 0.839446
8 17 0.742192
8 19 0.928681
10 19 0.878470
12 1 0.791818
12 8 0.757679
13 8 0.819680
14 8 0.846408
15 8 0.746905
16 1 0.787707
16 8 0.839446
17 1 0.724477
17 4 0.735620
17 8 0.742192
17 19 0.854940
18 19 0.815269
19 1 0.918211
19 2 0.900194
19 8 0.928681
19 10 0.878470
19 17 0.854940
19 18 0.815269
1 1 0.911339
1 4 0.682068
1 6 0.994566
1 7 0.500510
1 9 0.590180
1 10 0.771944
1 11 0.636223
1 13 0.742211
1 14 0.795941
1 15 0.690195
1 18 0.711223
2 2 0.842582
2 3 0.790487
2 4 0.685562
2 5 0.795874
2 6 0.990544
2 7 0.500615
2 9 0.567390
2 10 0.756924
2 11 0.623423
2 12 0.750804
2 13 0.710069
2 14 0.763152
2 15 0.658454
2 16 0.748467
2 17 0.723393
2 18 0.707209
3 2 0.790487
3 3 0.778751
3 4 0.598568
3 5 0.780870
3 6 0.942449
3 7 0.500437
3 9 0.570903
3 10 0.675946
3 11 0.572781
3 12 0.723307
3 13 0.693339
3 14 0.738246
3 15 0.654178
3 16 0.723303
3 17 0.630580
3 18 0.633692
3 19 0.825304
4 1 0.682068
4 2 0.685562
4 3 0.598568
4 4 0.730193
4 5 0.615874
4 6 0.977969
4 7 0.500884
4 8 0.711897
4 9 0.523158
4 10 0.729912
4 11 0.560595
4 12 0.603464
4 13 0.629415
4 14 0.677957
4 15 0.578938
4 16 0.665174
4 18 0.655235
4 19 0.828838
5 2 0.795874
5 3 0.780870
5 4 0.615874
5 5 0.794459
5 6 0.952883
5 7 0.500341
5 9 0.579773
5 10 0.693666
5 11 0.583653
5 12 0.720287
5 13 0.718606
5 14 0.756649
5 15 0.670315
5 16 0.738583
5 17 0.646171
5 18 0.647464
5 19 0.842422
6 1 0.994566
6 2 0.990544
6 3 0.942449
6 4 0.977969
6 5 0.952883
6 6 1.000000
6 7 0.501461
6 8 0.994219
6 9 0.664465
6 10 0.989952
6 11 0.893918
6 12 0.936360
6 13 0.929652
6 14 0.952160
6 15 0.829521
6 16 0.966126
6 17 0.985037
6 18 0.960971
6 19 0.999555
7 1 0.500510
7 2 0.500615
7 3 0.500437
7 4 0.500884
7 5 0.500341
7 6 0.501461
7 7 0.500019
7 8 0.500846
7 9 0.499903
7 10 0.500743
7 11 0.499737
7 12 0.500386
7 13 0.500567
7 14 0.501159
7 15 0.500338
7 16 0.500575
7 17 0.500944
7 18 0.500610
7 19 0.501189
8 4 0.711897
8 6 0.994219
8 7 0.500846
8 8 0.937558
8 9 0.602391
8 10 0.800973
8 11 0.612671
8 18 0.734714
9 1 0.590180
9 2 0.567390
9 3 0.570903
9 4 0.523158
9 5 0.579773
9 6 0.664465
9 7 0.499903
9 8 0.602391
9 9 0.532409
9 10 0.542125
9 11 0.511026
9 12 0.551061
9 13 0.555648
9 14 0.562631
9 15 0.543799
9 16 0.562422
9 17 0.526776
9 18 0.519955
9 19 0.582634
10 1 0.771944
10 2 0.756924
10 3 0.675946
10 4 0.729912
10 5 0.693666
10 6 0.989952
10 7 0.500743
10 8 0.800973
10 9 0.542125
10 10 0.764132
10 11 0.586438
10 12 0.654983
10 13 0.686704
10 14 0.719322
10 15 0.624619
10 16 0.720601
10 17 0.746948
10 18 0.699337
11 1 0.636223
11 2 0.623423
11 3 0.572781
11 4 0.560595
11 5 0.583653
11 6 0.893918
11 7 0.499737
11 8 0.612671
11 9 0.511026
11 10 0.586438
11 11 0.609083
11 12 0.573175
11 13 0.544256
11 14 0.576472
11 15 0.528941
11 16 0.556511
11 17 0.578484
11 18 0.569844
11 19 0.656424
12 2 0.750804
12 3 0.723307
12 4 0.603464
12 5 0.720287
12 6 0.936360
12 7 0.500386
12 9 0.551061
12 10 0.654983
12 11 0.573175
12 12 0.691384
12 13 0.633632
12 14 0.686451
12 15 0.605150
12 16 0.671794
12 17 0.629254
12 18 0.608628
12 19 0.787199
13 1 0.742211
13 2 0.710069
13 3 0.693339
13 4 0.629415
13 5 0.718606
13 6 0.929652
13 7 0.500567
13 9 0.555648
13 10 0.686704
13 11 0.544256
13 12 0.633632
13 13 0.729047
13 14 0.707263
13 15 0.656006
13 16 0.721969
13 17 0.647162
13 18 0.655239
13 19 0.806584
14 1 0.795941
14 2 0.763152
14 3 0.738246
14 4 0.677957
14 5 0.756649
14 6 0.952160
14 7 0.501159
14 9 0.562631
14 10 0.719322
14 11 0.576472
14 12 0.686451
14 13 0.707263
14 14 0.804004
14 15 0.663795
14 16 0.738507
14 17 0.695786
14 18 0.646348
14 19 0.846568
15 1 0.690195
15 2 0.658454
15 3 0.654178
15 4 0.578938
15 5 0.670315
15 6 0.829521
15 7 0.500338
15 9 0.543799
15 10 0.624619
15 11 0.528941
15 12 0.605150
15 13 0.656006
15 14 0.663795
15 15 0.613195
15 16 0.660228
15 17 0.592015
15 18 0.595639
15 19 0.723097
16 2 0.748467
16 3 0.723303
16 4 0.665174
16 5 0.738583
16 6 0.966126
16 7 0.500575
16 9 0.562422
16 10 0.720601
16 11 0.556511
16 12 0.671794
16 13 0.721969
16 14 0.738507
16 15 0.660228
16 16 0.747256
16 17 0.681994
16 18 0.659064
16 19 0.845266
17 2 0.723393
17 3 0.630580
17 5 0.646171
17 6 0.985037
17 7 0.500944
17 9 0.526776
17 10 0.746948
17 11 0.578484
17 12 0.629254
17 13 0.647162
17 14 0.695786
17 15 0.592015
17 16 0.681994
17 17 0.748231
17 18 0.681354
18 1 0.711223
18 2 0.707209
18 3 0.633692
18 4 0.655235
18 5 0.647464
18 6 0.960971
18 7 0.500610
18 8 0.734714
18 9 0.519955
18 10 0.699337
18 11 0.569844
18 12 0.608628
18 13 0.655239
18 14 0.646348
18 15 0.595639
18 16 0.659064
18 17 0.681354
18 18 0.689821
19 3 0.825304
19 4 0.828838
19 5 0.842422
19 6 0.999555
19 7 0.501189
19 9 0.582634
19 11 0.656424
19 12 0.787199
19 13 0.806584
19 14 0.846568
19 15 0.723097
19 16 0.845266
19 19 0.970345
