1 2 0.746835
1 3 0.671193
1 5 0.755305
1 8 0.783797
1 12 0.670914
1 16 0.674416
1 17 0.637239
1 19 0.617749
2 1 0.746835
2 8 0.780188
2 19 0.665569
3 1 0.671193
3 8 0.790447
4 17 0.657766
5 1 0.755305
5 8 0.860784
8 1 0.783797
8 2 0.780188
8 3 0.790447
8 5 0.860784
8 12 0.708191
8 13 0.854307
8 14 0.778748
8 15 0.665641
8 16 0.713168
8 17 0.749598
8 19 0.810175
10 19 0.873805
12 1 0.670914
12 8 0.708191
13 8 0.854307
14 8 0.778748
15 8 0.665641
16 1 0.674416
16 8 0.713168
17 1 0.637239
17 4 0.657766
17 8 0.749598
17 19 0.819132
18 19 0.858726
19 1 0.617749
19 2 0.665569
19 8 0.810175
19 10 0.873805
19 17 0.819132
19 18 0.858726
1 1 0.755368
1 4 0.610352
1 6 0.847545
1 7 0.501003
1 9 0.538840
1 10 0.574849
1 11 0.491458
1 13 0.730452
1 14 0.642083
1 15 0.603010
1 18 0.495985
2 2 0.749009
2 3 0.673959
2 4 0.621785
2 5 0.774983
2 6 0.857601
2 7 0.501012
2 9 0.537299
2 10 0.612145
2 11 0.488696
2 12 0.666530
2 13 0.781924
2 14 0.646390
2 15 0.603433
2 16 0.672282
2 17 0.654646
2 18 0.526499
3 2 0.673959
3 3 0.755656
3 4 0.620116
3 5 0.800384
3 6 0.906332
3 7 0.501767
3 9 0.555429
3 10 0.668322
3 11 0.551934
3 12 0.631520
3 13 0.816686
3 14 0.709034
3 15 0.614168
3 16 0.635188
3 17 0.681725
3 18 0.643276
3 19 0.755337
4 1 0.610352
4 2 0.621785
4 3 0.620116
4 4 0.620938
4 5 0.678636
4 6 0.753039
4 7 0.500689
4 8 0.685376
4 9 0.520984
4 10 0.670034
4 11 0.512345
4 12 0.580574
4 13 0.751987
4 14 0.617174
4 15 0.570637
4 16 0.585566
4 18 0.626939
4 19 0.735198
5 2 0.774983
5 3 0.800384
5 4 0.678636
5 5 0.967217
5 6 0.970019
5 7 0.501593
5 9 0.535996
5 10 0.746741
5 11 0.556300
5 12 0.685564
5 13 0.941933
5 14 0.769494
5 15 0.656802
5 16 0.694173
5 17 0.745655
5 18 0.641585
5 19 0.827171
6 1 0.847545
6 2 0.857601
6 3 0.906332
6 4 0.753039
6 5 0.970019
6 6 0.998007
6 7 0.503972
6 8 0.956396
6 9 0.637730
6 10 0.833136
6 11 0.695032
6 12 0.776643
6 13 0.959607
6 14 0.907307
6 15 0.747396
6 16 0.779947
6 17 0.845940
6 18 0.788810
6 19 0.927196
7 1 0.501003
7 2 0.501012
7 3 0.501767
7 4 0.500689
7 5 0.501593
7 6 0.503972
7 7 0.500018
7 8 0.502121
7 9 0.500441
7 10 0.500903
7 11 0.500568
7 12 0.500808
7 13 0.501765
7 14 0.501790
7 15 0.500758
7 16 0.500791
7 17 0.501099
7 18 0.500807
7 19 0.501543
8 4 0.685376
8 6 0.956396
8 7 0.502121
8 8 0.880888
8 9 0.571321
8 10 0.716422
8 11 0.553266
8 18 0.656025
9 1 0.538840
9 2 0.537299
9 3 0.555429
9 4 0.520984
9 5 0.535996
9 6 0.637730
9 7 0.500441
9 8 0.571321
9 9 0.522756
9 10 0.529523
9 11 0.520544
9 12 0.529860
9 13 0.546844
9 14 0.552523
9 15 0.524387
9 16 0.529177
9 17 0.535499
9 18 0.532357
9 19 0.552084
10 1 0.574849
10 2 0.612145
10 3 0.668322
10 4 0.670034
10 5 0.746741
10 6 0.833136
10 7 0.500903
10 8 0.716422
10 9 0.529523
10 10 0.791952
10 11 0.541975
10 12 0.570753
10 13 0.864597
10 14 0.671740
10 15 0.591151
10 16 0.582557
10 17 0.736052
10 18 0.767630
11 1 0.491458
11 2 0.488696
11 3 0.551934
11 4 0.512345
11 5 0.556300
11 6 0.695032
11 7 0.500568
11 8 0.553266
11 9 0.520544
11 10 0.541975
11 11 0.604560
11 12 0.503374
11 13 0.519957
11 14 0.572157
11 15 0.523544
11 16 0.500529
11 17 0.533001
11 18 0.574428
11 19 0.574746
12 2 0.666530
12 3 0.631520
12 4 0.580574
12 5 0.685564
12 6 0.776643
12 7 0.500808
12 9 0.529860
12 10 0.570753
12 11 0.503374
12 12 0.614439
12 13 0.680193
12 14 0.610591
12 15 0.573057
12 16 0.616534
12 17 0.605499
12 18 0.521877
12 19 0.610442
13 1 0.730452
13 2 0.781924
13 3 0.816686
13 4 0.751987
13 5 0.941933
13 6 0.959607
13 7 0.501765
13 9 0.546844
13 10 0.864597
13 11 0.519957
13 12 0.680193
13 13 0.982094
13 14 0.733164
13 15 0.659356
13 16 0.696088
13 17 0.827109
13 18 0.784683
13 19 0.934269
14 1 0.642083
14 2 0.646390
14 3 0.709034
14 4 0.617174
14 5 0.769494
14 6 0.907307
14 7 0.501790
14 9 0.552523
14 10 0.671740
14 11 0.572157
14 12 0.610591
14 13 0.733164
14 14 0.749185
14 15 0.611983
14 16 0.612837
14 17 0.673987
14 18 0.645163
14 19 0.753549
15 1 0.603010
15 2 0.603433
15 3 0.614168
15 4 0.570637
15 5 0.656802
15 6 0.747396
15 7 0.500758
15 9 0.524387
15 10 0.591151
15 11 0.523544
15 12 0.573057
15 13 0.659356
15 14 0.611983
15 15 0.560201
15 16 0.575386
15 17 0.599699
15 18 0.566795
15 19 0.638343
16 2 0.672282
16 3 0.635188
16 4 0.585566
16 5 0.694173
16 6 0.779947
16 7 0.500791
16 9 0.529177
16 10 0.582557
16 11 0.500529
16 12 0.616534
16 13 0.696088
16 14 0.612837
16 15 0.575386
16 16 0.621089
16 17 0.613184
16 18 0.534001
16 19 0.627074
17 2 0.654646
17 3 0.681725
17 5 0.745655
17 6 0.845940
17 7 0.501099
17 9 0.535499
17 10 0.736052
17 11 0.533001
17 12 0.605499
17 13 0.827109
17 14 0.673987
17 15 0.599699
17 16 0.613184
17 17 0.714076
17 18 0.699782
18 1 0.495985
18 2 0.526499
18 3 0.643276
18 4 0.626939
18 5 0.641585
18 6 0.788810
18 7 0.500807
18 8 0.656025
18 9 0.532357
18 10 0.767630
18 11 0.574428
18 12 0.521877
18 13 0.784683
18 14 0.645163
18 15 0.566795
18 16 0.534001
18 17 0.699782
18 18 0.798576
19 3 0.755337
19 4 0.735198
19 5 0.827171
19 6 0.927196
19 7 0.501543
19 9 0.552084
19 11 0.574746
19 12 0.610442
19 13 0.934269
19 14 0.753549
19 15 0.638343
19 16 0.627074
19 19 0.944959
