1 2 0.890914
1 3 0.933799
1 5 0.831041
1 8 0.923946
1 12 0.818065
1 16 0.778232
1 17 0.838651
1 19 0.955360
2 1 0.890914
2 8 0.918926
2 19 0.948578
3 1 0.933799
3 8 0.972761
4 17 0.678092
5 1 0.831041
5 8 0.892546
8 1 0.923946
8 2 0.918926
8 3 0.972761
8 5 0.892546
8 12 0.850885
8 13 0.802121
8 14 0.854001
8 15 0.771473
8 16 0.792072
8 17 0.874228
8 19 0.972246
10 19 0.908195
12 1 0.818065
12 8 0.850885
13 8 0.802121
14 8 0.854001
15 8 0.771473
16 1 0.778232
16 8 0.792072
17 1 0.838651
17 4 0.678092
17 8 0.874228
17 19 0.908141
18 19 0.936371
19 1 0.955360
19 2 0.948578
19 8 0.972246
19 10 0.908195
19 17 0.908141
19 18 0.936371
1 1 0.907341
1 4 0.719486
1 6 0.933891
1 7 0.501210
1 9 0.537032
1 10 0.827598
1 11 0.635826
1 13 0.735767
1 14 0.787213
1 15 0.722081
1 18 0.855294
2 2 0.881647
2 3 0.937270
2 4 0.711414
2 5 0.829332
2 6 0.924581
2 7 0.501455
2 9 0.534574
2 10 0.815726
2 11 0.629682
2 12 0.807646
2 13 0.737190
2 14 0.794015
2 15 0.721656
2 16 0.755551
2 17 0.827347
2 18 0.847137
3 2 0.937270
3 3 0.999947
3 4 0.797928
3 5 0.914634
3 6 0.989692
3 7 0.503789
3 9 0.621858
3 10 0.862831
3 11 0.748628
3 12 0.863523
3 13 0.865504
3 14 0.919168
3 15 0.801484
3 16 0.817022
3 17 0.885110
3 18 0.891544
3 19 0.978155
4 1 0.719486
4 2 0.711414
4 3 0.797928
4 4 0.615734
4 5 0.695445
4 6 0.757257
4 7 0.500535
4 8 0.761710
4 9 0.516370
4 10 0.660646
4 11 0.558077
4 12 0.658222
4 13 0.632839
4 14 0.656759
4 15 0.610221
4 16 0.627911
4 18 0.680152
4 19 0.788599
5 2 0.829332
5 3 0.914634
5 4 0.695445
5 5 0.842839
5 6 0.873906
5 7 0.501295
5 9 0.527758
5 10 0.770385
5 11 0.599997
5 12 0.756430
5 13 0.720756
5 14 0.753086
5 15 0.694763
5 16 0.702004
5 17 0.786656
5 18 0.790568
5 19 0.911244
6 1 0.933891
6 2 0.924581
6 3 0.989692
6 4 0.757257
6 5 0.873906
6 6 0.991328
6 7 0.502111
6 8 0.947775
6 9 0.570829
6 10 0.861519
6 11 0.657537
6 12 0.856667
6 13 0.779063
6 14 0.832883
6 15 0.752556
6 16 0.817892
6 17 0.870472
6 18 0.876180
6 19 0.974137
7 1 0.501210
7 2 0.501455
7 3 0.503789
7 4 0.500535
7 5 0.501295
7 6 0.502111
7 7 0.500015
7 8 0.501848
7 9 0.500087
7 10 0.501180
7 11 0.500628
7 12 0.500918
7 13 0.500649
7 14 0.501228
7 15 0.500823
7 16 0.500453
7 17 0.501001
7 18 0.501504
7 19 0.502222
8 4 0.761710
8 6 0.947775
8 7 0.501848
8 8 0.957411
8 9 0.543291
8 10 0.859649
8 11 0.653576
8 18 0.893878
9 1 0.537032
9 2 0.534574
9 3 0.621858
9 4 0.516370
9 5 0.527758
9 6 0.570829
9 7 0.500087
9 8 0.543291
9 9 0.526969
9 10 0.513090
9 11 0.508737
9 12 0.522317
9 13 0.526974
9 14 0.506437
9 15 0.515164
9 16 0.517270
9 17 0.525253
9 18 0.510466
9 19 0.531826
10 1 0.827598
10 2 0.815726
10 3 0.862831
10 4 0.660646
10 5 0.770385
10 6 0.861519
10 7 0.501180
10 8 0.859649
10 9 0.513090
10 10 0.769970
10 11 0.601653
10 12 0.739808
10 13 0.671840
10 14 0.722550
10 15 0.670330
10 16 0.694011
10 17 0.763254
10 18 0.804123
11 1 0.635826
11 2 0.629682
11 3 0.748628
11 4 0.558077
11 5 0.599997
11 6 0.657537
11 7 0.500628
11 8 0.653576
11 9 0.508737
11 10 0.601653
11 11 0.563026
11 12 0.589084
11 13 0.552984
11 14 0.591111
11 15 0.562552
11 16 0.572056
11 17 0.600382
11 18 0.617115
11 19 0.688441
12 2 0.807646
12 3 0.863523
12 4 0.658222
12 5 0.756430
12 6 0.856667
12 7 0.500918
12 9 0.522317
12 10 0.739808
12 11 0.589084
12 12 0.739180
12 13 0.681200
12 14 0.732319
12 15 0.663899
12 16 0.696057
12 17 0.755308
12 18 0.768365
12 19 0.887744
13 1 0.735767
13 2 0.737190
13 3 0.865504
13 4 0.632839
13 5 0.720756
13 6 0.779063
13 7 0.500649
13 9 0.526974
13 10 0.671840
13 11 0.552984
13 12 0.681200
13 13 0.684931
13 14 0.702502
13 15 0.633272
13 16 0.637632
13 17 0.698876
13 18 0.702936
13 19 0.812066
14 1 0.787213
14 2 0.794015
14 3 0.919168
14 4 0.656759
14 5 0.753086
14 6 0.832883
14 7 0.501228
14 9 0.506437
14 10 0.722550
14 11 0.591111
14 12 0.732319
14 13 0.702502
14 14 0.798459
14 15 0.671436
14 16 0.679895
14 17 0.742132
14 18 0.766827
14 19 0.877278
15 1 0.722081
15 2 0.721656
15 3 0.801484
15 4 0.610221
15 5 0.694763
15 6 0.752556
15 7 0.500823
15 9 0.515164
15 10 0.670330
15 11 0.562552
15 12 0.663899
15 13 0.633272
15 14 0.671436
15 15 0.619396
15 16 0.621710
15 17 0.680186
15 18 0.700639
15 19 0.801096
16 2 0.755551
16 3 0.817022
16 4 0.627911
16 5 0.702004
16 6 0.817892
16 7 0.500453
16 9 0.517270
16 10 0.694011
16 11 0.572056
16 12 0.696057
16 13 0.637632
16 14 0.679895
16 15 0.621710
16 16 0.677887
16 17 0.709287
16 18 0.708111
16 19 0.835737
17 2 0.827347
17 3 0.885110
17 5 0.786656
17 6 0.870472
17 7 0.501001
17 9 0.525253
17 10 0.763254
17 11 0.600382
17 12 0.755308
17 13 0.698876
17 14 0.742132
17 15 0.680186
17 16 0.709287
17 17 0.778184
17 18 0.793740
18 1 0.855294
18 2 0.847137
18 3 0.891544
18 4 0.680152
18 5 0.790568
18 6 0.876180
18 7 0.501504
18 8 0.893878
18 9 0.510466
18 10 0.804123
18 11 0.617115
18 12 0.768365
18 13 0.702936
18 14 0.766827
18 15 0.700639
18 16 0.708111
18 17 0.793740
18 18 0.856246
19 3 0.978155
19 4 0.788599
19 5 0.911244
19 6 0.974137
19 7 0.502222
19 9 0.531826
19 11 0.688441
19 12 0.887744
19 13 0.812066
19 14 0.877278
19 15 0.801096
19 16 0.835737
19 19 0.988011
