1 2 0.817540
1 3 0.861706
1 5 0.854356
1 8 0.953675
1 12 0.841268
1 16 0.607780
1 17 0.875849
1 19 0.864551
2 1 0.817540
2 8 0.843475
2 19 0.800299
3 1 0.861706
3 8 0.885423
4 17 0.500000
5 1 0.854356
5 8 0.893822
8 1 0.953675
8 2 0.843475
8 3 0.885423
8 5 0.893822
8 12 0.881562
8 13 0.896034
8 14 0.927324
8 15 0.821002
8 16 0.708762
8 17 0.906221
8 19 0.891194
10 19 0.822643
12 1 0.841268
12 8 0.881562
13 8 0.896034
14 8 0.927324
15 8 0.821002
16 1 0.607780
16 8 0.708762
17 1 0.875849
17 4 0.500000
17 8 0.906221
17 19 0.840813
18 19 0.419819
19 1 0.864551
19 2 0.800299
19 8 0.891194
19 10 0.822643
19 17 0.840813
19 18 0.419819
1 1 0.929572
1 4 0.500000
1 6 0.961075
1 7 0.503224
1 9 0.498538
1 10 0.728056
1 11 0.567452
1 13 0.846021
1 14 0.883898
1 15 0.771623
1 18 0.567128
2 2 0.776339
2 3 0.716119
2 4 0.500000
2 5 0.734372
2 6 0.847104
2 7 0.501444
2 9 0.485681
2 10 0.699095
2 11 0.532772
2 12 0.713076
2 13 0.735852
2 14 0.701613
2 15 0.653516
2 16 0.524253
2 17 0.780988
2 18 0.470260
3 2 0.716119
3 3 0.837179
3 4 0.500000
3 5 0.778023
3 6 0.936003
3 7 0.502528
3 9 0.502369
3 10 0.591355
3 11 0.556837
3 12 0.769734
3 13 0.741356
3 14 0.799123
3 15 0.692172
3 16 0.472871
3 17 0.779505
3 18 0.613394
3 19 0.707236
4 1 0.500000
4 2 0.500000
4 3 0.500000
4 4 0.500000
4 5 0.500000
4 6 0.500000
4 7 0.500000
4 8 0.500000
4 9 0.500000
4 10 0.500000
4 11 0.500000
4 12 0.500000
4 13 0.500000
4 14 0.500000
4 15 0.500000
4 16 0.500000
4 18 0.500000
4 19 0.500000
5 2 0.734372
5 3 0.778023
5 4 0.500000
5 5 0.785774
5 6 0.903068
5 7 0.502365
5 9 0.489498
5 10 0.631666
5 11 0.541246
5 12 0.768341
5 13 0.780581
5 14 0.789297
5 15 0.705117
5 16 0.588095
5 17 0.793626
5 18 0.550264
5 19 0.757214
6 1 0.961075
6 2 0.847104
6 3 0.936003
6 4 0.500000
6 5 0.903068
6 6 0.996294
6 7 0.502604
6 8 0.976270
6 9 0.539792
6 10 0.666788
6 11 0.587621
6 12 0.897901
6 13 0.870133
6 14 0.938750
6 15 0.803739
6 16 0.566956
6 17 0.898508
6 18 0.455787
6 19 0.838157
7 1 0.503224
7 2 0.501444
7 3 0.502528
7 4 0.500000
7 5 0.502365
7 6 0.502604
7 7 0.500042
7 8 0.504017
7 9 0.499619
7 10 0.500908
7 11 0.500496
7 12 0.502159
7 13 0.502836
7 14 0.502138
7 15 0.501876
7 16 0.500564
7 17 0.502603
7 18 0.503684
7 19 0.501974
8 4 0.500000
8 6 0.976270
8 7 0.504017
8 8 0.976804
8 9 0.495508
8 10 0.742572
8 11 0.552607
8 18 0.628133
9 1 0.498538
9 2 0.485681
9 3 0.502369
9 4 0.500000
9 5 0.489498
9 6 0.539792
9 7 0.499619
9 8 0.495508
9 9 0.522359
9 10 0.507201
9 11 0.507045
9 12 0.496062
9 13 0.480853
9 14 0.537476
9 15 0.493893
9 16 0.499943
9 17 0.488491
9 18 0.476162
9 19 0.503876
10 1 0.728056
10 2 0.699095
10 3 0.591355
10 4 0.500000
10 5 0.631666
10 6 0.666788
10 7 0.500908
10 8 0.742572
10 9 0.507201
10 10 0.752437
10 11 0.563854
10 12 0.620856
10 13 0.653254
10 14 0.677186
10 15 0.606726
10 16 0.579156
10 17 0.724082
10 18 0.418288
11 1 0.567452
11 2 0.532772
11 3 0.556837
11 4 0.500000
11 5 0.541246
11 6 0.587621
11 7 0.500496
11 8 0.552607
11 9 0.507045
11 10 0.563854
11 11 0.573094
11 12 0.536323
11 13 0.535591
11 14 0.541394
11 15 0.527415
11 16 0.470004
11 17 0.564384
11 18 0.462231
11 19 0.583864
12 2 0.713076
12 3 0.769734
12 4 0.500000
12 5 0.768341
12 6 0.897901
12 7 0.502159
12 9 0.496062
12 10 0.620856
12 11 0.536323
12 12 0.755147
12 13 0.760912
12 14 0.790752
12 15 0.693865
12 16 0.587616
12 17 0.775438
12 18 0.547942
12 19 0.740892
13 1 0.846021
13 2 0.735852
13 3 0.741356
13 4 0.500000
13 5 0.780581
13 6 0.870133
13 7 0.502836
13 9 0.480853
13 10 0.653254
13 11 0.535591
13 12 0.760912
13 13 0.809057
13 14 0.781004
13 15 0.711358
13 16 0.644149
13 17 0.797988
13 18 0.617504
13 19 0.781181
14 1 0.883898
14 2 0.701613
14 3 0.799123
14 4 0.500000
14 5 0.789297
14 6 0.938750
14 7 0.502138
14 9 0.537476
14 10 0.677186
14 11 0.541394
14 12 0.790752
14 13 0.781004
14 14 0.904030
14 15 0.737783
14 16 0.695830
14 17 0.800879
14 18 0.539854
14 19 0.807096
15 1 0.771623
15 2 0.653516
15 3 0.692172
15 4 0.500000
15 5 0.705117
15 6 0.803739
15 7 0.501876
15 9 0.493893
15 10 0.606726
15 11 0.527415
15 12 0.693865
15 13 0.711358
15 14 0.737783
15 15 0.655966
15 16 0.605610
15 17 0.717494
15 18 0.561645
15 19 0.702619
16 2 0.524253
16 3 0.472871
16 4 0.500000
16 5 0.588095
16 6 0.566956
16 7 0.500564
16 9 0.499943
16 10 0.579156
16 11 0.470004
16 12 0.587616
16 13 0.644149
16 14 0.695830
16 15 0.605610
16 16 0.814533
16 17 0.592811
16 18 0.509527
16 19 0.641992
17 2 0.780988
17 3 0.779505
17 5 0.793626
17 6 0.898508
17 7 0.502603
17 9 0.488491
17 10 0.724082
17 11 0.564384
17 12 0.775438
17 13 0.797988
17 14 0.800879
17 15 0.717494
17 16 0.592811
17 17 0.832216
17 18 0.519536
18 1 0.567128
18 2 0.470260
18 3 0.613394
18 4 0.500000
18 5 0.550264
18 6 0.455787
18 7 0.503684
18 8 0.628133
18 9 0.476162
18 10 0.418288
18 11 0.462231
18 12 0.547942
18 13 0.617504
18 14 0.539854
18 15 0.561645
18 16 0.509527
18 17 0.519536
18 18 0.957221
19 3 0.707236
19 4 0.500000
19 5 0.757214
19 6 0.838157
19 7 0.501974
19 9 0.503876
19 11 0.583864
19 12 0.740892
19 13 0.781181
19 14 0.807096
19 15 0.702619
19 16 0.641992
19 19 0.907931
