1 2 0.999802
1 3 0.985148
1 5 0.994156
1 8 0.999447
1 12 0.959735
1 16 0.932047
1 17 0.997723
1 19 0.999927
2 1 0.999802
2 8 0.998609
2 19 0.999834
3 1 0.985148
3 8 0.982436
4 17 0.877217
5 1 0.994156
5 8 0.986401
8 1 0.999447
8 2 0.998609
8 3 0.982436
8 5 0.986401
8 12 0.947008
8 13 0.960498
8 14 0.986294
8 15 0.912313
8 16 0.918026
8 17 0.992139
8 19 0.999452
10 19 0.500000
12 1 0.959735
12 8 0.947008
13 8 0.960498
14 8 0.986294
15 8 0.912313
16 1 0.932047
16 8 0.918026
17 1 0.997723
17 4 0.877217
17 8 0.992139
17 19 0.997919
18 19 0.999298
19 1 0.999927
19 2 0.999834
19 8 0.999452
19 10 0.500000
19 17 0.997919
19 18 0.999298
1 1 0.999917
1 4 0.948025
1 6 0.999956
1 7 0.504647
1 9 0.579694
1 10 0.500000
1 11 0.881616
1 13 0.977327
1 14 0.991915
1 15 0.929682
1 18 0.999116
2 2 0.999623
2 3 0.974710
2 4 0.928411
2 5 0.989467
2 6 0.999841
2 7 0.504102
2 9 0.570580
2 10 0.500000
2 11 0.863681
2 12 0.942140
2 13 0.964195
2 14 0.985839
2 15 0.905894
2 16 0.904359
2 17 0.995961
2 18 0.998536
3 2 0.974710
3 3 0.934538
3 4 0.783958
3 5 0.919401
3 6 0.997480
3 7 0.502699
3 9 0.554469
3 10 0.500000
3 11 0.701893
3 12 0.850475
3 13 0.863082
3 14 0.916311
3 15 0.802059
3 16 0.802494
3 17 0.936077
3 18 0.948818
3 19 0.985189
4 1 0.948025
4 2 0.928411
4 3 0.783958
4 4 0.741680
4 5 0.829099
4 6 0.955104
4 7 0.501484
4 8 0.914627
4 9 0.520743
4 10 0.500000
4 11 0.653905
4 12 0.731306
4 13 0.774290
4 14 0.819098
4 15 0.690178
4 16 0.695577
4 18 0.918762
4 19 0.949657
5 2 0.989467
5 3 0.919401
5 4 0.829099
5 5 0.950206
5 6 0.997109
5 7 0.502485
5 9 0.548199
5 10 0.500000
5 11 0.747044
5 12 0.857991
5 13 0.894963
5 14 0.935355
5 15 0.814365
5 16 0.826277
5 17 0.964350
5 18 0.972509
5 19 0.994123
6 1 0.999956
6 2 0.999841
6 3 0.997480
6 4 0.955104
6 5 0.997109
6 6 1.000000
6 7 0.505800
6 8 0.999913
6 9 0.625686
6 10 0.500000
6 11 0.921200
6 12 0.981870
6 13 0.987802
6 14 0.996807
6 15 0.963584
6 16 0.960676
6 17 0.998316
6 18 0.999654
6 19 0.999956
7 1 0.504647
7 2 0.504102
7 3 0.502699
7 4 0.501484
7 5 0.502485
7 6 0.505800
7 7 0.500019
7 8 0.504404
7 9 0.500173
7 10 0.500000
7 11 0.500975
7 12 0.501882
7 13 0.502000
7 14 0.503127
7 15 0.501488
7 16 0.501420
7 17 0.502962
7 18 0.504090
7 19 0.504726
8 4 0.914627
8 6 0.999913
8 7 0.504404
8 8 0.998859
8 9 0.576145
8 10 0.500000
8 11 0.828614
8 18 0.996037
9 1 0.579694
9 2 0.570580
9 3 0.554469
9 4 0.520743
9 5 0.548199
9 6 0.625686
9 7 0.500173
9 8 0.576145
9 9 0.511038
9 10 0.500000
9 11 0.510954
9 12 0.531694
9 13 0.532326
9 14 0.544556
9 15 0.528854
9 16 0.531987
9 17 0.548922
9 18 0.532338
9 19 0.579629
10 1 0.500000
10 2 0.500000
10 3 0.500000
10 4 0.500000
10 5 0.500000
10 6 0.500000
10 7 0.500000
10 8 0.500000
10 9 0.500000
10 10 0.500000
10 11 0.500000
10 12 0.500000
10 13 0.500000
10 14 0.500000
10 15 0.500000
10 16 0.500000
10 17 0.500000
10 18 0.500000
11 1 0.881616
11 2 0.863681
11 3 0.701893
11 4 0.653905
11 5 0.747044
11 6 0.921200
11 7 0.500975
11 8 0.828614
11 9 0.510954
11 10 0.500000
11 11 0.639031
11 12 0.659640
11 13 0.691938
11 14 0.732011
11 15 0.628779
11 16 0.621880
11 17 0.789323
11 18 0.877535
11 19 0.885079
12 2 0.942140
12 3 0.850475
12 4 0.731306
12 5 0.857991
12 6 0.981870
12 7 0.501882
12 9 0.531694
12 10 0.500000
12 11 0.659640
12 12 0.776756
12 13 0.794163
12 14 0.859457
12 15 0.730581
12 16 0.733084
12 17 0.885555
12 18 0.914429
12 19 0.960265
13 1 0.977327
13 2 0.964195
13 3 0.863082
13 4 0.774290
13 5 0.894963
13 6 0.987802
13 7 0.502000
13 9 0.532326
13 10 0.500000
13 11 0.691938
13 12 0.794163
13 13 0.835498
13 14 0.881319
13 15 0.748708
13 16 0.756100
13 17 0.920707
13 18 0.943809
13 19 0.977424
14 1 0.991915
14 2 0.985839
14 3 0.916311
14 4 0.819098
14 5 0.935355
14 6 0.996807
14 7 0.503127
14 9 0.544556
14 10 0.500000
14 11 0.732011
14 12 0.859457
14 13 0.881319
14 14 0.953338
14 15 0.816976
14 16 0.819333
14 17 0.955586
14 18 0.977160
14 19 0.992240
15 1 0.929682
15 2 0.905894
15 3 0.802059
15 4 0.690178
15 5 0.814365
15 6 0.963584
15 7 0.501488
15 9 0.528854
15 10 0.500000
15 11 0.628779
15 12 0.730581
15 13 0.748708
15 14 0.816976
15 15 0.694044
15 16 0.698872
15 17 0.839410
15 18 0.862429
15 19 0.929945
16 2 0.904359
16 3 0.802494
16 4 0.695577
16 5 0.826277
16 6 0.960676
16 7 0.501420
16 9 0.531987
16 10 0.500000
16 11 0.621880
16 12 0.733084
16 13 0.756100
16 14 0.819333
16 15 0.698872
16 16 0.718128
16 17 0.842708
16 18 0.840760
16 19 0.929991
17 2 0.995961
17 3 0.936077
17 5 0.964350
17 6 0.998316
17 7 0.502962
17 9 0.548922
17 10 0.500000
17 11 0.789323
17 12 0.885555
17 13 0.920707
17 14 0.955586
17 15 0.839410
17 16 0.842708
17 17 0.981961
17 18 0.991361
18 1 0.999116
18 2 0.998536
18 3 0.948818
18 4 0.918762
18 5 0.972509
18 6 0.999654
18 7 0.504090
18 8 0.996037
18 9 0.532338
18 10 0.500000
18 11 0.877535
18 12 0.914429
18 13 0.943809
18 14 0.977160
18 15 0.862429
18 16 0.840760
18 17 0.991361
18 18 0.999574
19 3 0.985189
19 4 0.949657
19 5 0.994123
19 6 0.999956
19 7 0.504726
19 9 0.579629
19 11 0.885079
19 12 0.960265
19 13 0.977424
19 14 0.992240
19 15 0.929945
19 16 0.929991
19 19 0.999938
