1 2 0.851446
1 3 0.848638
1 5 0.801590
1 8 0.884712
1 12 0.788937
1 16 0.819405
1 17 0.792594
1 19 0.822664
2 1 0.851446
2 8 0.813328
2 19 0.771416
3 1 0.848638
3 8 0.799673
4 17 0.683058
5 1 0.801590
5 8 0.738037
8 1 0.884712
8 2 0.813328
8 3 0.799673
8 5 0.738037
8 12 0.735969
8 13 0.703528
8 14 0.817743
8 15 0.669858
8 16 0.780209
8 17 0.730054
8 19 0.794308
10 19 0.747031
12 1 0.788937
12 8 0.735969
13 8 0.703528
14 8 0.817743
15 8 0.669858
16 1 0.819405
16 8 0.780209
17 1 0.792594
17 4 0.683058
17 8 0.730054
17 19 0.709700
18 19 0.768299
19 1 0.822664
19 2 0.771416
19 8 0.794308
19 10 0.747031
19 17 0.709700
19 18 0.768299
1 1 0.931290
1 4 0.720255
1 6 0.946671
1 7 0.501402
1 9 0.550089
1 10 0.675911
1 11 0.592646
1 13 0.751598
1 14 0.835850
1 15 0.690752
1 18 0.654137
2 2 0.786321
2 3 0.763954
2 4 0.643141
2 5 0.708588
2 6 0.874167
2 7 0.501047
2 9 0.521895
2 10 0.641386
2 11 0.545114
2 12 0.706706
2 13 0.670594
2 14 0.782479
2 15 0.648434
2 16 0.747564
2 17 0.709433
2 18 0.647469
3 2 0.763954
3 3 0.780920
3 4 0.607148
3 5 0.710839
3 6 0.800422
3 7 0.500661
3 9 0.525261
3 10 0.599132
3 11 0.580627
3 12 0.719625
3 13 0.618745
3 14 0.710265
3 15 0.632071
3 16 0.744170
3 17 0.681135
3 18 0.580130
3 19 0.723185
4 1 0.720255
4 2 0.643141
4 3 0.607148
4 4 0.674992
4 5 0.631389
4 6 0.873043
4 7 0.500925
4 8 0.655655
4 9 0.533090
4 10 0.596650
4 11 0.511247
4 12 0.601381
4 13 0.680176
4 14 0.706525
4 15 0.563699
4 16 0.604155
4 18 0.579676
4 19 0.648602
5 2 0.708588
5 3 0.710839
5 4 0.631389
5 5 0.693119
5 6 0.838563
5 7 0.500667
5 9 0.532996
5 10 0.610325
5 11 0.556292
5 12 0.666043
5 13 0.626714
5 14 0.658798
5 15 0.596324
5 16 0.684115
5 17 0.676749
5 18 0.588684
5 19 0.700631
6 1 0.946671
6 2 0.874167
6 3 0.800422
6 4 0.873043
6 5 0.838563
6 6 0.999278
6 7 0.502390
6 8 0.898271
6 9 0.598758
6 10 0.843000
6 11 0.557677
6 12 0.765895
6 13 0.917143
6 14 0.859708
6 15 0.721882
6 16 0.829412
6 17 0.896731
6 18 0.839695
6 19 0.932815
7 1 0.501402
7 2 0.501047
7 3 0.500661
7 4 0.500925
7 5 0.500667
7 6 0.502390
7 7 0.500027
7 8 0.501227
7 9 0.500084
7 10 0.500528
7 11 0.499852
7 12 0.500464
7 13 0.502074
7 14 0.502547
7 15 0.500576
7 16 0.500731
7 17 0.500984
7 18 0.500042
7 19 0.500647
8 4 0.655655
8 6 0.898271
8 7 0.501227
8 8 0.846842
8 9 0.526782
8 10 0.652382
8 11 0.563932
8 18 0.658163
9 1 0.550089
9 2 0.521895
9 3 0.525261
9 4 0.533090
9 5 0.532996
9 6 0.598758
9 7 0.500084
9 8 0.526782
9 9 0.517154
9 10 0.511951
9 11 0.505528
9 12 0.522636
9 13 0.543944
9 14 0.500489
9 15 0.508265
9 16 0.518292
9 17 0.534006
9 18 0.502531
9 19 0.517986
10 1 0.675911
10 2 0.641386
10 3 0.599132
10 4 0.596650
10 5 0.610325
10 6 0.843000
10 7 0.500528
10 8 0.652382
10 9 0.511951
10 10 0.682609
10 11 0.506735
10 12 0.569455
10 13 0.584296
10 14 0.645561
10 15 0.574537
10 16 0.610572
10 17 0.623372
10 18 0.675967
11 1 0.592646
11 2 0.545114
11 3 0.580627
11 4 0.511247
11 5 0.556292
11 6 0.557677
11 7 0.499852
11 8 0.563932
11 9 0.505528
11 10 0.506735
11 11 0.552830
11 12 0.560831
11 13 0.497963
11 14 0.486735
11 15 0.519477
11 16 0.560198
11 17 0.532257
11 18 0.498337
11 19 0.534536
12 2 0.706706
12 3 0.719625
12 4 0.601381
12 5 0.666043
12 6 0.765895
12 7 0.500464
12 9 0.522636
12 10 0.569455
12 11 0.560831
12 12 0.674372
12 13 0.595336
12 14 0.662702
12 15 0.597335
12 16 0.687498
12 17 0.654342
12 18 0.553738
12 19 0.665693
13 1 0.751598
13 2 0.670594
13 3 0.618745
13 4 0.680176
13 5 0.626714
13 6 0.917143
13 7 0.502074
13 9 0.543944
13 10 0.584296
13 11 0.497963
13 12 0.595336
13 13 0.964430
13 14 0.830607
13 15 0.598744
13 16 0.643407
13 17 0.683922
13 18 0.521326
13 19 0.616883
14 1 0.835850
14 2 0.782479
14 3 0.710265
14 4 0.706525
14 5 0.658798
14 6 0.859708
14 7 0.502547
14 9 0.500489
14 10 0.645561
14 11 0.486735
14 12 0.662702
14 13 0.830607
14 14 0.978443
14 15 0.667782
14 16 0.704137
14 17 0.738228
14 18 0.685202
14 19 0.762381
15 1 0.690752
15 2 0.648434
15 3 0.632071
15 4 0.563699
15 5 0.596324
15 6 0.721882
15 7 0.500576
15 9 0.508265
15 10 0.574537
15 11 0.519477
15 12 0.597335
15 13 0.598744
15 14 0.667782
15 15 0.576465
15 16 0.626780
15 17 0.598357
15 18 0.581511
15 19 0.647581
16 2 0.747564
16 3 0.744170
16 4 0.604155
16 5 0.684115
16 6 0.829412
16 7 0.500731
16 9 0.518292
16 10 0.610572
16 11 0.560198
16 12 0.687498
16 13 0.643407
16 14 0.704137
16 15 0.626780
16 16 0.726798
16 17 0.669309
16 18 0.610720
16 19 0.729974
17 2 0.709433
17 3 0.681135
17 5 0.676749
17 6 0.896731
17 7 0.500984
17 9 0.534006
17 10 0.623372
17 11 0.532257
17 12 0.654342
17 13 0.683922
17 14 0.738228
17 15 0.598357
17 16 0.669309
17 17 0.712225
17 18 0.610028
18 1 0.654137
18 2 0.647469
18 3 0.580130
18 4 0.579676
18 5 0.588684
18 6 0.839695
18 7 0.500042
18 8 0.658163
18 9 0.502531
18 10 0.675967
18 11 0.498337
18 12 0.553738
18 13 0.521326
18 14 0.685202
18 15 0.581511
18 16 0.610720
18 17 0.610028
18 18 0.734603
19 3 0.723185
19 4 0.648602
19 5 0.700631
19 6 0.932815
19 7 0.500647
19 9 0.517986
19 11 0.534536
19 12 0.665693
19 13 0.616883
19 14 0.762381
19 15 0.647581
19 16 0.729974
19 19 0.856943
