1 2 0.774160
1 3 0.749072
1 5 0.815734
1 8 0.878802
1 12 0.712084
1 16 0.651782
1 17 0.758984
1 19 0.777510
2 1 0.774160
2 8 0.843745
2 19 0.752253
3 1 0.749072
3 8 0.817356
4 17 0.622744
5 1 0.815734
5 8 0.913498
8 1 0.878802
8 2 0.843745
8 3 0.817356
8 5 0.913498
8 12 0.778037
8 13 0.792672
8 14 0.774953
8 15 0.500000
8 16 0.723557
8 17 0.825328
8 19 0.852655
10 19 0.800462
12 1 0.712084
12 8 0.778037
13 8 0.792672
14 8 0.774953
15 8 0.500000
16 1 0.651782
16 8 0.723557
17 1 0.758984
17 4 0.622744
17 8 0.825328
17 19 0.744998
18 19 0.609639
19 1 0.777510
19 2 0.752253
19 8 0.852655
19 10 0.800462
19 17 0.744998
19 18 0.609639
1 1 0.805926
1 4 0.635007
1 6 0.959094
1 7 0.501137
1 9 0.524626
1 10 0.715715
1 11 0.620944
1 13 0.711817
1 14 0.699107
1 15 0.500000
1 18 0.692982
2 2 0.751936
2 3 0.722280
2 4 0.617477
2 5 0.779274
2 6 0.946268
2 7 0.500988
2 9 0.520036
2 10 0.695747
2 11 0.611516
2 12 0.686508
2 13 0.682067
2 14 0.677810
2 15 0.500000
2 16 0.635210
2 17 0.735489
2 18 0.684085
3 2 0.722280
3 3 0.751201
3 4 0.570524
3 5 0.764292
3 6 0.957109
3 7 0.501403
3 9 0.515039
3 10 0.599588
3 11 0.634039
3 12 0.690051
3 13 0.696261
3 14 0.712742
3 15 0.500000
3 16 0.630159
3 17 0.704055
3 18 0.720585
3 19 0.634937
4 1 0.635007
4 2 0.617477
4 3 0.570524
4 4 0.586293
4 5 0.629985
4 6 0.676495
4 7 0.500249
4 8 0.679412
4 9 0.520665
4 10 0.635182
4 11 0.540985
4 12 0.571413
4 13 0.556841
4 14 0.475648
4 15 0.500000
4 16 0.556350
4 18 0.508791
4 19 0.676072
5 2 0.779274
5 3 0.764292
5 4 0.629985
5 5 0.895313
5 6 0.953035
5 7 0.501160
5 9 0.532771
5 10 0.713619
5 11 0.638335
5 12 0.723143
5 13 0.736496
5 14 0.674303
5 15 0.500000
5 16 0.677062
5 17 0.760702
5 18 0.643903
5 19 0.775624
6 1 0.959094
6 2 0.946268
6 3 0.957109
6 4 0.676495
6 5 0.953035
6 6 0.999979
6 7 0.503562
6 8 0.982217
6 9 0.524285
6 10 0.788135
6 11 0.834253
6 12 0.904435
6 13 0.900029
6 14 0.971595
6 15 0.500000
6 16 0.778636
6 17 0.922647
6 18 0.951341
6 19 0.857481
7 1 0.501137
7 2 0.500988
7 3 0.501403
7 4 0.500249
7 5 0.501160
7 6 0.503562
7 7 0.500010
7 8 0.501467
7 9 0.500090
7 10 0.500194
7 11 0.500765
7 12 0.500903
7 13 0.500913
7 14 0.500910
7 15 0.500000
7 16 0.500584
7 17 0.500940
7 18 0.501318
7 19 0.500244
8 4 0.679412
8 6 0.982217
8 7 0.501467
8 8 0.950447
8 9 0.536324
8 10 0.785227
8 11 0.655107
8 18 0.762532
9 1 0.524626
9 2 0.520036
9 3 0.515039
9 4 0.520665
9 5 0.532771
9 6 0.524285
9 7 0.500090
9 8 0.536324
9 9 0.511249
9 10 0.527819
9 11 0.517813
9 12 0.511595
9 13 0.506936
9 14 0.478841
9 15 0.500000
9 16 0.512755
9 17 0.525887
9 18 0.503399
9 19 0.533899
10 1 0.715715
10 2 0.695747
10 3 0.599588
10 4 0.635182
10 5 0.713619
10 6 0.788135
10 7 0.500194
10 8 0.785227
10 9 0.527819
10 10 0.743195
10 11 0.542987
10 12 0.605685
10 13 0.593756
10 14 0.571572
10 15 0.500000
10 16 0.592499
10 17 0.690028
10 18 0.602775
11 1 0.620944
11 2 0.611516
11 3 0.634039
11 4 0.540985
11 5 0.638335
11 6 0.834253
11 7 0.500765
11 8 0.655107
11 9 0.517813
11 10 0.542987
11 11 0.616698
11 12 0.591341
11 13 0.577868
11 14 0.472693
11 15 0.500000
11 16 0.565870
11 17 0.611313
11 18 0.569183
11 19 0.555374
12 2 0.686508
12 3 0.690051
12 4 0.571413
12 5 0.723143
12 6 0.904435
12 7 0.500903
12 9 0.511595
12 10 0.605685
12 11 0.591341
12 12 0.654368
12 13 0.657141
12 14 0.639925
12 15 0.500000
12 16 0.602909
12 17 0.672927
12 18 0.628318
12 19 0.645304
13 1 0.711817
13 2 0.682067
13 3 0.696261
13 4 0.556841
13 5 0.736496
13 6 0.900029
13 7 0.500913
13 9 0.506936
13 10 0.593756
13 11 0.577868
13 12 0.657141
13 13 0.679998
13 14 0.707962
13 15 0.500000
13 16 0.616252
13 17 0.661281
13 18 0.691557
13 19 0.629699
14 1 0.699107
14 2 0.677810
14 3 0.712742
14 4 0.475648
14 5 0.674303
14 6 0.971595
14 7 0.500910
14 9 0.478841
14 10 0.571572
14 11 0.472693
14 12 0.639925
14 13 0.707962
14 14 0.992880
14 15 0.500000
14 16 0.607642
14 17 0.599182
14 18 0.963880
14 19 0.588192
15 1 0.500000
15 2 0.500000
15 3 0.500000
15 4 0.500000
15 5 0.500000
15 6 0.500000
15 7 0.500000
15 9 0.500000
15 10 0.500000
15 11 0.500000
15 12 0.500000
15 13 0.500000
15 14 0.500000
15 15 0.500000
15 16 0.500000
15 17 0.500000
15 18 0.500000
15 19 0.500000
16 2 0.635210
16 3 0.630159
16 4 0.556350
16 5 0.677062
16 6 0.778636
16 7 0.500584
16 9 0.512755
16 10 0.592499
16 11 0.565870
16 12 0.602909
16 13 0.616252
16 14 0.607642
16 15 0.500000
16 16 0.602613
16 17 0.625650
16 18 0.649228
16 19 0.621450
17 2 0.735489
17 3 0.704055
17 5 0.760702
17 6 0.922647
17 7 0.500940
17 9 0.525887
17 10 0.690028
17 11 0.611313
17 12 0.672927
17 13 0.661281
17 14 0.599182
17 15 0.500000
17 16 0.625650
17 17 0.727709
17 18 0.630876
18 1 0.692982
18 2 0.684085
18 3 0.720585
18 4 0.508791
18 5 0.643903
18 6 0.951341
18 7 0.501318
18 8 0.762532
18 9 0.503399
18 10 0.602775
18 11 0.569183
18 12 0.628318
18 13 0.691557
18 14 0.963880
18 15 0.500000
18 16 0.649228
18 17 0.630876
18 18 0.980875
19 3 0.634937
19 4 0.676072
19 5 0.775624
19 6 0.857481
19 7 0.500244
19 9 0.533899
19 11 0.555374
19 12 0.645304
19 13 0.629699
19 14 0.588192
19 15 0.500000
19 16 0.621450
19 19 0.862090
