1 2 0.825994
1 3 0.770768
1 5 0.773875
1 8 0.873042
1 12 0.578048
1 16 0.751264
1 17 0.844759
1 19 0.945682
2 1 0.825994
2 8 0.859365
2 19 0.917171
3 1 0.770768
3 8 0.806805
4 17 0.500000
5 1 0.773875
5 8 0.779358
8 1 0.873042
8 2 0.859365
8 3 0.806805
8 5 0.779358
8 12 0.589390
8 13 0.825194
8 14 0.759729
8 15 0.712750
8 16 0.788910
8 17 0.854787
8 19 0.945889
10 19 0.982341
12 1 0.578048
12 8 0.589390
13 8 0.825194
14 8 0.759729
15 8 0.712750
16 1 0.751264
16 8 0.788910
17 1 0.844759
17 4 0.500000
17 8 0.854787
17 19 0.964584
18 19 0.989617
19 1 0.945682
19 2 0.917171
19 8 0.945889
19 10 0.982341
19 17 0.964584
19 18 0.989617
1 1 0.862671
1 4 0.500000
1 6 0.812657
1 7 0.500795
1 9 0.530306
1 10 0.846006
1 11 0.537858
1 13 0.750700
1 14 0.686902
1 15 0.662049
1 18 0.879914
2 2 0.823979
2 3 0.764489
2 4 0.500000
2 5 0.705576
2 6 0.631257
2 7 0.500869
2 9 0.516282
2 10 0.789446
2 11 0.545032
2 12 0.580322
2 13 0.772104
2 14 0.717310
2 15 0.669054
2 16 0.747850
2 17 0.813267
2 18 0.835872
3 2 0.764489
3 3 0.717229
3 4 0.500000
3 5 0.663269
3 6 0.629500
3 7 0.500724
3 9 0.513302
3 10 0.734945
3 11 0.528824
3 12 0.557744
3 13 0.725263
3 14 0.675643
3 15 0.637545
3 16 0.702351
3 17 0.758356
3 18 0.776980
3 19 0.864944
4 1 0.500000
4 2 0.500000
4 3 0.500000
4 4 0.500000
4 5 0.500000
4 6 0.500000
4 7 0.500000
4 8 0.500000
4 9 0.500000
4 10 0.500000
4 11 0.500000
4 12 0.500000
4 13 0.500000
4 14 0.500000
4 15 0.500000
4 16 0.500000
4 18 0.500000
4 19 0.500000
5 2 0.705576
5 3 0.663269
5 4 0.500000
5 5 0.988379
5 6 0.980333
5 7 0.499493
5 9 0.514939
5 10 0.668623
5 11 0.534413
5 12 0.631884
5 13 0.688832
5 14 0.535476
5 15 0.592783
5 16 0.657674
5 17 0.715061
5 18 0.693221
5 19 0.774516
6 1 0.812657
6 2 0.631257
6 3 0.629500
6 4 0.500000
6 5 0.980333
6 6 0.999546
6 7 0.499178
6 8 0.805090
6 9 0.565410
6 10 0.609785
6 11 0.611198
6 12 0.593537
6 13 0.665784
6 14 0.380410
6 15 0.579556
6 16 0.613311
6 17 0.662089
6 18 0.590249
6 19 0.649612
7 1 0.500795
7 2 0.500869
7 3 0.500724
7 4 0.500000
7 5 0.499493
7 6 0.499178
7 7 0.500008
7 8 0.501169
7 9 0.500203
7 10 0.501393
7 11 0.500045
7 12 0.500050
7 13 0.500780
7 14 0.501166
7 15 0.500500
7 16 0.500690
7 17 0.501166
7 18 0.501639
7 19 0.502276
8 4 0.500000
8 6 0.805090
8 7 0.501169
8 8 0.910972
8 9 0.525758
8 10 0.830698
8 11 0.564091
8 18 0.872602
9 1 0.530306
9 2 0.516282
9 3 0.513302
9 4 0.500000
9 5 0.514939
9 6 0.565410
9 7 0.500203
9 8 0.525758
9 9 0.519405
9 10 0.554846
9 11 0.503783
9 12 0.514847
9 13 0.505246
9 14 0.516108
9 15 0.501496
9 16 0.510752
9 17 0.538192
9 18 0.561855
9 19 0.577921
10 1 0.846006
10 2 0.789446
10 3 0.734945
10 4 0.500000
10 5 0.668623
10 6 0.609785
10 7 0.501393
10 8 0.830698
10 9 0.554846
10 10 0.935448
10 11 0.486417
10 12 0.551517
10 13 0.664854
10 14 0.705481
10 15 0.624042
10 16 0.715337
10 17 0.885534
10 18 0.950374
11 1 0.537858
11 2 0.545032
11 3 0.528824
11 4 0.500000
11 5 0.534413
11 6 0.611198
11 7 0.500045
11 8 0.564091
11 9 0.503783
11 10 0.486417
11 11 0.547609
11 12 0.500535
11 13 0.560637
11 14 0.515335
11 15 0.526670
11 16 0.527407
11 17 0.511784
11 18 0.480280
11 19 0.493402
12 2 0.580322
12 3 0.557744
12 4 0.500000
12 5 0.631884
12 6 0.593537
12 7 0.500050
12 9 0.514847
12 10 0.551517
12 11 0.500535
12 12 0.578004
12 13 0.559880
12 14 0.553576
12 15 0.525638
12 16 0.550903
12 17 0.572311
12 18 0.583019
12 19 0.608875
13 1 0.750700
13 2 0.772104
13 3 0.725263
13 4 0.500000
13 5 0.688832
13 6 0.665784
13 7 0.500780
13 9 0.505246
13 10 0.664854
13 11 0.560637
13 12 0.559880
13 13 0.785020
13 14 0.694886
13 15 0.664674
13 16 0.712703
13 17 0.729607
13 18 0.703339
13 19 0.809784
14 1 0.686902
14 2 0.717310
14 3 0.675643
14 4 0.500000
14 5 0.535476
14 6 0.380410
14 7 0.501166
14 9 0.516108
14 10 0.705481
14 11 0.515335
14 12 0.553576
14 13 0.694886
14 14 0.730350
14 15 0.624813
14 16 0.667271
14 17 0.719917
14 18 0.758190
14 19 0.836690
15 1 0.662049
15 2 0.669054
15 3 0.637545
15 4 0.500000
15 5 0.592783
15 6 0.579556
15 7 0.500500
15 9 0.501496
15 10 0.624042
15 11 0.526670
15 12 0.525638
15 13 0.664674
15 14 0.624813
15 15 0.598328
15 16 0.628877
15 17 0.652653
15 18 0.652709
15 19 0.727901
16 2 0.747850
16 3 0.702351
16 4 0.500000
16 5 0.657674
16 6 0.613311
16 7 0.500690
16 9 0.510752
16 10 0.715337
16 11 0.527407
16 12 0.550903
16 13 0.712703
16 14 0.667271
16 15 0.628877
16 16 0.690500
16 17 0.741060
16 18 0.755853
16 19 0.844666
17 2 0.813267
17 3 0.758356
17 5 0.715061
17 6 0.662089
17 7 0.501166
17 9 0.538192
17 10 0.885534
17 11 0.511784
17 12 0.572311
17 13 0.729607
17 14 0.719917
17 15 0.652653
17 16 0.741060
17 17 0.861328
17 18 0.913457
18 1 0.879914
18 2 0.835872
18 3 0.776980
18 4 0.500000
18 5 0.693221
18 6 0.590249
18 7 0.501639
18 8 0.872602
18 9 0.561855
18 10 0.950374
18 11 0.480280
18 12 0.583019
18 13 0.703339
18 14 0.758190
18 15 0.652709
18 16 0.755853
18 17 0.913457
18 18 0.966901
19 3 0.864944
19 4 0.500000
19 5 0.774516
19 6 0.649612
19 7 0.502276
19 9 0.577921
19 11 0.493402
19 12 0.608875
19 13 0.809784
19 14 0.836690
19 15 0.727901
19 16 0.844666
19 19 0.998112
