1 2 0.928646
1 3 0.841949
1 5 0.845235
1 8 0.967191
1 12 0.840154
1 16 0.819880
1 17 0.879225
1 19 0.946755
2 1 0.928646
2 8 0.971618
2 19 0.944919
3 1 0.841949
3 8 0.782817
4 17 0.721604
5 1 0.845235
5 8 0.932552
8 1 0.967191
8 2 0.971618
8 3 0.782817
8 5 0.932552
8 12 0.908697
8 13 0.909564
8 14 0.941966
8 15 0.867548
8 16 0.845672
8 17 0.941806
8 19 0.981462
10 19 0.500000
12 1 0.840154
12 8 0.908697
13 8 0.909564
14 8 0.941966
15 8 0.867548
16 1 0.819880
16 8 0.845672
17 1 0.879225
17 4 0.721604
17 8 0.941806
17 19 0.903401
18 19 0.875892
19 1 0.946755
19 2 0.944919
19 8 0.981462
19 10 0.500000
19 17 0.903401
19 18 0.875892
1 1 0.947229
1 4 0.760255
1 6 0.995601
1 7 0.501001
1 9 0.556517
1 10 0.500000
1 11 0.568845
1 13 0.803068
1 14 0.799888
1 15 0.754845
1 18 0.869755
2 2 0.926526
2 3 0.764473
2 4 0.750213
2 5 0.852603
2 6 0.989896
2 7 0.501247
2 9 0.559074
2 10 0.500000
2 11 0.544505
2 12 0.835716
2 13 0.815383
2 14 0.832685
2 15 0.767317
2 16 0.795216
2 17 0.877078
2 18 0.843945
3 2 0.764473
3 3 0.844883
3 4 0.610852
3 5 0.681675
3 6 0.987654
3 7 0.499651
3 9 0.540141
3 10 0.500000
3 11 0.574680
3 12 0.689015
3 13 0.633452
3 14 0.604695
3 15 0.611207
3 16 0.665565
3 17 0.690955
3 18 0.738552
3 19 0.782775
4 1 0.760255
4 2 0.750213
4 3 0.610852
4 4 0.650017
4 5 0.674923
4 6 0.845156
4 7 0.500759
4 8 0.820555
4 9 0.513129
4 10 0.500000
4 11 0.525379
4 12 0.666021
4 13 0.649000
4 14 0.644162
4 15 0.620286
4 16 0.669271
4 18 0.732261
4 19 0.782557
5 2 0.852603
5 3 0.681675
5 4 0.674923
5 5 0.803192
5 6 0.969758
5 7 0.500751
5 9 0.537832
5 10 0.500000
5 11 0.528699
5 12 0.760101
5 13 0.755259
5 14 0.790364
5 15 0.716070
5 16 0.699936
5 17 0.797176
5 18 0.801188
5 19 0.876178
6 1 0.995601
6 2 0.989896
6 3 0.987654
6 4 0.845156
6 5 0.969758
6 6 1.000000
6 7 0.499931
6 8 0.996476
6 9 0.632004
6 10 0.500000
6 11 0.692432
6 12 0.955775
6 13 0.931792
6 14 0.894508
6 15 0.886145
6 16 0.908468
6 17 0.963735
6 18 0.993076
6 19 0.993150
7 1 0.501001
7 2 0.501247
7 3 0.499651
7 4 0.500759
7 5 0.500751
7 6 0.499931
7 7 0.500011
7 8 0.501989
7 9 0.500062
7 10 0.500000
7 11 0.500013
7 12 0.500814
7 13 0.501020
7 14 0.500955
7 15 0.500673
7 16 0.500829
7 17 0.501195
7 18 0.501421
7 19 0.501440
8 4 0.820555
8 6 0.996476
8 7 0.501989
8 8 0.995687
8 9 0.598468
8 10 0.500000
8 11 0.550590
8 18 0.922503
9 1 0.556517
9 2 0.559074
9 3 0.540141
9 4 0.513129
9 5 0.537832
9 6 0.632004
9 7 0.500062
9 8 0.598468
9 9 0.526710
9 10 0.500000
9 11 0.510127
9 12 0.538977
9 13 0.548426
9 14 0.560324
9 15 0.535648
9 16 0.512205
9 17 0.535957
9 18 0.540244
9 19 0.563144
10 1 0.500000
10 2 0.500000
10 3 0.500000
10 4 0.500000
10 5 0.500000
10 6 0.500000
10 7 0.500000
10 8 0.500000
10 9 0.500000
10 10 0.500000
10 11 0.500000
10 12 0.500000
10 13 0.500000
10 14 0.500000
10 15 0.500000
10 16 0.500000
10 17 0.500000
10 18 0.500000
11 1 0.568845
11 2 0.544505
11 3 0.574680
11 4 0.525379
11 5 0.528699
11 6 0.692432
11 7 0.500013
11 8 0.550590
11 9 0.510127
11 10 0.500000
11 11 0.528611
11 12 0.530921
11 13 0.524519
11 14 0.512994
11 15 0.518667
11 16 0.531986
11 17 0.535693
11 18 0.596758
11 19 0.550767
12 2 0.835716
12 3 0.689015
12 4 0.666021
12 5 0.760101
12 6 0.955775
12 7 0.500814
12 9 0.538977
12 10 0.500000
12 11 0.530921
12 12 0.743111
12 13 0.727384
12 14 0.746136
12 15 0.688019
12 16 0.701427
12 17 0.778311
12 18 0.751797
12 19 0.859844
13 1 0.803068
13 2 0.815383
13 3 0.633452
13 4 0.649000
13 5 0.755259
13 6 0.931792
13 7 0.501020
13 9 0.548426
13 10 0.500000
13 11 0.524519
13 12 0.727384
13 13 0.746168
13 14 0.769267
13 15 0.692681
13 16 0.665534
13 17 0.762251
13 18 0.778829
13 19 0.838552
14 1 0.799888
14 2 0.832685
14 3 0.604695
14 4 0.644162
14 5 0.790364
14 6 0.894508
14 7 0.500955
14 9 0.560324
14 10 0.500000
14 11 0.512994
14 12 0.746136
14 13 0.769267
14 14 0.848088
14 15 0.733296
14 16 0.647651
14 17 0.773759
14 18 0.718364
14 19 0.855971
15 1 0.754845
15 2 0.767317
15 3 0.611207
15 4 0.620286
15 5 0.716070
15 6 0.886145
15 7 0.500673
15 9 0.535648
15 10 0.500000
15 11 0.518667
15 12 0.688019
15 13 0.692681
15 14 0.733296
15 15 0.661296
15 16 0.629570
15 17 0.717451
15 18 0.702079
15 19 0.791015
16 2 0.795216
16 3 0.665565
16 4 0.669271
16 5 0.699936
16 6 0.908468
16 7 0.500829
16 9 0.512205
16 10 0.500000
16 11 0.531986
16 12 0.701427
16 13 0.665534
16 14 0.647651
16 15 0.629570
16 16 0.729695
16 17 0.752950
16 18 0.753643
16 19 0.825818
17 2 0.877078
17 3 0.690955
17 5 0.797176
17 6 0.963735
17 7 0.501195
17 9 0.535957
17 10 0.500000
17 11 0.535693
17 12 0.778311
17 13 0.762251
17 14 0.773759
17 15 0.717451
17 16 0.752950
17 17 0.832573
17 18 0.822547
18 1 0.869755
18 2 0.843945
18 3 0.738552
18 4 0.732261
18 5 0.801188
18 6 0.993076
18 7 0.501421
18 8 0.922503
18 9 0.540244
18 10 0.500000
18 11 0.596758
18 12 0.751797
18 13 0.778829
18 14 0.718364
18 15 0.702079
18 16 0.753643
18 17 0.822547
18 18 0.984866
19 3 0.782775
19 4 0.782557
19 5 0.876178
19 6 0.993150
19 7 0.501440
19 9 0.563144
19 11 0.550767
19 12 0.859844
19 13 0.838552
19 14 0.855971
19 15 0.791015
19 16 0.825818
19 19 0.961151
