1 2 0.998597
1 3 0.897641
1 5 0.887945
1 8 0.926458
1 12 0.848381
1 16 0.884381
1 17 0.958311
1 19 0.997025
2 1 0.998597
2 8 0.994881
2 19 0.999967
3 1 0.897641
3 8 0.834619
4 17 0.856745
5 1 0.887945
5 8 0.847759
8 1 0.926458
8 2 0.994881
8 3 0.834619
8 5 0.847759
8 12 0.804509
8 13 0.831279
8 14 0.984013
8 15 0.720228
8 16 0.828460
8 17 0.898789
8 19 0.975386
10 19 0.999699
12 1 0.848381
12 8 0.804509
13 8 0.831279
14 8 0.984013
15 8 0.720228
16 1 0.884381
16 8 0.828460
17 1 0.958311
17 4 0.856745
17 8 0.898789
17 19 0.997340
18 19 0.999889
19 1 0.997025
19 2 0.999967
19 8 0.975386
19 10 0.999699
19 17 0.997340
19 18 0.999889
1 1 0.969471
1 4 0.854387
1 6 0.999387
1 7 0.503663
1 9 0.618701
1 10 0.977928
1 11 0.676481
1 13 0.806968
1 14 0.991047
1 15 0.727108
1 18 0.986614
2 2 1.000000
2 3 0.982300
2 4 0.958795
2 5 0.978043
2 6 1.000000
2 7 0.506577
2 9 0.779530
2 10 0.998706
2 11 0.898772
2 12 0.963369
2 13 0.957061
2 14 0.999905
2 15 0.898165
2 16 0.975055
2 17 0.996225
2 18 0.999677
3 2 0.982300
3 3 0.811375
3 4 0.735175
3 5 0.785279
3 6 0.987742
3 7 0.502227
3 9 0.569809
3 10 0.894658
3 11 0.591112
3 12 0.746628
3 13 0.721264
3 14 0.963751
3 15 0.652011
3 16 0.779265
3 17 0.863097
3 18 0.918981
3 19 0.965195
4 1 0.854387
4 2 0.958795
4 3 0.735175
4 4 0.741224
4 5 0.739909
4 6 0.973702
4 7 0.502057
4 8 0.769051
4 9 0.562971
4 10 0.909587
4 11 0.616758
4 12 0.704279
4 13 0.645233
4 14 0.887114
4 15 0.612593
4 16 0.743637
4 18 0.927151
4 19 0.969512
5 2 0.978043
5 3 0.785279
5 4 0.739909
5 5 0.801195
5 6 0.991664
5 7 0.502294
5 9 0.574051
5 10 0.888375
5 11 0.621107
5 12 0.755528
5 13 0.751770
5 14 0.957156
5 15 0.669594
5 16 0.786676
5 17 0.866809
5 18 0.907392
5 19 0.961333
6 1 0.999387
6 2 1.000000
6 3 0.987742
6 4 0.973702
6 5 0.991664
6 6 1.000000
6 7 0.508545
6 8 0.998469
6 9 0.818072
6 10 0.998832
6 11 0.940447
6 12 0.982739
6 13 0.983574
6 14 0.999974
6 15 0.941859
6 16 0.988802
6 17 0.998312
6 18 0.999665
6 19 0.999976
7 1 0.503663
7 2 0.506577
7 3 0.502227
7 4 0.502057
7 5 0.502294
7 6 0.508545
7 7 0.500024
7 8 0.502504
7 9 0.500459
7 10 0.504127
7 11 0.501051
7 12 0.501847
7 13 0.501123
7 14 0.504236
7 15 0.501062
7 16 0.502313
7 17 0.503517
7 18 0.504585
7 19 0.506304
8 4 0.769051
8 6 0.998469
8 7 0.502504
8 8 0.906939
8 9 0.600600
8 10 0.913357
8 11 0.668269
8 18 0.931529
9 1 0.618701
9 2 0.779530
9 3 0.569809
9 4 0.562971
9 5 0.574051
9 6 0.818072
9 7 0.500459
9 8 0.600600
9 9 0.527122
9 10 0.622838
9 11 0.536043
9 12 0.565037
9 13 0.563946
9 14 0.692203
9 15 0.541310
9 16 0.571415
9 17 0.607962
9 18 0.639279
9 19 0.683440
10 1 0.977928
10 2 0.998706
10 3 0.894658
10 4 0.909587
10 5 0.888375
10 6 0.998832
10 7 0.504127
10 8 0.913357
10 9 0.622838
10 10 0.995773
10 11 0.731771
10 12 0.850742
10 13 0.739880
10 14 0.975125
10 15 0.696251
10 16 0.899436
10 17 0.980734
10 18 0.997730
11 1 0.676481
11 2 0.898772
11 3 0.591112
11 4 0.616758
11 5 0.621107
11 6 0.940447
11 7 0.501051
11 8 0.668269
11 9 0.536043
11 10 0.731771
11 11 0.661589
11 12 0.598394
11 13 0.612764
11 14 0.590820
11 15 0.579810
11 16 0.611229
11 17 0.683048
11 18 0.751689
11 19 0.817340
12 2 0.963369
12 3 0.746628
12 4 0.704279
12 5 0.755528
12 6 0.982739
12 7 0.501847
12 9 0.565037
12 10 0.850742
12 11 0.598394
12 12 0.719516
12 13 0.713103
12 14 0.939168
12 15 0.639782
12 16 0.746139
12 17 0.825539
12 18 0.872411
12 19 0.936522
13 1 0.806968
13 2 0.957061
13 3 0.721264
13 4 0.645233
13 5 0.751770
13 6 0.983574
13 7 0.501123
13 9 0.563946
13 10 0.739880
13 11 0.612764
13 12 0.713103
13 13 0.791430
13 14 0.946921
13 15 0.665125
13 16 0.720649
13 17 0.758779
13 18 0.748587
13 19 0.843190
14 1 0.991047
14 2 0.999905
14 3 0.963751
14 4 0.887114
14 5 0.957156
14 6 0.999974
14 7 0.504236
14 9 0.692203
14 10 0.975125
14 11 0.590820
14 12 0.939168
14 13 0.946921
14 14 0.999990
14 15 0.844169
14 16 0.951617
14 17 0.978152
14 18 0.980779
14 19 0.997090
15 1 0.727108
15 2 0.898165
15 3 0.652011
15 4 0.612593
15 5 0.669594
15 6 0.941859
15 7 0.501062
15 9 0.541310
15 10 0.696251
15 11 0.579810
15 12 0.639782
15 13 0.665125
15 14 0.844169
15 15 0.602204
15 16 0.653235
15 17 0.696837
15 18 0.712279
15 19 0.787673
16 2 0.975055
16 3 0.779265
16 4 0.743637
16 5 0.786676
16 6 0.988802
16 7 0.502313
16 9 0.571415
16 10 0.899436
16 11 0.611229
16 12 0.746139
16 13 0.720649
16 14 0.951617
16 15 0.653235
16 16 0.781176
16 17 0.868538
16 18 0.917901
16 19 0.966324
17 2 0.996225
17 3 0.863097
17 5 0.866809
17 6 0.998312
17 7 0.503517
17 9 0.607962
17 10 0.980734
17 11 0.683048
17 12 0.825539
17 13 0.758779
17 14 0.978152
17 15 0.696837
17 16 0.868538
17 17 0.956638
17 18 0.987528
18 1 0.986614
18 2 0.999677
18 3 0.918981
18 4 0.927151
18 5 0.907392
18 6 0.999665
18 7 0.504585
18 8 0.931529
18 9 0.639279
18 10 0.997730
18 11 0.751689
18 12 0.872411
18 13 0.748587
18 14 0.980779
18 15 0.712279
18 16 0.917901
18 17 0.987528
18 18 0.999072
19 3 0.965195
19 4 0.969512
19 5 0.961333
19 6 0.999976
19 7 0.506304
19 9 0.683440
19 11 0.817340
19 12 0.936522
19 13 0.843190
19 14 0.997090
19 15 0.787673
19 16 0.966324
19 19 0.999994
