1 2 0.986445
1 3 0.876157
1 5 0.938246
1 8 0.993062
1 12 0.872540
1 16 0.942205
1 17 0.849974
1 19 0.995568
2 1 0.986445
2 8 0.998256
2 19 0.998875
3 1 0.876157
3 8 0.930095
4 17 0.620428
5 1 0.938246
5 8 0.978964
8 1 0.993062
8 2 0.998256
8 3 0.930095
8 5 0.978964
8 12 0.954208
8 13 0.974811
8 14 0.973294
8 15 0.500000
8 16 0.982194
8 17 0.910727
8 19 0.999580
10 19 0.996322
12 1 0.872540
12 8 0.954208
13 8 0.974811
14 8 0.973294
15 8 0.500000
16 1 0.942205
16 8 0.982194
17 1 0.849974
17 4 0.620428
17 8 0.910727
17 19 0.931258
18 19 0.995181
19 1 0.995568
19 2 0.998875
19 8 0.999580
19 10 0.996322
19 17 0.931258
19 18 0.995181
1 1 0.972759
1 4 0.693718
1 6 0.893204
1 7 0.501273
1 9 0.512987
1 10 0.971435
1 11 0.715127
1 13 0.923915
1 14 0.886682
1 15 0.500000
1 18 0.966193
2 2 0.995989
2 3 0.906308
2 4 0.706951
2 5 0.963240
2 6 0.872350
2 7 0.501964
2 9 0.501760
2 10 0.987592
2 11 0.778461
2 12 0.922935
2 13 0.959418
2 14 0.942804
2 15 0.500000
2 16 0.968114
2 17 0.880519
2 18 0.985521
3 2 0.906308
3 3 0.757079
3 4 0.607757
3 5 0.811490
3 6 0.763855
3 7 0.500557
3 9 0.508165
3 10 0.874455
3 11 0.614053
3 12 0.725033
3 13 0.787425
3 14 0.726617
3 15 0.500000
3 16 0.817160
3 17 0.721022
3 18 0.853841
3 19 0.949225
4 1 0.693718
4 2 0.706951
4 3 0.607757
4 4 0.575393
4 5 0.645131
4 6 0.500738
4 7 0.500143
4 8 0.735828
4 9 0.505077
4 10 0.696438
4 11 0.539304
4 12 0.592114
4 13 0.629219
4 14 0.587413
4 15 0.500000
4 16 0.649427
4 18 0.699403
4 19 0.767201
5 2 0.963240
5 3 0.811490
5 4 0.645131
5 5 0.894720
5 6 0.899058
5 7 0.501056
5 9 0.512286
5 10 0.933283
5 11 0.678914
5 12 0.822613
5 13 0.871860
5 14 0.847661
5 15 0.500000
5 16 0.895627
5 17 0.786054
5 18 0.922832
5 19 0.983823
6 1 0.893204
6 2 0.872350
6 3 0.763855
6 4 0.500738
6 5 0.899058
6 6 1.000000
6 7 0.503941
6 8 0.920073
6 9 0.573316
6 10 0.683328
6 11 0.649301
6 12 0.793212
6 13 0.758970
6 14 0.833285
6 15 0.500000
6 16 0.838610
6 17 0.635050
6 18 0.819452
6 19 0.890110
7 1 0.501273
7 2 0.501964
7 3 0.500557
7 4 0.500143
7 5 0.501056
7 6 0.503941
7 7 0.500017
7 8 0.502067
7 9 0.500012
7 10 0.501277
7 11 0.500544
7 12 0.500798
7 13 0.500993
7 14 0.501043
7 15 0.500000
7 16 0.501061
7 17 0.500494
7 18 0.501546
7 19 0.502191
8 4 0.735828
8 6 0.920073
8 7 0.502067
8 8 0.999487
8 9 0.499153
8 10 0.992808
8 11 0.830434
8 18 0.992384
9 1 0.512987
9 2 0.501760
9 3 0.508165
9 4 0.505077
9 5 0.512286
9 6 0.573316
9 7 0.500012
9 8 0.499153
9 9 0.507421
9 10 0.503951
9 11 0.489841
9 12 0.500016
9 13 0.506655
9 14 0.493814
9 15 0.500000
9 16 0.505602
9 17 0.506013
9 18 0.496426
9 19 0.505487
10 1 0.971435
10 2 0.987592
10 3 0.874455
10 4 0.696438
10 5 0.933283
10 6 0.683328
10 7 0.501277
10 8 0.992808
10 9 0.503951
10 10 0.977434
10 11 0.720800
10 12 0.863292
10 13 0.923125
10 14 0.877140
10 15 0.500000
10 16 0.939233
10 17 0.851864
10 18 0.973208
11 1 0.715127
11 2 0.778461
11 3 0.614053
11 4 0.539304
11 5 0.678914
11 6 0.649301
11 7 0.500544
11 8 0.830434
11 9 0.489841
11 10 0.720800
11 11 0.626021
11 12 0.658967
11 13 0.657048
11 14 0.708737
11 15 0.500000
11 16 0.686385
11 17 0.604447
11 18 0.736748
11 19 0.821660
12 2 0.922935
12 3 0.725033
12 4 0.592114
12 5 0.822613
12 6 0.793212
12 7 0.500798
12 9 0.500016
12 10 0.863292
12 11 0.658967
12 12 0.780350
12 13 0.809211
12 14 0.825420
12 15 0.500000
12 16 0.829853
12 17 0.706061
12 18 0.863903
12 19 0.952166
13 1 0.923915
13 2 0.959418
13 3 0.787425
13 4 0.629219
13 5 0.871860
13 6 0.758970
13 7 0.500993
13 9 0.506655
13 10 0.923125
13 11 0.657048
13 12 0.809211
13 13 0.867908
13 14 0.836030
13 15 0.500000
13 16 0.879559
13 17 0.762229
13 18 0.909490
13 19 0.979860
14 1 0.886682
14 2 0.942804
14 3 0.726617
14 4 0.587413
14 5 0.847661
14 6 0.833285
14 7 0.501043
14 9 0.493814
14 10 0.877140
14 11 0.708737
14 12 0.825420
14 13 0.836030
14 14 0.896098
14 15 0.500000
14 16 0.854374
14 17 0.712550
14 18 0.879112
14 19 0.964408
15 1 0.500000
15 2 0.500000
15 3 0.500000
15 4 0.500000
15 5 0.500000
15 6 0.500000
15 7 0.500000
15 9 0.500000
15 10 0.500000
15 11 0.500000
15 12 0.500000
15 13 0.500000
15 14 0.500000
15 15 0.500000
15 16 0.500000
15 17 0.500000
15 18 0.500000
15 19 0.500000
16 2 0.968114
16 3 0.817160
16 4 0.649427
16 5 0.895627
16 6 0.838610
16 7 0.501061
16 9 0.505602
16 10 0.939233
16 11 0.686385
16 12 0.829853
16 13 0.879559
16 14 0.854374
16 15 0.500000
16 16 0.901872
16 17 0.792514
16 18 0.929979
16 19 0.986123
17 2 0.880519
17 3 0.721022
17 5 0.786054
17 6 0.635050
17 7 0.500494
17 9 0.506013
17 10 0.851864
17 11 0.604447
17 12 0.706061
17 13 0.762229
17 14 0.712550
17 15 0.500000
17 16 0.792514
17 17 0.716201
17 18 0.844577
18 1 0.966193
18 2 0.985521
18 3 0.853841
18 4 0.699403
18 5 0.922832
18 6 0.819452
18 7 0.501546
18 8 0.992384
18 9 0.496426
18 10 0.973208
18 11 0.736748
18 12 0.863903
18 13 0.909490
18 14 0.879112
18 15 0.500000
18 16 0.929979
18 17 0.844577
18 18 0.993586
19 3 0.949225
19 4 0.767201
19 5 0.983823
19 6 0.890110
19 7 0.502191
19 9 0.505487
19 11 0.821660
19 12 0.952166
19 13 0.979860
19 14 0.964408
19 15 0.500000
19 16 0.986123
19 19 0.999803
