1 2 0.950032
1 3 0.777448
1 5 0.910844
1 8 0.935063
1 12 0.882277
1 16 0.833082
1 17 0.923518
1 19 0.980993
2 1 0.950032
2 8 0.906447
2 19 0.960784
3 1 0.777448
3 8 0.824589
4 17 0.708561
5 1 0.910844
5 8 0.893308
8 1 0.935063
8 2 0.906447
8 3 0.824589
8 5 0.893308
8 12 0.872373
8 13 0.887293
8 14 0.981140
8 15 0.789880
8 16 0.814966
8 17 0.923251
8 19 0.982013
10 19 0.980889
12 1 0.882277
12 8 0.872373
13 8 0.887293
14 8 0.981140
15 8 0.789880
16 1 0.833082
16 8 0.814966
17 1 0.923518
17 4 0.708561
17 8 0.923251
17 19 0.974087
18 19 0.994599
19 1 0.980993
19 2 0.960784
19 8 0.982013
19 10 0.980889
19 17 0.974087
19 18 0.994599
1 1 0.953247
1 4 0.715999
1 6 0.980206
1 7 0.503917
1 9 0.604848
1 10 0.920831
1 11 0.800688
1 13 0.893684
1 14 0.966121
1 15 0.766096
1 18 0.952997
2 2 0.975406
2 3 0.772273
2 4 0.685079
2 5 0.905660
2 6 0.955513
2 7 0.503703
2 9 0.588981
2 10 0.885250
2 11 0.772704
2 12 0.878605
2 13 0.899022
2 14 0.949834
2 15 0.745279
2 16 0.801642
2 17 0.909015
2 18 0.894271
3 2 0.772273
3 3 0.767052
3 4 0.623073
3 5 0.744514
3 6 0.895994
3 7 0.501592
3 9 0.539176
3 10 0.766736
3 11 0.687497
3 12 0.736841
3 13 0.745630
3 14 0.903557
3 15 0.678380
3 16 0.666113
3 17 0.779117
3 18 0.769658
3 19 0.862719
4 1 0.715999
4 2 0.685079
4 3 0.623073
4 4 0.604015
4 5 0.665377
4 6 0.774146
4 7 0.501016
4 8 0.732186
4 9 0.537103
4 10 0.702758
4 11 0.619968
4 12 0.653946
4 13 0.676514
4 14 0.813651
4 15 0.608646
4 16 0.621859
4 18 0.738466
4 19 0.798156
5 2 0.905660
5 3 0.744514
5 4 0.665377
5 5 0.870767
5 6 0.955537
5 7 0.503059
5 9 0.574565
5 10 0.877015
5 11 0.750157
5 12 0.837347
5 13 0.841133
5 14 0.925836
5 15 0.732172
5 16 0.774920
5 17 0.876971
5 18 0.908249
5 19 0.957618
6 1 0.980206
6 2 0.955513
6 3 0.895994
6 4 0.774146
6 5 0.955537
6 6 0.999986
6 7 0.505714
6 8 0.983619
6 9 0.696218
6 10 0.980121
6 11 0.911303
6 12 0.940824
6 13 0.945651
6 14 0.998651
6 15 0.850726
6 16 0.930472
6 17 0.973266
6 18 0.996760
6 19 0.998477
7 1 0.503917
7 2 0.503703
7 3 0.501592
7 4 0.501016
7 5 0.503059
7 6 0.505714
7 7 0.500040
7 8 0.503233
7 9 0.500578
7 10 0.502801
7 11 0.501121
7 12 0.502501
7 13 0.502310
7 14 0.502259
7 15 0.501234
7 16 0.502127
7 17 0.503017
7 18 0.503974
7 19 0.504771
8 4 0.732186
8 6 0.983619
8 7 0.503233
8 8 0.947514
8 9 0.597962
8 10 0.923409
8 11 0.816605
8 18 0.956114
9 1 0.604848
9 2 0.588981
9 3 0.539176
9 4 0.537103
9 5 0.574565
9 6 0.696218
9 7 0.500578
9 8 0.597962
9 9 0.526056
9 10 0.587439
9 11 0.555249
9 12 0.564731
9 13 0.575425
9 14 0.648548
9 15 0.537362
9 16 0.561484
9 17 0.588733
9 18 0.628394
9 19 0.645289
10 1 0.920831
10 2 0.885250
10 3 0.766736
10 4 0.702758
10 5 0.877015
10 6 0.980121
10 7 0.502801
10 8 0.923409
10 9 0.587439
10 10 0.921840
10 11 0.778740
10 12 0.850277
10 13 0.862739
10 14 0.965372
10 15 0.757645
10 16 0.807101
10 17 0.906158
10 18 0.958100
11 1 0.800688
11 2 0.772704
11 3 0.687497
11 4 0.619968
11 5 0.750157
11 6 0.911303
11 7 0.501121
11 8 0.816605
11 9 0.555249
11 10 0.778740
11 11 0.764385
11 12 0.740044
11 13 0.752199
11 14 0.905295
11 15 0.674102
11 16 0.686921
11 17 0.780598
11 18 0.820623
11 19 0.882515
12 2 0.878605
12 3 0.736841
12 4 0.653946
12 5 0.837347
12 6 0.940824
12 7 0.502501
12 9 0.564731
12 10 0.850277
12 11 0.740044
12 12 0.809927
12 13 0.818094
12 14 0.920746
12 15 0.714396
12 16 0.745782
12 17 0.852435
12 18 0.880612
12 19 0.939681
13 1 0.893684
13 2 0.899022
13 3 0.745630
13 4 0.676514
13 5 0.841133
13 6 0.945651
13 7 0.502310
13 9 0.575425
13 10 0.862739
13 11 0.752199
13 12 0.818094
13 13 0.844561
13 14 0.950674
13 15 0.725295
13 16 0.751445
13 17 0.870056
13 18 0.894355
13 19 0.948460
14 1 0.966121
14 2 0.949834
14 3 0.903557
14 4 0.813651
14 5 0.925836
14 6 0.998651
14 7 0.502259
14 9 0.648548
14 10 0.965372
14 11 0.905295
14 12 0.920746
14 13 0.950674
14 14 0.999250
14 15 0.857614
14 16 0.874498
14 17 0.966902
14 18 0.985069
14 19 0.995247
15 1 0.766096
15 2 0.745279
15 3 0.678380
15 4 0.608646
15 5 0.732172
15 6 0.850726
15 7 0.501234
15 9 0.537362
15 10 0.757645
15 11 0.674102
15 12 0.714396
15 13 0.725295
15 14 0.857614
15 15 0.660239
15 16 0.654024
15 17 0.757632
15 18 0.782417
15 19 0.856437
16 2 0.801642
16 3 0.666113
16 4 0.621859
16 5 0.774920
16 6 0.930472
16 7 0.502127
16 9 0.561484
16 10 0.807101
16 11 0.686921
16 12 0.745782
16 13 0.751445
16 14 0.874498
16 15 0.654024
16 16 0.719181
16 17 0.795900
16 18 0.867929
16 19 0.910649
17 2 0.909015
17 3 0.779117
17 5 0.876971
17 6 0.973266
17 7 0.503017
17 9 0.588733
17 10 0.906158
17 11 0.780598
17 12 0.852435
17 13 0.870056
17 14 0.966902
17 15 0.757632
17 16 0.795900
17 17 0.905453
17 18 0.941405
18 1 0.952997
18 2 0.894271
18 3 0.769658
18 4 0.738466
18 5 0.908249
18 6 0.996760
18 7 0.503974
18 8 0.956114
18 9 0.628394
18 10 0.958100
18 11 0.820623
18 12 0.880612
18 13 0.894355
18 14 0.985069
18 15 0.782417
18 16 0.867929
18 17 0.941405
18 18 0.990802
19 3 0.862719
19 4 0.798156
19 5 0.957618
19 6 0.998477
19 7 0.504771
19 9 0.645289
19 11 0.882515
19 12 0.939681
19 13 0.948460
19 14 0.995247
19 15 0.856437
19 16 0.910649
19 19 0.998284
