1 2 0.952953
1 3 0.941032
1 5 0.906996
1 8 0.989011
1 12 0.873120
1 16 0.820614
1 17 0.923702
1 19 0.970343
2 1 0.952953
2 8 0.975323
2 19 0.949189
3 1 0.941032
3 8 0.965131
4 17 0.665577
5 1 0.906996
5 8 0.946115
8 1 0.989011
8 2 0.975323
8 3 0.965131
8 5 0.946115
8 12 0.900405
8 13 0.967253
8 14 0.964277
8 15 0.500000
8 16 0.880807
8 17 0.954426
8 19 0.987516
10 19 0.892703
12 1 0.873120
12 8 0.900405
13 8 0.967253
14 8 0.964277
15 8 0.500000
16 1 0.820614
16 8 0.880807
17 1 0.923702
17 4 0.665577
17 8 0.954426
17 19 0.920672
18 19 0.837548
19 1 0.970343
19 2 0.949189
19 8 0.987516
19 10 0.892703
19 17 0.920672
19 18 0.837548
1 1 0.977481
1 4 0.720141
1 6 0.998985
1 7 0.501781
1 9 0.574130
1 10 0.864939
1 11 0.700630
1 13 0.924437
1 14 0.925855
1 15 0.500000
1 18 0.880756
2 2 0.923272
2 3 0.900274
2 4 0.682951
2 5 0.869496
2 6 0.994793
2 7 0.501542
2 9 0.557989
2 10 0.834868
2 11 0.648705
2 12 0.814583
2 13 0.899336
2 14 0.894964
2 15 0.500000
2 16 0.782931
2 17 0.886173
2 18 0.801845
3 2 0.900274
3 3 0.892714
3 4 0.658647
3 5 0.849327
3 6 0.994983
3 7 0.501393
3 9 0.559790
3 10 0.798240
3 11 0.668342
3 12 0.806044
3 13 0.892776
3 14 0.867390
3 15 0.500000
3 16 0.757363
3 17 0.861019
3 18 0.837640
3 19 0.928723
4 1 0.720141
4 2 0.682951
4 3 0.658647
4 4 0.579293
4 5 0.646110
4 6 0.857190
4 7 0.500526
4 8 0.757370
4 9 0.519412
4 10 0.628168
4 11 0.542972
4 12 0.617445
4 13 0.660132
4 14 0.663031
4 15 0.500000
4 16 0.586475
4 18 0.576516
4 19 0.716482
5 2 0.869496
5 3 0.849327
5 4 0.646110
5 5 0.837486
5 6 0.980668
5 7 0.501257
5 9 0.555472
5 10 0.798844
5 11 0.626873
5 12 0.752551
5 13 0.906960
5 14 0.858289
5 15 0.500000
5 16 0.736656
5 17 0.833501
5 18 0.761466
5 19 0.912519
6 1 0.998985
6 2 0.994793
6 3 0.994983
6 4 0.857190
6 5 0.980668
6 6 1.000000
6 7 0.503436
6 8 0.999764
6 9 0.656261
6 10 0.959881
6 11 0.812531
6 12 0.970966
6 13 0.982068
6 14 0.987499
6 15 0.500000
6 16 0.962113
6 17 0.988494
6 18 0.973169
6 19 0.997754
7 1 0.501781
7 2 0.501542
7 3 0.501393
7 4 0.500526
7 5 0.501257
7 6 0.503436
7 7 0.500022
7 8 0.502105
7 9 0.499738
7 10 0.501186
7 11 0.500555
7 12 0.500985
7 13 0.503865
7 14 0.501600
7 15 0.500000
7 16 0.500580
7 17 0.501385
7 18 0.502438
7 19 0.501934
8 4 0.757370
8 6 0.999764
8 7 0.502105
8 8 0.996180
8 9 0.601449
8 10 0.919333
8 11 0.704729
8 18 0.908445
9 1 0.574130
9 2 0.557989
9 3 0.559790
9 4 0.519412
9 5 0.555472
9 6 0.656261
9 7 0.499738
9 8 0.601449
9 9 0.539099
9 10 0.536723
9 11 0.499924
9 12 0.530793
9 13 0.533689
9 14 0.554133
9 15 0.500000
9 16 0.550653
9 17 0.548915
9 18 0.561413
9 19 0.568652
10 1 0.864939
10 2 0.834868
10 3 0.798240
10 4 0.628168
10 5 0.798844
10 6 0.959881
10 7 0.501186
10 8 0.919333
10 9 0.536723
10 10 0.795040
10 11 0.551956
10 12 0.697542
10 13 0.906026
10 14 0.845053
10 15 0.500000
10 16 0.714400
10 17 0.798808
10 18 0.694410
11 1 0.700630
11 2 0.648705
11 3 0.668342
11 4 0.542972
11 5 0.626873
11 6 0.812531
11 7 0.500555
11 8 0.704729
11 9 0.499924
11 10 0.551956
11 11 0.685674
11 12 0.635907
11 13 0.604575
11 14 0.574803
11 15 0.500000
11 16 0.543687
11 17 0.627128
11 18 0.629408
11 19 0.645790
12 2 0.814583
12 3 0.806044
12 4 0.617445
12 5 0.752551
12 6 0.970966
12 7 0.500985
12 9 0.530793
12 10 0.697542
12 11 0.635907
12 12 0.741347
12 13 0.764071
12 14 0.762260
12 15 0.500000
12 16 0.661213
12 17 0.775703
12 18 0.758729
12 19 0.841570
13 1 0.924437
13 2 0.899336
13 3 0.892776
13 4 0.660132
13 5 0.906960
13 6 0.982068
13 7 0.503865
13 9 0.533689
13 10 0.906026
13 11 0.604575
13 12 0.764071
13 13 0.999137
13 14 0.954371
13 15 0.500000
13 16 0.786253
13 17 0.878068
13 18 0.978519
13 19 0.960989
14 1 0.925855
14 2 0.894964
14 3 0.867390
14 4 0.663031
14 5 0.858289
14 6 0.987499
14 7 0.501600
14 9 0.554133
14 10 0.845053
14 11 0.574803
14 12 0.762260
14 13 0.954371
14 14 0.911842
14 15 0.500000
14 16 0.769189
14 17 0.859147
14 18 0.830302
14 19 0.939557
15 1 0.500000
15 2 0.500000
15 3 0.500000
15 4 0.500000
15 5 0.500000
15 6 0.500000
15 7 0.500000
15 9 0.500000
15 10 0.500000
15 11 0.500000
15 12 0.500000
15 13 0.500000
15 14 0.500000
15 15 0.500000
15 16 0.500000
15 17 0.500000
15 18 0.500000
15 19 0.500000
16 2 0.782931
16 3 0.757363
16 4 0.586475
16 5 0.736656
16 6 0.962113
16 7 0.500580
16 9 0.550653
16 10 0.714400
16 11 0.543687
16 12 0.661213
16 13 0.786253
16 14 0.769189
16 15 0.500000
16 16 0.710928
16 17 0.735992
16 18 0.703728
16 19 0.827641
17 2 0.886173
17 3 0.861019
17 5 0.833501
17 6 0.988494
17 7 0.501385
17 9 0.548915
17 10 0.798808
17 11 0.627128
17 12 0.775703
17 13 0.878068
17 14 0.859147
17 15 0.500000
17 16 0.735992
17 17 0.850644
17 18 0.756861
18 1 0.880756
18 2 0.801845
18 3 0.837640
18 4 0.576516
18 5 0.761466
18 6 0.973169
18 7 0.502438
18 8 0.908445
18 9 0.561413
18 10 0.694410
18 11 0.629408
18 12 0.758729
18 13 0.978519
18 14 0.830302
18 15 0.500000
18 16 0.703728
18 17 0.756861
18 18 0.991995
19 3 0.928723
19 4 0.716482
19 5 0.912519
19 6 0.997754
19 7 0.501934
19 9 0.568652
19 11 0.645790
19 12 0.841570
19 13 0.960989
19 14 0.939557
19 15 0.500000
19 16 0.827641
19 19 0.973383
