1 2 0.959364
1 3 0.896832
1 5 0.916412
1 8 0.972955
1 12 0.878879
1 16 0.819320
1 17 0.827796
1 19 0.976596
2 1 0.959364
2 8 0.952219
2 19 0.972145
3 1 0.896832
3 8 0.899921
4 17 0.743311
5 1 0.916412
5 8 0.924963
8 1 0.972955
8 2 0.952219
8 3 0.899921
8 5 0.924963
8 12 0.886353
8 13 0.946784
8 14 0.917536
8 15 0.790162
8 16 0.866262
8 17 0.826887
8 19 0.965336
10 19 0.500000
12 1 0.878879
12 8 0.886353
13 8 0.946784
14 8 0.917536
15 8 0.790162
16 1 0.819320
16 8 0.866262
17 1 0.827796
17 4 0.743311
17 8 0.826887
17 19 0.850346
18 19 0.975558
19 1 0.976596
19 2 0.972145
19 8 0.965336
19 10 0.500000
19 17 0.850346
19 18 0.975558
1 1 0.973260
1 4 0.827796
1 6 0.950112
1 7 0.502954
1 9 0.600742
1 10 0.500000
1 11 0.535087
1 13 0.910964
1 14 0.868660
1 15 0.737164
1 18 0.942123
2 2 0.948098
2 3 0.866346
2 4 0.807177
2 5 0.880781
2 6 0.939815
2 7 0.502639
2 9 0.576106
2 10 0.500000
2 11 0.506961
2 12 0.844262
2 13 0.894606
2 14 0.818304
2 15 0.697647
2 16 0.773310
2 17 0.807177
2 18 0.939512
3 2 0.866346
3 3 0.801459
3 4 0.720503
3 5 0.810840
3 6 0.891906
3 7 0.501632
3 9 0.566163
3 10 0.500000
3 11 0.511900
3 12 0.772993
3 13 0.823268
3 14 0.764218
3 15 0.659206
3 16 0.719794
3 17 0.720503
3 18 0.823884
3 19 0.894685
4 1 0.827796
4 2 0.807177
4 3 0.720503
4 4 0.743311
4 5 0.725891
4 6 0.863564
4 7 0.501300
4 8 0.826887
4 9 0.560763
4 10 0.500000
4 11 0.504440
4 12 0.695597
4 13 0.796865
4 14 0.691551
4 15 0.617037
4 16 0.663394
4 18 0.793139
4 19 0.850346
5 2 0.880781
5 3 0.810840
5 4 0.725891
5 5 0.848505
5 6 0.834740
5 7 0.501952
5 9 0.577346
5 10 0.500000
5 11 0.545604
5 12 0.796852
5 13 0.790677
5 14 0.801545
5 15 0.673788
5 16 0.749254
5 17 0.725891
5 18 0.837738
5 19 0.906726
6 1 0.950112
6 2 0.939815
6 3 0.891906
6 4 0.863564
6 5 0.834740
6 6 0.999855
6 7 0.503518
6 8 0.977084
6 9 0.591752
6 10 0.500000
6 11 0.553314
6 12 0.839255
6 13 0.996324
6 14 0.916078
6 15 0.816820
6 16 0.850904
6 17 0.863564
6 18 0.886219
6 19 0.952917
7 1 0.502954
7 2 0.502639
7 3 0.501632
7 4 0.501300
7 5 0.501952
7 6 0.503518
7 7 0.500017
7 8 0.503305
7 9 0.500244
7 10 0.500000
7 11 0.500381
7 12 0.501600
7 13 0.503136
7 14 0.502148
7 15 0.501070
7 16 0.501305
7 17 0.501300
7 18 0.502232
7 19 0.503019
8 4 0.826887
8 6 0.977084
8 7 0.503305
8 8 0.983889
8 9 0.625847
8 10 0.500000
8 11 0.600991
8 18 0.912601
9 1 0.600742
9 2 0.576106
9 3 0.566163
9 4 0.560763
9 5 0.577346
9 6 0.591752
9 7 0.500244
9 8 0.625847
9 9 0.533619
9 10 0.500000
9 11 0.513819
9 12 0.559410
9 13 0.556357
9 14 0.569753
9 15 0.539981
9 16 0.573019
9 17 0.560763
9 18 0.559658
9 19 0.583567
10 1 0.500000
10 2 0.500000
10 3 0.500000
10 4 0.500000
10 5 0.500000
10 6 0.500000
10 7 0.500000
10 8 0.500000
10 9 0.500000
10 10 0.500000
10 11 0.500000
10 12 0.500000
10 13 0.500000
10 14 0.500000
10 15 0.500000
10 16 0.500000
10 17 0.500000
10 18 0.500000
11 1 0.535087
11 2 0.506961
11 3 0.511900
11 4 0.504440
11 5 0.545604
11 6 0.553314
11 7 0.500381
11 8 0.600991
11 9 0.513819
11 10 0.500000
11 11 0.571450
11 12 0.527143
11 13 0.551594
11 14 0.584593
11 15 0.538768
11 16 0.551171
11 17 0.504440
11 18 0.485251
11 19 0.494525
12 2 0.844262
12 3 0.772993
12 4 0.695597
12 5 0.796852
12 6 0.839255
12 7 0.501600
12 9 0.559410
12 10 0.500000
12 11 0.527143
12 12 0.754969
12 13 0.785041
12 14 0.754281
12 15 0.648019
12 16 0.706616
12 17 0.695597
12 18 0.800717
12 19 0.873237
13 1 0.910964
13 2 0.894606
13 3 0.823268
13 4 0.796865
13 5 0.790677
13 6 0.996324
13 7 0.503136
13 9 0.556357
13 10 0.500000
13 11 0.551594
13 12 0.785041
13 13 0.985373
13 14 0.870001
13 15 0.761023
13 16 0.770373
13 17 0.796865
13 18 0.817594
13 19 0.904913
14 1 0.868660
14 2 0.818304
14 3 0.764218
14 4 0.691551
14 5 0.801545
14 6 0.916078
14 7 0.502148
14 9 0.569753
14 10 0.500000
14 11 0.584593
14 12 0.754281
14 13 0.870001
14 14 0.829053
14 15 0.699294
14 16 0.749887
14 17 0.691551
14 18 0.729757
14 19 0.823036
15 1 0.737164
15 2 0.697647
15 3 0.659206
15 4 0.617037
15 5 0.673788
15 6 0.816820
15 7 0.501070
15 9 0.539981
15 10 0.500000
15 11 0.538768
15 12 0.648019
15 13 0.761023
15 14 0.699294
15 15 0.619804
15 16 0.649590
15 17 0.617037
15 18 0.632282
15 19 0.700340
16 2 0.773310
16 3 0.719794
16 4 0.663394
16 5 0.749254
16 6 0.850904
16 7 0.501305
16 9 0.573019
16 10 0.500000
16 11 0.551171
16 12 0.706616
16 13 0.770373
16 14 0.749887
16 15 0.649590
16 16 0.720829
16 17 0.663394
16 18 0.718748
16 19 0.793101
17 2 0.807177
17 3 0.720503
17 5 0.725891
17 6 0.863564
17 7 0.501300
17 9 0.560763
17 10 0.500000
17 11 0.504440
17 12 0.695597
17 13 0.796865
17 14 0.691551
17 15 0.617037
17 16 0.663394
17 17 0.743311
17 18 0.793139
18 1 0.942123
18 2 0.939512
18 3 0.823884
18 4 0.793139
18 5 0.837738
18 6 0.886219
18 7 0.502232
18 8 0.912601
18 9 0.559658
18 10 0.500000
18 11 0.485251
18 12 0.800717
18 13 0.817594
18 14 0.729757
18 15 0.632282
18 16 0.718748
18 17 0.793139
18 18 0.955719
19 3 0.894685
19 4 0.850346
19 5 0.906726
19 6 0.952917
19 7 0.503019
19 9 0.583567
19 11 0.494525
19 12 0.873237
19 13 0.904913
19 14 0.823036
19 15 0.700340
19 16 0.793101
19 19 0.989843
