1 2 0.723426
1 3 0.667644
1 5 0.652506
1 8 0.835455
1 12 0.655978
1 16 0.636794
1 17 0.702287
1 19 0.775590
2 1 0.723426
2 8 0.779946
2 19 0.719017
3 1 0.667644
3 8 0.605027
4 17 0.500000
5 1 0.652506
5 8 0.665776
8 1 0.835455
8 2 0.779946
8 3 0.605027
8 5 0.665776
8 12 0.686910
8 13 0.789150
8 14 0.822145
8 15 0.715831
8 16 0.718155
8 17 0.761867
8 19 0.807921
10 19 0.815075
12 1 0.655978
12 8 0.686910
13 8 0.789150
14 8 0.822145
15 8 0.715831
16 1 0.636794
16 8 0.718155
17 1 0.702287
17 4 0.500000
17 8 0.761867
17 19 0.704601
18 19 0.831476
19 1 0.775590
19 2 0.719017
19 8 0.807921
19 10 0.815075
19 17 0.704601
19 18 0.831476
1 1 0.797852
1 4 0.500000
1 6 0.855568
1 7 0.501980
1 9 0.531917
1 10 0.686074
1 11 0.526108
1 13 0.713660
1 14 0.738783
1 15 0.642748
1 18 0.682021
2 2 0.683617
2 3 0.584423
2 4 0.500000
2 5 0.622898
2 6 0.819262
2 7 0.501357
2 9 0.525791
2 10 0.641848
2 11 0.522762
2 12 0.619925
2 13 0.669051
2 14 0.700950
2 15 0.615690
2 16 0.613436
2 17 0.659674
2 18 0.634380
3 2 0.584423
3 3 0.752178
3 4 0.500000
3 5 0.560344
3 6 0.653966
3 7 0.500929
3 9 0.511210
3 10 0.629486
3 11 0.553920
3 12 0.542756
3 13 0.578135
3 14 0.571887
3 15 0.535507
3 16 0.523106
3 17 0.557395
3 18 0.640398
3 19 0.694133
4 1 0.500000
4 2 0.500000
4 3 0.500000
4 4 0.500000
4 5 0.500000
4 6 0.500000
4 7 0.500000
4 8 0.500000
4 9 0.500000
4 10 0.500000
4 11 0.500000
4 12 0.500000
4 13 0.500000
4 14 0.500000
4 15 0.500000
4 16 0.500000
4 18 0.500000
4 19 0.500000
5 2 0.622898
5 3 0.560344
5 4 0.500000
5 5 0.620241
5 6 0.703369
5 7 0.500955
5 9 0.513484
5 10 0.566218
5 11 0.527512
5 12 0.585412
5 13 0.598370
5 14 0.611179
5 15 0.560811
5 16 0.554435
5 17 0.605962
5 18 0.559436
5 19 0.624135
6 1 0.855568
6 2 0.819262
6 3 0.653966
6 4 0.500000
6 5 0.703369
6 6 0.998606
6 7 0.503302
6 8 0.923079
6 9 0.588388
6 10 0.806309
6 11 0.590739
6 12 0.721431
6 13 0.708855
6 14 0.914002
6 15 0.710702
6 16 0.710586
6 17 0.792879
6 18 0.777134
6 19 0.895308
7 1 0.501980
7 2 0.501357
7 3 0.500929
7 4 0.500000
7 5 0.500955
7 6 0.503302
7 7 0.500017
7 8 0.502358
7 9 0.500326
7 10 0.501365
7 11 0.500038
7 12 0.501021
7 13 0.501180
7 14 0.501690
7 15 0.500845
7 16 0.500659
7 17 0.501407
7 18 0.501423
7 19 0.502153
8 4 0.500000
8 6 0.923079
8 7 0.502358
8 8 0.917848
8 9 0.542156
8 10 0.715816
8 11 0.512444
8 18 0.700822
9 1 0.531917
9 2 0.525791
9 3 0.511210
9 4 0.500000
9 5 0.513484
9 6 0.588388
9 7 0.500326
9 8 0.542156
9 9 0.522016
9 10 0.547570
9 11 0.500576
9 12 0.514008
9 13 0.516409
9 14 0.544950
9 15 0.515715
9 16 0.515847
9 17 0.526259
9 18 0.551589
9 19 0.568856
10 1 0.686074
10 2 0.641848
10 3 0.629486
10 4 0.500000
10 5 0.566218
10 6 0.806309
10 7 0.501365
10 8 0.715816
10 9 0.547570
10 10 0.734810
10 11 0.507791
10 12 0.593710
10 13 0.624251
10 14 0.685584
10 15 0.587459
10 16 0.572587
10 17 0.634236
10 18 0.749379
11 1 0.526108
11 2 0.522762
11 3 0.553920
11 4 0.500000
11 5 0.527512
11 6 0.590739
11 7 0.500038
11 8 0.512444
11 9 0.500576
11 10 0.507791
11 11 0.541807
11 12 0.504185
11 13 0.507027
11 14 0.520091
11 15 0.504704
11 16 0.502720
11 17 0.502791
11 18 0.498318
11 19 0.517288
12 2 0.619925
12 3 0.542756
12 4 0.500000
12 5 0.585412
12 6 0.721431
12 7 0.501021
12 9 0.514008
12 10 0.593710
12 11 0.504185
12 12 0.599439
12 13 0.603928
12 14 0.630121
12 15 0.570200
12 16 0.560178
12 17 0.614515
12 18 0.585091
12 19 0.647113
13 1 0.713660
13 2 0.669051
13 3 0.578135
13 4 0.500000
13 5 0.598370
13 6 0.708855
13 7 0.501180
13 9 0.516409
13 10 0.624251
13 11 0.507027
13 12 0.603928
13 13 0.695950
13 14 0.677713
13 15 0.626169
13 16 0.625005
13 17 0.652590
13 18 0.620577
13 19 0.692892
14 1 0.738783
14 2 0.700950
14 3 0.571887
14 4 0.500000
14 5 0.611179
14 6 0.914002
14 7 0.501690
14 9 0.544950
14 10 0.685584
14 11 0.520091
14 12 0.630121
14 13 0.677713
14 14 0.762467
14 15 0.641565
14 16 0.641530
14 17 0.685388
14 18 0.673465
14 19 0.764491
15 1 0.642748
15 2 0.615690
15 3 0.535507
15 4 0.500000
15 5 0.560811
15 6 0.710702
15 7 0.500845
15 9 0.515715
15 10 0.587459
15 11 0.504704
15 12 0.570200
15 13 0.626169
15 14 0.641565
15 15 0.590155
15 16 0.591084
15 17 0.607001
15 18 0.579956
15 19 0.633188
16 2 0.613436
16 3 0.523106
16 4 0.500000
16 5 0.554435
16 6 0.710586
16 7 0.500659
16 9 0.515847
16 10 0.572587
16 11 0.502720
16 12 0.560178
16 13 0.625005
16 14 0.641530
16 15 0.591084
16 16 0.602910
16 17 0.600564
16 18 0.563207
16 19 0.610888
17 2 0.659674
17 3 0.557395
17 5 0.605962
17 6 0.792879
17 7 0.501407
17 9 0.526259
17 10 0.634236
17 11 0.502791
17 12 0.614515
17 13 0.652590
17 14 0.685388
17 15 0.607001
17 16 0.600564
17 17 0.655014
17 18 0.629234
18 1 0.682021
18 2 0.634380
18 3 0.640398
18 4 0.500000
18 5 0.559436
18 6 0.777134
18 7 0.501423
18 8 0.700822
18 9 0.551589
18 10 0.749379
18 11 0.498318
18 12 0.585091
18 13 0.620577
18 14 0.673465
18 15 0.579956
18 16 0.563207
18 17 0.629234
18 18 0.773789
19 3 0.694133
19 4 0.500000
19 5 0.624135
19 6 0.895308
19 7 0.502153
19 9 0.568856
19 11 0.517288
19 12 0.647113
19 13 0.692892
19 14 0.764491
19 15 0.633188
19 16 0.610888
19 19 0.900656
