1 2 0.749450
1 3 0.888527
1 5 0.838832
1 8 0.923257
1 12 0.646224
1 16 0.859128
1 17 0.798248
1 19 0.949449
2 1 0.749450
2 8 0.849207
2 19 0.881423
3 1 0.888527
3 8 0.917561
4 17 0.657898
5 1 0.838832
5 8 0.866518
8 1 0.923257
8 2 0.849207
8 3 0.917561
8 5 0.866518
8 12 0.701013
8 13 0.833926
8 14 0.854332
8 15 0.500000
8 16 0.885782
8 17 0.847139
8 19 0.971687
10 19 0.941462
12 1 0.646224
12 8 0.701013
13 8 0.833926
14 8 0.854332
15 8 0.500000
16 1 0.859128
16 8 0.885782
17 1 0.798248
17 4 0.657898
17 8 0.847139
17 19 0.913468
18 19 0.959292
19 1 0.949449
19 2 0.881423
19 8 0.971687
19 10 0.941462
19 17 0.913468
19 18 0.959292
1 1 0.896418
1 4 0.676314
1 6 0.979546
1 7 0.502397
1 9 0.550699
1 10 0.827964
1 11 0.562446
1 13 0.761882
1 14 0.772974
1 15 0.500000
1 18 0.853611
2 2 0.808798
2 3 0.777392
2 4 0.612296
2 5 0.741193
2 6 0.913511
2 7 0.501904
2 9 0.529954
2 10 0.738463
2 11 0.568523
2 12 0.645093
2 13 0.729883
2 14 0.683938
2 15 0.500000
2 16 0.756301
2 17 0.721068
2 18 0.774820
3 2 0.777392
3 3 0.888942
3 4 0.678732
3 5 0.843577
3 6 0.982505
3 7 0.502464
3 9 0.550086
3 10 0.831682
3 11 0.565294
3 12 0.655031
3 13 0.766889
3 14 0.755678
3 15 0.500000
3 16 0.863068
3 17 0.802692
3 18 0.853517
3 19 0.952753
4 1 0.676314
4 2 0.612296
4 3 0.678732
4 4 0.599827
4 5 0.647387
4 6 0.878494
4 7 0.500766
4 8 0.707762
4 9 0.514047
4 10 0.675462
4 11 0.509332
4 12 0.547758
4 13 0.605746
4 14 0.601270
4 15 0.500000
4 16 0.661285
4 18 0.686733
4 19 0.785322
5 2 0.741193
5 3 0.843577
5 4 0.647387
5 5 0.816263
5 6 0.965183
5 7 0.502026
5 9 0.549313
5 10 0.770615
5 11 0.555835
5 12 0.608193
5 13 0.732211
5 14 0.697594
5 15 0.500000
5 16 0.821933
5 17 0.751735
5 18 0.775401
5 19 0.913010
6 1 0.979546
6 2 0.913511
6 3 0.982505
6 4 0.878494
6 5 0.965183
6 6 0.999998
6 7 0.505412
6 8 0.983832
6 9 0.566380
6 10 0.977475
6 11 0.565273
6 12 0.704244
6 13 0.902430
6 14 0.795483
6 15 0.500000
6 16 0.975220
6 17 0.963296
6 18 0.979123
6 19 0.998809
7 1 0.502397
7 2 0.501904
7 3 0.502464
7 4 0.500766
7 5 0.502026
7 6 0.505412
7 7 0.500021
7 8 0.503108
7 9 0.500180
7 10 0.501789
7 11 0.500413
7 12 0.501022
7 13 0.501880
7 14 0.501246
7 15 0.500000
7 16 0.502152
7 17 0.501620
7 18 0.502172
7 19 0.503511
8 4 0.707762
8 6 0.983832
8 7 0.503108
8 8 0.967045
8 9 0.548776
8 10 0.868730
8 11 0.586992
8 18 0.908241
9 1 0.550699
9 2 0.529954
9 3 0.550086
9 4 0.514047
9 5 0.549313
9 6 0.566380
9 7 0.500180
9 8 0.548776
9 9 0.518282
9 10 0.534148
9 11 0.517233
9 12 0.517729
9 13 0.527850
9 14 0.516666
9 15 0.500000
9 16 0.549511
9 17 0.527089
9 18 0.533091
9 19 0.568108
10 1 0.827964
10 2 0.738463
10 3 0.831682
10 4 0.675462
10 5 0.770615
10 6 0.977475
10 7 0.501789
10 8 0.868730
10 9 0.534148
10 10 0.828014
10 11 0.540202
10 12 0.642752
10 13 0.716497
10 14 0.697996
10 15 0.500000
10 16 0.808720
10 17 0.787621
10 18 0.857657
11 1 0.562446
11 2 0.568523
11 3 0.565294
11 4 0.509332
11 5 0.555835
11 6 0.565273
11 7 0.500413
11 8 0.586992
11 9 0.517233
11 10 0.540202
11 11 0.534385
11 12 0.536966
11 13 0.556542
11 14 0.528506
11 15 0.500000
11 16 0.558674
11 17 0.531838
11 18 0.552718
11 19 0.584706
12 2 0.645093
12 3 0.655031
12 4 0.547758
12 5 0.608193
12 6 0.704244
12 7 0.501022
12 9 0.517729
12 10 0.642752
12 11 0.536966
12 12 0.649947
12 13 0.602738
12 14 0.600235
12 15 0.500000
12 16 0.635691
12 17 0.613279
12 18 0.680187
12 19 0.741945
13 1 0.761882
13 2 0.729883
13 3 0.766889
13 4 0.605746
13 5 0.732211
13 6 0.902430
13 7 0.501880
13 9 0.527850
13 10 0.716497
13 11 0.556542
13 12 0.602738
13 13 0.721713
13 14 0.671661
13 15 0.500000
13 16 0.742856
13 17 0.700182
13 18 0.748644
13 19 0.856256
14 1 0.772974
14 2 0.683938
14 3 0.755678
14 4 0.601270
14 5 0.697594
14 6 0.795483
14 7 0.501246
14 9 0.516666
14 10 0.697996
14 11 0.528506
14 12 0.600235
14 13 0.671661
14 14 0.752498
14 15 0.500000
14 16 0.713399
14 17 0.690492
14 18 0.747645
14 19 0.828333
15 1 0.500000
15 2 0.500000
15 3 0.500000
15 4 0.500000
15 5 0.500000
15 6 0.500000
15 7 0.500000
15 9 0.500000
15 10 0.500000
15 11 0.500000
15 12 0.500000
15 13 0.500000
15 14 0.500000
15 15 0.500000
15 16 0.500000
15 17 0.500000
15 18 0.500000
15 19 0.500000
16 2 0.756301
16 3 0.863068
16 4 0.661285
16 5 0.821933
16 6 0.975220
16 7 0.502152
16 9 0.549511
16 10 0.808720
16 11 0.558674
16 12 0.635691
16 13 0.742856
16 14 0.713399
16 15 0.500000
16 16 0.842672
16 17 0.777543
16 18 0.824747
16 19 0.937697
17 2 0.721068
17 3 0.802692
17 5 0.751735
17 6 0.963296
17 7 0.501620
17 9 0.527089
17 10 0.787621
17 11 0.531838
17 12 0.613279
17 13 0.700182
17 14 0.690492
17 15 0.500000
17 16 0.777543
17 17 0.759055
17 18 0.814646
18 1 0.853611
18 2 0.774820
18 3 0.853517
18 4 0.686733
18 5 0.775401
18 6 0.979123
18 7 0.502172
18 8 0.908241
18 9 0.533091
18 10 0.857657
18 11 0.552718
18 12 0.680187
18 13 0.748644
18 14 0.747645
18 15 0.500000
18 16 0.824747
18 17 0.814646
18 18 0.902915
19 3 0.952753
19 4 0.785322
19 5 0.913010
19 6 0.998809
19 7 0.503511
19 9 0.568108
19 11 0.584706
19 12 0.741945
19 13 0.856256
19 14 0.828333
19 15 0.500000
19 16 0.937697
19 19 0.993375
