1 2 0.984489
1 3 0.911418
1 5 0.923257
1 8 0.992940
1 12 0.914315
1 16 0.863929
1 17 0.981342
1 19 0.998632
2 1 0.984489
2 8 0.992007
2 19 0.998178
3 1 0.911418
3 8 0.932496
4 17 0.500000
5 1 0.923257
5 8 0.952790
8 1 0.992940
8 2 0.992007
8 3 0.932496
8 5 0.952790
8 12 0.942983
8 13 0.930936
8 14 0.965715
8 15 0.852665
8 16 0.891486
8 17 0.990363
8 19 0.999482
10 19 0.998739
12 1 0.914315
12 8 0.942983
13 8 0.930936
14 8 0.965715
15 8 0.852665
16 1 0.863929
16 8 0.891486
17 1 0.981342
17 4 0.500000
17 8 0.990363
17 19 0.997764
18 19 0.998893
19 1 0.998632
19 2 0.998178
19 8 0.999482
19 10 0.998739
19 17 0.997764
19 18 0.998893
1 1 0.986792
1 4 0.500000
1 6 0.993128
1 7 0.502979
1 9 0.601760
1 10 0.983579
1 11 0.729896
1 13 0.900937
1 14 0.937653
1 15 0.812288
1 18 0.985317
2 2 0.983252
2 3 0.905280
2 4 0.500000
2 5 0.923065
2 6 0.989503
2 7 0.502791
2 9 0.601638
2 10 0.980759
2 11 0.728502
2 12 0.913865
2 13 0.897934
2 14 0.936754
2 15 0.811116
2 16 0.858009
2 17 0.979870
2 18 0.982697
3 2 0.905280
3 3 0.797917
3 4 0.500000
3 5 0.803070
3 6 0.908767
3 7 0.501715
3 9 0.563799
3 10 0.890179
3 11 0.646976
3 12 0.787631
3 13 0.773926
3 14 0.790795
3 15 0.688008
3 16 0.739267
3 17 0.890818
3 18 0.900481
3 19 0.966985
4 1 0.500000
4 2 0.500000
4 3 0.500000
4 4 0.500000
4 5 0.500000
4 6 0.500000
4 7 0.500000
4 8 0.500000
4 9 0.500000
4 10 0.500000
4 11 0.500000
4 12 0.500000
4 13 0.500000
4 14 0.500000
4 15 0.500000
4 16 0.500000
4 18 0.500000
4 19 0.500000
5 2 0.923065
5 3 0.803070
5 4 0.500000
5 5 0.854905
5 6 0.943837
5 7 0.501726
5 9 0.561773
5 10 0.902721
5 11 0.626072
5 12 0.820875
5 13 0.800833
5 14 0.841756
5 15 0.721382
5 16 0.762806
5 17 0.913546
5 18 0.912510
5 19 0.972604
6 1 0.993128
6 2 0.989503
6 3 0.908767
6 4 0.500000
6 5 0.943837
6 6 0.999993
6 7 0.503379
6 8 0.997678
6 9 0.540778
6 10 0.994434
6 11 0.592388
6 12 0.921209
6 13 0.930845
6 14 0.957195
6 15 0.831713
6 16 0.835589
6 17 0.988789
6 18 0.993273
6 19 0.999778
7 1 0.502979
7 2 0.502791
7 3 0.501715
7 4 0.500000
7 5 0.501726
7 6 0.503379
7 7 0.500021
7 8 0.503243
7 9 0.500348
7 10 0.502931
7 11 0.500603
7 12 0.501418
7 13 0.501541
7 14 0.501579
7 15 0.500791
7 16 0.501194
7 17 0.502656
7 18 0.503220
7 19 0.504773
8 4 0.500000
8 6 0.997678
8 7 0.503243
8 8 0.997120
8 9 0.611809
8 10 0.991132
8 11 0.743288
8 18 0.991790
9 1 0.601760
9 2 0.601638
9 3 0.563799
9 4 0.500000
9 5 0.561773
9 6 0.540778
9 7 0.500348
9 8 0.611809
9 9 0.522636
9 10 0.586233
9 11 0.537045
9 12 0.560600
9 13 0.548503
9 14 0.570571
9 15 0.536881
9 16 0.552123
9 17 0.593701
9 18 0.590369
9 19 0.634711
10 1 0.983579
10 2 0.980759
10 3 0.890179
10 4 0.500000
10 5 0.902721
10 6 0.994434
10 7 0.502931
10 8 0.991132
10 9 0.586233
10 10 0.984439
10 11 0.705426
10 12 0.895462
10 13 0.884466
10 14 0.931613
10 15 0.793040
10 16 0.832396
10 17 0.978250
10 18 0.985322
11 1 0.729896
11 2 0.728502
11 3 0.646976
11 4 0.500000
11 5 0.626072
11 6 0.592388
11 7 0.500603
11 8 0.743288
11 9 0.537045
11 10 0.705426
11 11 0.606959
11 12 0.638642
11 13 0.629338
11 14 0.636262
11 15 0.586455
11 16 0.612653
11 17 0.711229
11 18 0.702952
11 19 0.798785
12 2 0.913865
12 3 0.787631
12 4 0.500000
12 5 0.820875
12 6 0.921209
12 7 0.501418
12 9 0.560600
12 10 0.895462
12 11 0.638642
12 12 0.809063
12 13 0.784113
12 14 0.835673
12 15 0.708383
12 16 0.748891
12 17 0.904684
12 18 0.901480
12 19 0.968604
13 1 0.900937
13 2 0.897934
13 3 0.773926
13 4 0.500000
13 5 0.800833
13 6 0.930845
13 7 0.501541
13 9 0.548503
13 10 0.884466
13 11 0.629338
13 12 0.784113
13 13 0.776728
13 14 0.800511
13 15 0.687972
13 16 0.721690
13 17 0.886632
13 18 0.887328
13 19 0.962918
14 1 0.937653
14 2 0.936754
14 3 0.790795
14 4 0.500000
14 5 0.841756
14 6 0.957195
14 7 0.501579
14 9 0.570571
14 10 0.931613
14 11 0.636262
14 12 0.835673
14 13 0.800511
14 14 0.908883
14 15 0.737965
14 16 0.771065
14 17 0.934929
14 18 0.931113
14 19 0.984416
15 1 0.812288
15 2 0.811116
15 3 0.688008
15 4 0.500000
15 5 0.721382
15 6 0.831713
15 7 0.500791
15 9 0.536881
15 10 0.793040
15 11 0.586455
15 12 0.708383
15 13 0.687972
15 14 0.737965
15 15 0.637488
15 16 0.662886
15 17 0.801674
15 18 0.796834
15 19 0.894818
16 2 0.858009
16 3 0.739267
16 4 0.500000
16 5 0.762806
16 6 0.835589
16 7 0.501194
16 9 0.552123
16 10 0.832396
16 11 0.612653
16 12 0.748891
16 13 0.721690
16 14 0.771065
16 15 0.662886
16 16 0.721631
16 17 0.846880
16 18 0.847573
16 19 0.929431
17 2 0.979870
17 3 0.890818
17 5 0.913546
17 6 0.988789
17 7 0.502656
17 9 0.593701
17 10 0.978250
17 11 0.711229
17 12 0.904684
17 13 0.886632
17 14 0.934929
17 15 0.801674
17 16 0.846880
17 17 0.976787
17 18 0.980113
18 1 0.985317
18 2 0.982697
18 3 0.900481
18 4 0.500000
18 5 0.912510
18 6 0.993273
18 7 0.503220
18 8 0.991790
18 9 0.590369
18 10 0.985322
18 11 0.702952
18 12 0.901480
18 13 0.887328
18 14 0.931113
18 15 0.796834
18 16 0.847573
18 17 0.980113
18 18 0.987890
19 3 0.966985
19 4 0.500000
19 5 0.972604
19 6 0.999778
19 7 0.504773
19 9 0.634711
19 11 0.798785
19 12 0.968604
19 13 0.962918
19 14 0.984416
19 15 0.894818
19 16 0.929431
19 19 0.999979
