1 2 0.936750
1 3 0.848265
1 5 0.779953
1 8 0.953993
1 12 0.835330
1 16 0.870383
1 17 0.926849
1 19 0.983061
2 1 0.936750
2 8 0.920554
2 19 0.963163
3 1 0.848265
3 8 0.832392
4 17 0.500000
5 1 0.779953
5 8 0.784294
8 1 0.953993
8 2 0.920554
8 3 0.832392
8 5 0.784294
8 12 0.816309
8 13 0.653557
8 14 0.695896
8 15 0.699950
8 16 0.842891
8 17 0.911239
8 19 0.976940
10 19 0.948154
12 1 0.835330
12 8 0.816309
13 8 0.653557
14 8 0.695896
15 8 0.699950
16 1 0.870383
16 8 0.842891
17 1 0.926849
17 4 0.500000
17 8 0.911239
17 19 0.958355
18 19 0.951504
19 1 0.983061
19 2 0.963163
19 8 0.976940
19 10 0.948154
19 17 0.958355
19 18 0.951504
1 1 0.964407
1 4 0.500000
1 6 0.986556
1 7 0.501586
1 9 0.579426
1 10 0.904585
1 11 0.752444
1 13 0.642272
1 14 0.693551
1 15 0.708630
1 18 0.890599
2 2 0.908445
2 3 0.808265
2 4 0.500000
2 5 0.745124
2 6 0.975779
2 7 0.501302
2 9 0.559368
2 10 0.858221
2 11 0.702363
2 12 0.791435
2 13 0.603723
2 14 0.660459
2 15 0.675603
2 16 0.840609
2 17 0.890170
2 18 0.842093
3 2 0.808265
3 3 0.720423
3 4 0.500000
3 5 0.671609
3 6 0.921079
3 7 0.500851
3 9 0.541039
3 10 0.757855
3 11 0.632915
3 12 0.700757
3 13 0.629008
3 14 0.611503
3 15 0.617026
3 16 0.740870
3 17 0.789060
3 18 0.726861
3 19 0.884827
4 1 0.500000
4 2 0.500000
4 3 0.500000
4 4 0.500000
4 5 0.500000
4 6 0.500000
4 7 0.500000
4 8 0.500000
4 9 0.500000
4 10 0.500000
4 11 0.500000
4 12 0.500000
4 13 0.500000
4 14 0.500000
4 15 0.500000
4 16 0.500000
4 18 0.500000
4 19 0.500000
5 2 0.745124
5 3 0.671609
5 4 0.500000
5 5 0.673586
5 6 0.870280
5 7 0.501071
5 9 0.539618
5 10 0.697376
5 11 0.592059
5 12 0.656827
5 13 0.560280
5 14 0.598208
5 15 0.595605
5 16 0.672640
5 17 0.727704
5 18 0.662763
5 19 0.816145
6 1 0.986556
6 2 0.975779
6 3 0.921079
6 4 0.500000
6 5 0.870280
6 6 0.999935
6 7 0.503232
6 8 0.984231
6 9 0.632918
6 10 0.949216
6 11 0.752390
6 12 0.898722
6 13 0.918836
6 14 0.786770
6 15 0.782728
6 16 0.953387
6 17 0.963706
6 18 0.903605
6 19 0.993880
7 1 0.501586
7 2 0.501302
7 3 0.500851
7 4 0.500000
7 5 0.501071
7 6 0.503232
7 7 0.500014
7 8 0.501701
7 9 0.500314
7 10 0.501128
7 11 0.500377
7 12 0.500941
7 13 0.501101
7 14 0.500457
7 15 0.500465
7 16 0.501000
7 17 0.501221
7 18 0.500979
7 19 0.502020
8 4 0.500000
8 6 0.984231
8 7 0.501701
8 8 0.948234
8 9 0.586319
8 10 0.890202
8 11 0.734015
8 18 0.867160
9 1 0.579426
9 2 0.559368
9 3 0.541039
9 4 0.500000
9 5 0.539618
9 6 0.632918
9 7 0.500314
9 8 0.586319
9 9 0.524719
9 10 0.565462
9 11 0.534405
9 12 0.538650
9 13 0.541006
9 14 0.526600
9 15 0.522372
9 16 0.535517
9 17 0.558153
9 18 0.565233
9 19 0.614176
10 1 0.904585
10 2 0.858221
10 3 0.757855
10 4 0.500000
10 5 0.697376
10 6 0.949216
10 7 0.501128
10 8 0.890202
10 9 0.565462
10 10 0.833299
10 11 0.691675
10 12 0.747332
10 13 0.589567
10 14 0.638148
10 15 0.645150
10 16 0.772974
10 17 0.849027
10 18 0.829968
11 1 0.752444
11 2 0.702363
11 3 0.632915
11 4 0.500000
11 5 0.592059
11 6 0.752390
11 7 0.500377
11 8 0.734015
11 9 0.534405
11 10 0.691675
11 11 0.617906
11 12 0.629909
11 13 0.537519
11 14 0.561460
11 15 0.569092
11 16 0.632994
11 17 0.696609
11 18 0.694478
11 19 0.811947
12 2 0.791435
12 3 0.700757
12 4 0.500000
12 5 0.656827
12 6 0.898722
12 7 0.500941
12 9 0.538650
12 10 0.747332
12 11 0.629909
12 12 0.697205
12 13 0.580026
12 14 0.594853
12 15 0.608304
12 16 0.726148
12 17 0.776084
12 18 0.720761
12 19 0.875400
13 1 0.642272
13 2 0.603723
13 3 0.629008
13 4 0.500000
13 5 0.560280
13 6 0.918836
13 7 0.501101
13 9 0.541006
13 10 0.589567
13 11 0.537519
13 12 0.580026
13 13 0.977655
13 14 0.554675
13 15 0.519616
13 16 0.686358
13 17 0.571979
13 18 0.457213
13 19 0.607127
14 1 0.693551
14 2 0.660459
14 3 0.611503
14 4 0.500000
14 5 0.598208
14 6 0.786770
14 7 0.500457
14 9 0.526600
14 10 0.638148
14 11 0.561460
14 12 0.594853
14 13 0.554675
14 14 0.570493
14 15 0.560314
14 16 0.614757
14 17 0.653994
14 18 0.621822
14 19 0.732340
15 1 0.708630
15 2 0.675603
15 3 0.617026
15 4 0.500000
15 5 0.595605
15 6 0.782728
15 7 0.500465
15 9 0.522372
15 10 0.645150
15 11 0.569092
15 12 0.608304
15 13 0.519616
15 14 0.560314
15 15 0.565900
15 16 0.619590
15 17 0.665393
15 18 0.625298
15 19 0.744307
16 2 0.840609
16 3 0.740870
16 4 0.500000
16 5 0.672640
16 6 0.953387
16 7 0.501000
16 9 0.535517
16 10 0.772974
16 11 0.632994
16 12 0.726148
16 13 0.686358
16 14 0.614757
16 15 0.619590
16 16 0.811198
16 17 0.813167
16 18 0.743436
16 19 0.900590
17 2 0.890170
17 3 0.789060
17 5 0.727704
17 6 0.963706
17 7 0.501221
17 9 0.558153
17 10 0.849027
17 11 0.696609
17 12 0.776084
17 13 0.571979
17 14 0.653994
17 15 0.665393
17 16 0.813167
17 17 0.878064
17 18 0.839180
18 1 0.890599
18 2 0.842093
18 3 0.726861
18 4 0.500000
18 5 0.662763
18 6 0.903605
18 7 0.500979
18 8 0.867160
18 9 0.565233
18 10 0.829968
18 11 0.694478
18 12 0.720761
18 13 0.457213
18 14 0.621822
18 15 0.625298
18 16 0.743436
18 17 0.839180
18 18 0.879169
19 3 0.884827
19 4 0.500000
19 5 0.816145
19 6 0.993880
19 7 0.502020
19 9 0.614176
19 11 0.811947
19 12 0.875400
19 13 0.607127
19 14 0.732340
19 15 0.744307
19 16 0.900590
19 19 0.994980
