1 2 0.864516
1 3 0.602911
1 5 0.879930
1 8 0.895090
1 12 0.805107
1 16 0.677038
1 17 0.784464
1 19 0.914759
2 1 0.864516
2 8 0.837423
2 19 0.857793
3 1 0.602911
3 8 0.615572
4 17 0.615852
5 1 0.879930
5 8 0.833705
8 1 0.895090
8 2 0.837423
8 3 0.615572
8 5 0.833705
8 12 0.779762
8 13 0.629744
8 14 0.800503
8 15 0.500000
8 16 0.695372
8 17 0.770856
8 19 0.885941
10 19 0.826500
12 1 0.805107
12 8 0.779762
13 8 0.629744
14 8 0.800503
15 8 0.500000
16 1 0.677038
16 8 0.695372
17 1 0.784464
17 4 0.615852
17 8 0.770856
17 19 0.778705
18 19 0.752165
19 1 0.914759
19 2 0.857793
19 8 0.885941
19 10 0.826500
19 17 0.778705
19 18 0.752165
1 1 0.923403
1 4 0.692039
1 6 0.818304
1 7 0.501530
1 9 0.585197
1 10 0.828823
1 11 0.708228
1 13 0.610431
1 14 0.794488
1 15 0.500000
1 18 0.786191
2 2 0.805584
2 3 0.575130
2 4 0.649983
2 5 0.805345
2 6 0.737598
2 7 0.501026
2 9 0.560197
2 10 0.767450
2 11 0.652868
2 12 0.744605
2 13 0.593307
2 14 0.739057
2 15 0.500000
2 16 0.651965
2 17 0.731899
2 18 0.720986
3 2 0.575130
3 3 0.608708
3 4 0.525583
3 5 0.570238
3 6 0.780914
3 7 0.500195
3 9 0.539872
3 10 0.555311
3 11 0.588413
3 12 0.565212
3 13 0.524611
3 14 0.568061
3 15 0.500000
3 16 0.533895
3 17 0.555131
3 18 0.625040
3 19 0.579559
4 1 0.692039
4 2 0.649983
4 3 0.525583
4 4 0.576725
4 5 0.654066
4 6 0.582526
4 7 0.500537
4 8 0.678357
4 9 0.521313
4 10 0.630810
4 11 0.563480
4 12 0.613320
4 13 0.549849
4 14 0.623346
4 15 0.500000
4 16 0.577025
4 18 0.602976
4 19 0.689730
5 2 0.805345
5 3 0.570238
5 4 0.654066
5 5 0.851075
5 6 0.733977
5 7 0.501361
5 9 0.571127
5 10 0.772780
5 11 0.678228
5 12 0.747339
5 13 0.575602
5 14 0.729162
5 15 0.500000
5 16 0.611290
5 17 0.724807
5 18 0.742403
5 19 0.864989
6 1 0.818304
6 2 0.737598
6 3 0.780914
6 4 0.582526
6 5 0.733977
6 6 0.999062
6 7 0.499630
6 8 0.802508
6 9 0.599661
6 10 0.729113
6 11 0.762097
6 12 0.707447
6 13 0.480237
6 14 0.612263
6 15 0.500000
6 16 0.590964
6 17 0.655441
6 18 0.748766
6 19 0.797285
7 1 0.501530
7 2 0.501026
7 3 0.500195
7 4 0.500537
7 5 0.501361
7 6 0.499630
7 7 0.500015
7 8 0.501266
7 9 0.500326
7 10 0.500899
7 11 0.500476
7 12 0.500964
7 13 0.500271
7 14 0.501099
7 15 0.500000
7 16 0.500291
7 17 0.500799
7 18 0.500444
7 19 0.501337
8 4 0.678357
8 6 0.802508
8 7 0.501266
8 8 0.885181
8 9 0.572632
8 10 0.798097
8 11 0.683956
8 18 0.784495
9 1 0.585197
9 2 0.560197
9 3 0.539872
9 4 0.521313
9 5 0.571127
9 6 0.599661
9 7 0.500326
9 8 0.572632
9 9 0.531683
9 10 0.548090
9 11 0.554089
9 12 0.549484
9 13 0.506899
9 14 0.543054
9 15 0.500000
9 16 0.522485
9 17 0.539365
9 18 0.580550
9 19 0.571297
10 1 0.828823
10 2 0.767450
10 3 0.555311
10 4 0.630810
10 5 0.772780
10 6 0.729113
10 7 0.500899
10 8 0.798097
10 9 0.548090
10 10 0.740856
10 11 0.623714
10 12 0.711270
10 13 0.569140
10 14 0.702597
10 15 0.500000
10 16 0.624378
10 17 0.699313
10 18 0.683701
11 1 0.708228
11 2 0.652868
11 3 0.588413
11 4 0.563480
11 5 0.678228
11 6 0.762097
11 7 0.500476
11 8 0.683956
11 9 0.554089
11 10 0.623714
11 11 0.632104
11 12 0.621050
11 13 0.533709
11 14 0.616759
11 15 0.500000
11 16 0.558399
11 17 0.607657
11 18 0.678941
11 19 0.680772
12 2 0.744605
12 3 0.565212
12 4 0.613320
12 5 0.747339
12 6 0.707447
12 7 0.500964
12 9 0.549484
12 10 0.711270
12 11 0.621050
12 12 0.698069
12 13 0.569794
12 14 0.698537
12 15 0.500000
12 16 0.613386
12 17 0.680590
12 18 0.674501
12 19 0.794260
13 1 0.610431
13 2 0.593307
13 3 0.524611
13 4 0.549849
13 5 0.575602
13 6 0.480237
13 7 0.500271
13 9 0.506899
13 10 0.569140
13 11 0.533709
13 12 0.569794
13 13 0.562960
13 14 0.610918
13 15 0.500000
13 16 0.565835
13 17 0.581295
13 18 0.577053
13 19 0.604913
14 1 0.794488
14 2 0.739057
14 3 0.568061
14 4 0.623346
14 5 0.729162
14 6 0.612263
14 7 0.501099
14 9 0.543054
14 10 0.702597
14 11 0.616759
14 12 0.698537
14 13 0.610918
14 14 0.764283
14 15 0.500000
14 16 0.642814
14 17 0.697017
14 18 0.720410
14 19 0.779281
15 1 0.500000
15 2 0.500000
15 3 0.500000
15 4 0.500000
15 5 0.500000
15 6 0.500000
15 7 0.500000
15 9 0.500000
15 10 0.500000
15 11 0.500000
15 12 0.500000
15 13 0.500000
15 14 0.500000
15 15 0.500000
15 16 0.500000
15 17 0.500000
15 18 0.500000
15 19 0.500000
16 2 0.651965
16 3 0.533895
16 4 0.577025
16 5 0.611290
16 6 0.590964
16 7 0.500291
16 9 0.522485
16 10 0.624378
16 11 0.558399
16 12 0.613386
16 13 0.565835
16 14 0.642814
16 15 0.500000
16 16 0.633516
16 17 0.627048
16 18 0.642977
16 19 0.677764
17 2 0.731899
17 3 0.555131
17 5 0.724807
17 6 0.655441
17 7 0.500799
17 9 0.539365
17 10 0.699313
17 11 0.607657
17 12 0.680590
17 13 0.581295
17 14 0.697017
17 15 0.500000
17 16 0.627048
17 17 0.680686
17 18 0.673770
18 1 0.786191
18 2 0.720986
18 3 0.625040
18 4 0.602976
18 5 0.742403
18 6 0.748766
18 7 0.500444
18 8 0.784495
18 9 0.580550
18 10 0.683701
18 11 0.678941
18 12 0.674501
18 13 0.577053
18 14 0.720410
18 15 0.500000
18 16 0.642977
18 17 0.673770
18 18 0.851360
19 3 0.579559
19 4 0.689730
19 5 0.864989
19 6 0.797285
19 7 0.501337
19 9 0.571297
19 11 0.680772
19 12 0.794260
19 13 0.604913
19 14 0.779281
19 15 0.500000
19 16 0.677764
19 19 0.912023
