1 2 0.664750
1 3 0.700837
1 5 0.700538
1 8 0.747266
1 12 0.660898
1 16 0.671453
1 17 0.616635
1 19 0.666903
2 1 0.664750
2 8 0.662307
2 19 0.605026
3 1 0.700837
3 8 0.694617
4 17 0.500000
5 1 0.700538
5 8 0.696018
8 1 0.747266
8 2 0.662307
8 3 0.694617
8 5 0.696018
8 12 0.635139
8 13 0.718189
8 14 0.611614
8 15 0.605749
8 16 0.668011
8 17 0.588006
8 19 0.633599
10 19 0.566085
12 1 0.660898
12 8 0.635139
13 8 0.718189
14 8 0.611614
15 8 0.605749
16 1 0.671453
16 8 0.668011
17 1 0.616635
17 4 0.500000
17 8 0.588006
17 19 0.606132
18 19 0.607513
19 1 0.666903
19 2 0.605026
19 8 0.633599
19 10 0.566085
19 17 0.606132
19 18 0.607513
1 1 0.768146
1 4 0.500000
1 6 0.884094
1 7 0.500923
1 9 0.567971
1 10 0.559051
1 11 0.675065
1 13 0.717917
1 14 0.589836
1 15 0.598273
1 18 0.614615
2 2 0.640190
2 3 0.638689
2 4 0.500000
2 5 0.648668
2 6 0.833901
2 7 0.500518
2 9 0.542052
2 10 0.523284
2 11 0.601708
2 12 0.591375
2 13 0.685202
2 14 0.547213
2 15 0.568215
2 16 0.624856
2 17 0.567636
2 18 0.561678
3 2 0.638689
3 3 0.697937
3 4 0.500000
3 5 0.675629
3 6 0.849683
3 7 0.500597
3 9 0.537021
3 10 0.528912
3 11 0.627936
3 12 0.622491
3 13 0.758033
3 14 0.560638
3 15 0.584843
3 16 0.645211
3 17 0.576513
3 18 0.571612
3 19 0.623723
4 1 0.500000
4 2 0.500000
4 3 0.500000
4 4 0.500000
4 5 0.500000
4 6 0.500000
4 7 0.500000
4 8 0.500000
4 9 0.500000
4 10 0.500000
4 11 0.500000
4 12 0.500000
4 13 0.500000
4 14 0.500000
4 15 0.500000
4 16 0.500000
4 18 0.500000
4 19 0.500000
5 2 0.648668
5 3 0.675629
5 4 0.500000
5 5 0.681466
5 6 0.888504
5 7 0.500676
5 9 0.540569
5 10 0.535001
5 11 0.630137
5 12 0.616043
5 13 0.709119
5 14 0.583742
5 15 0.586002
5 16 0.647354
5 17 0.586539
5 18 0.590216
5 19 0.635948
6 1 0.884094
6 2 0.833901
6 3 0.849683
6 4 0.500000
6 5 0.888504
6 6 0.999692
6 7 0.502676
6 8 0.876564
6 9 0.591242
6 10 0.623258
6 11 0.796522
6 12 0.758504
6 13 0.922111
6 14 0.847706
6 15 0.709071
6 16 0.833129
6 17 0.750882
6 18 0.785810
6 19 0.856926
7 1 0.500923
7 2 0.500518
7 3 0.500597
7 4 0.500000
7 5 0.500676
7 6 0.502676
7 7 0.500012
7 8 0.500760
7 9 0.500274
7 10 0.500294
7 11 0.500408
7 12 0.500548
7 13 0.501039
7 14 0.501822
7 15 0.500363
7 16 0.500573
7 17 0.500631
7 18 0.500664
7 19 0.500840
8 4 0.500000
8 6 0.876564
8 7 0.500760
8 8 0.747501
8 9 0.559283
8 10 0.538851
8 11 0.672915
8 18 0.592325
9 1 0.567971
9 2 0.542052
9 3 0.537021
9 4 0.500000
9 5 0.540569
9 6 0.591242
9 7 0.500274
9 8 0.559283
9 9 0.525723
9 10 0.516836
9 11 0.537169
9 12 0.536505
9 13 0.572480
9 14 0.536482
9 15 0.520310
9 16 0.538609
9 17 0.528677
9 18 0.524997
9 19 0.539203
10 1 0.559051
10 2 0.523284
10 3 0.528912
10 4 0.500000
10 5 0.535001
10 6 0.623258
10 7 0.500294
10 8 0.538851
10 9 0.516836
10 10 0.539192
10 11 0.535368
10 12 0.534578
10 13 0.546283
10 14 0.551774
10 15 0.513967
10 16 0.524438
10 17 0.543305
10 18 0.541993
11 1 0.675065
11 2 0.601708
11 3 0.627936
11 4 0.500000
11 5 0.630137
11 6 0.796522
11 7 0.500408
11 8 0.672915
11 9 0.537169
11 10 0.535368
11 11 0.647789
11 12 0.590966
11 13 0.705877
11 14 0.601152
11 15 0.567146
11 16 0.608178
11 17 0.560404
11 18 0.570043
11 19 0.594491
12 2 0.591375
12 3 0.622491
12 4 0.500000
12 5 0.616043
12 6 0.758504
12 7 0.500548
12 9 0.536505
12 10 0.534578
12 11 0.590966
12 12 0.602678
12 13 0.644416
12 14 0.537440
12 15 0.548570
12 16 0.597288
12 17 0.574049
12 18 0.570842
12 19 0.605279
13 1 0.717917
13 2 0.685202
13 3 0.758033
13 4 0.500000
13 5 0.709119
13 6 0.922111
13 7 0.501039
13 9 0.572480
13 10 0.546283
13 11 0.705877
13 12 0.644416
13 13 0.995602
13 14 0.877014
13 15 0.609666
13 16 0.685924
13 17 0.603012
13 18 0.599787
13 19 0.667556
14 1 0.589836
14 2 0.547213
14 3 0.560638
14 4 0.500000
14 5 0.583742
14 6 0.847706
14 7 0.501822
14 9 0.536482
14 10 0.551774
14 11 0.601152
14 12 0.537440
14 13 0.877014
14 14 0.967370
14 15 0.584417
14 16 0.560695
14 17 0.569320
14 18 0.626485
14 19 0.617461
15 1 0.598273
15 2 0.568215
15 3 0.584843
15 4 0.500000
15 5 0.586002
15 6 0.709071
15 7 0.500363
15 9 0.520310
15 10 0.513967
15 11 0.567146
15 12 0.548570
15 13 0.609666
15 14 0.584417
15 15 0.548992
15 16 0.571466
15 17 0.533178
15 18 0.536026
15 19 0.555129
16 2 0.624856
16 3 0.645211
16 4 0.500000
16 5 0.647354
16 6 0.833129
16 7 0.500573
16 9 0.538609
16 10 0.524438
16 11 0.608178
16 12 0.597288
16 13 0.685924
16 14 0.560695
16 15 0.571466
16 16 0.625916
16 17 0.568747
16 18 0.566184
16 19 0.603935
17 2 0.567636
17 3 0.576513
17 5 0.586539
17 6 0.750882
17 7 0.500631
17 9 0.528677
17 10 0.543305
17 11 0.560404
17 12 0.574049
17 13 0.603012
17 14 0.569320
17 15 0.533178
17 16 0.568747
17 17 0.575268
17 18 0.573218
18 1 0.614615
18 2 0.561678
18 3 0.571612
18 4 0.500000
18 5 0.590216
18 6 0.785810
18 7 0.500664
18 8 0.592325
18 9 0.524997
18 10 0.541993
18 11 0.570043
18 12 0.570842
18 13 0.599787
18 14 0.626485
18 15 0.536026
18 16 0.566184
18 17 0.573218
18 18 0.591571
19 3 0.623723
19 4 0.500000
19 5 0.635948
19 6 0.856926
19 7 0.500840
19 9 0.539203
19 11 0.594491
19 12 0.605279
19 13 0.667556
19 14 0.617461
19 15 0.555129
19 16 0.603935
19 19 0.658594
