1 2 0.997167
1 3 0.995348
1 5 0.991998
1 8 0.997350
1 12 0.987117
1 16 0.988414
1 17 0.989462
1 19 0.999715
2 1 0.997167
2 8 0.982651
2 19 0.997249
3 1 0.995348
3 8 0.975246
4 17 0.772421
5 1 0.991998
5 8 0.967074
8 1 0.997350
8 2 0.982651
8 3 0.975246
8 5 0.967074
8 12 0.957507
8 13 0.949538
8 14 0.992911
8 15 0.500000
8 16 0.952042
8 17 0.960762
8 19 0.996395
10 19 0.986660
12 1 0.987117
12 8 0.957507
13 8 0.949538
14 8 0.992911
15 8 0.500000
16 1 0.988414
16 8 0.952042
17 1 0.989462
17 4 0.772421
17 8 0.960762
17 19 0.984699
18 19 0.993329
19 1 0.999715
19 2 0.997249
19 8 0.996395
19 10 0.986660
19 17 0.984699
19 18 0.993329
1 1 0.999827
1 4 0.889440
1 6 0.999486
1 7 0.505208
1 9 0.712313
1 10 0.983128
1 11 0.751363
1 13 0.979522
1 14 0.999657
1 15 0.500000
1 18 0.991111
2 2 0.986479
2 3 0.966708
2 4 0.779366
2 5 0.961826
2 6 0.994243
2 7 0.503218
2 9 0.633299
2 10 0.952459
2 11 0.657470
2 12 0.948466
2 13 0.930501
2 14 0.992720
2 15 0.500000
2 16 0.953101
2 17 0.950790
2 18 0.969990
3 2 0.966708
3 3 0.975519
3 4 0.804998
3 5 0.956786
3 6 0.990793
3 7 0.503626
3 9 0.629864
3 10 0.901289
3 11 0.670596
3 12 0.937276
3 13 0.921488
3 14 0.994193
3 15 0.500000
3 16 0.935702
3 17 0.949070
3 18 0.928868
3 19 0.990438
4 1 0.889440
4 2 0.779366
4 3 0.804998
4 4 0.663330
4 5 0.772071
4 6 0.828950
4 7 0.501989
4 8 0.805529
4 9 0.571070
4 10 0.702102
4 11 0.595814
4 12 0.739305
4 13 0.718624
4 14 0.932551
4 15 0.500000
4 16 0.742266
4 18 0.725619
4 19 0.855351
5 2 0.961826
5 3 0.956786
5 4 0.772071
5 5 0.946823
5 6 0.980302
5 7 0.502994
5 9 0.621895
5 10 0.899103
5 11 0.661725
5 12 0.923077
5 13 0.905366
5 14 0.989401
5 15 0.500000
5 16 0.914612
5 17 0.933403
5 18 0.927618
5 19 0.988900
6 1 0.999486
6 2 0.994243
6 3 0.990793
6 4 0.828950
6 5 0.980302
6 6 0.999982
6 7 0.504904
6 8 0.992197
6 9 0.661022
6 10 0.974066
6 11 0.718448
6 12 0.971897
6 13 0.944824
6 14 0.998546
6 15 0.500000
6 16 0.979327
6 17 0.972051
6 18 0.987263
6 19 0.999179
7 1 0.505208
7 2 0.503218
7 3 0.503626
7 4 0.501989
7 5 0.502994
7 6 0.504904
7 7 0.500050
7 8 0.503390
7 9 0.501076
7 10 0.502155
7 11 0.501629
7 12 0.502170
7 13 0.502235
7 14 0.507327
7 15 0.500000
7 16 0.502563
7 17 0.503003
7 18 0.502242
7 19 0.504209
8 4 0.805529
8 6 0.992197
8 7 0.503390
8 8 0.986521
8 9 0.644473
8 10 0.939567
8 11 0.680971
8 18 0.962755
9 1 0.712313
9 2 0.633299
9 3 0.629864
9 4 0.571070
9 5 0.621895
9 6 0.661022
9 7 0.501076
9 8 0.644473
9 9 0.570415
9 10 0.618395
9 11 0.568054
9 12 0.609927
9 13 0.594511
9 14 0.725768
9 15 0.500000
9 16 0.621603
9 17 0.626487
9 18 0.629283
9 19 0.708993
10 1 0.983128
10 2 0.952459
10 3 0.901289
10 4 0.702102
10 5 0.899103
10 6 0.974066
10 7 0.502155
10 8 0.939567
10 9 0.618395
10 10 0.906304
10 11 0.629974
10 12 0.881080
10 13 0.848585
10 14 0.970915
10 15 0.500000
10 16 0.891004
10 17 0.883169
10 18 0.931619
11 1 0.751363
11 2 0.657470
11 3 0.670596
11 4 0.595814
11 5 0.661725
11 6 0.718448
11 7 0.501629
11 8 0.680971
11 9 0.568054
11 10 0.629974
11 11 0.597390
11 12 0.634069
11 13 0.623351
11 14 0.820100
11 15 0.500000
11 16 0.629268
11 17 0.659502
11 18 0.640439
11 19 0.732856
12 2 0.948466
12 3 0.937276
12 4 0.739305
12 5 0.923077
12 6 0.971897
12 7 0.502170
12 9 0.609927
12 10 0.881080
12 11 0.634069
12 12 0.908247
12 13 0.892174
12 14 0.975349
12 15 0.500000
12 16 0.899283
12 17 0.912989
12 18 0.914793
12 19 0.983795
13 1 0.979522
13 2 0.930501
13 3 0.921488
13 4 0.718624
13 5 0.905366
13 6 0.944824
13 7 0.502235
13 9 0.594511
13 10 0.848585
13 11 0.623351
13 12 0.892174
13 13 0.892707
13 14 0.942908
13 15 0.500000
13 16 0.872055
13 17 0.896065
13 18 0.887896
13 19 0.974006
14 1 0.999657
14 2 0.992720
14 3 0.994193
14 4 0.932551
14 5 0.989401
14 6 0.998546
14 7 0.507327
14 9 0.725768
14 10 0.970915
14 11 0.820100
14 12 0.975349
14 13 0.942908
14 14 0.999999
14 15 0.500000
14 16 0.983954
14 17 0.988406
14 18 0.980753
14 19 0.999011
15 1 0.500000
15 2 0.500000
15 3 0.500000
15 4 0.500000
15 5 0.500000
15 6 0.500000
15 7 0.500000
15 9 0.500000
15 10 0.500000
15 11 0.500000
15 12 0.500000
15 13 0.500000
15 14 0.500000
15 15 0.500000
15 16 0.500000
15 17 0.500000
15 18 0.500000
15 19 0.500000
16 2 0.953101
16 3 0.935702
16 4 0.742266
16 5 0.914612
16 6 0.979327
16 7 0.502563
16 9 0.621603
16 10 0.891004
16 11 0.629268
16 12 0.899283
16 13 0.872055
16 14 0.983954
16 15 0.500000
16 16 0.917434
16 17 0.908547
16 18 0.918621
16 19 0.985106
17 2 0.950790
17 3 0.949070
17 5 0.933403
17 6 0.972051
17 7 0.503003
17 9 0.626487
17 10 0.883169
17 11 0.659502
17 12 0.912989
17 13 0.896065
17 14 0.988406
17 15 0.500000
17 16 0.908547
17 17 0.926562
17 18 0.913390
18 1 0.991111
18 2 0.969990
18 3 0.928868
18 4 0.725619
18 5 0.927618
18 6 0.987263
18 7 0.502242
18 8 0.962755
18 9 0.629283
18 10 0.931619
18 11 0.640439
18 12 0.914793
18 13 0.887896
18 14 0.980753
18 15 0.500000
18 16 0.918621
18 17 0.913390
18 18 0.955712
19 3 0.990438
19 4 0.855351
19 5 0.988900
19 6 0.999179
19 7 0.504209
19 9 0.708993
19 11 0.732856
19 12 0.983795
19 13 0.974006
19 14 0.999011
19 15 0.500000
19 16 0.985106
19 19 0.999767
