1 2 0.669401
1 3 0.647540
1 5 0.702924
1 8 0.679563
1 12 0.607739
1 16 0.630901
1 17 0.639633
1 19 0.713561
2 1 0.669401
2 8 0.714236
2 19 0.770009
3 1 0.647540
3 8 0.692034
4 17 0.500000
5 1 0.702924
5 8 0.789640
8 1 0.679563
8 2 0.714236
8 3 0.692034
8 5 0.789640
8 12 0.620630
8 13 0.678053
8 14 0.712324
8 15 0.616078
8 16 0.676239
8 17 0.691592
8 19 0.769360
10 19 0.745354
12 1 0.607739
12 8 0.620630
13 8 0.678053
14 8 0.712324
15 8 0.616078
16 1 0.630901
16 8 0.676239
17 1 0.639633
17 4 0.500000
17 8 0.691592
17 19 0.747022
18 19 0.461766
19 1 0.713561
19 2 0.770009
19 8 0.769360
19 10 0.745354
19 17 0.747022
19 18 0.461766
1 1 0.657604
1 4 0.500000
1 6 0.672642
1 7 0.500651
1 9 0.500420
1 10 0.628215
1 11 0.510043
1 13 0.606089
1 14 0.614586
1 15 0.568573
1 18 0.505509
2 2 0.712145
2 3 0.665345
2 4 0.500000
2 5 0.728805
2 6 0.655748
2 7 0.500793
2 9 0.492293
2 10 0.673661
2 11 0.481934
2 12 0.609196
2 13 0.642202
2 14 0.639144
2 15 0.586795
2 16 0.657108
2 17 0.683648
2 18 0.449370
3 2 0.665345
3 3 0.654736
3 4 0.500000
3 5 0.711785
3 6 0.589108
3 7 0.500786
3 9 0.496356
3 10 0.615396
3 11 0.509579
3 12 0.599424
3 13 0.625090
3 14 0.647529
3 15 0.580514
3 16 0.638657
3 17 0.635106
3 18 0.460820
3 19 0.703468
4 1 0.500000
4 2 0.500000
4 3 0.500000
4 4 0.500000
4 5 0.500000
4 6 0.500000
4 7 0.500000
4 8 0.500000
4 9 0.500000
4 10 0.500000
4 11 0.500000
4 12 0.500000
4 13 0.500000
4 14 0.500000
4 15 0.500000
4 16 0.500000
4 18 0.500000
4 19 0.500000
5 2 0.728805
5 3 0.711785
5 4 0.500000
5 5 0.953176
5 6 0.341766
5 7 0.502651
5 9 0.534766
5 10 0.642867
5 11 0.577479
5 12 0.661849
5 13 0.727631
5 14 0.755305
5 15 0.639514
5 16 0.691544
5 17 0.703090
5 18 0.547842
5 19 0.762851
6 1 0.672642
6 2 0.655748
6 3 0.589108
6 4 0.500000
6 5 0.341766
6 6 0.993187
6 7 0.499455
6 8 0.593830
6 9 0.501178
6 10 0.656790
6 11 0.476588
6 12 0.629566
6 13 0.502779
6 14 0.445126
6 15 0.518998
6 16 0.593555
6 17 0.613476
6 18 0.629772
6 19 0.721506
7 1 0.500651
7 2 0.500793
7 3 0.500786
7 4 0.500000
7 5 0.502651
7 6 0.499455
7 7 0.500013
7 8 0.501272
7 9 0.500149
7 10 0.500427
7 11 0.500220
7 12 0.500561
7 13 0.501027
7 14 0.501308
7 15 0.500605
7 16 0.500769
7 17 0.500679
7 18 0.500167
7 19 0.500911
8 4 0.500000
8 6 0.593830
8 7 0.501272
8 8 0.759623
8 9 0.501413
8 10 0.662911
8 11 0.501200
8 18 0.449182
9 1 0.500420
9 2 0.492293
9 3 0.496356
9 4 0.500000
9 5 0.534766
9 6 0.501178
9 7 0.500149
9 8 0.501413
9 9 0.511422
9 10 0.494610
9 11 0.507020
9 12 0.504109
9 13 0.497847
9 14 0.504996
9 15 0.500188
9 16 0.495205
9 17 0.496416
9 18 0.516800
9 19 0.491185
10 1 0.628215
10 2 0.673661
10 3 0.615396
10 4 0.500000
10 5 0.642867
10 6 0.656790
10 7 0.500427
10 8 0.662911
10 9 0.494610
10 10 0.671162
10 11 0.456835
10 12 0.574207
10 13 0.598554
10 14 0.576724
10 15 0.556392
10 16 0.606055
10 17 0.661658
10 18 0.499523
11 1 0.510043
11 2 0.481934
11 3 0.509579
11 4 0.500000
11 5 0.577479
11 6 0.476588
11 7 0.500220
11 8 0.501200
11 9 0.507020
11 10 0.456835
11 11 0.570476
11 12 0.517525
11 13 0.499560
11 14 0.517106
11 15 0.504679
11 16 0.500647
11 17 0.474838
11 18 0.582836
11 19 0.452423
12 2 0.609196
12 3 0.599424
12 4 0.500000
12 5 0.661849
12 6 0.629566
12 7 0.500561
12 9 0.504109
12 10 0.574207
12 11 0.517525
12 12 0.579320
12 13 0.572708
12 14 0.582038
12 15 0.547119
12 16 0.588566
12 17 0.584659
12 18 0.523531
12 19 0.633668
13 1 0.606089
13 2 0.642202
13 3 0.625090
13 4 0.500000
13 5 0.727631
13 6 0.502779
13 7 0.501027
13 9 0.497847
13 10 0.598554
13 11 0.499560
13 12 0.572708
13 13 0.636752
13 14 0.653904
13 15 0.581496
13 16 0.620335
13 17 0.621316
13 18 0.436014
13 19 0.676225
14 1 0.614586
14 2 0.639144
14 3 0.647529
14 4 0.500000
14 5 0.755305
14 6 0.445126
14 7 0.501308
14 9 0.504996
14 10 0.576724
14 11 0.517106
14 12 0.582038
14 13 0.653904
14 14 0.718153
14 15 0.604847
14 16 0.641029
14 17 0.621732
14 18 0.419597
14 19 0.663922
15 1 0.568573
15 2 0.586795
15 3 0.580514
15 4 0.500000
15 5 0.639514
15 6 0.518998
15 7 0.500605
15 9 0.500188
15 10 0.556392
15 11 0.504679
15 12 0.547119
15 13 0.581496
15 14 0.604847
15 15 0.552987
15 16 0.576800
15 17 0.575026
15 18 0.465327
15 19 0.607619
16 2 0.657108
16 3 0.638657
16 4 0.500000
16 5 0.691544
16 6 0.593555
16 7 0.500769
16 9 0.495205
16 10 0.606055
16 11 0.500647
16 12 0.588566
16 13 0.620335
16 14 0.641029
16 15 0.576800
16 16 0.635017
16 17 0.626323
16 18 0.428051
16 19 0.690409
17 2 0.683648
17 3 0.635106
17 5 0.703090
17 6 0.613476
17 7 0.500679
17 9 0.496416
17 10 0.661658
17 11 0.474838
17 12 0.584659
17 13 0.621316
17 14 0.621732
17 15 0.575026
17 16 0.626323
17 17 0.671802
17 18 0.463761
18 1 0.505509
18 2 0.449370
18 3 0.460820
18 4 0.500000
18 5 0.547842
18 6 0.629772
18 7 0.500167
18 8 0.449182
18 9 0.516800
18 10 0.499523
18 11 0.582836
18 12 0.523531
18 13 0.436014
18 14 0.419597
18 15 0.465327
18 16 0.428051
18 17 0.463761
18 18 0.914487
19 3 0.703468
19 4 0.500000
19 5 0.762851
19 6 0.721506
19 7 0.500911
19 9 0.491185
19 11 0.452423
19 12 0.633668
19 13 0.676225
19 14 0.663922
19 15 0.607619
19 16 0.690409
19 19 0.846066
