1 2 0.970456
1 3 0.914689
1 5 0.915511
1 8 0.986096
1 12 0.793697
1 16 0.879336
1 17 0.956965
1 19 0.988559
2 1 0.970456
2 8 0.992577
2 19 0.994141
3 1 0.914689
3 8 0.973191
4 17 0.802489
5 1 0.915511
5 8 0.981714
8 1 0.986096
8 2 0.992577
8 3 0.973191
8 5 0.981714
8 12 0.850803
8 13 0.979373
8 14 0.988871
8 15 0.927014
8 16 0.961008
8 17 0.990437
8 19 0.998458
10 19 0.500000
12 1 0.793697
12 8 0.850803
13 8 0.979373
14 8 0.988871
15 8 0.927014
16 1 0.879336
16 8 0.961008
17 1 0.956965
17 4 0.802489
17 8 0.990437
17 19 0.991185
18 19 0.992218
19 1 0.988559
19 2 0.994141
19 8 0.998458
19 10 0.500000
19 17 0.991185
19 18 0.992218
1 1 0.955273
1 4 0.786330
1 6 0.979728
1 7 0.503638
1 9 0.635417
1 10 0.500000
1 11 0.716018
1 13 0.913681
1 14 0.937055
1 15 0.821179
1 18 0.954370
2 2 0.983043
2 3 0.938364
2 4 0.812394
2 5 0.938962
2 6 0.987779
2 7 0.504233
2 9 0.638365
2 10 0.500000
2 11 0.741452
2 12 0.824370
2 13 0.941798
2 14 0.959547
2 15 0.854446
2 16 0.906228
2 17 0.972973
2 18 0.970149
3 2 0.938364
3 3 0.879307
3 4 0.736094
3 5 0.888433
3 6 0.965145
3 7 0.502895
3 9 0.611310
3 10 0.500000
3 11 0.691356
3 12 0.733573
3 13 0.875591
3 14 0.906466
3 15 0.789891
3 16 0.833882
3 17 0.924320
3 18 0.915714
3 19 0.970102
4 1 0.786330
4 2 0.812394
4 3 0.736094
4 4 0.658285
4 5 0.770320
4 6 0.846847
4 7 0.501405
4 8 0.879357
4 9 0.571380
4 10 0.500000
4 11 0.611863
4 12 0.626645
4 13 0.743259
4 14 0.772142
4 15 0.672415
4 16 0.735199
4 18 0.804349
4 19 0.885928
5 2 0.938962
5 3 0.888433
5 4 0.770320
5 5 0.929759
5 6 0.972538
5 7 0.502430
5 9 0.632868
5 10 0.500000
5 11 0.727608
5 12 0.710733
5 13 0.890502
5 14 0.917724
5 15 0.816413
5 16 0.877085
5 17 0.937465
5 18 0.935458
5 19 0.978787
6 1 0.979728
6 2 0.987779
6 3 0.965145
6 4 0.846847
6 5 0.972538
6 6 0.999589
6 7 0.504934
6 8 0.998050
6 9 0.715055
6 10 0.500000
6 11 0.803214
6 12 0.832905
6 13 0.967229
6 14 0.979318
6 15 0.901178
6 16 0.937443
6 17 0.983359
6 18 0.979532
6 19 0.996349
7 1 0.503638
7 2 0.504233
7 3 0.502895
7 4 0.501405
7 5 0.502430
7 6 0.504934
7 7 0.500025
7 8 0.505206
7 9 0.500532
7 10 0.500000
7 11 0.500910
7 12 0.501759
7 13 0.503049
7 14 0.503703
7 15 0.501853
7 16 0.502028
7 17 0.503643
7 18 0.503147
7 19 0.504839
8 4 0.879357
8 6 0.998050
8 7 0.505206
8 8 0.999053
8 9 0.707487
8 10 0.500000
8 11 0.816999
8 18 0.988035
9 1 0.635417
9 2 0.638365
9 3 0.611310
9 4 0.571380
9 5 0.632868
9 6 0.715055
9 7 0.500532
9 8 0.707487
9 9 0.552131
9 10 0.500000
9 11 0.558200
9 12 0.552961
9 13 0.595825
9 14 0.618419
9 15 0.572935
9 16 0.605105
9 17 0.637343
9 18 0.636770
9 19 0.688338
10 1 0.500000
10 2 0.500000
10 3 0.500000
10 4 0.500000
10 5 0.500000
10 6 0.500000
10 7 0.500000
10 8 0.500000
10 9 0.500000
10 10 0.500000
10 11 0.500000
10 12 0.500000
10 13 0.500000
10 14 0.500000
10 15 0.500000
10 16 0.500000
10 17 0.500000
10 18 0.500000
11 1 0.716018
11 2 0.741452
11 3 0.691356
11 4 0.611863
11 5 0.727608
11 6 0.803214
11 7 0.500910
11 8 0.816999
11 9 0.558200
11 10 0.500000
11 11 0.612071
11 12 0.589270
11 13 0.675157
11 14 0.707174
11 15 0.634795
11 16 0.674244
11 17 0.735764
11 18 0.729069
11 19 0.804830
12 2 0.824370
12 3 0.733573
12 4 0.626645
12 5 0.710733
12 6 0.832905
12 7 0.501759
12 9 0.552961
12 10 0.500000
12 11 0.589270
12 12 0.654127
12 13 0.728472
12 14 0.757190
12 15 0.647298
12 16 0.679763
12 17 0.786748
12 18 0.776595
12 19 0.864342
13 1 0.913681
13 2 0.941798
13 3 0.875591
13 4 0.743259
13 5 0.890502
13 6 0.967229
13 7 0.503049
13 9 0.595825
13 10 0.500000
13 11 0.675157
13 12 0.728472
13 13 0.912037
13 14 0.930473
13 15 0.803370
13 16 0.852867
13 17 0.929683
13 18 0.920569
13 19 0.974492
14 1 0.937055
14 2 0.959547
14 3 0.906466
14 4 0.772142
14 5 0.917724
14 6 0.979318
14 7 0.503703
14 9 0.618419
14 10 0.500000
14 11 0.707174
14 12 0.757190
14 13 0.930473
14 14 0.955543
14 15 0.837545
14 16 0.879562
14 17 0.950401
14 18 0.937416
14 19 0.983037
15 1 0.821179
15 2 0.854446
15 3 0.789891
15 4 0.672415
15 5 0.816413
15 6 0.901178
15 7 0.501853
15 9 0.572935
15 10 0.500000
15 11 0.634795
15 12 0.647298
15 13 0.803370
15 14 0.837545
15 15 0.723497
15 16 0.766728
15 17 0.846251
15 18 0.836099
15 19 0.915090
16 2 0.906228
16 3 0.833882
16 4 0.735199
16 5 0.877085
16 6 0.937443
16 7 0.502028
16 9 0.605105
16 10 0.500000
16 11 0.674244
16 12 0.679763
16 13 0.852867
16 14 0.879562
16 15 0.766728
16 16 0.842028
16 17 0.901406
16 18 0.904242
16 19 0.962601
17 2 0.972973
17 3 0.924320
17 5 0.937465
17 6 0.983359
17 7 0.503643
17 9 0.637343
17 10 0.500000
17 11 0.735764
17 12 0.786748
17 13 0.929683
17 14 0.950401
17 15 0.846251
17 16 0.901406
17 17 0.964455
17 18 0.962149
18 1 0.954370
18 2 0.970149
18 3 0.915714
18 4 0.804349
18 5 0.935458
18 6 0.979532
18 7 0.503147
18 8 0.988035
18 9 0.636770
18 10 0.500000
18 11 0.729069
18 12 0.776595
18 13 0.920569
18 14 0.937416
18 15 0.836099
18 16 0.904242
18 17 0.962149
18 18 0.968327
19 3 0.970102
19 4 0.885928
19 5 0.978787
19 6 0.996349
19 7 0.504839
19 9 0.688338
19 11 0.804830
19 12 0.864342
19 13 0.974492
19 14 0.983037
19 15 0.915090
19 16 0.962601
19 19 0.999083
