1 26 0.576686
3 17 0.602412
3 26 0.646496
4 22 0.515466
4 26 0.576836
5 26 0.519595
9 26 0.592524
11 26 0.676333
13 26 0.603844
14 26 0.848694
17 3 0.602412
18 26 0.660698
22 4 0.515466
24 26 0.596643
25 26 0.605247
26 1 0.576686
26 3 0.646496
26 4 0.576836
26 5 0.519595
26 9 0.592524
26 11 0.676333
26 13 0.603844
26 14 0.848694
26 18 0.660698
26 24 0.596643
26 25 0.605247
1 1 0.528990
1 2 0.557344
1 3 0.554181
1 4 0.527869
1 5 0.503138
1 6 0.647928
1 7 0.496711
1 8 0.516335
1 9 0.533142
1 10 0.498900
1 11 0.562056
1 12 0.522299
1 13 0.537270
1 14 0.632724
1 15 0.486851
1 16 0.514507
1 17 0.546510
1 18 0.560983
1 19 0.499999
1 20 0.542989
1 21 0.594446
1 22 0.511251
1 23 0.567977
1 24 0.534911
1 25 0.537970
2 1 0.557344
2 2 0.999990
2 3 0.548847
2 4 0.584308
2 5 0.595128
2 6 0.006916
2 7 0.557614
2 8 0.580642
2 9 0.643016
2 10 0.596895
2 11 0.743273
2 12 0.481103
2 13 0.567477
2 14 0.217128
2 15 0.905562
2 16 0.861554
2 17 0.543789
2 18 0.623703
2 19 0.500011
2 20 0.226412
2 21 0.754150
2 22 0.588136
2 23 0.394235
2 24 0.515869
2 25 0.519814
2 26 0.701600
3 1 0.554181
3 2 0.548847
3 3 0.614809
3 4 0.552546
3 5 0.511222
3 6 0.780511
3 7 0.496616
3 8 0.526125
3 9 0.563137
3 10 0.498121
3 11 0.640724
3 12 0.546518
3 13 0.575698
3 14 0.826060
3 15 0.428030
3 16 0.530098
3 18 0.612518
3 19 0.499999
3 20 0.581380
3 21 0.637925
3 22 0.521339
3 23 0.649984
3 24 0.568204
3 25 0.577126
4 1 0.527869
4 2 0.584308
4 3 0.552546
4 4 0.529646
4 5 0.502090
4 6 0.631276
4 7 0.499035
4 8 0.510616
4 9 0.531740
4 10 0.501336
4 11 0.566765
4 12 0.522021
4 13 0.536740
4 14 0.634643
4 15 0.485968
4 16 0.513755
4 17 0.545008
4 18 0.561185
4 19 0.500000
4 20 0.543783
4 21 0.597033
4 23 0.550993
4 24 0.534073
4 25 0.537737
5 1 0.503138
5 2 0.595128
5 3 0.511222
5 4 0.502090
5 5 0.558397
5 6 0.552970
5 7 0.523101
5 8 0.527295
5 9 0.517643
5 10 0.514698
5 11 0.512266
5 12 0.497945
5 13 0.512675
5 14 0.629864
5 15 0.499773
5 16 0.562992
5 17 0.508611
5 18 0.506822
5 19 0.500002
5 20 0.540626
5 21 0.522665
5 22 0.517219
5 23 0.568399
5 24 0.514491
5 25 0.512041
6 1 0.647928
6 2 0.006916
6 3 0.780511
6 4 0.631276
6 5 0.552970
6 6 0.999995
6 7 0.492665
6 8 0.636939
6 9 0.625884
6 10 0.479326
6 11 0.839467
6 12 0.735133
6 13 0.701732
6 14 0.999848
6 15 0.218265
6 16 0.691357
6 17 0.747173
6 18 0.776515
6 19 0.499997
6 20 0.924359
6 21 0.951814
6 22 0.653763
6 23 0.910668
6 24 0.692482
6 25 0.731818
6 26 0.821572
7 1 0.496711
7 2 0.557614
7 3 0.496616
7 4 0.499035
7 5 0.523101
7 6 0.492665
7 7 0.517448
7 8 0.503229
7 9 0.502991
7 10 0.510192
7 11 0.494508
7 12 0.493456
7 13 0.500844
7 14 0.529107
7 15 0.487223
7 16 0.522051
7 17 0.495968
7 18 0.496560
7 19 0.500001
7 20 0.518862
7 21 0.462781
7 22 0.514521
7 23 0.516521
7 24 0.504400
7 25 0.500944
7 26 0.500026
8 1 0.516335
8 2 0.580642
8 3 0.526125
8 4 0.510616
8 5 0.527295
8 6 0.636939
8 7 0.503229
8 8 0.555556
8 9 0.529402
8 10 0.505204
8 11 0.528711
8 12 0.516063
8 13 0.521987
8 14 0.624861
8 15 0.542678
8 16 0.558195
8 17 0.520072
8 18 0.532234
8 19 0.500000
8 20 0.549830
8 21 0.587250
8 22 0.503734
8 23 0.593512
8 24 0.519312
8 25 0.520061
8 26 0.541354
9 1 0.533142
9 2 0.643016
9 3 0.563137
9 4 0.531740
9 5 0.517643
9 6 0.625884
9 7 0.502991
9 8 0.529402
9 9 0.546981
9 10 0.503665
9 11 0.571703
9 12 0.524186
9 13 0.545095
9 14 0.675577
9 15 0.486344
9 16 0.533405
9 17 0.553121
9 18 0.575873
9 19 0.500000
9 20 0.540305
9 21 0.578445
9 22 0.521683
9 23 0.590643
9 24 0.542662
9 25 0.543218
10 1 0.498900
10 2 0.596895
10 3 0.498121
10 4 0.501336
10 5 0.514698
10 6 0.479326
10 7 0.510192
10 8 0.505204
10 9 0.503665
10 10 0.515451
10 11 0.508552
10 12 0.497005
10 13 0.502653
10 14 0.529862
10 15 0.528274
10 16 0.533846
10 17 0.498072
10 18 0.497104
10 19 0.500001
10 20 0.550386
10 21 0.485308
10 22 0.519799
10 23 0.521207
10 24 0.502761
10 25 0.501434
10 26 0.504244
11 1 0.562056
11 2 0.743273
11 3 0.640724
11 4 0.566765
11 5 0.512266
11 6 0.839467
11 7 0.494508
11 8 0.528711
11 9 0.571703
11 10 0.508552
11 11 0.746400
11 12 0.576959
11 13 0.591916
11 14 0.945714
11 15 0.485696
11 16 0.624712
11 17 0.633534
11 18 0.618227
11 19 0.500000
11 20 0.568942
11 21 0.749399
11 22 0.530092
11 23 0.647368
11 24 0.561252
11 25 0.591533
12 1 0.522299
12 2 0.481103
12 3 0.546518
12 4 0.522021
12 5 0.497945
12 6 0.735133
12 7 0.493456
12 8 0.516063
12 9 0.524186
12 10 0.497005
12 11 0.576959
12 12 0.543195
12 13 0.532284
12 14 0.751531
12 15 0.462766
12 16 0.526299
12 17 0.541578
12 18 0.549241
12 19 0.499999
12 20 0.518058
12 21 0.604602
12 22 0.522744
12 23 0.529624
12 24 0.522559
12 25 0.534202
12 26 0.562475
13 1 0.537270
13 2 0.567477
13 3 0.575698
13 4 0.536740
13 5 0.512675
13 6 0.701732
13 7 0.500844
13 8 0.521987
13 9 0.545095
13 10 0.502653
13 11 0.591916
13 12 0.532284
13 13 0.552755
13 14 0.725818
13 15 0.459611
13 16 0.525911
13 17 0.566135
13 18 0.578237
13 19 0.500000
13 20 0.567870
13 21 0.596335
13 22 0.521997
13 23 0.603829
13 24 0.548954
13 25 0.553562
14 1 0.632724
14 2 0.217128
14 3 0.826060
14 4 0.634643
14 5 0.629864
14 6 0.999848
14 7 0.529107
14 8 0.624861
14 9 0.675577
14 10 0.529862
14 11 0.945714
14 12 0.751531
14 13 0.725818
14 14 0.999997
14 15 0.202103
14 16 0.841681
14 17 0.810357
14 18 0.780231
14 19 0.500000
14 20 0.804953
14 21 0.903790
14 22 0.688090
14 23 0.909920
14 24 0.660755
14 25 0.734659
15 1 0.486851
15 2 0.905562
15 3 0.428030
15 4 0.485968
15 5 0.499773
15 6 0.218265
15 7 0.487223
15 8 0.542678
15 9 0.486344
15 10 0.528274
15 11 0.485696
15 12 0.462766
15 13 0.459611
15 14 0.202103
15 15 0.871723
15 16 0.657410
15 17 0.436265
15 18 0.440397
15 19 0.500002
15 20 0.576344
15 21 0.794853
15 22 0.456645
15 23 0.468279
15 24 0.445390
15 25 0.454649
15 26 0.443792
16 1 0.514507
16 2 0.861554
16 3 0.530098
16 4 0.513755
16 5 0.562992
16 6 0.691357
16 7 0.522051
16 8 0.558195
16 9 0.533405
16 10 0.533846
16 11 0.624712
16 12 0.526299
16 13 0.525911
16 14 0.841681
16 15 0.657410
16 16 0.728666
16 17 0.531228
16 18 0.513568
16 19 0.500003
16 20 0.554947
16 21 0.685387
16 22 0.537333
16 23 0.603983
16 24 0.501932
16 25 0.519968
16 26 0.548713
17 1 0.546510
17 2 0.543789
17 4 0.545008
17 5 0.508611
17 6 0.747173
17 7 0.495968
17 8 0.520072
17 9 0.553121
17 10 0.498072
17 11 0.633534
17 12 0.541578
17 13 0.566135
17 14 0.810357
17 15 0.436265
17 16 0.531228
17 17 0.593240
17 18 0.593034
17 19 0.499999
17 20 0.563264
17 21 0.621227
17 22 0.514307
17 23 0.633529
17 24 0.556947
17 25 0.567360
17 26 0.627650
18 1 0.560983
18 2 0.623703
18 3 0.612518
18 4 0.561185
18 5 0.506822
18 6 0.776515
18 7 0.496560
18 8 0.532234
18 9 0.575873
18 10 0.497104
18 11 0.618227
18 12 0.549241
18 13 0.578237
18 14 0.780231
18 15 0.440397
18 16 0.513568
18 17 0.593034
18 18 0.645936
18 19 0.499999
18 20 0.571561
18 21 0.666538
18 22 0.542521
18 23 0.614156
18 24 0.576723
18 25 0.578692
19 1 0.499999
19 2 0.500011
19 3 0.499999
19 4 0.500000
19 5 0.500002
19 6 0.499997
19 7 0.500001
19 8 0.500000
19 9 0.500000
19 10 0.500001
19 11 0.500000
19 12 0.499999
19 13 0.500000
19 14 0.500000
19 15 0.500002
19 16 0.500003
19 17 0.499999
19 18 0.499999
19 19 0.500000
19 20 0.499999
19 21 0.500003
19 22 0.500001
19 23 0.499998
19 24 0.499999
19 25 0.500000
19 26 0.499999
20 1 0.542989
20 2 0.226412
20 3 0.581380
20 4 0.543783
20 5 0.540626
20 6 0.924359
20 7 0.518862
20 8 0.549830
20 9 0.540305
20 10 0.550386
20 11 0.568942
20 12 0.518058
20 13 0.567870
20 14 0.804953
20 15 0.576344
20 16 0.554947
20 17 0.563264
20 18 0.571561
20 19 0.499999
20 20 0.919608
20 21 0.629435
20 22 0.568650
20 23 0.789733
20 24 0.588872
20 25 0.580898
20 26 0.613554
21 1 0.594446
21 2 0.754150
21 3 0.637925
21 4 0.597033
21 5 0.522665
21 6 0.951814
21 7 0.462781
21 8 0.587250
21 9 0.578445
21 10 0.485308
21 11 0.749399
21 12 0.604602
21 13 0.596335
21 14 0.903790
21 15 0.794853
21 16 0.685387
21 17 0.621227
21 18 0.666538
21 19 0.500003
21 20 0.629435
21 21 0.994438
21 22 0.454629
21 23 0.529316
21 24 0.552566
21 25 0.621036
21 26 0.713284
22 1 0.511251
22 2 0.588136
22 3 0.521339
22 5 0.517219
22 6 0.653763
22 7 0.514521
22 8 0.503734
22 9 0.521683
22 10 0.519799
22 11 0.530092
22 12 0.522744
22 13 0.521997
22 14 0.688090
22 15 0.456645
22 16 0.537333
22 17 0.514307
22 18 0.542521
22 19 0.500001
22 20 0.568650
22 21 0.454629
22 22 0.574377
22 23 0.519604
22 24 0.524073
22 25 0.520199
22 26 0.543415
23 1 0.567977
23 2 0.394235
23 3 0.649984
23 4 0.550993
23 5 0.568399
23 6 0.910668
23 7 0.516521
23 8 0.593512
23 9 0.590643
23 10 0.521207
23 11 0.647368
23 12 0.529624
23 13 0.603829
23 14 0.909920
23 15 0.468279
23 16 0.603983
23 17 0.633529
23 18 0.614156
23 19 0.499998
23 20 0.789733
23 21 0.529316
23 22 0.519604
23 23 0.888107
23 24 0.609130
23 25 0.602318
23 26 0.677075
24 1 0.534911
24 2 0.515869
24 3 0.568204
24 4 0.534073
24 5 0.514491
24 6 0.692482
24 7 0.504400
24 8 0.519312
24 9 0.542662
24 10 0.502761
24 11 0.561252
24 12 0.522559
24 13 0.548954
24 14 0.660755
24 15 0.445390
24 16 0.501932
24 17 0.556947
24 18 0.576723
24 19 0.499999
24 20 0.588872
24 21 0.552566
24 22 0.524073
24 23 0.609130
24 24 0.552997
24 25 0.550468
25 1 0.537970
25 2 0.519814
25 3 0.577126
25 4 0.537737
25 5 0.512041
25 6 0.731818
25 7 0.500944
25 8 0.520061
25 9 0.543218
25 10 0.501434
25 11 0.591533
25 12 0.534202
25 13 0.553562
25 14 0.734659
25 15 0.454649
25 16 0.519968
25 17 0.567360
25 18 0.578692
25 19 0.500000
25 20 0.580898
25 21 0.621036
25 22 0.520199
25 23 0.602318
25 24 0.550468
25 25 0.556755
26 2 0.701600
26 6 0.821572
26 7 0.500026
26 8 0.541354
26 10 0.504244
26 12 0.562475
26 15 0.443792
26 16 0.548713
26 17 0.627650
26 19 0.499999
26 20 0.613554
26 21 0.713284
26 22 0.543415
26 23 0.677075
26 26 0.704445
