1 26 0.646824
3 17 0.669689
3 26 0.792018
4 22 0.541122
4 26 0.651569
5 26 0.648592
9 26 0.678640
11 26 0.729145
13 26 0.679388
14 26 0.987141
17 3 0.669689
18 26 0.972317
22 4 0.541122
24 26 0.697445
25 26 0.659934
26 1 0.646824
26 3 0.792018
26 4 0.651569
26 5 0.648592
26 9 0.678640
26 11 0.729145
26 13 0.679388
26 14 0.987141
26 18 0.972317
26 24 0.697445
26 25 0.659934
1 1 0.557792
1 2 0.837765
1 3 0.626604
1 4 0.557896
1 5 0.553863
1 6 0.785577
1 7 0.541539
1 8 0.582898
1 9 0.569508
1 10 0.520520
1 11 0.593161
1 12 0.584617
1 13 0.570465
1 14 0.838680
1 15 0.624102
1 16 0.662435
1 17 0.575096
1 18 0.797573
1 19 0.500003
1 20 0.764214
1 21 0.747575
1 22 0.528046
1 23 0.726431
1 24 0.578797
1 25 0.563315
2 1 0.837765
2 2 1.000000
2 3 0.979183
2 4 0.817560
2 5 0.855751
2 6 0.997780
2 7 0.786338
2 8 0.904208
2 9 0.892153
2 10 0.675374
2 11 0.926987
2 12 0.888000
2 13 0.863811
2 14 0.999897
2 15 0.992345
2 16 0.997090
2 17 0.903090
2 18 0.999907
2 19 0.500019
2 20 0.999649
2 21 0.999791
2 22 0.660037
2 23 0.997035
2 24 0.901383
2 25 0.858412
2 26 0.987905
3 1 0.626604
3 2 0.979183
3 3 0.779441
3 4 0.620146
3 5 0.613410
3 6 0.934917
3 7 0.593786
3 8 0.693585
3 9 0.649402
3 10 0.544276
3 11 0.687211
3 12 0.694829
3 13 0.646997
3 14 0.980036
3 15 0.786979
3 16 0.856788
3 18 0.949653
3 19 0.500006
3 20 0.941623
3 21 0.923348
3 22 0.551239
3 23 0.907086
3 24 0.674096
3 25 0.641792
4 1 0.557896
4 2 0.817560
4 3 0.620146
4 4 0.569116
4 5 0.564247
4 6 0.838994
4 7 0.539872
4 8 0.588736
4 9 0.572606
4 10 0.518625
4 11 0.601489
4 12 0.585966
4 13 0.575907
4 14 0.836007
4 15 0.598556
4 16 0.638709
4 17 0.574366
4 18 0.807174
4 19 0.500002
4 20 0.738831
4 21 0.763562
4 23 0.758191
4 24 0.580092
4 25 0.562735
5 1 0.553863
5 2 0.855751
5 3 0.613410
5 4 0.564247
5 5 0.611655
5 6 0.780018
5 7 0.542795
5 8 0.602575
5 9 0.574493
5 10 0.520164
5 11 0.591357
5 12 0.591146
5 13 0.570386
5 14 0.792485
5 15 0.635918
5 16 0.642975
5 17 0.543375
5 18 0.813769
5 19 0.500003
5 20 0.722250
5 21 0.772209
5 22 0.540712
5 23 0.766933
5 24 0.572562
5 25 0.554857
6 1 0.785577
6 2 0.997780
6 3 0.934917
6 4 0.838994
6 5 0.780018
6 6 1.000000
6 7 0.725245
6 8 0.890106
6 9 0.821989
6 10 0.624458
6 11 0.911139
6 12 0.949323
6 13 0.858186
6 14 1.000000
6 15 0.942774
6 16 0.984323
6 17 0.906938
6 18 0.999086
6 19 0.500021
6 20 0.998152
6 21 0.999762
6 22 0.743053
6 23 0.998691
6 24 0.852691
6 25 0.797662
6 26 0.971240
7 1 0.541539
7 2 0.786338
7 3 0.593786
7 4 0.539872
7 5 0.542795
7 6 0.725245
7 7 0.535366
7 8 0.562984
7 9 0.550491
7 10 0.514904
7 11 0.564048
7 12 0.570325
7 13 0.550220
7 14 0.801383
7 15 0.622858
7 16 0.639427
7 17 0.552641
7 18 0.717393
7 19 0.500002
7 20 0.714899
7 21 0.703935
7 22 0.518655
7 23 0.667719
7 24 0.558411
7 25 0.546274
7 26 0.609261
8 1 0.582898
8 2 0.904208
8 3 0.693585
8 4 0.588736
8 5 0.602575
8 6 0.890106
8 7 0.562984
8 8 0.709154
8 9 0.597698
8 10 0.525542
8 11 0.630550
8 12 0.672026
8 13 0.599775
8 14 0.917108
8 15 0.729987
8 16 0.789526
8 17 0.603283
8 18 0.906394
8 19 0.500004
8 20 0.894242
8 21 0.916603
8 22 0.543756
8 23 0.919003
8 24 0.616514
8 25 0.592901
8 26 0.703528
9 1 0.569508
9 2 0.892153
9 3 0.649402
9 4 0.572606
9 5 0.574493
9 6 0.821989
9 7 0.550491
9 8 0.597698
9 9 0.588099
9 10 0.524379
9 11 0.614046
9 12 0.599680
9 13 0.585801
9 14 0.870125
9 15 0.646843
9 16 0.683469
9 17 0.586687
9 18 0.839643
9 19 0.500003
9 20 0.785112
9 21 0.785045
9 22 0.537750
9 23 0.762903
9 24 0.595001
9 25 0.575588
10 1 0.520520
10 2 0.675374
10 3 0.544276
10 4 0.518625
10 5 0.520164
10 6 0.624458
10 7 0.514904
10 8 0.525542
10 9 0.524379
10 10 0.515119
10 11 0.534240
10 12 0.524220
10 13 0.521940
10 14 0.612173
10 15 0.555665
10 16 0.581413
10 17 0.535578
10 18 0.634121
10 19 0.500001
10 20 0.602174
10 21 0.636797
10 22 0.509126
10 23 0.565592
10 24 0.524158
10 25 0.521490
10 26 0.553500
11 1 0.593161
11 2 0.926987
11 3 0.687211
11 4 0.601489
11 5 0.591357
11 6 0.911139
11 7 0.564048
11 8 0.630550
11 9 0.614046
11 10 0.534240
11 11 0.661616
11 12 0.627654
11 13 0.616695
11 14 0.924020
11 15 0.664876
11 16 0.724693
11 17 0.624987
11 18 0.910673
11 19 0.500004
11 20 0.849842
11 21 0.866670
11 22 0.555513
11 23 0.838885
11 24 0.623445
11 25 0.599720
12 1 0.584617
12 2 0.888000
12 3 0.694829
12 4 0.585966
12 5 0.591146
12 6 0.949323
12 7 0.570325
12 8 0.672026
12 9 0.599680
12 10 0.524220
12 11 0.627654
12 12 0.714063
12 13 0.606489
12 14 0.984714
12 15 0.730064
12 16 0.795604
12 17 0.596720
12 18 0.868779
12 19 0.500006
12 20 0.885720
12 21 0.882947
12 22 0.541062
12 23 0.870356
12 24 0.621602
12 25 0.593221
12 26 0.711200
13 1 0.570465
13 2 0.863811
13 3 0.646997
13 4 0.575907
13 5 0.570386
13 6 0.858186
13 7 0.550220
13 8 0.599775
13 9 0.585801
13 10 0.521940
13 11 0.616695
13 12 0.606489
13 13 0.590745
13 14 0.896042
13 15 0.631482
13 16 0.670032
13 17 0.585014
13 18 0.839718
13 19 0.500003
13 20 0.795410
13 21 0.779006
13 22 0.540774
13 23 0.772733
13 24 0.597077
13 25 0.576798
14 1 0.838680
14 2 0.999897
14 3 0.980036
14 4 0.836007
14 5 0.792485
14 6 1.000000
14 7 0.801383
14 8 0.917108
14 9 0.870125
14 10 0.612173
14 11 0.924020
14 12 0.984714
14 13 0.896042
14 14 1.000000
14 15 0.991000
14 16 0.998292
14 17 0.923439
14 18 0.998913
14 19 0.500032
14 20 0.999869
14 21 0.999624
14 22 0.679850
14 23 0.998521
14 24 0.912694
14 25 0.862899
15 1 0.624102
15 2 0.992345
15 3 0.786979
15 4 0.598556
15 5 0.635918
15 6 0.942774
15 7 0.622858
15 8 0.729987
15 9 0.646843
15 10 0.555665
15 11 0.664876
15 12 0.730064
15 13 0.631482
15 14 0.991000
15 15 0.920528
15 16 0.929841
15 17 0.675740
15 18 0.948240
15 19 0.500008
15 20 0.968194
15 21 0.973129
15 22 0.532196
15 23 0.927190
15 24 0.669350
15 25 0.638075
15 26 0.792649
16 1 0.662435
16 2 0.997090
16 3 0.856788
16 4 0.638709
16 5 0.642975
16 6 0.984323
16 7 0.639427
16 8 0.789526
16 9 0.683469
16 10 0.581413
16 11 0.724693
16 12 0.795604
16 13 0.670032
16 14 0.998292
16 15 0.929841
16 16 0.975287
16 17 0.763276
16 18 0.969336
16 19 0.500009
16 20 0.985092
16 21 0.992311
16 22 0.548472
16 23 0.958866
16 24 0.712303
16 25 0.680791
16 26 0.848775
17 1 0.575096
17 2 0.903090
17 4 0.574366
17 5 0.543375
17 6 0.906938
17 7 0.552641
17 8 0.603283
17 9 0.586687
17 10 0.535578
17 11 0.624987
17 12 0.596720
17 13 0.585014
17 14 0.923439
17 15 0.675740
17 16 0.763276
17 17 0.656494
17 18 0.819481
17 19 0.500003
17 20 0.819990
17 21 0.854711
17 22 0.533940
17 23 0.757079
17 24 0.596778
17 25 0.584782
17 26 0.682876
18 1 0.797573
18 2 0.999907
18 3 0.949653
18 4 0.807174
18 5 0.813769
18 6 0.999086
18 7 0.717393
18 8 0.906394
18 9 0.839643
18 10 0.634121
18 11 0.910673
18 12 0.868779
18 13 0.839718
18 14 0.998913
18 15 0.948240
18 16 0.969336
18 17 0.819481
18 18 0.999985
18 19 0.500017
18 20 0.999508
18 21 0.999413
18 22 0.676819
18 23 0.999598
18 24 0.865256
18 25 0.814465
19 1 0.500003
19 2 0.500019
19 3 0.500006
19 4 0.500002
19 5 0.500003
19 6 0.500021
19 7 0.500002
19 8 0.500004
19 9 0.500003
19 10 0.500001
19 11 0.500004
19 12 0.500006
19 13 0.500003
19 14 0.500032
19 15 0.500008
19 16 0.500009
19 17 0.500003
19 18 0.500017
19 19 0.500000
19 20 0.500016
19 21 0.500012
19 22 0.500001
19 23 0.500010
19 24 0.500004
19 25 0.500003
19 26 0.500007
20 1 0.764214
20 2 0.999649
20 3 0.941623
20 4 0.738831
20 5 0.722250
20 6 0.998152
20 7 0.714899
20 8 0.894242
20 9 0.785112
20 10 0.602174
20 11 0.849842
20 12 0.885720
20 13 0.795410
20 14 0.999869
20 15 0.968194
20 16 0.985092
20 17 0.819990
20 18 0.999508
20 19 0.500016
20 20 0.999589
20 21 0.998246
20 22 0.596946
20 23 0.997722
20 24 0.838174
20 25 0.790866
20 26 0.950108
21 1 0.747575
21 2 0.999791
21 3 0.923348
21 4 0.763562
21 5 0.772209
21 6 0.999762
21 7 0.703935
21 8 0.916603
21 9 0.785045
21 10 0.636797
21 11 0.866670
21 12 0.882947
21 13 0.779006
21 14 0.999624
21 15 0.973129
21 16 0.992311
21 17 0.854711
21 18 0.999413
21 19 0.500012
21 20 0.998246
21 21 0.999899
21 22 0.653866
21 23 0.998827
21 24 0.805355
21 25 0.762840
21 26 0.946340
22 1 0.528046
22 2 0.660037
22 3 0.551239
22 5 0.540712
22 6 0.743053
22 7 0.518655
22 8 0.543756
22 9 0.537750
22 10 0.509126
22 11 0.555513
22 12 0.541062
22 13 0.540774
22 14 0.679850
22 15 0.532196
22 16 0.548472
22 17 0.533940
22 18 0.676819
22 19 0.500001
22 20 0.596946
22 21 0.653866
22 22 0.529606
22 23 0.650499
22 24 0.538662
22 25 0.529076
22 26 0.579278
23 1 0.726431
23 2 0.997035
23 3 0.907086
23 4 0.758191
23 5 0.766933
23 6 0.998691
23 7 0.667719
23 8 0.919003
23 9 0.762903
23 10 0.565592
23 11 0.838885
23 12 0.870356
23 13 0.772733
23 14 0.998521
23 15 0.927190
23 16 0.958866
23 17 0.757079
23 18 0.999598
23 19 0.500010
23 20 0.997722
23 21 0.998827
23 22 0.650499
23 23 0.999599
23 24 0.803024
23 25 0.746966
23 26 0.926793
24 1 0.578797
24 2 0.901383
24 3 0.674096
24 4 0.580092
24 5 0.572562
24 6 0.852691
24 7 0.558411
24 8 0.616514
24 9 0.595001
24 10 0.524158
24 11 0.623445
24 12 0.621602
24 13 0.597077
24 14 0.912694
24 15 0.669350
24 16 0.712303
24 17 0.596778
24 18 0.865256
24 19 0.500004
24 20 0.838174
24 21 0.805355
24 22 0.538662
24 23 0.803024
24 24 0.611706
24 25 0.588497
25 1 0.563315
25 2 0.858412
25 3 0.641792
25 4 0.562735
25 5 0.554857
25 6 0.797662
25 7 0.546274
25 8 0.592901
25 9 0.575588
25 10 0.521490
25 11 0.599720
25 12 0.593221
25 13 0.576798
25 14 0.862899
25 15 0.638075
25 16 0.680791
25 17 0.584782
25 18 0.814465
25 19 0.500003
25 20 0.790866
25 21 0.762840
25 22 0.529076
25 23 0.746966
25 24 0.588497
25 25 0.571722
26 2 0.987905
26 6 0.971240
26 7 0.609261
26 8 0.703528
26 10 0.553500
26 12 0.711200
26 15 0.792649
26 16 0.848775
26 17 0.682876
26 19 0.500007
26 20 0.950108
26 21 0.946340
26 22 0.579278
26 23 0.926793
26 26 0.832897
