1 26 0.594659
3 17 0.893341
3 26 0.972594
4 22 0.621226
4 26 0.906246
5 26 0.915918
9 26 0.777399
11 26 0.982004
13 26 0.935893
14 26 0.990172
17 3 0.893341
18 26 0.973665
22 4 0.621226
24 26 0.844813
25 26 0.924694
26 1 0.594659
26 3 0.972594
26 4 0.906246
26 5 0.915918
26 9 0.777399
26 11 0.982004
26 13 0.935893
26 14 0.990172
26 18 0.973665
26 24 0.844813
26 25 0.924694
1 1 0.511771
1 2 0.697332
1 3 0.569384
1 4 0.539928
1 5 0.540363
1 6 0.770157
1 7 0.516804
1 8 0.549274
1 9 0.521831
1 10 0.510988
1 11 0.584472
1 12 0.522188
1 13 0.546434
1 14 0.574355
1 15 0.547664
1 16 0.577269
1 17 0.555709
1 18 0.569306
1 19 0.500001
1 20 0.611936
1 21 0.587953
1 22 0.519408
1 23 0.623675
1 24 0.529055
1 25 0.544881
2 1 0.697332
2 2 1.000000
2 3 0.998665
2 4 0.987116
2 5 0.986337
2 6 1.000000
2 7 0.853456
2 8 0.982676
2 9 0.908435
2 10 0.688511
2 11 0.999485
2 12 0.928238
2 13 0.993258
2 14 0.999636
2 15 0.988285
2 16 0.998587
2 17 0.993268
2 18 0.999030
2 19 0.500026
2 20 0.999969
2 21 0.999919
2 22 0.900549
2 23 0.999942
2 24 0.931750
2 25 0.991984
2 26 0.999951
3 1 0.569384
3 2 0.998665
3 3 0.935911
3 4 0.824738
3 5 0.828708
3 6 0.999978
3 7 0.617144
3 8 0.821502
3 9 0.732207
3 10 0.562195
3 11 0.950833
3 12 0.672030
3 13 0.855907
3 14 0.951862
3 15 0.837027
3 16 0.918229
3 18 0.924132
3 19 0.500009
3 20 0.966693
3 21 0.935797
3 22 0.676636
3 23 0.979629
3 24 0.733556
3 25 0.839745
4 1 0.539928
4 2 0.987116
4 3 0.824738
4 4 0.732013
4 5 0.733931
4 6 0.999102
4 7 0.579141
4 8 0.706596
4 9 0.634779
4 10 0.534166
4 11 0.850673
4 12 0.633300
4 13 0.759974
4 14 0.872580
4 15 0.727042
4 16 0.815359
4 17 0.761500
4 18 0.827403
4 19 0.500007
4 20 0.895136
4 21 0.882495
4 23 0.898688
4 24 0.664374
4 25 0.744280
5 1 0.540363
5 2 0.986337
5 3 0.828708
5 4 0.733931
5 5 0.746767
5 6 0.999568
5 7 0.588210
5 8 0.707990
5 9 0.632634
5 10 0.527461
5 11 0.858222
5 12 0.630618
5 13 0.770366
5 14 0.889100
5 15 0.733242
5 16 0.827487
5 17 0.761165
5 18 0.832690
5 19 0.500006
5 20 0.897566
5 21 0.873429
5 22 0.615612
5 23 0.887921
5 24 0.681659
5 25 0.754776
6 1 0.770157
6 2 1.000000
6 3 0.999978
6 4 0.999102
6 5 0.999568
6 6 1.000000
6 7 0.944851
6 8 0.998514
6 9 0.951386
6 10 0.651654
6 11 0.999998
6 12 0.988507
6 13 0.999768
6 14 0.999999
6 15 0.999029
6 16 0.999991
6 17 0.999641
6 18 0.999984
6 19 0.500031
6 20 0.999999
6 21 0.999999
6 22 0.967947
6 23 0.999999
6 24 0.998765
6 25 0.999620
6 26 1.000000
7 1 0.516804
7 2 0.853456
7 3 0.617144
7 4 0.579141
7 5 0.588210
7 6 0.944851
7 7 0.545454
7 8 0.577855
7 9 0.524857
7 10 0.513329
7 11 0.651981
7 12 0.562297
7 13 0.598187
7 14 0.660984
7 15 0.578080
7 16 0.628327
7 17 0.585058
7 18 0.629328
7 19 0.500002
7 20 0.700813
7 21 0.660489
7 22 0.537386
7 23 0.648287
7 24 0.576527
7 25 0.595714
7 26 0.691742
8 1 0.549274
8 2 0.982676
8 3 0.821502
8 4 0.706596
8 5 0.707990
8 6 0.998514
8 7 0.577855
8 8 0.760755
8 9 0.625316
8 10 0.540148
8 11 0.886843
8 12 0.631378
8 13 0.729562
8 14 0.811168
8 15 0.737663
8 16 0.796718
8 17 0.778394
8 18 0.813220
8 19 0.500006
8 20 0.878167
8 21 0.859730
8 22 0.613756
8 23 0.932983
8 24 0.650613
8 25 0.714748
8 26 0.882110
9 1 0.521831
9 2 0.908435
9 3 0.732207
9 4 0.634779
9 5 0.632634
9 6 0.951386
9 7 0.524857
9 8 0.625316
9 9 0.656540
9 10 0.513697
9 11 0.670005
9 12 0.529594
9 13 0.649085
9 14 0.762478
9 15 0.637362
9 16 0.710469
9 17 0.687488
9 18 0.720143
9 19 0.500004
9 20 0.733775
9 21 0.771018
9 22 0.558112
9 23 0.818015
9 24 0.569552
9 25 0.637964
10 1 0.510988
10 2 0.688511
10 3 0.562195
10 4 0.534166
10 5 0.527461
10 6 0.651654
10 7 0.513329
10 8 0.540148
10 9 0.513697
10 10 0.520147
10 11 0.573373
10 12 0.524185
10 13 0.535671
10 14 0.549168
10 15 0.537888
10 16 0.570335
10 17 0.554308
10 18 0.554966
10 19 0.500001
10 20 0.626929
10 21 0.566997
10 22 0.519852
10 23 0.616653
10 24 0.516071
10 25 0.534656
10 26 0.571888
11 1 0.584472
11 2 0.999485
11 3 0.950833
11 4 0.850673
11 5 0.858222
11 6 0.999998
11 7 0.651981
11 8 0.886843
11 9 0.670005
11 10 0.573373
11 11 0.990207
11 12 0.731191
11 13 0.881757
11 14 0.949341
11 15 0.873541
11 16 0.923331
11 17 0.917878
11 18 0.941991
11 19 0.500012
11 20 0.980658
11 21 0.933557
11 22 0.714418
11 23 0.991163
11 24 0.770450
11 25 0.863894
12 1 0.522188
12 2 0.928238
12 3 0.672030
12 4 0.633300
12 5 0.630618
12 6 0.988507
12 7 0.562297
12 8 0.631378
12 9 0.529594
12 10 0.524185
12 11 0.731191
12 12 0.653181
12 13 0.642660
12 14 0.705894
12 15 0.596638
12 16 0.659748
12 17 0.632139
12 18 0.690207
12 19 0.500003
12 20 0.770989
12 21 0.795390
12 22 0.582245
12 23 0.744801
12 24 0.634276
12 25 0.635838
12 26 0.770076
13 1 0.546434
13 2 0.993258
13 3 0.855907
13 4 0.759974
13 5 0.770366
13 6 0.999768
13 7 0.598187
13 8 0.729562
13 9 0.649085
13 10 0.535671
13 11 0.881757
13 12 0.642660
13 13 0.798348
13 14 0.911640
13 15 0.760047
13 16 0.853821
13 17 0.786611
13 18 0.860696
13 19 0.500008
13 20 0.927066
13 21 0.900795
13 22 0.630427
13 23 0.914504
13 24 0.690300
13 25 0.782126
14 1 0.574355
14 2 0.999636
14 3 0.951862
14 4 0.872580
14 5 0.889100
14 6 0.999999
14 7 0.660984
14 8 0.811168
14 9 0.762478
14 10 0.549168
14 11 0.949341
14 12 0.705894
14 13 0.911640
14 14 0.986795
14 15 0.867146
14 16 0.959579
14 17 0.892785
14 18 0.956096
14 19 0.500012
14 20 0.986311
14 21 0.975308
14 22 0.694410
14 23 0.973915
14 24 0.811801
14 25 0.898338
15 1 0.547664
15 2 0.988285
15 3 0.837027
15 4 0.727042
15 5 0.733242
15 6 0.999029
15 7 0.578080
15 8 0.737663
15 9 0.637362
15 10 0.537888
15 11 0.873541
15 12 0.596638
15 13 0.760047
15 14 0.867146
15 15 0.800909
15 16 0.847655
15 17 0.781114
15 18 0.830762
15 19 0.500007
15 20 0.912002
15 21 0.864227
15 22 0.614910
15 23 0.923737
15 24 0.646111
15 25 0.742891
15 26 0.906359
16 1 0.577269
16 2 0.998587
16 3 0.918229
16 4 0.815359
16 5 0.827487
16 6 0.999991
16 7 0.628327
16 8 0.796718
16 9 0.710469
16 10 0.570335
16 11 0.923331
16 12 0.659748
16 13 0.853821
16 14 0.959579
16 15 0.847655
16 16 0.956685
16 17 0.859809
16 18 0.919175
16 19 0.500009
16 20 0.977034
16 21 0.967264
16 22 0.661644
16 23 0.972633
16 24 0.752267
16 25 0.839812
16 26 0.972826
17 1 0.555709
17 2 0.993268
17 4 0.761500
17 5 0.761165
17 6 0.999641
17 7 0.585058
17 8 0.778394
17 9 0.687488
17 10 0.554308
17 11 0.917878
17 12 0.632139
17 13 0.786611
17 14 0.892785
17 15 0.781114
17 16 0.859809
17 17 0.852800
17 18 0.867842
17 19 0.500007
17 20 0.924132
17 21 0.864286
17 22 0.640050
17 23 0.961163
17 24 0.677225
17 25 0.770907
17 26 0.934461
18 1 0.569306
18 2 0.999030
18 3 0.924132
18 4 0.827403
18 5 0.832690
18 6 0.999984
18 7 0.629328
18 8 0.813220
18 9 0.720143
18 10 0.554966
18 11 0.941991
18 12 0.690207
18 13 0.860696
18 14 0.956096
18 15 0.830762
18 16 0.919175
18 17 0.867842
18 18 0.927644
18 19 0.500010
18 20 0.971117
18 21 0.963234
18 22 0.676977
18 23 0.974776
18 24 0.745519
18 25 0.845370
19 1 0.500001
19 2 0.500026
19 3 0.500009
19 4 0.500007
19 5 0.500006
19 6 0.500031
19 7 0.500002
19 8 0.500006
19 9 0.500004
19 10 0.500001
19 11 0.500012
19 12 0.500003
19 13 0.500008
19 14 0.500012
19 15 0.500007
19 16 0.500009
19 17 0.500007
19 18 0.500010
19 19 0.500000
19 20 0.500017
19 21 0.500013
19 22 0.500003
19 23 0.500015
19 24 0.500004
19 25 0.500007
19 26 0.500014
20 1 0.611936
20 2 0.999969
20 3 0.966693
20 4 0.895136
20 5 0.897566
20 6 0.999999
20 7 0.700813
20 8 0.878167
20 9 0.733775
20 10 0.626929
20 11 0.980658
20 12 0.770989
20 13 0.927066
20 14 0.986311
20 15 0.912002
20 16 0.977034
20 17 0.924132
20 18 0.971117
20 19 0.500017
20 20 0.998062
20 21 0.988107
20 22 0.731255
20 23 0.993630
20 24 0.805220
20 25 0.916762
20 26 0.993161
21 1 0.587953
21 2 0.999919
21 3 0.935797
21 4 0.882495
21 5 0.873429
21 6 0.999999
21 7 0.660489
21 8 0.859730
21 9 0.771018
21 10 0.566997
21 11 0.933557
21 12 0.795390
21 13 0.900795
21 14 0.975308
21 15 0.864227
21 16 0.967264
21 17 0.864286
21 18 0.963234
21 19 0.500013
21 20 0.988107
21 21 0.999152
21 22 0.738705
21 23 0.992776
21 24 0.815959
21 25 0.888344
21 26 0.987828
22 1 0.519408
22 2 0.900549
22 3 0.676636
22 5 0.615612
22 6 0.967947
22 7 0.537386
22 8 0.613756
22 9 0.558112
22 10 0.519852
22 11 0.714418
22 12 0.582245
22 13 0.630427
22 14 0.694410
22 15 0.614910
22 16 0.661644
22 17 0.640050
22 18 0.676977
22 19 0.500003
22 20 0.731255
22 21 0.738705
22 22 0.568868
22 23 0.757416
22 24 0.583465
22 25 0.620883
22 26 0.743540
23 1 0.623675
23 2 0.999942
23 3 0.979629
23 4 0.898688
23 5 0.887921
23 6 0.999999
23 7 0.648287
23 8 0.932983
23 9 0.818015
23 10 0.616653
23 11 0.991163
23 12 0.744801
23 13 0.914504
23 14 0.973915
23 15 0.923737
23 16 0.972633
23 17 0.961163
23 18 0.974776
23 19 0.500015
23 20 0.993630
23 21 0.992776
23 22 0.757416
23 23 0.999433
23 24 0.792453
23 25 0.902888
23 26 0.992152
24 1 0.529055
24 2 0.931750
24 3 0.733556
24 4 0.664374
24 5 0.681659
24 6 0.998765
24 7 0.576527
24 8 0.650613
24 9 0.569552
24 10 0.516071
24 11 0.770450
24 12 0.634276
24 13 0.690300
24 14 0.811801
24 15 0.646111
24 16 0.752267
24 17 0.677225
24 18 0.745519
24 19 0.500004
24 20 0.805220
24 21 0.815959
24 22 0.583465
24 23 0.792453
24 24 0.688318
24 25 0.681619
25 1 0.544881
25 2 0.991984
25 3 0.839745
25 4 0.744280
25 5 0.754776
25 6 0.999620
25 7 0.595714
25 8 0.714748
25 9 0.637964
25 10 0.534656
25 11 0.863894
25 12 0.635838
25 13 0.782126
25 14 0.898338
25 15 0.742891
25 16 0.839812
25 17 0.770907
25 18 0.845370
25 19 0.500007
25 20 0.916762
25 21 0.888344
25 22 0.620883
25 23 0.902888
25 24 0.681619
25 25 0.768391
26 2 0.999951
26 6 1.000000
26 7 0.691742
26 8 0.882110
26 10 0.571888
26 12 0.770076
26 15 0.906359
26 16 0.972826
26 17 0.934461
26 19 0.500014
26 20 0.993161
26 21 0.987828
26 22 0.743540
26 23 0.992152
26 26 0.995206
