1 26 0.725673
3 17 0.919028
3 26 0.916074
4 22 0.540525
4 26 0.747251
5 26 0.725329
9 26 0.736568
11 26 0.830480
13 26 0.704554
14 26 0.998207
17 3 0.919028
18 26 0.877004
22 4 0.540525
24 26 0.743438
25 26 0.746251
26 1 0.725673
26 3 0.916074
26 4 0.747251
26 5 0.725329
26 9 0.736568
26 11 0.830480
26 13 0.704554
26 14 0.998207
26 18 0.877004
26 24 0.743438
26 25 0.746251
1 1 0.587970
1 2 0.889284
1 3 0.703459
1 4 0.597022
1 5 0.587317
1 6 0.885024
1 7 0.527912
1 8 0.564775
1 9 0.588206
1 10 0.523475
1 11 0.640443
1 12 0.557695
1 13 0.576405
1 14 0.901198
1 15 0.674474
1 16 0.777014
1 17 0.692593
1 18 0.670926
1 19 0.500001
1 20 0.791368
1 21 0.954116
1 22 0.535019
1 23 0.854442
1 24 0.596522
1 25 0.597228
2 1 0.889284
2 2 1.000000
2 3 0.996038
2 4 0.906481
2 5 0.900180
2 6 0.999940
2 7 0.726934
2 8 0.832288
2 9 0.968766
2 10 0.688174
2 11 0.961364
2 12 0.892489
2 13 0.908584
2 14 0.999997
2 15 0.996977
2 16 0.999778
2 17 0.995540
2 18 0.982435
2 19 0.500016
2 20 0.999893
2 21 1.000000
2 22 0.727416
2 23 0.999932
2 24 0.900351
2 25 0.895699
2 26 0.997081
3 1 0.703459
3 2 0.996038
3 3 0.922344
3 4 0.719212
3 5 0.712877
3 6 0.990702
3 7 0.567331
3 8 0.721672
3 9 0.752117
3 10 0.565453
3 11 0.790361
3 12 0.668541
3 13 0.715274
3 14 0.997399
3 15 0.882464
3 16 0.964768
3 18 0.849657
3 19 0.500003
3 20 0.964758
3 21 0.999291
3 22 0.602592
3 23 0.989873
3 24 0.722326
3 25 0.711730
4 1 0.597022
4 2 0.906481
4 3 0.719212
4 4 0.610162
4 5 0.595848
4 6 0.919329
4 7 0.528344
4 8 0.576323
4 9 0.598332
4 10 0.527423
4 11 0.657171
4 12 0.562199
4 13 0.585859
4 14 0.913775
4 15 0.682817
4 16 0.800776
4 17 0.705407
4 18 0.697080
4 19 0.500001
4 20 0.820384
4 21 0.969174
4 23 0.881186
4 24 0.605273
4 25 0.609488
5 1 0.587317
5 2 0.900180
5 3 0.712877
5 4 0.595848
5 5 0.590175
5 6 0.886282
5 7 0.529205
5 8 0.569182
5 9 0.603727
5 10 0.523555
5 11 0.635413
5 12 0.569702
5 13 0.586868
5 14 0.922646
5 15 0.690814
5 16 0.788286
5 17 0.705480
5 18 0.666198
5 19 0.500001
5 20 0.791533
5 21 0.958832
5 22 0.539968
5 23 0.860982
5 24 0.594320
5 25 0.594221
6 1 0.885024
6 2 0.999940
6 3 0.990702
6 4 0.919329
6 5 0.886282
6 6 1.000000
6 7 0.608953
6 8 0.784903
6 9 0.876442
6 10 0.600530
6 11 0.974276
6 12 0.798287
6 13 0.878994
6 14 1.000000
6 15 0.989008
6 16 0.999494
6 17 0.986703
6 18 0.982685
6 19 0.499997
6 20 0.998676
6 21 1.000000
6 22 0.712430
6 23 0.999992
6 24 0.890046
6 25 0.919696
6 26 0.996823
7 1 0.527912
7 2 0.726934
7 3 0.567331
7 4 0.528344
7 5 0.529205
7 6 0.608953
7 7 0.521215
7 8 0.498136
7 9 0.548043
7 10 0.508169
7 11 0.541950
7 12 0.523756
7 13 0.532061
7 14 0.652552
7 15 0.583543
7 16 0.612663
7 17 0.565550
7 18 0.543728
7 19 0.500001
7 20 0.636175
7 21 0.712302
7 22 0.520074
7 23 0.618151
7 24 0.531093
7 25 0.528168
7 26 0.574429
8 1 0.564775
8 2 0.832288
8 3 0.721672
8 4 0.576323
8 5 0.569182
8 6 0.784903
8 7 0.498136
8 8 0.679363
8 9 0.601667
8 10 0.531573
8 11 0.595482
8 12 0.558866
8 13 0.566456
8 14 0.786928
8 15 0.630518
8 16 0.727342
8 17 0.720768
8 18 0.675462
8 19 0.500000
8 20 0.720131
8 21 0.876306
8 22 0.521049
8 23 0.807212
8 24 0.573376
8 25 0.567597
8 26 0.679761
9 1 0.588206
9 2 0.968766
9 3 0.752117
9 4 0.598332
9 5 0.603727
9 6 0.876442
9 7 0.548043
9 8 0.601667
9 9 0.738706
9 10 0.534829
9 11 0.620937
9 12 0.652874
9 13 0.626362
9 14 0.965988
9 15 0.787783
9 16 0.842859
9 17 0.754607
9 18 0.675462
9 19 0.500004
9 20 0.843841
9 21 0.977579
9 22 0.569113
9 23 0.873895
9 24 0.589196
9 25 0.588092
10 1 0.523475
10 2 0.688174
10 3 0.565453
10 4 0.527423
10 5 0.523555
10 6 0.600530
10 7 0.508169
10 8 0.531573
10 9 0.534829
10 10 0.518712
10 11 0.536208
10 12 0.512135
10 13 0.521453
10 14 0.564133
10 15 0.536563
10 16 0.579693
10 17 0.561213
10 18 0.566948
10 19 0.500000
10 20 0.625309
10 21 0.668372
10 22 0.510406
10 23 0.603419
10 24 0.525190
10 25 0.526933
10 26 0.565825
11 1 0.640443
11 2 0.961364
11 3 0.790361
11 4 0.657171
11 5 0.635413
11 6 0.974276
11 7 0.541950
11 8 0.595482
11 9 0.620937
11 10 0.536208
11 11 0.736819
11 12 0.590603
11 13 0.612594
11 14 0.978975
11 15 0.768638
11 16 0.880508
11 17 0.772636
11 18 0.755949
11 19 0.500002
11 20 0.892948
11 21 0.993203
11 22 0.550452
11 23 0.942236
11 24 0.651085
11 25 0.661017
12 1 0.557695
12 2 0.892489
12 3 0.668541
12 4 0.562199
12 5 0.569702
12 6 0.798287
12 7 0.523756
12 8 0.558866
12 9 0.652874
12 10 0.512135
12 11 0.590603
12 12 0.647392
12 13 0.581709
12 14 0.959924
12 15 0.712604
12 16 0.745143
12 17 0.673066
12 18 0.587719
12 19 0.500004
12 20 0.710329
12 21 0.925099
12 22 0.538526
12 23 0.792557
12 24 0.554659
12 25 0.558726
12 26 0.662618
13 1 0.576405
13 2 0.908584
13 3 0.715274
13 4 0.585859
13 5 0.586868
13 6 0.878994
13 7 0.532061
13 8 0.566456
13 9 0.626362
13 10 0.521453
13 11 0.612594
13 12 0.581709
13 13 0.616995
13 14 0.922329
13 15 0.686212
13 16 0.808477
13 17 0.715641
13 18 0.639765
13 19 0.500002
13 20 0.791343
13 21 0.949550
13 22 0.557575
13 23 0.874514
13 24 0.580770
13 25 0.576922
14 1 0.901198
14 2 0.999997
14 3 0.997399
14 4 0.913775
14 5 0.922646
14 6 1.000000
14 7 0.652552
14 8 0.786928
14 9 0.965988
14 10 0.564133
14 11 0.978975
14 12 0.959924
14 13 0.922329
14 14 1.000000
14 15 0.999714
14 16 0.999899
14 17 0.997590
14 18 0.942616
14 19 0.500001
14 20 0.991114
14 21 1.000000
14 22 0.731274
14 23 0.999998
14 24 0.895065
14 25 0.917036
15 1 0.674474
15 2 0.996977
15 3 0.882464
15 4 0.682817
15 5 0.690814
15 6 0.989008
15 7 0.583543
15 8 0.630518
15 9 0.787783
15 10 0.536563
15 11 0.768638
15 12 0.712604
15 13 0.686212
15 14 0.999714
15 15 0.952025
15 16 0.954728
15 17 0.883174
15 18 0.752126
15 19 0.500004
15 20 0.923857
15 21 0.999567
15 22 0.590773
15 23 0.960860
15 24 0.674379
15 25 0.680545
15 26 0.884476
16 1 0.777014
16 2 0.999778
16 3 0.964768
16 4 0.800776
16 5 0.788286
16 6 0.999494
16 7 0.612663
16 8 0.727342
16 9 0.842859
16 10 0.579693
16 11 0.880508
16 12 0.745143
16 13 0.808477
16 14 0.999899
16 15 0.954728
16 16 0.994383
16 17 0.961400
16 18 0.914243
16 19 0.500006
16 20 0.992245
16 21 0.999990
16 22 0.659892
16 23 0.998988
16 24 0.792112
16 25 0.789603
16 26 0.969897
17 1 0.692593
17 2 0.995540
17 4 0.705407
17 5 0.705480
17 6 0.986703
17 7 0.565550
17 8 0.720768
17 9 0.754607
17 10 0.561213
17 11 0.772636
17 12 0.673066
17 13 0.715641
17 14 0.997590
17 15 0.883174
17 16 0.961400
17 17 0.918219
17 18 0.827990
17 19 0.500003
17 20 0.955069
17 21 0.998942
17 22 0.600745
17 23 0.987756
17 24 0.710805
17 25 0.696117
17 26 0.904988
18 1 0.670926
18 2 0.982435
18 3 0.849657
18 4 0.697080
18 5 0.666198
18 6 0.982685
18 7 0.543728
18 8 0.675462
18 9 0.675462
18 10 0.566948
18 11 0.755949
18 12 0.587719
18 13 0.639765
18 14 0.942616
18 15 0.752126
18 16 0.914243
18 17 0.827990
18 18 0.861122
18 19 0.500002
18 20 0.958917
18 21 0.997330
18 22 0.577842
18 23 0.973553
18 24 0.687266
18 25 0.693305
19 1 0.500001
19 2 0.500016
19 3 0.500003
19 4 0.500001
19 5 0.500001
19 6 0.499997
19 7 0.500001
19 8 0.500000
19 9 0.500004
19 10 0.500000
19 11 0.500002
19 12 0.500004
19 13 0.500002
19 14 0.500001
19 15 0.500004
19 16 0.500006
19 17 0.500003
19 18 0.500002
19 19 0.500000
19 20 0.500012
19 21 0.500004
19 22 0.500002
19 23 0.500004
19 24 0.500001
19 25 0.500001
19 26 0.500003
20 1 0.791368
20 2 0.999893
20 3 0.964758
20 4 0.820384
20 5 0.791533
20 6 0.998676
20 7 0.636175
20 8 0.720131
20 9 0.843841
20 10 0.625309
20 11 0.892948
20 12 0.710329
20 13 0.791343
20 14 0.991114
20 15 0.923857
20 16 0.992245
20 17 0.955069
20 18 0.958917
20 19 0.500012
20 20 0.999072
20 21 0.999969
20 22 0.690791
20 23 0.998573
20 24 0.811923
20 25 0.815048
20 26 0.974606
21 1 0.954116
21 2 1.000000
21 3 0.999291
21 4 0.969174
21 5 0.958832
21 6 1.000000
21 7 0.712302
21 8 0.876306
21 9 0.977579
21 10 0.668372
21 11 0.993203
21 12 0.925099
21 13 0.949550
21 14 1.000000
21 15 0.999567
21 16 0.999990
21 17 0.998942
21 18 0.997330
21 19 0.500004
21 20 0.999969
21 21 1.000000
21 22 0.785103
21 23 1.000000
21 24 0.956467
21 25 0.967947
21 26 0.999787
22 1 0.535019
22 2 0.727416
22 3 0.602592
22 5 0.539968
22 6 0.712430
22 7 0.520074
22 8 0.521049
22 9 0.569113
22 10 0.510406
22 11 0.550452
22 12 0.538526
22 13 0.557575
22 14 0.731274
22 15 0.590773
22 16 0.659892
22 17 0.600745
22 18 0.577842
22 19 0.500002
22 20 0.690791
22 21 0.785103
22 22 0.544022
22 23 0.725126
22 24 0.539382
22 25 0.535079
22 26 0.598309
23 1 0.854442
23 2 0.999932
23 3 0.989873
23 4 0.881186
23 5 0.860982
23 6 0.999992
23 7 0.618151
23 8 0.807212
23 9 0.873895
23 10 0.603419
23 11 0.942236
23 12 0.792557
23 13 0.874514
23 14 0.999998
23 15 0.960860
23 16 0.998988
23 17 0.987756
23 18 0.973553
23 19 0.500004
23 20 0.998573
23 21 1.000000
23 22 0.725126
23 23 0.999987
23 24 0.877030
23 25 0.870604
23 26 0.992881
24 1 0.596522
24 2 0.900351
24 3 0.722326
24 4 0.605273
24 5 0.594320
24 6 0.890046
24 7 0.531093
24 8 0.573376
24 9 0.589196
24 10 0.525190
24 11 0.651085
24 12 0.554659
24 13 0.580770
24 14 0.895065
24 15 0.674379
24 16 0.792112
24 17 0.710805
24 18 0.687266
24 19 0.500001
24 20 0.811923
24 21 0.956467
24 22 0.539382
24 23 0.877030
24 24 0.609766
24 25 0.605349
25 1 0.597228
25 2 0.895699
25 3 0.711730
25 4 0.609488
25 5 0.594221
25 6 0.919696
25 7 0.528168
25 8 0.567597
25 9 0.588092
25 10 0.526933
25 11 0.661017
25 12 0.558726
25 13 0.576922
25 14 0.917036
25 15 0.680545
25 16 0.789603
25 17 0.696117
25 18 0.693305
25 19 0.500001
25 20 0.815048
25 21 0.967947
25 22 0.535079
25 23 0.870604
25 24 0.605349
25 25 0.611895
26 2 0.997081
26 6 0.996823
26 7 0.574429
26 8 0.679761
26 10 0.565825
26 12 0.662618
26 15 0.884476
26 16 0.969897
26 17 0.904988
26 19 0.500003
26 20 0.974606
26 21 0.999787
26 22 0.598309
26 23 0.992881
26 26 0.935786
