1 26 0.530766
3 17 0.777159
3 26 0.815898
4 22 0.518553
4 26 0.643201
5 26 0.494466
9 26 0.564953
11 26 0.746659
13 26 0.699803
14 26 0.845783
17 3 0.777159
18 26 0.747267
22 4 0.518553
24 26 0.633237
25 26 0.570946
26 1 0.530766
26 3 0.815898
26 4 0.643201
26 5 0.494466
26 9 0.564953
26 11 0.746659
26 13 0.699803
26 14 0.845783
26 18 0.747267
26 24 0.633237
26 25 0.570946
1 1 0.512506
1 2 0.622479
1 3 0.536200
1 4 0.513331
1 5 0.506670
1 6 0.557267
1 7 0.507175
1 8 0.529227
1 9 0.540028
1 10 0.514365
1 11 0.517380
1 12 0.519448
1 13 0.513119
1 14 0.525571
1 15 0.557416
1 16 0.537934
1 17 0.533265
1 18 0.521971
1 19 0.500001
1 20 0.604923
1 21 0.552358
1 22 0.505231
1 23 0.600327
1 24 0.527240
1 25 0.513106
2 1 0.622479
2 2 0.999980
2 3 0.956019
2 4 0.797809
2 5 0.589414
2 6 0.999405
2 7 0.678598
2 8 0.821406
2 9 0.843301
2 10 0.651947
2 11 0.906790
2 12 0.742630
2 13 0.850842
2 14 0.975151
2 15 0.968768
2 16 0.963387
2 17 0.920721
2 18 0.888384
2 19 0.500020
2 20 0.997572
2 21 0.999308
2 22 0.589602
2 23 0.994895
2 24 0.801624
2 25 0.750072
2 26 0.977128
3 1 0.536200
3 2 0.956019
3 3 0.808300
3 4 0.620681
3 5 0.500221
3 6 0.932461
3 7 0.534940
3 8 0.604794
3 9 0.586556
3 10 0.524275
3 11 0.718150
3 12 0.572961
3 13 0.667849
3 14 0.757170
3 15 0.650389
3 16 0.665936
3 18 0.724060
3 19 0.500009
3 20 0.822495
3 21 0.959263
3 22 0.522457
3 23 0.912583
3 24 0.640186
3 25 0.547630
4 1 0.513331
4 2 0.797809
4 3 0.620681
4 4 0.555382
4 5 0.511885
4 6 0.753582
4 7 0.524139
4 8 0.548292
4 9 0.538412
4 10 0.517329
4 11 0.586472
4 12 0.536172
4 13 0.566241
4 14 0.631494
4 15 0.591735
4 16 0.604170
4 17 0.599872
4 18 0.582434
4 19 0.500003
4 20 0.690351
4 21 0.753892
4 23 0.692847
4 24 0.554915
4 25 0.526901
5 1 0.506670
5 2 0.589414
5 3 0.500221
5 4 0.511885
5 5 0.548739
5 6 0.564546
5 7 0.534333
5 8 0.560977
5 9 0.528044
5 10 0.529837
5 11 0.495360
5 12 0.527329
5 13 0.498064
5 14 0.509450
5 15 0.533545
5 16 0.602781
5 17 0.500832
5 18 0.485680
5 19 0.500002
5 20 0.684234
5 21 0.447360
5 22 0.515115
5 23 0.573437
5 24 0.543902
5 25 0.512568
6 1 0.557267
6 2 0.999405
6 3 0.932461
6 4 0.753582
6 5 0.564546
6 6 0.999786
6 7 0.639441
6 8 0.691989
6 9 0.608694
6 10 0.589490
6 11 0.866686
6 12 0.701387
6 13 0.828791
6 14 0.972768
6 15 0.906220
6 16 0.933398
6 17 0.887744
6 18 0.864820
6 19 0.500022
6 20 0.939554
6 21 0.996487
6 22 0.555231
6 23 0.955401
6 24 0.736491
6 25 0.662911
6 26 0.970419
7 1 0.507175
7 2 0.678598
7 3 0.534940
7 4 0.524139
7 5 0.534333
7 6 0.639441
7 7 0.535407
7 8 0.552276
7 9 0.528312
7 10 0.526567
7 11 0.529551
7 12 0.533364
7 13 0.523129
7 14 0.558667
7 15 0.546920
7 16 0.601433
7 17 0.525452
7 18 0.516079
7 19 0.500002
7 20 0.671886
7 21 0.574378
7 22 0.512197
7 23 0.589267
7 24 0.543365
7 25 0.525072
7 26 0.547559
8 1 0.529227
8 2 0.821406
8 3 0.604794
8 4 0.548292
8 5 0.560977
8 6 0.691989
8 7 0.552276
8 8 0.641226
8 9 0.614602
8 10 0.552046
8 11 0.559263
8 12 0.574530
8 13 0.537631
8 14 0.565103
8 15 0.618628
8 16 0.654255
8 17 0.597715
8 18 0.544902
8 19 0.500005
8 20 0.828446
8 21 0.627460
8 22 0.528014
8 23 0.821024
8 24 0.601806
8 25 0.544678
8 26 0.580071
9 1 0.540028
9 2 0.843301
9 3 0.586556
9 4 0.538412
9 5 0.528044
9 6 0.608694
9 7 0.528312
9 8 0.614602
9 9 0.662771
9 10 0.548197
9 11 0.551116
9 12 0.585017
9 13 0.528246
9 14 0.557471
9 15 0.697941
9 16 0.602246
9 17 0.578417
9 18 0.545673
9 19 0.500003
9 20 0.804413
9 21 0.645748
9 22 0.519110
9 23 0.796674
9 24 0.565846
9 25 0.560068
10 1 0.514365
10 2 0.651947
10 3 0.524275
10 4 0.517329
10 5 0.529837
10 6 0.589490
10 7 0.526567
10 8 0.552046
10 9 0.548197
10 10 0.536166
10 11 0.508830
10 12 0.543880
10 13 0.509291
10 14 0.536127
10 15 0.577413
10 16 0.587627
10 17 0.521957
10 18 0.507678
10 19 0.500002
10 20 0.692727
10 21 0.528337
10 22 0.513446
10 23 0.612325
10 24 0.543041
10 25 0.529915
10 26 0.525993
11 1 0.517380
11 2 0.906790
11 3 0.718150
11 4 0.586472
11 5 0.495360
11 6 0.866686
11 7 0.529551
11 8 0.559263
11 9 0.551116
11 10 0.508830
11 11 0.672750
11 12 0.549825
11 13 0.625570
11 14 0.709243
11 15 0.596815
11 16 0.614720
11 17 0.682931
11 18 0.658431
11 19 0.500005
11 20 0.710692
11 21 0.913902
11 22 0.512421
11 23 0.799871
11 24 0.573597
11 25 0.545242
12 1 0.519448
12 2 0.742630
12 3 0.572961
12 4 0.536172
12 5 0.527329
12 6 0.701387
12 7 0.533364
12 8 0.574530
12 9 0.585017
12 10 0.543880
12 11 0.549825
12 12 0.616726
12 13 0.533836
12 14 0.574068
12 15 0.621722
12 16 0.573461
12 17 0.561901
12 18 0.542325
12 19 0.500003
12 20 0.678566
12 21 0.703228
12 22 0.516592
12 23 0.715196
12 24 0.542809
12 25 0.563782
12 26 0.575117
13 1 0.513119
13 2 0.850842
13 3 0.667849
13 4 0.566241
13 5 0.498064
13 6 0.828791
13 7 0.523129
13 8 0.537631
13 9 0.528246
13 10 0.509291
13 11 0.625570
13 12 0.533836
13 13 0.597987
13 14 0.677838
13 15 0.588993
13 16 0.607616
13 17 0.638266
13 18 0.622581
13 19 0.500004
13 20 0.659174
13 21 0.849252
13 22 0.509706
13 23 0.708723
13 24 0.560018
13 25 0.532968
14 1 0.525571
14 2 0.975151
14 3 0.757170
14 4 0.631494
14 5 0.509450
14 6 0.972768
14 7 0.558667
14 8 0.565103
14 9 0.557471
14 10 0.536127
14 11 0.709243
14 12 0.574068
14 13 0.677838
14 14 0.859846
14 15 0.760795
14 16 0.765760
14 17 0.700893
14 18 0.704897
14 19 0.500008
14 20 0.801329
14 21 0.933421
14 22 0.529573
14 23 0.759672
14 24 0.606412
14 25 0.581075
15 1 0.557416
15 2 0.968768
15 3 0.650389
15 4 0.591735
15 5 0.533545
15 6 0.906220
15 7 0.546920
15 8 0.618628
15 9 0.697941
15 10 0.577413
15 11 0.596815
15 12 0.621722
15 13 0.588993
15 14 0.760795
15 15 0.881334
15 16 0.765324
15 17 0.612815
15 18 0.604645
15 19 0.500006
15 20 0.894539
15 21 0.771001
15 22 0.538290
15 23 0.756911
15 24 0.573877
15 25 0.607249
15 26 0.707633
16 1 0.537934
16 2 0.963387
16 3 0.665936
16 4 0.604170
16 5 0.602781
16 6 0.933398
16 7 0.601433
16 8 0.654255
16 9 0.602246
16 10 0.587627
16 11 0.614720
16 12 0.573461
16 13 0.607616
16 14 0.765760
16 15 0.765324
16 16 0.853880
16 17 0.627158
16 18 0.601418
16 19 0.500008
16 20 0.942780
16 21 0.761560
16 22 0.548113
16 23 0.766750
16 24 0.652557
16 25 0.575621
16 26 0.726584
17 1 0.533265
17 2 0.920721
17 4 0.599872
17 5 0.500832
17 6 0.887744
17 7 0.525452
17 8 0.597715
17 9 0.578417
17 10 0.521957
17 11 0.682931
17 12 0.561901
17 13 0.638266
17 14 0.700893
17 15 0.612815
17 16 0.627158
17 17 0.752751
17 18 0.693536
17 19 0.500008
17 20 0.794466
17 21 0.932019
17 22 0.519826
17 23 0.899501
17 24 0.628934
17 25 0.533562
17 26 0.770595
18 1 0.521971
18 2 0.888384
18 3 0.724060
18 4 0.582434
18 5 0.485680
18 6 0.864820
18 7 0.516079
18 8 0.544902
18 9 0.545673
18 10 0.507678
18 11 0.658431
18 12 0.542325
18 13 0.622581
18 14 0.704897
18 15 0.604645
18 16 0.601418
18 17 0.693536
18 18 0.667621
18 19 0.500006
18 20 0.682970
18 21 0.901337
18 22 0.510689
18 23 0.797452
18 24 0.586538
18 25 0.530331
19 1 0.500001
19 2 0.500020
19 3 0.500009
19 4 0.500003
19 5 0.500002
19 6 0.500022
19 7 0.500002
19 8 0.500005
19 9 0.500003
19 10 0.500002
19 11 0.500005
19 12 0.500003
19 13 0.500004
19 14 0.500008
19 15 0.500006
19 16 0.500008
19 17 0.500008
19 18 0.500006
19 19 0.500000
19 20 0.500015
19 21 0.500012
19 22 0.500001
19 23 0.500019
19 24 0.500005
19 25 0.500001
19 26 0.500009
20 1 0.604923
20 2 0.997572
20 3 0.822495
20 4 0.690351
20 5 0.684234
20 6 0.939554
20 7 0.671886
20 8 0.828446
20 9 0.804413
20 10 0.692727
20 11 0.710692
20 12 0.678566
20 13 0.659174
20 14 0.801329
20 15 0.894539
20 16 0.942780
20 17 0.794466
20 18 0.682970
20 19 0.500015
20 20 0.999336
20 21 0.939392
20 22 0.612077
20 23 0.983751
20 24 0.808743
20 25 0.636519
20 26 0.815481
21 1 0.552358
21 2 0.999308
21 3 0.959263
21 4 0.753892
21 5 0.447360
21 6 0.996487
21 7 0.574378
21 8 0.627460
21 9 0.645748
21 10 0.528337
21 11 0.913902
21 12 0.703228
21 13 0.849252
21 14 0.933421
21 15 0.771001
21 16 0.761560
21 17 0.932019
21 18 0.901337
21 19 0.500012
21 20 0.939392
21 21 0.999932
21 22 0.530012
21 23 0.985725
21 24 0.674696
21 25 0.677695
21 26 0.970093
22 1 0.505231
22 2 0.589602
22 3 0.522457
22 5 0.515115
22 6 0.555231
22 7 0.512197
22 8 0.528014
22 9 0.519110
22 10 0.513446
22 11 0.512421
22 12 0.516592
22 13 0.509706
22 14 0.529573
22 15 0.538290
22 16 0.548113
22 17 0.519826
22 18 0.510689
22 19 0.500001
22 20 0.612077
22 21 0.530012
22 22 0.515043
22 23 0.578161
22 24 0.523008
22 25 0.508078
22 26 0.527472
23 1 0.600327
23 2 0.994895
23 3 0.912583
23 4 0.692847
23 5 0.573437
23 6 0.955401
23 7 0.589267
23 8 0.821024
23 9 0.796674
23 10 0.612325
23 11 0.799871
23 12 0.715196
23 13 0.708723
23 14 0.759672
23 15 0.756911
23 16 0.766750
23 17 0.899501
23 18 0.797452
23 19 0.500019
23 20 0.983751
23 21 0.985725
23 22 0.578161
23 23 0.998491
23 24 0.792689
23 25 0.627561
23 26 0.877167
24 1 0.527240
24 2 0.801624
24 3 0.640186
24 4 0.554915
24 5 0.543902
24 6 0.736491
24 7 0.543365
24 8 0.601806
24 9 0.565846
24 10 0.543041
24 11 0.573597
24 12 0.542809
24 13 0.560018
24 14 0.606412
24 15 0.573877
24 16 0.652557
24 17 0.628934
24 18 0.586538
24 19 0.500005
24 20 0.808743
24 21 0.674696
24 22 0.523008
24 23 0.792689
24 24 0.635428
24 25 0.514533
25 1 0.513106
25 2 0.750072
25 3 0.547630
25 4 0.526901
25 5 0.512568
25 6 0.662911
25 7 0.525072
25 8 0.544678
25 9 0.560068
25 10 0.529915
25 11 0.545242
25 12 0.563782
25 13 0.532968
25 14 0.581075
25 15 0.607249
25 16 0.575621
25 17 0.533562
25 18 0.530331
25 19 0.500001
25 20 0.636519
25 21 0.677695
25 22 0.508078
25 23 0.627561
25 24 0.514533
25 25 0.561517
26 2 0.977128
26 6 0.970419
26 7 0.547559
26 8 0.580071
26 10 0.525993
26 12 0.575117
26 15 0.707633
26 16 0.726584
26 17 0.770595
26 19 0.500009
26 20 0.815481
26 21 0.970093
26 22 0.527472
26 23 0.877167
26 26 0.867228
