1 26 0.694660
3 17 0.777808
3 26 0.850527
4 22 0.558920
4 26 0.715686
5 26 0.700095
9 26 0.709791
11 26 0.787511
13 26 0.723016
14 26 0.898330
17 3 0.777808
18 26 0.803715
22 4 0.558920
24 26 0.590659
25 26 0.513682
26 1 0.694660
26 3 0.850527
26 4 0.715686
26 5 0.700095
26 9 0.709791
26 11 0.787511
26 13 0.723016
26 14 0.898330
26 18 0.803715
26 24 0.590659
26 25 0.513682
1 1 0.572111
1 2 0.807477
1 3 0.646067
1 4 0.580322
1 5 0.575250
1 6 0.799314
1 7 0.520359
1 8 0.533510
1 9 0.578430
1 10 0.510054
1 11 0.616379
1 12 0.565818
1 13 0.582975
1 14 0.677991
1 15 0.529472
1 16 0.608697
1 17 0.627591
1 18 0.617982
1 19 0.500000
1 20 0.555079
1 21 0.773601
1 22 0.549745
1 23 0.752159
1 24 0.530022
1 25 0.502654
2 1 0.807477
2 2 0.999921
2 3 0.954543
2 4 0.828991
2 5 0.821754
2 6 0.996662
2 7 0.585496
2 8 0.675451
2 9 0.829272
2 10 0.545805
2 11 0.932340
2 12 0.777828
2 13 0.832128
2 14 0.962875
2 15 0.688394
2 16 0.872500
2 17 0.938031
2 18 0.918869
2 19 0.499997
2 20 0.690168
2 21 0.998793
2 22 0.660593
2 23 0.996237
2 24 0.569498
2 25 0.517660
2 26 0.982793
3 1 0.646067
3 2 0.954543
3 3 0.802461
3 4 0.666119
3 5 0.652396
3 6 0.954350
3 7 0.544881
3 8 0.560153
3 9 0.660847
3 10 0.511705
3 11 0.715141
3 12 0.636809
3 13 0.674220
3 14 0.828557
3 15 0.595120
3 16 0.740040
3 18 0.733802
3 19 0.500000
3 20 0.629737
3 21 0.920595
3 22 0.612435
3 23 0.927201
3 24 0.561450
3 25 0.513326
4 1 0.580322
4 2 0.828991
4 3 0.666119
4 4 0.590439
4 5 0.584204
4 6 0.827558
4 7 0.522590
4 8 0.536704
4 9 0.588104
4 10 0.509520
4 11 0.625943
4 12 0.573130
4 13 0.593759
4 14 0.696810
4 15 0.527187
4 16 0.621707
4 17 0.646341
4 18 0.632179
4 19 0.500000
4 20 0.559664
4 21 0.792580
4 23 0.783794
4 24 0.535236
4 25 0.502016
5 1 0.575250
5 2 0.821754
5 3 0.652396
5 4 0.584204
5 5 0.581621
5 6 0.776755
5 7 0.520407
5 8 0.541925
5 9 0.583733
5 10 0.509459
5 11 0.616612
5 12 0.569914
5 13 0.586921
5 14 0.673106
5 15 0.516219
5 16 0.598610
5 17 0.633798
5 18 0.621196
5 19 0.500000
5 20 0.553506
5 21 0.783454
5 22 0.554950
5 23 0.778648
5 24 0.531206
5 25 0.497569
6 1 0.799314
6 2 0.996662
6 3 0.954350
6 4 0.827558
6 5 0.776755
6 6 0.999999
6 7 0.589610
6 8 0.581027
6 9 0.800126
6 10 0.566006
6 11 0.952629
6 12 0.749178
6 13 0.831456
6 14 0.988332
6 15 0.752428
6 16 0.981436
6 17 0.931660
6 18 0.932009
6 19 0.499997
6 20 0.822385
6 21 0.998992
6 22 0.647387
6 23 0.985161
6 24 0.678101
6 25 0.650243
6 26 0.984008
7 1 0.520359
7 2 0.585496
7 3 0.544881
7 4 0.522590
7 5 0.520407
7 6 0.589610
7 7 0.515020
7 8 0.507202
7 9 0.521913
7 10 0.504619
7 11 0.515844
7 12 0.538750
7 13 0.525171
7 14 0.559377
7 15 0.525752
7 16 0.547477
7 17 0.539085
7 18 0.539737
7 19 0.500000
7 20 0.533494
7 21 0.549710
7 22 0.533894
7 23 0.583470
7 24 0.523607
7 25 0.508366
7 26 0.561612
8 1 0.533510
8 2 0.675451
8 3 0.560153
8 4 0.536704
8 5 0.541925
8 6 0.581027
8 7 0.507202
8 8 0.542659
8 9 0.540400
8 10 0.506163
8 11 0.557548
8 12 0.532893
8 13 0.536103
8 14 0.542022
8 15 0.470896
8 16 0.517767
8 17 0.551504
8 18 0.556918
8 19 0.500001
8 20 0.529404
8 21 0.682361
8 22 0.515670
8 23 0.679180
8 24 0.515721
8 25 0.488430
8 26 0.584293
9 1 0.578430
9 2 0.829272
9 3 0.660847
9 4 0.588104
9 5 0.583733
9 6 0.800126
9 7 0.521913
9 8 0.540400
9 9 0.587202
9 10 0.509425
9 11 0.619328
9 12 0.571984
9 13 0.591089
9 14 0.683575
9 15 0.517778
9 16 0.610402
9 17 0.641800
9 18 0.629199
9 19 0.500000
9 20 0.558616
9 21 0.790020
9 22 0.555251
9 23 0.787021
9 24 0.533840
9 25 0.496240
10 1 0.510054
10 2 0.545805
10 3 0.511705
10 4 0.509520
10 5 0.509459
10 6 0.566006
10 7 0.504619
10 8 0.506163
10 9 0.509425
10 10 0.509966
10 11 0.520270
10 12 0.512995
10 13 0.508871
10 14 0.527639
10 15 0.500724
10 16 0.528865
10 17 0.507895
10 18 0.518057
10 19 0.500000
10 20 0.517633
10 21 0.539973
10 22 0.505096
10 23 0.517078
10 24 0.506310
10 25 0.500092
10 26 0.527455
11 1 0.616379
11 2 0.932340
11 3 0.715141
11 4 0.625943
11 5 0.616612
11 6 0.952629
11 7 0.515844
11 8 0.557548
11 9 0.619328
11 10 0.520270
11 11 0.774213
11 12 0.575721
11 13 0.626100
11 14 0.772471
11 15 0.551309
11 16 0.650959
11 17 0.686723
11 18 0.686212
11 19 0.499999
11 20 0.554433
11 21 0.935281
11 22 0.530102
11 23 0.826183
11 24 0.505510
11 25 0.525399
12 1 0.565818
12 2 0.777828
12 3 0.636809
12 4 0.573130
12 5 0.569914
12 6 0.749178
12 7 0.538750
12 8 0.532893
12 9 0.571984
12 10 0.512995
12 11 0.575721
12 12 0.617036
12 13 0.579804
12 14 0.664857
12 15 0.555623
12 16 0.612509
12 17 0.620284
12 18 0.622939
12 19 0.500001
12 20 0.584296
12 21 0.705515
12 22 0.602168
12 23 0.760139
12 24 0.561417
12 25 0.526306
12 26 0.688097
13 1 0.582975
13 2 0.832128
13 3 0.674220
13 4 0.593759
13 5 0.586921
13 6 0.831456
13 7 0.525171
13 8 0.536103
13 9 0.591089
13 10 0.508871
13 11 0.626100
13 12 0.579804
13 13 0.598391
13 14 0.705043
13 15 0.537251
13 16 0.626228
13 17 0.654210
13 18 0.636264
13 19 0.500000
13 20 0.566676
13 21 0.794199
13 22 0.566310
13 23 0.793672
13 24 0.537222
13 25 0.503829
14 1 0.677991
14 2 0.962875
14 3 0.828557
14 4 0.696810
14 5 0.673106
14 6 0.988332
14 7 0.559377
14 8 0.542022
14 9 0.683575
14 10 0.527639
14 11 0.772471
14 12 0.664857
14 13 0.705043
14 14 0.910034
14 15 0.662382
14 16 0.813521
14 17 0.794836
14 18 0.771092
14 19 0.499999
14 20 0.653392
14 21 0.944136
14 22 0.647082
14 23 0.915625
14 24 0.586128
14 25 0.546063
15 1 0.529472
15 2 0.688394
15 3 0.595120
15 4 0.527187
15 5 0.516219
15 6 0.752428
15 7 0.525752
15 8 0.470896
15 9 0.517778
15 10 0.500724
15 11 0.551309
15 12 0.555623
15 13 0.537251
15 14 0.662382
15 15 0.839127
15 16 0.685662
15 17 0.590890
15 18 0.515824
15 19 0.500002
15 20 0.661254
15 21 0.681561
15 22 0.505248
15 23 0.462652
15 24 0.481058
15 25 0.594375
15 26 0.588841
16 1 0.608697
16 2 0.872500
16 3 0.740040
16 4 0.621707
16 5 0.598610
16 6 0.981436
16 7 0.547477
16 8 0.517767
16 9 0.610402
16 10 0.528865
16 11 0.650959
16 12 0.612509
16 13 0.626228
16 14 0.813521
16 15 0.685662
16 16 0.836216
16 17 0.715268
16 18 0.691877
16 19 0.500000
16 20 0.692832
16 21 0.858708
16 22 0.567012
16 23 0.787983
16 24 0.577336
16 25 0.551401
16 26 0.791157
17 1 0.627591
17 2 0.938031
17 4 0.646341
17 5 0.633798
17 6 0.931660
17 7 0.539085
17 8 0.551504
17 9 0.641800
17 10 0.507895
17 11 0.686723
17 12 0.620284
17 13 0.654210
17 14 0.794836
17 15 0.590890
17 16 0.715268
17 17 0.755960
17 18 0.707875
17 19 0.500000
17 20 0.618341
17 21 0.893874
17 22 0.598046
17 23 0.907743
17 24 0.550461
17 25 0.511961
17 26 0.820198
18 1 0.617982
18 2 0.918869
18 3 0.733802
18 4 0.632179
18 5 0.621196
18 6 0.932009
18 7 0.539737
18 8 0.556918
18 9 0.629199
18 10 0.518057
18 11 0.686212
18 12 0.622939
18 13 0.636264
18 14 0.771092
18 15 0.515824
18 16 0.691877
18 17 0.707875
18 18 0.711965
18 19 0.499999
18 20 0.597278
18 21 0.885808
18 22 0.588859
18 23 0.875781
18 24 0.566621
18 25 0.504251
19 1 0.500000
19 2 0.499997
19 3 0.500000
19 4 0.500000
19 5 0.500000
19 6 0.499997
19 7 0.500000
19 8 0.500001
19 9 0.500000
19 10 0.500000
19 11 0.499999
19 12 0.500001
19 13 0.500000
19 14 0.499999
19 15 0.500002
19 16 0.500000
19 17 0.500000
19 18 0.499999
19 19 0.500000
19 20 0.499999
19 21 0.499996
19 22 0.500002
19 23 0.500001
19 24 0.500001
19 25 0.500001
19 26 0.499999
20 1 0.555079
20 2 0.690168
20 3 0.629737
20 4 0.559664
20 5 0.553506
20 6 0.822385
20 7 0.533494
20 8 0.529404
20 9 0.558616
20 10 0.517633
20 11 0.554433
20 12 0.584296
20 13 0.566676
20 14 0.653392
20 15 0.661254
20 16 0.692832
20 17 0.618341
20 18 0.597278
20 19 0.499999
20 20 0.707725
20 21 0.766627
20 22 0.530015
20 23 0.726694
20 24 0.532285
20 25 0.524509
20 26 0.661170
21 1 0.773601
21 2 0.998793
21 3 0.920595
21 4 0.792580
21 5 0.783454
21 6 0.998992
21 7 0.549710
21 8 0.682361
21 9 0.790020
21 10 0.539973
21 11 0.935281
21 12 0.705515
21 13 0.794199
21 14 0.944136
21 15 0.681561
21 16 0.858708
21 17 0.893874
21 18 0.885808
21 19 0.499996
21 20 0.766627
21 21 0.999334
21 22 0.542466
21 23 0.990822
21 24 0.534262
21 25 0.518298
21 26 0.967378
22 1 0.549745
22 2 0.660593
22 3 0.612435
22 5 0.554950
22 6 0.647387
22 7 0.533894
22 8 0.515670
22 9 0.555251
22 10 0.505096
22 11 0.530102
22 12 0.602168
22 13 0.566310
22 14 0.647082
22 15 0.505248
22 16 0.567012
22 17 0.598046
22 18 0.588859
22 19 0.500002
22 20 0.530015
22 21 0.542466
22 22 0.635235
22 23 0.721982
22 24 0.570030
22 25 0.529098
22 26 0.649204
23 1 0.752159
23 2 0.996237
23 3 0.927201
23 4 0.783794
23 5 0.778648
23 6 0.985161
23 7 0.583470
23 8 0.679180
23 9 0.787021
23 10 0.517078
23 11 0.826183
23 12 0.760139
23 13 0.793672
23 14 0.915625
23 15 0.462652
23 16 0.787983
23 17 0.907743
23 18 0.875781
23 19 0.500001
23 20 0.726694
23 21 0.990822
23 22 0.721982
23 23 0.997493
23 24 0.635367
23 25 0.461925
23 26 0.959817
24 1 0.530022
24 2 0.569498
24 3 0.561450
24 4 0.535236
24 5 0.531206
24 6 0.678101
24 7 0.523607
24 8 0.515721
24 9 0.533840
24 10 0.506310
24 11 0.505510
24 12 0.561417
24 13 0.537222
24 14 0.586128
24 15 0.481058
24 16 0.577336
24 17 0.550461
24 18 0.566621
24 19 0.500001
24 20 0.532285
24 21 0.534262
24 22 0.570030
24 23 0.635367
24 24 0.564136
24 25 0.510918
25 1 0.502654
25 2 0.517660
25 3 0.513326
25 4 0.502016
25 5 0.497569
25 6 0.650243
25 7 0.508366
25 8 0.488430
25 9 0.496240
25 10 0.500092
25 11 0.525399
25 12 0.526306
25 13 0.503829
25 14 0.546063
25 15 0.594375
25 16 0.551401
25 17 0.511961
25 18 0.504251
25 19 0.500001
25 20 0.524509
25 21 0.518298
25 22 0.529098
25 23 0.461925
25 24 0.510918
25 25 0.556211
26 2 0.982793
26 6 0.984008
26 7 0.561612
26 8 0.584293
26 10 0.527455
26 12 0.688097
26 15 0.588841
26 16 0.791157
26 17 0.820198
26 19 0.499999
26 20 0.661170
26 21 0.967378
26 22 0.649204
26 23 0.959817
26 26 0.915623
