1 26 0.524129
3 17 0.798726
3 26 0.768387
4 22 0.527069
4 26 0.557759
5 26 0.599110
9 26 0.670353
11 26 0.707560
13 26 0.644511
14 26 0.811643
17 3 0.798726
18 26 0.672863
22 4 0.527069
24 26 0.651984
25 26 0.631908
26 1 0.524129
26 3 0.768387
26 4 0.557759
26 5 0.599110
26 9 0.670353
26 11 0.707560
26 13 0.644511
26 14 0.811643
26 18 0.672863
26 24 0.651984
26 25 0.631908
1 1 0.504280
1 2 0.544553
1 3 0.514557
1 4 0.502943
1 5 0.506638
1 6 0.538904
1 7 0.503896
1 8 0.510615
1 9 0.510446
1 10 0.506972
1 11 0.508450
1 12 0.512890
1 13 0.507441
1 14 0.518776
1 15 0.539179
1 16 0.531249
1 17 0.512856
1 18 0.514149
1 19 0.500000
1 20 0.561459
1 21 0.550332
1 22 0.502943
1 23 0.522021
1 24 0.508736
1 25 0.507991
2 1 0.544553
2 2 0.998345
2 3 0.808608
2 4 0.579305
2 5 0.566449
2 6 0.952805
2 7 0.599887
2 8 0.722716
2 9 0.739652
2 10 0.561156
2 11 0.732688
2 12 0.720158
2 13 0.719718
2 14 0.801775
2 15 0.850134
2 16 0.882156
2 17 0.776388
2 18 0.786165
2 19 0.500004
2 20 0.952603
2 21 0.990343
2 22 0.579305
2 23 0.881307
2 24 0.741160
2 25 0.696469
2 26 0.906143
3 1 0.514557
3 2 0.808608
3 3 0.806743
3 4 0.526603
3 5 0.521497
3 6 0.957288
3 7 0.523108
3 8 0.670332
3 9 0.643727
3 10 0.528612
3 11 0.760146
3 12 0.636416
3 13 0.618865
3 14 0.787852
3 15 0.852128
3 16 0.546102
3 18 0.604166
3 19 0.500001
3 20 0.784355
3 21 0.971239
3 22 0.526603
3 23 0.894786
3 24 0.616319
3 25 0.604364
4 1 0.502943
4 2 0.579305
4 3 0.526603
4 4 0.527069
4 5 0.527890
4 6 0.663169
4 7 0.508159
4 8 0.538671
4 9 0.520979
4 10 0.515931
4 11 0.501958
4 12 0.542520
4 13 0.523656
4 14 0.542415
4 15 0.541098
4 16 0.579839
4 17 0.522147
4 18 0.527713
4 19 0.500001
4 20 0.598306
4 21 0.589721
4 23 0.585880
4 24 0.524290
4 25 0.520263
5 1 0.506638
5 2 0.566449
5 3 0.521497
5 4 0.527890
5 5 0.640995
5 6 0.476973
5 7 0.521789
5 8 0.537026
5 9 0.549228
5 10 0.533446
5 11 0.480461
5 12 0.546557
5 13 0.529704
5 14 0.608862
5 15 0.689276
5 16 0.657145
5 17 0.505253
5 18 0.553346
5 19 0.500002
5 20 0.696087
5 21 0.562086
5 22 0.527890
5 23 0.654254
5 24 0.529659
5 25 0.530910
6 1 0.538904
6 2 0.952805
6 3 0.957288
6 4 0.663169
6 5 0.476973
6 6 0.999998
6 7 0.537494
6 8 0.899987
6 9 0.757512
6 10 0.637254
6 11 0.872392
6 12 0.845848
6 13 0.776927
6 14 0.934758
6 15 0.867889
6 16 0.623712
6 17 0.953113
6 18 0.771991
6 19 0.500001
6 20 0.984626
6 21 0.999562
6 22 0.663169
6 23 0.989281
6 24 0.778915
6 25 0.746231
6 26 0.948179
7 1 0.503896
7 2 0.599887
7 3 0.523108
7 4 0.508159
7 5 0.521789
7 6 0.537494
7 7 0.510586
7 8 0.517135
7 9 0.521656
7 10 0.509433
7 11 0.515535
7 12 0.520453
7 13 0.517124
7 14 0.535328
7 15 0.557476
7 16 0.555694
7 17 0.518064
7 18 0.525751
7 19 0.500000
7 20 0.577693
7 21 0.566655
7 22 0.508159
7 23 0.542893
7 24 0.519101
7 25 0.516196
7 26 0.546046
8 1 0.510615
8 2 0.722716
8 3 0.670332
8 4 0.538671
8 5 0.537026
8 6 0.899987
8 7 0.517135
8 8 0.662733
8 9 0.587908
8 10 0.536087
8 11 0.610423
8 12 0.591231
8 13 0.573218
8 14 0.683626
8 15 0.738952
8 16 0.621298
8 17 0.662414
8 18 0.564271
8 19 0.500002
8 20 0.790504
8 21 0.813160
8 22 0.538671
8 23 0.800533
8 24 0.576885
8 25 0.561742
8 26 0.681217
9 1 0.510446
9 2 0.739652
9 3 0.643727
9 4 0.520979
9 5 0.549228
9 6 0.757512
9 7 0.521656
9 8 0.587908
9 9 0.587456
9 10 0.522139
9 11 0.613099
9 12 0.576296
9 13 0.567948
9 14 0.669064
9 15 0.720535
9 16 0.591844
9 17 0.629137
9 18 0.577929
9 19 0.500001
9 20 0.707422
9 21 0.813403
9 22 0.520979
9 23 0.736698
9 24 0.571506
9 25 0.561584
10 1 0.506972
10 2 0.561156
10 3 0.528612
10 4 0.515931
10 5 0.533446
10 6 0.637254
10 7 0.509433
10 8 0.536087
10 9 0.522139
10 10 0.528328
10 11 0.515129
10 12 0.536599
10 13 0.519871
10 14 0.556814
10 15 0.574504
10 16 0.571494
10 17 0.522467
10 18 0.528066
10 19 0.500001
10 20 0.666562
10 21 0.569332
10 22 0.515931
10 23 0.562487
10 24 0.519879
10 25 0.520152
10 26 0.556441
11 1 0.508450
11 2 0.732688
11 3 0.760146
11 4 0.501958
11 5 0.480461
11 6 0.872392
11 7 0.515535
11 8 0.610423
11 9 0.613099
11 10 0.515129
11 11 0.773017
11 12 0.607006
11 13 0.591060
11 14 0.759461
11 15 0.811168
11 16 0.430495
11 17 0.751013
11 18 0.553567
11 19 0.500001
11 20 0.694451
11 21 0.938588
11 22 0.501958
11 23 0.822711
11 24 0.587311
11 25 0.579802
12 1 0.512890
12 2 0.720158
12 3 0.636416
12 4 0.542520
12 5 0.546557
12 6 0.845848
12 7 0.520453
12 8 0.591231
12 9 0.576296
12 10 0.536599
12 11 0.607006
12 12 0.635809
12 13 0.576086
12 14 0.671661
12 15 0.701926
12 16 0.621912
12 17 0.623027
12 18 0.569729
12 19 0.500002
12 20 0.777916
12 21 0.835539
12 22 0.542520
12 23 0.754648
12 24 0.578021
12 25 0.566118
12 26 0.677127
13 1 0.507441
13 2 0.719718
13 3 0.618865
13 4 0.523656
13 5 0.529704
13 6 0.776927
13 7 0.517124
13 8 0.573218
13 9 0.567948
13 10 0.519871
13 11 0.591060
13 12 0.576086
13 13 0.562160
13 14 0.634007
13 15 0.637670
13 16 0.563476
13 17 0.605971
13 18 0.568298
13 19 0.500001
13 20 0.676845
13 21 0.779251
13 22 0.523656
13 23 0.690545
13 24 0.564553
13 25 0.554528
14 1 0.518776
14 2 0.801775
14 3 0.787852
14 4 0.542415
14 5 0.608862
14 6 0.934758
14 7 0.535328
14 8 0.683626
14 9 0.669064
14 10 0.556814
14 11 0.759461
14 12 0.671661
14 13 0.634007
14 14 0.852820
14 15 0.897130
14 16 0.584462
14 17 0.763018
14 18 0.640376
14 19 0.500003
14 20 0.888370
14 21 0.945682
14 22 0.542415
14 23 0.897822
14 24 0.635308
14 25 0.623370
15 1 0.539179
15 2 0.850134
15 3 0.852128
15 4 0.541098
15 5 0.689276
15 6 0.867889
15 7 0.557476
15 8 0.738952
15 9 0.720535
15 10 0.574504
15 11 0.811168
15 12 0.701926
15 13 0.637670
15 14 0.897130
15 15 0.988407
15 16 0.823846
15 17 0.841829
15 18 0.616867
15 19 0.500004
15 20 0.955714
15 21 0.987674
15 22 0.541098
15 23 0.971335
15 24 0.638772
15 25 0.630746
15 26 0.854775
16 1 0.531249
16 2 0.882156
16 3 0.546102
16 4 0.579839
16 5 0.657145
16 6 0.623712
16 7 0.555694
16 8 0.621298
16 9 0.591844
16 10 0.571494
16 11 0.430495
16 12 0.621912
16 13 0.563476
16 14 0.584462
16 15 0.823846
16 16 0.927914
16 17 0.539283
16 18 0.604919
16 19 0.500004
16 20 0.892524
16 21 0.788791
16 22 0.579839
16 23 0.776496
16 24 0.573230
16 25 0.560696
16 26 0.697013
17 1 0.512856
17 2 0.776388
17 4 0.522147
17 5 0.505253
17 6 0.953113
17 7 0.518064
17 8 0.662414
17 9 0.629137
17 10 0.522467
17 11 0.751013
17 12 0.623027
17 13 0.605971
17 14 0.763018
17 15 0.841829
17 16 0.539283
17 17 0.795501
17 18 0.579960
17 19 0.500000
17 20 0.748069
17 21 0.969743
17 22 0.522147
17 23 0.887714
17 24 0.601984
17 25 0.591689
17 26 0.743115
18 1 0.514149
18 2 0.786165
18 3 0.604166
18 4 0.527713
18 5 0.553346
18 6 0.771991
18 7 0.525751
18 8 0.564271
18 9 0.577929
18 10 0.528066
18 11 0.553567
18 12 0.569729
18 13 0.568298
18 14 0.640376
18 15 0.616867
18 16 0.604919
18 17 0.579960
18 18 0.631991
18 19 0.500001
18 20 0.737931
18 21 0.734126
18 22 0.527713
18 23 0.622426
18 24 0.575112
18 25 0.566270
19 1 0.500000
19 2 0.500004
19 3 0.500001
19 4 0.500001
19 5 0.500002
19 6 0.500001
19 7 0.500000
19 8 0.500002
19 9 0.500001
19 10 0.500001
19 11 0.500001
19 12 0.500002
19 13 0.500001
19 14 0.500003
19 15 0.500004
19 16 0.500004
19 17 0.500000
19 18 0.500001
19 19 0.500000
19 20 0.500006
19 21 0.500002
19 22 0.500001
19 23 0.500004
19 24 0.500001
19 25 0.500001
19 26 0.500003
20 1 0.561459
20 2 0.952603
20 3 0.784355
20 4 0.598306
20 5 0.696087
20 6 0.984626
20 7 0.577693
20 8 0.790504
20 9 0.707422
20 10 0.666562
20 11 0.694451
20 12 0.777916
20 13 0.676845
20 14 0.888370
20 15 0.955714
20 16 0.892524
20 17 0.748069
20 18 0.737931
20 19 0.500006
20 20 0.996457
20 21 0.945893
20 22 0.598306
20 23 0.916231
20 24 0.691600
20 25 0.670392
20 26 0.891586
21 1 0.550332
21 2 0.990343
21 3 0.971239
21 4 0.589721
21 5 0.562086
21 6 0.999562
21 7 0.566655
21 8 0.813160
21 9 0.813403
21 10 0.569332
21 11 0.938588
21 12 0.835539
21 13 0.779251
21 14 0.945682
21 15 0.987674
21 16 0.788791
21 17 0.969743
21 18 0.734126
21 19 0.500002
21 20 0.945893
21 21 0.999986
21 22 0.589721
21 23 0.996243
21 24 0.770703
21 25 0.751828
21 26 0.955648
22 1 0.502943
22 2 0.579305
22 3 0.526603
22 5 0.527890
22 6 0.663169
22 7 0.508159
22 8 0.538671
22 9 0.520979
22 10 0.515931
22 11 0.501958
22 12 0.542520
22 13 0.523656
22 14 0.542415
22 15 0.541098
22 16 0.579839
22 17 0.522147
22 18 0.527713
22 19 0.500001
22 20 0.598306
22 21 0.589721
22 22 0.527069
22 23 0.585880
22 24 0.524290
22 25 0.520263
22 26 0.557759
23 1 0.522021
23 2 0.881307
23 3 0.894786
23 4 0.585880
23 5 0.654254
23 6 0.989281
23 7 0.542893
23 8 0.800533
23 9 0.736698
23 10 0.562487
23 11 0.822711
23 12 0.754648
23 13 0.690545
23 14 0.897822
23 15 0.971335
23 16 0.776496
23 17 0.887714
23 18 0.622426
23 19 0.500004
23 20 0.916231
23 21 0.996243
23 22 0.585880
23 23 0.990768
23 24 0.685888
23 25 0.660703
23 26 0.880540
24 1 0.508736
24 2 0.741160
24 3 0.616319
24 4 0.524290
24 5 0.529659
24 6 0.778915
24 7 0.519101
24 8 0.576885
24 9 0.571506
24 10 0.519879
24 11 0.587311
24 12 0.578021
24 13 0.564553
24 14 0.635308
24 15 0.638772
24 16 0.573230
24 17 0.601984
24 18 0.575112
24 19 0.500001
24 20 0.691600
24 21 0.770703
24 22 0.524290
24 23 0.685888
24 24 0.569499
24 25 0.556963
25 1 0.507991
25 2 0.696469
25 3 0.604364
25 4 0.520263
25 5 0.530910
25 6 0.746231
25 7 0.516196
25 8 0.561742
25 9 0.561584
25 10 0.520152
25 11 0.579802
25 12 0.566118
25 13 0.554528
25 14 0.623370
25 15 0.630746
25 16 0.560696
25 17 0.591689
25 18 0.566270
25 19 0.500001
25 20 0.670392
25 21 0.751828
25 22 0.520263
25 23 0.660703
25 24 0.556963
25 25 0.549411
26 2 0.906143
26 6 0.948179
26 7 0.546046
26 8 0.681217
26 10 0.556441
26 12 0.677127
26 15 0.854775
26 16 0.697013
26 17 0.743115
26 19 0.500003
26 20 0.891586
26 21 0.955648
26 22 0.557759
26 23 0.880540
26 26 0.822156
