1 26 0.822195
3 17 0.862044
3 26 0.888994
4 22 0.574396
4 26 0.817688
5 26 0.818075
9 26 0.611203
11 26 0.918583
13 26 0.772497
14 26 0.988248
17 3 0.862044
18 26 0.496780
22 4 0.574396
24 26 0.842762
25 26 0.824611
26 1 0.822195
26 3 0.888994
26 4 0.817688
26 5 0.818075
26 9 0.611203
26 11 0.918583
26 13 0.772497
26 14 0.988248
26 18 0.496780
26 24 0.842762
26 25 0.824611
1 1 0.647278
1 2 0.785838
1 3 0.693494
1 4 0.640525
1 5 0.643909
1 6 0.959821
1 7 0.545694
1 8 0.620511
1 9 0.541891
1 10 0.544726
1 11 0.721248
1 12 0.667951
1 13 0.623010
1 14 0.849887
1 15 0.649012
1 16 0.681515
1 17 0.806862
1 18 0.513673
1 19 0.500004
1 20 0.829547
1 21 0.947366
1 22 0.557663
1 23 0.907519
1 24 0.659324
1 25 0.648529
2 1 0.785838
2 2 0.999976
2 3 0.834933
2 4 0.710788
2 5 0.751962
2 6 0.998702
2 7 0.560926
2 8 0.788647
2 9 0.457485
2 10 0.607071
2 11 0.854194
2 12 0.764226
2 13 0.765644
2 14 0.958868
2 15 0.953851
2 16 0.933790
2 17 0.970198
2 18 0.962857
2 19 0.499997
2 20 0.979691
2 21 0.998770
2 22 0.528896
2 23 0.700434
2 24 0.786522
2 25 0.785783
2 26 0.938661
3 1 0.693494
3 2 0.834933
3 3 0.759724
3 4 0.684592
3 5 0.689684
3 6 0.988272
3 7 0.563903
3 8 0.646635
3 9 0.550938
3 10 0.552073
3 11 0.781603
3 12 0.718329
3 13 0.658059
3 14 0.907481
3 15 0.691825
3 16 0.731413
3 18 0.512691
3 19 0.500006
3 20 0.860207
3 21 0.980885
3 22 0.577655
3 23 0.956856
3 24 0.710910
3 25 0.695375
4 1 0.640525
4 2 0.710788
4 3 0.684592
4 4 0.649059
4 5 0.636021
4 6 0.967816
4 7 0.543650
4 8 0.613175
4 9 0.539046
4 10 0.538279
4 11 0.715914
4 12 0.675783
4 13 0.620255
4 14 0.842169
4 15 0.634514
4 16 0.640704
4 17 0.792252
4 18 0.485444
4 19 0.500005
4 20 0.827481
4 21 0.944700
4 23 0.915913
4 24 0.656951
4 25 0.643486
5 1 0.643909
5 2 0.751962
5 3 0.689684
5 4 0.636021
5 5 0.644532
5 6 0.955501
5 7 0.546960
5 8 0.615387
5 9 0.543445
5 10 0.544906
5 11 0.716693
5 12 0.668949
5 13 0.615782
5 14 0.842925
5 15 0.645695
5 16 0.689112
5 17 0.800728
5 18 0.480073
5 19 0.500004
5 20 0.819222
5 21 0.940461
5 22 0.555462
5 23 0.914205
5 24 0.655338
5 25 0.643744
6 1 0.959821
6 2 0.998702
6 3 0.988272
6 4 0.967816
6 5 0.955501
6 6 1.000000
6 7 0.731262
6 8 0.894388
6 9 0.675418
6 10 0.686363
6 11 0.992510
6 12 0.988530
6 13 0.924665
6 14 0.999822
6 15 0.985312
6 16 0.982608
6 17 0.999244
6 18 0.680032
6 19 0.500027
6 20 0.999646
6 21 1.000000
6 22 0.856851
6 23 0.999997
6 24 0.973696
6 25 0.960541
6 26 0.999757
7 1 0.545694
7 2 0.560926
7 3 0.563903
7 4 0.543650
7 5 0.546960
7 6 0.731262
7 7 0.527977
7 8 0.547669
7 9 0.526830
7 10 0.524956
7 11 0.572203
7 12 0.564005
7 13 0.538595
7 14 0.608660
7 15 0.557424
7 16 0.590215
7 17 0.613890
7 18 0.493576
7 19 0.500002
7 20 0.665359
7 21 0.697205
7 22 0.520289
7 23 0.676539
7 24 0.549436
7 25 0.545129
7 26 0.614275
8 1 0.620511
8 2 0.788647
8 3 0.646635
8 4 0.613175
8 5 0.615387
8 6 0.894388
8 7 0.547669
8 8 0.707498
8 9 0.598887
8 10 0.560824
8 11 0.674220
8 12 0.665573
8 13 0.642136
8 14 0.773247
8 15 0.660313
8 16 0.718360
8 17 0.799319
8 18 0.505321
8 19 0.500002
8 20 0.912616
8 21 0.907430
8 22 0.546899
8 23 0.875572
8 24 0.635500
8 25 0.621556
8 26 0.757317
9 1 0.541891
9 2 0.457485
9 3 0.550938
9 4 0.539046
9 5 0.543445
9 6 0.675418
9 7 0.526830
9 8 0.598887
9 9 0.663359
9 10 0.547062
9 11 0.554559
9 12 0.509664
9 13 0.558221
9 14 0.630816
9 15 0.500527
9 16 0.618650
9 17 0.609952
9 18 0.516349
9 19 0.500001
9 20 0.779856
9 21 0.603048
9 22 0.516920
9 23 0.729444
9 24 0.545066
9 25 0.546295
10 1 0.544726
10 2 0.607071
10 3 0.552073
10 4 0.538279
10 5 0.544906
10 6 0.686363
10 7 0.524956
10 8 0.560824
10 9 0.547062
10 10 0.535995
10 11 0.568106
10 12 0.551145
10 13 0.545605
10 14 0.623698
10 15 0.552391
10 16 0.604568
10 17 0.628992
10 18 0.521367
10 19 0.500001
10 20 0.726059
10 21 0.665657
10 22 0.512663
10 23 0.651650
10 24 0.543325
10 25 0.545034
10 26 0.605286
11 1 0.721248
11 2 0.854194
11 3 0.781603
11 4 0.715914
11 5 0.716693
11 6 0.992510
11 7 0.572203
11 8 0.674220
11 9 0.554559
11 10 0.568106
11 11 0.821219
11 12 0.747443
11 13 0.685009
11 14 0.941559
11 15 0.694816
11 16 0.745359
11 17 0.903076
11 18 0.498336
11 19 0.500008
11 20 0.921914
11 21 0.989024
11 22 0.593589
11 23 0.975418
11 24 0.737300
11 25 0.723579
12 1 0.667951
12 2 0.764226
12 3 0.718329
12 4 0.675783
12 5 0.668949
12 6 0.988530
12 7 0.564005
12 8 0.665573
12 9 0.509664
12 10 0.551145
12 11 0.747443
12 12 0.805892
12 13 0.634782
12 14 0.844379
12 15 0.760316
12 16 0.719858
12 17 0.846590
12 18 0.418870
12 19 0.500006
12 20 0.887702
12 21 0.980710
12 22 0.595762
12 23 0.954128
12 24 0.692851
12 25 0.661905
12 26 0.852969
13 1 0.623010
13 2 0.765644
13 3 0.658059
13 4 0.620255
13 5 0.615782
13 6 0.924665
13 7 0.538595
13 8 0.642136
13 9 0.558221
13 10 0.545605
13 11 0.685009
13 12 0.634782
13 13 0.645436
13 14 0.821819
13 15 0.578911
13 16 0.657885
13 17 0.781134
13 18 0.512954
13 19 0.500003
13 20 0.854194
13 21 0.894701
13 22 0.545317
13 23 0.884125
13 24 0.634531
13 25 0.630546
14 1 0.849887
14 2 0.958868
14 3 0.907481
14 4 0.842169
14 5 0.842925
14 6 0.999822
14 7 0.608660
14 8 0.773247
14 9 0.630816
14 10 0.623698
14 11 0.941559
14 12 0.844379
14 13 0.821819
14 14 0.996100
14 15 0.723954
14 16 0.849956
14 17 0.982607
14 18 0.517002
14 19 0.500014
14 20 0.988506
14 21 0.999532
14 22 0.650188
14 23 0.998949
14 24 0.863221
14 25 0.857894
15 1 0.649012
15 2 0.953851
15 3 0.691825
15 4 0.634514
15 5 0.645695
15 6 0.985312
15 7 0.557424
15 8 0.660313
15 9 0.500527
15 10 0.552391
15 11 0.694816
15 12 0.760316
15 13 0.578911
15 14 0.723954
15 15 0.900901
15 16 0.799367
15 17 0.827125
15 18 0.627128
15 19 0.500001
15 20 0.858513
15 21 0.979889
15 22 0.574327
15 23 0.763955
15 24 0.667798
15 25 0.635009
15 26 0.804432
16 1 0.681515
16 2 0.933790
16 3 0.731413
16 4 0.640704
16 5 0.689112
16 6 0.982608
16 7 0.590215
16 8 0.718360
16 9 0.618650
16 10 0.604568
16 11 0.745359
16 12 0.719858
16 13 0.657885
16 14 0.849956
16 15 0.799367
16 16 0.906009
16 17 0.891991
16 18 0.589373
16 19 0.500003
16 20 0.951331
16 21 0.962535
16 22 0.544260
16 23 0.944242
16 24 0.685810
16 25 0.666414
16 26 0.856077
17 1 0.806862
17 2 0.970198
17 4 0.792252
17 5 0.800728
17 6 0.999244
17 7 0.613890
17 8 0.799319
17 9 0.609952
17 10 0.628992
17 11 0.903076
17 12 0.846590
17 13 0.781134
17 14 0.982607
17 15 0.827125
17 16 0.891991
17 17 0.974870
17 18 0.562059
17 19 0.500009
17 20 0.990262
17 21 0.998748
17 22 0.628380
17 23 0.995119
17 24 0.822322
17 25 0.806463
17 26 0.971488
18 1 0.513673
18 2 0.962857
18 3 0.512691
18 4 0.485444
18 5 0.480073
18 6 0.680032
18 7 0.493576
18 8 0.505321
18 9 0.516349
18 10 0.521367
18 11 0.498336
18 12 0.418870
18 13 0.512954
18 14 0.517002
18 15 0.627128
18 16 0.589373
18 17 0.562059
18 18 0.896063
18 19 0.499996
18 20 0.614674
18 21 0.671707
18 22 0.475771
18 23 0.134387
18 24 0.498279
18 25 0.514825
19 1 0.500004
19 2 0.499997
19 3 0.500006
19 4 0.500005
19 5 0.500004
19 6 0.500027
19 7 0.500002
19 8 0.500002
19 9 0.500001
19 10 0.500001
19 11 0.500008
19 12 0.500006
19 13 0.500003
19 14 0.500014
19 15 0.500001
19 16 0.500003
19 17 0.500009
19 18 0.499996
19 19 0.500000
19 20 0.500011
19 21 0.500018
19 22 0.500003
19 23 0.500023
19 24 0.500005
19 25 0.500004
19 26 0.500012
20 1 0.829547
20 2 0.979691
20 3 0.860207
20 4 0.827481
20 5 0.819222
20 6 0.999646
20 7 0.665359
20 8 0.912616
20 9 0.779856
20 10 0.726059
20 11 0.921914
20 12 0.887702
20 13 0.854194
20 14 0.988506
20 15 0.858513
20 16 0.951331
20 17 0.990262
20 18 0.614674
20 19 0.500011
20 20 0.999802
20 21 0.998880
20 22 0.666387
20 23 0.997908
20 24 0.843225
20 25 0.833428
20 26 0.978453
21 1 0.947366
21 2 0.998770
21 3 0.980885
21 4 0.944700
21 5 0.940461
21 6 1.000000
21 7 0.697205
21 8 0.907430
21 9 0.603048
21 10 0.665657
21 11 0.989024
21 12 0.980710
21 13 0.894701
21 14 0.999532
21 15 0.979889
21 16 0.962535
21 17 0.998748
21 18 0.671707
21 19 0.500018
21 20 0.998880
21 21 1.000000
21 22 0.784067
21 23 0.999962
21 24 0.962326
21 25 0.945529
21 26 0.999319
22 1 0.557663
22 2 0.528896
22 3 0.577655
22 5 0.555462
22 6 0.856851
22 7 0.520289
22 8 0.546899
22 9 0.516920
22 10 0.512663
22 11 0.593589
22 12 0.595762
22 13 0.545317
22 14 0.650188
22 15 0.574327
22 16 0.544260
22 17 0.628380
22 18 0.475771
22 19 0.500003
22 20 0.666387
22 21 0.784067
22 22 0.549110
22 23 0.753641
22 24 0.570306
22 25 0.558300
22 26 0.654874
23 1 0.907519
23 2 0.700434
23 3 0.956856
23 4 0.915913
23 5 0.914205
23 6 0.999997
23 7 0.676539
23 8 0.875572
23 9 0.729444
23 10 0.651650
23 11 0.975418
23 12 0.954128
23 13 0.884125
23 14 0.998949
23 15 0.763955
23 16 0.944242
23 17 0.995119
23 18 0.134387
23 19 0.500023
23 20 0.997908
23 21 0.999962
23 22 0.753641
23 23 0.999995
23 24 0.929731
23 25 0.906462
23 26 0.997674
24 1 0.659324
24 2 0.786522
24 3 0.710910
24 4 0.656951
24 5 0.655338
24 6 0.973696
24 7 0.549436
24 8 0.635500
24 9 0.545066
24 10 0.543325
24 11 0.737300
24 12 0.692851
24 13 0.634531
24 14 0.863221
24 15 0.667798
24 16 0.685810
24 17 0.822322
24 18 0.498279
24 19 0.500005
24 20 0.843225
24 21 0.962326
24 22 0.570306
24 23 0.929731
24 24 0.676544
24 25 0.660840
25 1 0.648529
25 2 0.785783
25 3 0.695375
25 4 0.643486
25 5 0.643744
25 6 0.960541
25 7 0.545129
25 8 0.621556
25 9 0.546295
25 10 0.545034
25 11 0.723579
25 12 0.661905
25 13 0.630546
25 14 0.857894
25 15 0.635009
25 16 0.666414
25 17 0.806463
25 18 0.514825
25 19 0.500004
25 20 0.833428
25 21 0.945529
25 22 0.558300
25 23 0.906462
25 24 0.660840
25 25 0.653143
26 2 0.938661
26 6 0.999757
26 7 0.614275
26 8 0.757317
26 10 0.605286
26 12 0.852969
26 15 0.804432
26 16 0.856077
26 17 0.971488
26 19 0.500012
26 20 0.978453
26 21 0.999319
26 22 0.654874
26 23 0.997674
26 26 0.980984
