1 26 0.641595
3 17 0.850034
3 26 0.789688
4 22 0.544828
4 26 0.614706
5 26 0.653439
9 26 0.680754
11 26 0.672156
13 26 0.598799
14 26 0.793507
17 3 0.850034
18 26 0.810708
22 4 0.544828
24 26 0.637287
25 26 0.619947
26 1 0.641595
26 3 0.789688
26 4 0.614706
26 5 0.653439
26 9 0.680754
26 11 0.672156
26 13 0.598799
26 14 0.793507
26 18 0.810708
26 24 0.637287
26 25 0.619947
1 1 0.562745
1 2 0.933219
1 3 0.641475
1 4 0.547306
1 5 0.568437
1 6 0.797016
1 7 0.531145
1 8 0.575250
1 9 0.585037
1 10 0.514335
1 11 0.577085
1 12 0.553734
1 13 0.540657
1 14 0.639901
1 15 0.636839
1 16 0.653793
1 17 0.618036
1 18 0.642238
1 19 0.500001
1 20 0.550547
1 21 0.774299
1 22 0.520919
1 23 0.642529
1 24 0.559084
1 25 0.551969
2 1 0.933219
2 2 1.000000
2 3 0.990232
2 4 0.788263
2 5 0.956610
2 6 0.999992
2 7 0.869809
2 8 0.971412
2 9 0.994916
2 10 0.726646
2 11 0.937346
2 12 0.910363
2 13 0.846158
2 14 0.993919
2 15 0.999640
2 16 0.998800
2 17 0.974883
2 18 0.998970
2 19 0.500013
2 20 0.932951
2 21 0.999891
2 22 0.581369
2 23 0.984512
2 24 0.891842
2 25 0.881955
2 26 0.996881
3 1 0.641475
3 2 0.990232
3 3 0.998663
3 4 0.701010
3 5 0.679656
3 6 0.964045
3 7 0.550366
3 8 0.626177
3 9 0.704128
3 10 0.507163
3 11 0.741033
3 12 0.473803
3 13 0.661494
3 14 0.734381
3 15 0.841037
3 16 0.736472
3 18 0.934805
3 19 0.500013
3 20 0.625583
3 21 0.955115
3 22 0.644823
3 23 0.994949
3 24 0.661725
3 25 0.630162
4 1 0.547306
4 2 0.788263
4 3 0.701010
4 4 0.562178
4 5 0.553424
4 6 0.722924
4 7 0.512452
4 8 0.542714
4 9 0.553890
4 10 0.511393
4 11 0.564979
4 12 0.534143
4 13 0.545207
4 14 0.605643
4 15 0.596113
4 16 0.615520
4 17 0.609289
4 18 0.651898
4 19 0.500002
4 20 0.575401
4 21 0.775943
4 23 0.751521
4 24 0.553923
4 25 0.542317
5 1 0.568437
5 2 0.956610
5 3 0.679656
5 4 0.553424
5 5 0.578345
5 6 0.799836
5 7 0.534463
5 8 0.582475
5 9 0.605112
5 10 0.516487
5 11 0.584528
5 12 0.560640
5 13 0.549492
5 14 0.643180
5 15 0.653469
5 16 0.667432
5 17 0.629987
5 18 0.673353
5 19 0.500001
5 20 0.554578
5 21 0.800604
5 22 0.525808
5 23 0.703240
5 24 0.563660
5 25 0.556758
6 1 0.797016
6 2 0.999992
6 3 0.964045
6 4 0.722924
6 5 0.799836
6 6 1.000000
6 7 0.537072
6 8 0.803931
6 9 0.635900
6 10 0.563874
6 11 0.814967
6 12 0.826931
6 13 0.650873
6 14 0.972336
6 15 0.996376
6 16 0.992709
6 17 0.969936
6 18 0.782720
6 19 0.500007
6 20 0.469268
6 21 0.999800
6 22 0.609321
6 23 0.381349
6 24 0.729507
6 25 0.729814
6 26 0.961256
7 1 0.531145
7 2 0.869809
7 3 0.550366
7 4 0.512452
7 5 0.534463
7 6 0.537072
7 7 0.535154
7 8 0.554004
7 9 0.570101
7 10 0.510290
7 11 0.536528
7 12 0.522388
7 13 0.517822
7 14 0.567816
7 15 0.569112
7 16 0.563357
7 17 0.528465
7 18 0.611918
7 19 0.500000
7 20 0.548680
7 21 0.541127
7 22 0.497417
7 23 0.548012
7 24 0.530270
7 25 0.524663
7 26 0.567515
8 1 0.575250
8 2 0.971412
8 3 0.626177
8 4 0.542714
8 5 0.582475
8 6 0.803931
8 7 0.554004
8 8 0.668072
8 9 0.673846
8 10 0.535001
8 11 0.571764
8 12 0.587846
8 13 0.536485
8 14 0.698241
8 15 0.785291
8 16 0.737423
8 17 0.635933
8 18 0.713458
8 19 0.500003
8 20 0.667379
8 21 0.748351
8 22 0.505970
8 23 0.668867
8 24 0.569834
8 25 0.554925
8 26 0.662902
9 1 0.585037
9 2 0.994916
9 3 0.704128
9 4 0.553890
9 5 0.605112
9 6 0.635900
9 7 0.570101
9 8 0.673846
9 9 0.751630
9 10 0.535738
9 11 0.588752
9 12 0.591677
9 13 0.569953
9 14 0.653457
9 15 0.729314
9 16 0.685995
9 17 0.637985
9 18 0.831751
9 19 0.500003
9 20 0.692873
9 21 0.781053
9 22 0.520574
9 23 0.833825
9 24 0.580702
9 25 0.570233
10 1 0.514335
10 2 0.726646
10 3 0.507163
10 4 0.511393
10 5 0.516487
10 6 0.563874
10 7 0.510290
10 8 0.535001
10 9 0.535738
10 10 0.520512
10 11 0.501091
10 12 0.518106
10 13 0.500998
10 14 0.551839
10 15 0.622334
10 16 0.581176
10 17 0.500058
10 18 0.531636
10 19 0.500001
10 20 0.580093
10 21 0.539530
10 22 0.506181
10 23 0.549697
10 24 0.511593
10 25 0.506677
10 26 0.532391
11 1 0.577085
11 2 0.937346
11 3 0.741033
11 4 0.564979
11 5 0.584528
11 6 0.814967
11 7 0.536528
11 8 0.571764
11 9 0.588752
11 10 0.501091
11 11 0.620583
11 12 0.555581
11 13 0.558284
11 14 0.652169
11 15 0.558444
11 16 0.630727
11 17 0.668899
11 18 0.680550
11 19 0.500001
11 20 0.489406
11 21 0.831970
11 22 0.529779
11 23 0.727772
11 24 0.577465
11 25 0.571211
12 1 0.553734
12 2 0.910363
12 3 0.473803
12 4 0.534143
12 5 0.560640
12 6 0.826931
12 7 0.522388
12 8 0.587846
12 9 0.591677
12 10 0.518106
12 11 0.555581
12 12 0.631203
12 13 0.529166
12 14 0.622249
12 15 0.657849
12 16 0.676401
12 17 0.584792
12 18 0.623583
12 19 0.500001
12 20 0.536106
12 21 0.831751
12 22 0.515224
12 23 0.640620
12 24 0.542922
12 25 0.543985
12 26 0.626976
13 1 0.540657
13 2 0.846158
13 3 0.661494
13 4 0.545207
13 5 0.549492
13 6 0.650873
13 7 0.517822
13 8 0.536485
13 9 0.569953
13 10 0.500998
13 11 0.558284
13 12 0.529166
13 13 0.556345
13 14 0.567631
13 15 0.548963
13 16 0.578495
13 17 0.613778
13 18 0.678545
13 19 0.500000
13 20 0.540764
13 21 0.731113
13 22 0.531782
13 23 0.694670
13 24 0.545798
13 25 0.538537
14 1 0.639901
14 2 0.993919
14 3 0.734381
14 4 0.605643
14 5 0.643180
14 6 0.972336
14 7 0.567816
14 8 0.698241
14 9 0.653457
14 10 0.551839
14 11 0.652169
14 12 0.622249
14 13 0.567631
14 14 0.848096
14 15 0.882154
14 16 0.878992
14 17 0.753158
14 18 0.714354
14 19 0.500003
14 20 0.678266
14 21 0.931356
14 22 0.537585
14 23 0.694062
14 24 0.635066
14 25 0.606710
15 1 0.636839
15 2 0.999640
15 3 0.841037
15 4 0.596113
15 5 0.653469
15 6 0.996376
15 7 0.569112
15 8 0.785291
15 9 0.729314
15 10 0.622334
15 11 0.558444
15 12 0.657849
15 13 0.548963
15 14 0.882154
15 15 0.994987
15 16 0.967961
15 17 0.747600
15 18 0.699544
15 19 0.500011
15 20 0.850992
15 21 0.880838
15 22 0.536369
15 23 0.668590
15 24 0.601225
15 25 0.560506
15 26 0.775663
16 1 0.653793
16 2 0.998800
16 3 0.736472
16 4 0.615520
16 5 0.667432
16 6 0.992709
16 7 0.563357
16 8 0.737423
16 9 0.685995
16 10 0.581176
16 11 0.630727
16 12 0.676401
16 13 0.578495
16 14 0.878992
16 15 0.967961
16 16 0.952117
16 17 0.777488
16 18 0.656112
16 19 0.500004
16 20 0.715588
16 21 0.958499
16 22 0.548441
16 23 0.719392
16 24 0.633095
16 25 0.599435
16 26 0.815508
17 1 0.618036
17 2 0.974883
17 4 0.609289
17 5 0.629987
17 6 0.969936
17 7 0.528465
17 8 0.635933
17 9 0.637985
17 10 0.500058
17 11 0.668899
17 12 0.584792
17 13 0.613778
17 14 0.753158
17 15 0.747600
17 16 0.777488
17 17 0.845090
17 18 0.761830
17 19 0.500003
17 20 0.510293
17 21 0.950866
17 22 0.556036
17 23 0.774692
17 24 0.615714
17 25 0.602156
17 26 0.754623
18 1 0.642238
18 2 0.998970
18 3 0.934805
18 4 0.651898
18 5 0.673353
18 6 0.782720
18 7 0.611918
18 8 0.713458
18 9 0.831751
18 10 0.531636
18 11 0.680550
18 12 0.623583
18 13 0.678545
18 14 0.714354
18 15 0.699544
18 16 0.656112
18 17 0.761830
18 18 0.991954
18 19 0.500005
18 20 0.852878
18 21 0.939884
18 22 0.611356
18 23 0.982781
18 24 0.665503
18 25 0.637475
19 1 0.500001
19 2 0.500013
19 3 0.500013
19 4 0.500002
19 5 0.500001
19 6 0.500007
19 7 0.500000
19 8 0.500003
19 9 0.500003
19 10 0.500001
19 11 0.500001
19 12 0.500001
19 13 0.500000
19 14 0.500003
19 15 0.500011
19 16 0.500004
19 17 0.500003
19 18 0.500005
19 19 0.500000
19 20 0.500004
19 21 0.500005
19 22 0.500001
19 23 0.500013
19 24 0.500001
19 25 0.500000
19 26 0.500002
20 1 0.550547
20 2 0.932951
20 3 0.625583
20 4 0.575401
20 5 0.554578
20 6 0.469268
20 7 0.548680
20 8 0.667379
20 9 0.692873
20 10 0.580093
20 11 0.489406
20 12 0.536106
20 13 0.540764
20 14 0.678266
20 15 0.850992
20 16 0.715588
20 17 0.510293
20 18 0.852878
20 19 0.500004
20 20 0.922271
20 21 0.634284
20 22 0.561296
20 23 0.830837
20 24 0.574563
20 25 0.534428
20 26 0.626460
21 1 0.774299
21 2 0.999891
21 3 0.955115
21 4 0.775943
21 5 0.800604
21 6 0.999800
21 7 0.541127
21 8 0.748351
21 9 0.781053
21 10 0.539530
21 11 0.831970
21 12 0.831751
21 13 0.731113
21 14 0.931356
21 15 0.880838
21 16 0.958499
21 17 0.950866
21 18 0.939884
21 19 0.500005
21 20 0.634284
21 21 0.999965
21 22 0.690802
21 23 0.993083
21 24 0.765291
21 25 0.754114
21 26 0.952403
22 1 0.520919
22 2 0.581369
22 3 0.644823
22 5 0.525808
22 6 0.609321
22 7 0.497417
22 8 0.505970
22 9 0.520574
22 10 0.506181
22 11 0.529779
22 12 0.515224
22 13 0.531782
22 14 0.537585
22 15 0.536369
22 16 0.548441
22 17 0.556036
22 18 0.611356
22 19 0.500001
22 20 0.561296
22 21 0.690802
22 22 0.541252
22 23 0.716933
22 24 0.528451
22 25 0.520619
22 26 0.556865
23 1 0.642529
23 2 0.984512
23 3 0.994949
23 4 0.751521
23 5 0.703240
23 6 0.381349
23 7 0.548012
23 8 0.668867
23 9 0.833825
23 10 0.549697
23 11 0.727772
23 12 0.640620
23 13 0.694670
23 14 0.694062
23 15 0.668590
23 16 0.719392
23 17 0.774692
23 18 0.982781
23 19 0.500013
23 20 0.830837
23 21 0.993083
23 22 0.716933
23 23 0.999893
23 24 0.686607
23 25 0.647427
23 26 0.813112
24 1 0.559084
24 2 0.891842
24 3 0.661725
24 4 0.553923
24 5 0.563660
24 6 0.729507
24 7 0.530270
24 8 0.569834
24 9 0.580702
24 10 0.511593
24 11 0.577465
24 12 0.542922
24 13 0.545798
24 14 0.635066
24 15 0.601225
24 16 0.633095
24 17 0.615714
24 18 0.665503
24 19 0.500001
24 20 0.574563
24 21 0.765291
24 22 0.528451
24 23 0.686607
24 24 0.563676
24 25 0.551990
25 1 0.551969
25 2 0.881955
25 3 0.630162
25 4 0.542317
25 5 0.556758
25 6 0.729814
25 7 0.524663
25 8 0.554925
25 9 0.570233
25 10 0.506677
25 11 0.571211
25 12 0.543985
25 13 0.538537
25 14 0.606710
25 15 0.560506
25 16 0.599435
25 17 0.602156
25 18 0.637475
25 19 0.500000
25 20 0.534428
25 21 0.754114
25 22 0.520619
25 23 0.647427
25 24 0.551990
25 25 0.547552
26 2 0.996881
26 6 0.961256
26 7 0.567515
26 8 0.662902
26 10 0.532391
26 12 0.626976
26 15 0.775663
26 16 0.815508
26 17 0.754623
26 19 0.500002
26 20 0.626460
26 21 0.952403
26 22 0.556865
26 23 0.813112
26 26 0.797622
