1 26 0.551241
3 17 0.909000
3 26 0.878317
4 22 0.561148
4 26 0.692427
5 26 0.681249
9 26 0.714581
11 26 0.767362
13 26 0.717224
14 26 0.788944
17 3 0.909000
18 26 0.906680
22 4 0.561148
24 26 0.704398
25 26 0.605350
26 1 0.551241
26 3 0.878317
26 4 0.692427
26 5 0.681249
26 9 0.714581
26 11 0.767362
26 13 0.717224
26 14 0.788944
26 18 0.906680
26 24 0.704398
26 25 0.605350
1 1 0.508524
1 2 0.696967
1 3 0.556695
1 4 0.521865
1 5 0.521967
1 6 0.673998
1 7 0.511974
1 8 0.535870
1 9 0.528037
1 10 0.503015
1 11 0.531551
1 12 0.532979
1 13 0.525424
1 14 0.491884
1 15 0.532481
1 16 0.525191
1 17 0.554757
1 18 0.566418
1 19 0.500000
1 20 0.555205
1 21 0.582149
1 22 0.512035
1 23 0.577457
1 24 0.524514
1 25 0.514563
2 1 0.696967
2 2 1.000000
2 3 0.999381
2 4 0.952739
2 5 0.933338
2 6 1.000000
2 7 0.817664
2 8 0.987790
2 9 0.971626
2 10 0.531100
2 11 0.986688
2 12 0.974727
2 13 0.965947
2 14 0.682063
2 15 0.996309
2 16 0.887793
2 17 0.999181
2 18 0.999800
2 19 0.499985
2 20 0.992980
2 21 0.999942
2 22 0.850475
2 23 0.999907
2 24 0.955172
2 25 0.819270
2 26 0.998564
3 1 0.556695
3 2 0.999381
3 3 0.914733
3 4 0.714930
3 5 0.685666
3 6 0.996614
3 7 0.603969
3 8 0.805403
3 9 0.731609
3 10 0.521336
3 11 0.792139
3 12 0.749871
3 13 0.740327
3 14 0.693941
3 15 0.771196
3 16 0.652523
3 18 0.941214
3 19 0.499999
3 20 0.876192
3 21 0.955483
3 22 0.627487
3 23 0.976063
3 24 0.723140
3 25 0.626389
4 1 0.521865
4 2 0.952739
4 3 0.714930
4 4 0.599135
4 5 0.580537
4 6 0.917455
4 7 0.545872
4 8 0.624101
4 9 0.601122
4 10 0.508231
4 11 0.637178
4 12 0.604135
4 13 0.605468
4 14 0.625064
4 15 0.646399
4 16 0.545423
4 17 0.706767
4 18 0.699031
4 19 0.499999
4 20 0.656746
4 21 0.721143
4 23 0.793534
4 24 0.595200
4 25 0.544933
5 1 0.521967
5 2 0.933338
5 3 0.685666
5 4 0.580537
5 5 0.592068
5 6 0.918849
5 7 0.559399
5 8 0.617696
5 9 0.597466
5 10 0.509648
5 11 0.619816
5 12 0.618806
5 13 0.593781
5 14 0.746127
5 15 0.647414
5 16 0.593525
5 17 0.675145
5 18 0.731357
5 19 0.500001
5 20 0.662498
5 21 0.744467
5 22 0.543475
5 23 0.777061
5 24 0.591980
5 25 0.549079
6 1 0.673998
6 2 1.000000
6 3 0.996614
6 4 0.917455
6 5 0.918849
6 6 1.000000
6 7 0.809637
6 8 0.969380
6 9 0.957551
6 10 0.534614
6 11 0.957701
6 12 0.983945
6 13 0.936705
6 14 0.943466
6 15 0.992013
6 16 0.765768
6 17 0.995543
6 18 0.996656
6 19 0.499983
6 20 0.994692
6 21 0.999898
6 22 0.801581
6 23 0.998934
6 24 0.935565
6 25 0.741321
6 26 0.995704
7 1 0.511974
7 2 0.817664
7 3 0.603969
7 4 0.545872
7 5 0.559399
7 6 0.809637
7 7 0.546114
7 8 0.565349
7 9 0.557509
7 10 0.509310
7 11 0.570643
7 12 0.579806
7 13 0.555120
7 14 0.730040
7 15 0.592153
7 16 0.566348
7 17 0.595668
7 18 0.667666
7 19 0.500002
7 20 0.597226
7 21 0.654356
7 22 0.523964
7 23 0.673355
7 24 0.556082
7 25 0.531870
7 26 0.610988
8 1 0.535870
8 2 0.987790
8 3 0.805403
8 4 0.624101
8 5 0.617696
8 6 0.969380
8 7 0.565349
8 8 0.730178
8 9 0.647121
8 10 0.512786
8 11 0.688438
8 12 0.664521
8 13 0.651422
8 14 0.620412
8 15 0.659359
8 16 0.649894
8 17 0.798988
8 18 0.883114
8 19 0.500001
8 20 0.794512
8 21 0.912145
8 22 0.564950
8 23 0.922994
8 24 0.643018
8 25 0.572136
8 26 0.767112
9 1 0.528037
9 2 0.971626
9 3 0.731609
9 4 0.601122
9 5 0.597466
9 6 0.957551
9 7 0.557509
9 8 0.647121
9 9 0.620942
9 10 0.506615
9 11 0.641697
9 12 0.640882
9 13 0.614369
9 14 0.648962
9 15 0.670256
9 16 0.563929
9 17 0.722799
9 18 0.736353
9 19 0.499999
9 20 0.692868
9 21 0.796828
9 22 0.557871
9 23 0.807933
9 24 0.609145
9 25 0.551679
10 1 0.503015
10 2 0.531100
10 3 0.521336
10 4 0.508231
10 5 0.509648
10 6 0.534614
10 7 0.509310
10 8 0.512786
10 9 0.506615
10 10 0.511010
10 11 0.512300
10 12 0.513555
10 13 0.509332
10 14 0.539132
10 15 0.486969
10 16 0.530712
10 17 0.520160
10 18 0.554362
10 19 0.500001
10 20 0.551722
10 21 0.538011
10 22 0.504106
10 23 0.569285
10 24 0.510422
10 25 0.510937
10 26 0.516801
11 1 0.531551
11 2 0.986688
11 3 0.792139
11 4 0.637178
11 5 0.619816
11 6 0.957701
11 7 0.570643
11 8 0.688438
11 9 0.641697
11 10 0.512300
11 11 0.705980
11 12 0.633363
11 13 0.654036
11 14 0.741562
11 15 0.705099
11 16 0.602786
11 17 0.780765
11 18 0.804365
11 19 0.500000
11 20 0.715138
11 21 0.817573
11 22 0.579638
11 23 0.910747
11 24 0.639323
11 25 0.572144
12 1 0.532979
12 2 0.974727
12 3 0.749871
12 4 0.604135
12 5 0.618806
12 6 0.983945
12 7 0.579806
12 8 0.664521
12 9 0.640882
12 10 0.513555
12 11 0.633363
12 12 0.719465
12 13 0.622594
12 14 0.787615
12 15 0.664709
12 16 0.571534
12 17 0.741648
12 18 0.815301
12 19 0.500000
12 20 0.780917
12 21 0.878829
12 22 0.556657
12 23 0.828807
12 24 0.628488
12 25 0.563885
12 26 0.736297
13 1 0.525424
13 2 0.965947
13 3 0.740327
13 4 0.605468
13 5 0.593781
13 6 0.936705
13 7 0.555120
13 8 0.651422
13 9 0.614369
13 10 0.509332
13 11 0.654036
13 12 0.622594
13 13 0.620801
13 14 0.655203
13 15 0.652035
13 16 0.575062
13 17 0.731551
13 18 0.766068
13 19 0.500000
13 20 0.695835
13 21 0.793285
13 22 0.560684
13 23 0.845576
13 24 0.611524
13 25 0.555721
14 1 0.491884
14 2 0.682063
14 3 0.693941
14 4 0.625064
14 5 0.746127
14 6 0.943466
14 7 0.730040
14 8 0.620412
14 9 0.648962
14 10 0.539132
14 11 0.741562
14 12 0.787615
14 13 0.655203
14 14 1.000000
14 15 0.888508
14 16 0.602238
14 17 0.633988
14 18 0.781571
14 19 0.500017
14 20 0.794894
14 21 0.825804
14 22 0.543079
14 23 0.989971
14 24 0.688892
14 25 0.609763
15 1 0.532481
15 2 0.996309
15 3 0.771196
15 4 0.646399
15 5 0.647414
15 6 0.992013
15 7 0.592153
15 8 0.659359
15 9 0.670256
15 10 0.486969
15 11 0.705099
15 12 0.664709
15 13 0.652035
15 14 0.888508
15 15 0.895871
15 16 0.535594
15 17 0.752391
15 18 0.701653
15 19 0.499995
15 20 0.594503
15 21 0.797251
15 22 0.589541
15 23 0.788438
15 24 0.640896
15 25 0.574870
15 26 0.781225
16 1 0.525191
16 2 0.887793
16 3 0.652523
16 4 0.545423
16 5 0.593525
16 6 0.765768
16 7 0.566348
16 8 0.649894
16 9 0.563929
16 10 0.530712
16 11 0.602786
16 12 0.571534
16 13 0.575062
16 14 0.602238
16 15 0.535594
16 16 0.853285
16 17 0.646210
16 18 0.948807
16 19 0.500008
16 20 0.721537
16 21 0.832213
16 22 0.513445
16 23 0.799352
16 24 0.575805
16 25 0.560822
16 26 0.656917
17 1 0.554757
17 2 0.999181
17 4 0.706767
17 5 0.675145
17 6 0.995543
17 7 0.595668
17 8 0.798988
17 9 0.722799
17 10 0.520160
17 11 0.780765
17 12 0.741648
17 13 0.731551
17 14 0.633988
17 15 0.752391
17 16 0.646210
17 17 0.903938
17 18 0.939289
17 19 0.499999
17 20 0.871981
17 21 0.952208
17 22 0.622572
17 23 0.971862
17 24 0.714198
17 25 0.622481
17 26 0.868654
18 1 0.566418
18 2 0.999800
18 3 0.941214
18 4 0.699031
18 5 0.731357
18 6 0.996656
18 7 0.667666
18 8 0.883114
18 9 0.736353
18 10 0.554362
18 11 0.804365
18 12 0.815301
18 13 0.766068
18 14 0.781571
18 15 0.701653
18 16 0.948807
18 17 0.939289
18 18 0.999789
18 19 0.500012
18 20 0.962878
18 21 0.997465
18 22 0.592555
18 23 0.989476
18 24 0.757887
18 25 0.703976
19 1 0.500000
19 2 0.499985
19 3 0.499999
19 4 0.499999
19 5 0.500001
19 6 0.499983
19 7 0.500002
19 8 0.500001
19 9 0.499999
19 10 0.500001
19 11 0.500000
19 12 0.500000
19 13 0.500000
19 14 0.500017
19 15 0.499995
19 16 0.500008
19 17 0.499999
19 18 0.500012
19 19 0.500000
19 20 0.500003
19 21 0.500001
19 22 0.499999
19 23 0.500010
19 24 0.500000
19 25 0.500002
19 26 0.500000
20 1 0.555205
20 2 0.992980
20 3 0.876192
20 4 0.656746
20 5 0.662498
20 6 0.994692
20 7 0.597226
20 8 0.794512
20 9 0.692868
20 10 0.551722
20 11 0.715138
20 12 0.780917
20 13 0.695835
20 14 0.794894
20 15 0.594503
20 16 0.721537
20 17 0.871981
20 18 0.962878
20 19 0.500003
20 20 0.949540
20 21 0.981849
20 22 0.578493
20 23 0.978439
20 24 0.701206
20 25 0.623917
20 26 0.828255
21 1 0.582149
21 2 0.999942
21 3 0.955483
21 4 0.721143
21 5 0.744467
21 6 0.999898
21 7 0.654356
21 8 0.912145
21 9 0.796828
21 10 0.538011
21 11 0.817573
21 12 0.878829
21 13 0.793285
21 14 0.825804
21 15 0.797251
21 16 0.832213
21 17 0.952208
21 18 0.997465
21 19 0.500001
21 20 0.981849
21 21 0.999451
21 22 0.598714
21 23 0.996881
21 24 0.798212
21 25 0.667839
21 26 0.928206
22 1 0.512035
22 2 0.850475
22 3 0.627487
22 5 0.543475
22 6 0.801581
22 7 0.523964
22 8 0.564950
22 9 0.557871
22 10 0.504106
22 11 0.579638
22 12 0.556657
22 13 0.560684
22 14 0.543079
22 15 0.589541
22 16 0.513445
22 17 0.622572
22 18 0.592555
22 19 0.499999
22 20 0.578493
22 21 0.598714
22 22 0.540636
22 23 0.656911
22 24 0.552836
22 25 0.521966
22 26 0.613527
23 1 0.577457
23 2 0.999907
23 3 0.976063
23 4 0.793534
23 5 0.777061
23 6 0.998934
23 7 0.673355
23 8 0.922994
23 9 0.807933
23 10 0.569285
23 11 0.910747
23 12 0.828807
23 13 0.845576
23 14 0.989971
23 15 0.788438
23 16 0.799352
23 17 0.971862
23 18 0.989476
23 19 0.500010
23 20 0.978439
23 21 0.996881
23 22 0.656911
23 23 0.999896
23 24 0.833156
23 25 0.705724
23 26 0.955377
24 1 0.524514
24 2 0.955172
24 3 0.723140
24 4 0.595200
24 5 0.591980
24 6 0.935565
24 7 0.556082
24 8 0.643018
24 9 0.609145
24 10 0.510422
24 11 0.639323
24 12 0.628488
24 13 0.611524
24 14 0.688892
24 15 0.640896
24 16 0.575805
24 17 0.714198
24 18 0.757887
24 19 0.500000
24 20 0.701206
24 21 0.798212
24 22 0.552836
24 23 0.833156
24 24 0.606274
24 25 0.553183
25 1 0.514563
25 2 0.819270
25 3 0.626389
25 4 0.544933
25 5 0.549079
25 6 0.741321
25 7 0.531870
25 8 0.572136
25 9 0.551679
25 10 0.510937
25 11 0.572144
25 12 0.563885
25 13 0.555721
25 14 0.609763
25 15 0.574870
25 16 0.560822
25 17 0.622481
25 18 0.703976
25 19 0.500002
25 20 0.623917
25 21 0.667839
25 22 0.521966
25 23 0.705724
25 24 0.553183
25 25 0.554685
26 2 0.998564
26 6 0.995704
26 7 0.610988
26 8 0.767112
26 10 0.516801
26 12 0.736297
26 15 0.781225
26 16 0.656917
26 17 0.868654
26 19 0.500000
26 20 0.828255
26 21 0.928206
26 22 0.613527
26 23 0.955377
26 26 0.857971
