1 2 0.903218
1 3 0.918272
1 5 0.922618
1 8 0.983070
1 12 0.883500
1 16 0.882113
1 17 0.980537
1 19 0.996184
2 1 0.903218
2 8 0.903465
2 19 0.950779
3 1 0.918272
3 8 0.917970
4 17 0.500000
5 1 0.922618
5 8 0.922867
8 1 0.983070
8 2 0.903465
8 3 0.917970
8 5 0.922867
8 12 0.883642
8 13 0.954037
8 14 0.999719
8 15 0.797623
8 16 0.881803
8 17 0.980815
8 19 0.996306
10 19 0.999729
12 1 0.883500
12 8 0.883642
13 8 0.954037
14 8 0.999719
15 8 0.797623
16 1 0.882113
16 8 0.881803
17 1 0.980537
17 4 0.500000
17 8 0.980815
17 19 0.996894
18 19 0.991882
19 1 0.996184
19 2 0.950779
19 8 0.996306
19 10 0.999729
19 17 0.996894
19 18 0.991882
1 1 0.982958
1 4 0.500000
1 6 0.999752
1 7 0.507262
1 9 0.736200
1 10 0.993979
1 11 0.770620
1 13 0.952465
1 14 0.999680
1 15 0.796171
1 18 0.969145
2 2 0.785709
2 3 0.802540
2 4 0.500000
2 5 0.799704
2 6 0.990474
2 7 0.504189
2 9 0.637342
2 10 0.937851
2 11 0.661915
2 12 0.758585
2 13 0.862521
2 14 0.984491
2 15 0.684642
2 16 0.755674
2 17 0.896308
2 18 0.876447
3 2 0.802540
3 3 0.824630
3 4 0.500000
3 5 0.816686
3 6 0.993257
3 7 0.504587
3 9 0.647417
3 10 0.946236
3 11 0.673392
3 12 0.775931
3 13 0.861116
3 14 0.987887
3 15 0.695808
3 16 0.776107
3 17 0.908844
3 18 0.889849
3 19 0.957995
4 1 0.500000
4 2 0.500000
4 3 0.500000
4 4 0.500000
4 5 0.500000
4 6 0.500000
4 7 0.500000
4 8 0.500000
4 9 0.500000
4 10 0.500000
4 11 0.500000
4 12 0.500000
4 13 0.500000
4 14 0.500000
4 15 0.500000
4 16 0.500000
4 18 0.500000
4 19 0.500000
5 2 0.799704
5 3 0.816686
5 4 0.500000
5 5 0.832571
5 6 0.993465
5 7 0.504730
5 9 0.649912
5 10 0.949453
5 11 0.670280
5 12 0.780829
5 13 0.871739
5 14 0.992178
5 15 0.701134
5 16 0.778273
5 17 0.913687
5 18 0.884536
5 19 0.961324
6 1 0.999752
6 2 0.990474
6 3 0.993257
6 4 0.500000
6 5 0.993465
6 6 1.000000
6 7 0.514924
6 8 0.999780
6 9 0.925333
6 10 0.999983
6 11 0.886747
6 12 0.984469
6 13 0.999389
6 14 1.000000
6 15 0.953999
6 16 0.983533
6 17 0.999739
6 18 0.999853
6 19 0.999993
7 1 0.507262
7 2 0.504189
7 3 0.504587
7 4 0.500000
7 5 0.504730
7 6 0.514924
7 7 0.500066
7 8 0.507276
7 9 0.502102
7 10 0.508567
7 11 0.502165
7 12 0.503841
7 13 0.505443
7 14 0.514188
7 15 0.502582
7 16 0.503737
7 17 0.507003
7 18 0.506947
7 19 0.509374
8 4 0.500000
8 6 0.999780
8 7 0.507276
8 8 0.983247
8 9 0.738873
8 10 0.994159
8 11 0.771055
8 18 0.970261
9 1 0.736200
9 2 0.637342
9 3 0.647417
9 4 0.500000
9 5 0.649912
9 6 0.925333
9 7 0.502102
9 8 0.738873
9 9 0.599405
9 10 0.797648
9 11 0.588916
9 12 0.624080
9 13 0.650778
9 14 0.920220
9 15 0.590682
9 16 0.620906
9 17 0.733533
9 18 0.743322
9 19 0.815110
10 1 0.993979
10 2 0.937851
10 3 0.946236
10 4 0.500000
10 5 0.949453
10 6 0.999983
10 7 0.508567
10 8 0.994159
10 9 0.797648
10 10 0.999513
10 11 0.812017
10 12 0.921638
10 13 0.982859
10 14 0.999988
10 15 0.844939
10 16 0.916066
10 17 0.995132
10 18 0.987920
11 1 0.770620
11 2 0.661915
11 3 0.673392
11 4 0.500000
11 5 0.670280
11 6 0.886747
11 7 0.502165
11 8 0.771055
11 9 0.588916
11 10 0.812017
11 11 0.651924
11 12 0.645116
11 13 0.680691
11 14 0.904329
11 15 0.599001
11 16 0.647660
11 17 0.754106
11 18 0.753115
11 19 0.830731
12 2 0.758585
12 3 0.775931
12 4 0.500000
12 5 0.780829
12 6 0.984469
12 7 0.503841
12 9 0.624080
12 10 0.921638
12 11 0.645116
12 12 0.738743
12 13 0.828122
12 14 0.979293
12 15 0.666973
12 16 0.736887
12 17 0.875112
12 18 0.852583
12 19 0.936320
13 1 0.952465
13 2 0.862521
13 3 0.861116
13 4 0.500000
13 5 0.871739
13 6 0.999389
13 7 0.505443
13 9 0.650778
13 10 0.982859
13 11 0.680691
13 12 0.828122
13 13 0.990034
13 14 0.997668
13 15 0.755630
13 16 0.804892
13 17 0.959667
13 18 0.952143
13 19 0.988172
14 1 0.999680
14 2 0.984491
14 3 0.987887
14 4 0.500000
14 5 0.992178
14 6 1.000000
14 7 0.514188
14 9 0.920220
14 10 0.999988
14 11 0.904329
14 12 0.979293
14 13 0.997668
14 14 1.000000
14 15 0.943669
14 16 0.977377
14 17 0.999698
14 18 0.999402
14 19 0.999995
15 1 0.796171
15 2 0.684642
15 3 0.695808
15 4 0.500000
15 5 0.701134
15 6 0.953999
15 7 0.502582
15 9 0.590682
15 10 0.844939
15 11 0.599001
15 12 0.666973
15 13 0.755630
15 14 0.943669
15 15 0.618344
15 16 0.663879
15 17 0.790268
15 18 0.776629
15 19 0.863934
16 2 0.755674
16 3 0.776107
16 4 0.500000
16 5 0.778273
16 6 0.983533
16 7 0.503737
16 9 0.620906
16 10 0.916066
16 11 0.647660
16 12 0.736887
16 13 0.804892
16 14 0.977377
16 15 0.663879
16 16 0.740344
16 17 0.869959
16 18 0.854057
16 19 0.931216
17 2 0.896308
17 3 0.908844
17 5 0.913687
17 6 0.999739
17 7 0.507003
17 9 0.733533
17 10 0.995132
17 11 0.754106
17 12 0.875112
17 13 0.959667
17 14 0.999698
17 15 0.790268
17 16 0.869959
17 17 0.980991
17 18 0.967183
18 1 0.969145
18 2 0.876447
18 3 0.889849
18 4 0.500000
18 5 0.884536
18 6 0.999853
18 7 0.506947
18 8 0.970261
18 9 0.743322
18 10 0.987920
18 11 0.753115
18 12 0.852583
18 13 0.952143
18 14 0.999402
18 15 0.776629
18 16 0.854057
18 17 0.967183
18 18 0.993624
19 3 0.957995
19 4 0.500000
19 5 0.961324
19 6 0.999993
19 7 0.509374
19 9 0.815110
19 11 0.830731
19 12 0.936320
19 13 0.988172
19 14 0.999995
19 15 0.863934
19 16 0.931216
19 19 0.999858
