1 2 0.848302
1 3 0.684603
1 5 0.758624
1 8 0.815463
1 12 0.742952
1 16 0.750836
1 17 0.805172
1 19 0.945526
2 1 0.848302
2 8 0.766257
2 19 0.912079
3 1 0.684603
3 8 0.619799
4 17 0.674628
5 1 0.758624
5 8 0.751831
8 1 0.815463
8 2 0.766257
8 3 0.619799
8 5 0.751831
8 12 0.685048
8 13 0.749719
8 14 0.938569
8 15 0.655355
8 16 0.686660
8 17 0.735797
8 19 0.886914
10 19 0.500000
12 1 0.742952
12 8 0.685048
13 8 0.749719
14 8 0.938569
15 8 0.655355
16 1 0.750836
16 8 0.686660
17 1 0.805172
17 4 0.674628
17 8 0.735797
17 19 0.881962
18 19 0.955615
19 1 0.945526
19 2 0.912079
19 8 0.886914
19 10 0.500000
19 17 0.881962
19 18 0.955615
1 1 0.895169
1 4 0.724892
1 6 0.944103
1 7 0.500792
1 9 0.599441
1 10 0.500000
1 11 0.598284
1 13 0.852199
1 14 0.980770
1 15 0.684174
1 18 0.884225
2 2 0.816085
2 3 0.637276
2 4 0.675670
2 5 0.702752
2 6 0.921461
2 7 0.500699
2 9 0.577047
2 10 0.500000
2 11 0.578340
2 12 0.697850
2 13 0.821807
2 14 0.948726
2 15 0.646573
2 16 0.703014
2 17 0.758720
2 18 0.841930
3 2 0.637276
3 3 0.620396
3 4 0.562359
3 5 0.592063
3 6 0.728812
3 7 0.500245
3 9 0.546570
3 10 0.500000
3 11 0.533835
3 12 0.588014
3 13 0.735718
3 14 0.832073
3 15 0.551212
3 16 0.586205
3 17 0.601332
3 18 0.618493
3 19 0.688714
4 1 0.724892
4 2 0.675670
4 3 0.562359
4 4 0.638038
4 5 0.645265
4 6 0.741518
4 7 0.500208
4 8 0.669051
4 9 0.536852
4 10 0.500000
4 11 0.537768
4 12 0.626357
4 13 0.619976
4 14 0.859812
4 15 0.599164
4 16 0.635377
4 18 0.738595
4 19 0.804334
5 2 0.702752
5 3 0.592063
5 4 0.645265
5 5 0.764129
5 6 0.796922
5 7 0.500432
5 9 0.553168
5 10 0.500000
5 11 0.579240
5 12 0.654939
5 13 0.643951
5 14 0.899734
5 15 0.638164
5 16 0.651429
5 17 0.694635
5 18 0.782466
5 19 0.839673
6 1 0.944103
6 2 0.921461
6 3 0.728812
6 4 0.741518
6 5 0.796922
6 6 0.999295
6 7 0.501357
6 8 0.873396
6 9 0.625055
6 10 0.500000
6 11 0.699088
6 12 0.781019
6 13 0.944116
6 14 0.981788
6 15 0.735966
6 16 0.793868
6 17 0.850066
6 18 0.939793
6 19 0.977916
7 1 0.500792
7 2 0.500699
7 3 0.500245
7 4 0.500208
7 5 0.500432
7 6 0.501357
7 7 0.500005
7 8 0.500588
7 9 0.500191
7 10 0.500000
7 11 0.500411
7 12 0.500350
7 13 0.500004
7 14 0.501202
7 15 0.500363
7 16 0.500351
7 17 0.500418
7 18 0.501008
7 19 0.501173
8 4 0.669051
8 6 0.873396
8 7 0.500588
8 8 0.775708
8 9 0.567925
8 10 0.500000
8 11 0.591728
8 18 0.823324
9 1 0.599441
9 2 0.577047
9 3 0.546570
9 4 0.536852
9 5 0.553168
9 6 0.625055
9 7 0.500191
9 8 0.567925
9 9 0.530766
9 10 0.500000
9 11 0.517653
9 12 0.550549
9 13 0.596448
9 14 0.720051
9 15 0.533017
9 16 0.549786
9 17 0.558189
9 18 0.582327
9 19 0.619402
10 1 0.500000
10 2 0.500000
10 3 0.500000
10 4 0.500000
10 5 0.500000
10 6 0.500000
10 7 0.500000
10 8 0.500000
10 9 0.500000
10 10 0.500000
10 11 0.500000
10 12 0.500000
10 13 0.500000
10 14 0.500000
10 15 0.500000
10 16 0.500000
10 17 0.500000
10 18 0.500000
11 1 0.598284
11 2 0.578340
11 3 0.533835
11 4 0.537768
11 5 0.579240
11 6 0.699088
11 7 0.500411
11 8 0.591728
11 9 0.517653
11 10 0.500000
11 11 0.584631
11 12 0.545271
11 13 0.541020
11 14 0.647961
11 15 0.553771
11 16 0.546190
11 17 0.558773
11 18 0.606875
11 19 0.631280
12 2 0.697850
12 3 0.588014
12 4 0.626357
12 5 0.654939
12 6 0.781019
12 7 0.500350
12 9 0.550549
12 10 0.500000
12 11 0.545271
12 12 0.634896
12 13 0.681672
12 14 0.885495
12 15 0.600814
12 16 0.638117
12 17 0.675395
12 18 0.741339
12 19 0.810804
13 1 0.852199
13 2 0.821807
13 3 0.735718
13 4 0.619976
13 5 0.643951
13 6 0.944116
13 7 0.500004
13 9 0.596448
13 10 0.500000
13 11 0.541020
13 12 0.681672
13 13 0.982885
13 14 0.958014
13 15 0.595702
13 16 0.682477
13 17 0.722340
13 18 0.688596
13 19 0.838590
14 1 0.980770
14 2 0.948726
14 3 0.832073
14 4 0.859812
14 5 0.899734
14 6 0.981788
14 7 0.501202
14 9 0.720051
14 10 0.500000
14 11 0.647961
14 12 0.885495
14 13 0.958014
14 14 0.999920
14 15 0.803605
14 16 0.886456
14 17 0.927874
14 18 0.970366
14 19 0.993474
15 1 0.684174
15 2 0.646573
15 3 0.551212
15 4 0.599164
15 5 0.638164
15 6 0.735966
15 7 0.500363
15 9 0.533017
15 10 0.500000
15 11 0.553771
15 12 0.600814
15 13 0.595702
15 14 0.803605
15 15 0.589565
15 16 0.605064
15 17 0.634941
15 18 0.705177
15 19 0.755881
16 2 0.703014
16 3 0.586205
16 4 0.635377
16 5 0.651429
16 6 0.793868
16 7 0.500351
16 9 0.549786
16 10 0.500000
16 11 0.546190
16 12 0.638117
16 13 0.682477
16 14 0.886456
16 15 0.605064
16 16 0.646296
16 17 0.683105
16 18 0.751169
16 19 0.821241
17 2 0.758720
17 3 0.601332
17 5 0.694635
17 6 0.850066
17 7 0.500418
17 9 0.558189
17 10 0.500000
17 11 0.558773
17 12 0.675395
17 13 0.722340
17 14 0.927874
17 15 0.634941
17 16 0.683105
17 17 0.734472
17 18 0.812675
18 1 0.884225
18 2 0.841930
18 3 0.618493
18 4 0.738595
18 5 0.782466
18 6 0.939793
18 7 0.501008
18 8 0.823324
18 9 0.582327
18 10 0.500000
18 11 0.606875
18 12 0.741339
18 13 0.688596
18 14 0.970366
18 15 0.705177
18 16 0.751169
18 17 0.812675
18 18 0.915113
19 3 0.688714
19 4 0.804334
19 5 0.839673
19 6 0.977916
19 7 0.501173
19 9 0.619402
19 11 0.631280
19 12 0.810804
19 13 0.838590
19 14 0.993474
19 15 0.755881
19 16 0.821241
19 19 0.983998
