1 2 0.995711
1 3 0.953803
1 5 0.942758
1 8 0.994317
1 12 0.908480
1 16 0.951510
1 17 0.938979
1 19 0.995711
2 1 0.995711
2 8 0.996635
2 19 0.997751
3 1 0.953803
3 8 0.966184
4 17 0.631693
5 1 0.942758
5 8 0.937303
8 1 0.994317
8 2 0.996635
8 3 0.966184
8 5 0.937303
8 12 0.905385
8 13 0.898547
8 14 0.933871
8 15 0.873605
8 16 0.954822
8 17 0.944344
8 19 0.996635
10 19 0.500000
12 1 0.908480
12 8 0.905385
13 8 0.898547
14 8 0.933871
15 8 0.873605
16 1 0.951510
16 8 0.954822
17 1 0.938979
17 4 0.631693
17 8 0.944344
17 19 0.947161
18 19 0.829929
19 1 0.995711
19 2 0.997751
19 8 0.996635
19 10 0.500000
19 17 0.947161
19 18 0.829929
1 1 0.993798
1 4 0.712565
1 6 0.988583
1 7 0.504241
1 9 0.624101
1 10 0.500000
1 11 0.794096
1 13 0.884868
1 14 0.916237
1 15 0.854096
1 18 0.812838
2 2 0.997751
2 3 0.963603
2 4 0.711706
2 5 0.938681
2 6 0.988786
2 7 0.504679
2 9 0.633035
2 10 0.500000
2 11 0.803591
2 12 0.915165
2 13 0.897003
2 14 0.933482
2 15 0.876374
2 16 0.960600
2 17 0.947161
2 18 0.829929
3 2 0.963603
3 3 0.897753
3 4 0.651059
3 5 0.839805
3 6 0.967056
3 7 0.503175
3 9 0.577263
3 10 0.500000
3 11 0.719195
3 12 0.791811
3 13 0.792538
3 14 0.831919
3 15 0.763721
3 16 0.857719
3 17 0.848103
3 18 0.722396
3 19 0.963603
4 1 0.712565
4 2 0.711706
4 3 0.651059
4 4 0.555378
4 5 0.643347
4 6 0.743197
4 7 0.500917
4 8 0.722410
4 9 0.522323
4 10 0.500000
4 11 0.572360
4 12 0.604017
4 13 0.601049
4 14 0.613929
4 15 0.582690
4 16 0.630565
4 18 0.580157
4 19 0.711706
5 2 0.938681
5 3 0.839805
5 4 0.643347
5 5 0.870591
5 6 0.944709
5 7 0.502324
5 9 0.572908
5 10 0.500000
5 11 0.688734
5 12 0.795701
5 13 0.766718
5 14 0.777480
5 15 0.714398
5 16 0.838992
5 17 0.829642
5 18 0.682477
5 19 0.938681
6 1 0.988583
6 2 0.988786
6 3 0.967056
6 4 0.743197
6 5 0.944709
6 6 0.999403
6 7 0.504270
6 8 0.990886
6 9 0.611485
6 10 0.500000
6 11 0.782264
6 12 0.892972
6 13 0.882727
6 14 0.890157
6 15 0.830903
6 16 0.931534
6 17 0.933365
6 18 0.789393
6 19 0.988786
7 1 0.504241
7 2 0.504679
7 3 0.503175
7 4 0.500917
7 5 0.502324
7 6 0.504270
7 7 0.500025
7 8 0.505020
7 9 0.500717
7 10 0.500000
7 11 0.501248
7 12 0.501898
7 13 0.502176
7 14 0.502521
7 15 0.501755
7 16 0.502616
7 17 0.502517
7 18 0.501778
7 19 0.504679
8 4 0.722410
8 6 0.990886
8 7 0.505020
8 8 0.996203
8 9 0.633055
8 10 0.500000
8 11 0.812709
8 18 0.840428
9 1 0.624101
9 2 0.633035
9 3 0.577263
9 4 0.522323
9 5 0.572908
9 6 0.611485
9 7 0.500717
9 8 0.633055
9 9 0.533573
9 10 0.500000
9 11 0.522594
9 12 0.563071
9 13 0.566080
9 14 0.564049
9 15 0.542933
9 16 0.577635
9 17 0.570616
9 18 0.561162
9 19 0.633035
10 1 0.500000
10 2 0.500000
10 3 0.500000
10 4 0.500000
10 5 0.500000
10 6 0.500000
10 7 0.500000
10 8 0.500000
10 9 0.500000
10 10 0.500000
10 11 0.500000
10 12 0.500000
10 13 0.500000
10 14 0.500000
10 15 0.500000
10 16 0.500000
10 17 0.500000
10 18 0.500000
11 1 0.794096
11 2 0.803591
11 3 0.719195
11 4 0.572360
11 5 0.688734
11 6 0.782264
11 7 0.501248
11 8 0.812709
11 9 0.522594
11 10 0.500000
11 11 0.666797
11 12 0.639190
11 13 0.635227
11 14 0.670739
11 15 0.628225
11 16 0.684389
11 17 0.680428
11 18 0.593219
11 19 0.803591
12 2 0.915165
12 3 0.791811
12 4 0.604017
12 5 0.795701
12 6 0.892972
12 7 0.501898
12 9 0.563071
12 10 0.500000
12 11 0.639190
12 12 0.748815
12 13 0.718930
12 14 0.738587
12 15 0.682180
12 16 0.795129
12 17 0.777341
12 18 0.651750
12 19 0.915165
13 1 0.884868
13 2 0.897003
13 3 0.792538
13 4 0.601049
13 5 0.766718
13 6 0.882727
13 7 0.502176
13 9 0.566080
13 10 0.500000
13 11 0.635227
13 12 0.718930
13 13 0.717469
13 14 0.739308
13 15 0.679437
13 16 0.772460
13 17 0.760946
13 18 0.664565
13 19 0.897003
14 1 0.916237
14 2 0.933482
14 3 0.831919
14 4 0.613929
14 5 0.777480
14 6 0.890157
14 7 0.502521
14 9 0.564049
14 10 0.500000
14 11 0.670739
14 12 0.738587
14 13 0.739308
14 14 0.787727
14 15 0.717210
14 16 0.806984
14 17 0.792145
14 18 0.684152
14 19 0.933482
15 1 0.854096
15 2 0.876374
15 3 0.763721
15 4 0.582690
15 5 0.714398
15 6 0.830903
15 7 0.501755
15 9 0.542933
15 10 0.500000
15 11 0.628225
15 12 0.682180
15 13 0.679437
15 14 0.717210
15 15 0.663795
15 16 0.740289
15 17 0.726629
15 18 0.633117
15 19 0.876374
16 2 0.960600
16 3 0.857719
16 4 0.630565
16 5 0.838992
16 6 0.931534
16 7 0.502616
16 9 0.577635
16 10 0.500000
16 11 0.684389
16 12 0.795129
16 13 0.772460
16 14 0.806984
16 15 0.740289
16 16 0.853614
16 17 0.834250
16 18 0.697963
16 19 0.960600
17 2 0.947161
17 3 0.848103
17 5 0.829642
17 6 0.933365
17 7 0.502517
17 9 0.570616
17 10 0.500000
17 11 0.680428
17 12 0.777341
17 13 0.760946
17 14 0.792145
17 15 0.726629
17 16 0.834250
17 17 0.821259
17 18 0.693307
18 1 0.812838
18 2 0.829929
18 3 0.722396
18 4 0.580157
18 5 0.682477
18 6 0.789393
18 7 0.501778
18 8 0.840428
18 9 0.561162
18 10 0.500000
18 11 0.593219
18 12 0.651750
18 13 0.664565
18 14 0.684152
18 15 0.633117
18 16 0.697963
18 17 0.693307
18 18 0.774133
19 3 0.963603
19 4 0.711706
19 5 0.938681
19 6 0.988786
19 7 0.504679
19 9 0.633035
19 11 0.803591
19 12 0.915165
19 13 0.897003
19 14 0.933482
19 15 0.876374
19 16 0.960600
19 19 0.997751
