1 2 0.998589
1 3 0.995730
1 5 0.967161
1 8 0.999732
1 12 0.992583
1 16 0.861177
1 17 0.996399
1 19 0.999057
2 1 0.998589
2 8 0.998034
2 19 0.995514
3 1 0.995730
3 8 0.995091
4 17 0.814939
5 1 0.967161
5 8 0.973282
8 1 0.999732
8 2 0.998034
8 3 0.995091
8 5 0.973282
8 12 0.991439
8 13 0.974133
8 14 0.993360
8 15 0.940792
8 16 0.916037
8 17 0.995640
8 19 0.998669
10 19 0.500000
12 1 0.992583
12 8 0.991439
13 8 0.974133
14 8 0.993360
15 8 0.940792
16 1 0.861177
16 8 0.916037
17 1 0.996399
17 4 0.814939
17 8 0.995640
17 19 0.989546
18 19 0.962907
19 1 0.999057
19 2 0.995514
19 8 0.998669
19 10 0.500000
19 17 0.989546
19 18 0.962907
1 1 0.999810
1 4 0.900466
1 6 0.999416
1 7 0.502893
1 9 0.543797
1 10 0.500000
1 11 0.844861
1 13 0.972758
1 14 0.993337
1 15 0.941417
1 18 0.978629
2 2 0.994020
2 3 0.983835
2 4 0.838170
2 5 0.927575
2 6 0.995847
2 7 0.501995
2 9 0.530870
2 10 0.500000
2 11 0.784025
2 12 0.975874
2 13 0.936739
2 14 0.977831
2 15 0.887391
2 16 0.796252
2 17 0.986244
2 18 0.957038
3 2 0.983835
3 3 0.972109
3 4 0.805087
3 5 0.899243
3 6 0.992358
3 7 0.502018
3 9 0.529193
3 10 0.500000
3 11 0.747214
3 12 0.959332
3 13 0.911646
3 14 0.962783
3 15 0.860179
3 16 0.780725
3 17 0.973418
3 18 0.908588
3 19 0.987494
4 1 0.900466
4 2 0.838170
4 3 0.805087
4 4 0.650713
4 5 0.707947
4 6 0.898842
4 7 0.500924
4 8 0.894198
4 9 0.509463
4 10 0.500000
4 11 0.605658
4 12 0.782248
4 13 0.715294
4 14 0.781403
4 15 0.678597
4 16 0.593396
4 18 0.718858
4 19 0.854531
5 2 0.927575
5 3 0.899243
5 4 0.707947
5 5 0.865970
5 6 0.945019
5 7 0.501837
5 9 0.544557
5 10 0.500000
5 11 0.679871
5 12 0.876834
5 13 0.836529
5 14 0.890278
5 15 0.768620
5 16 0.801899
5 17 0.904553
5 18 0.805924
5 19 0.937967
6 1 0.999416
6 2 0.995847
6 3 0.992358
6 4 0.898842
6 5 0.945019
6 6 0.999998
6 7 0.505195
6 8 0.999295
6 9 0.584848
6 10 0.500000
6 11 0.843084
6 12 0.988211
6 13 0.959061
6 14 0.989844
6 15 0.933644
6 16 0.877858
6 17 0.993849
6 18 0.979806
6 19 0.997366
7 1 0.502893
7 2 0.501995
7 3 0.502018
7 4 0.500924
7 5 0.501837
7 6 0.505195
7 7 0.500017
7 8 0.503337
7 9 0.500330
7 10 0.500000
7 11 0.500774
7 12 0.501793
7 13 0.501581
7 14 0.501821
7 15 0.501207
7 16 0.501655
7 17 0.502037
7 18 0.501752
7 19 0.502212
8 4 0.894198
8 6 0.999295
8 7 0.503337
8 8 0.999725
8 9 0.557696
8 10 0.500000
8 11 0.847913
8 18 0.971703
9 1 0.543797
9 2 0.530870
9 3 0.529193
9 4 0.509463
9 5 0.544557
9 6 0.584848
9 7 0.500330
9 8 0.557696
9 9 0.515141
9 10 0.500000
9 11 0.516268
9 12 0.528374
9 13 0.529393
9 14 0.529370
9 15 0.520016
9 16 0.551393
9 17 0.528497
9 18 0.523089
9 19 0.533418
10 1 0.500000
10 2 0.500000
10 3 0.500000
10 4 0.500000
10 5 0.500000
10 6 0.500000
10 7 0.500000
10 8 0.500000
10 9 0.500000
10 10 0.500000
10 11 0.500000
10 12 0.500000
10 13 0.500000
10 14 0.500000
10 15 0.500000
10 16 0.500000
10 17 0.500000
10 18 0.500000
11 1 0.844861
11 2 0.784025
11 3 0.747214
11 4 0.605658
11 5 0.679871
11 6 0.843084
11 7 0.500774
11 8 0.847913
11 9 0.516268
11 10 0.500000
11 11 0.604699
11 12 0.727166
11 13 0.682078
11 14 0.751177
11 15 0.638802
11 16 0.652704
11 17 0.751871
11 18 0.685254
11 19 0.796721
12 2 0.975874
12 3 0.959332
12 4 0.782248
12 5 0.876834
12 6 0.988211
12 7 0.501793
12 9 0.528374
12 10 0.500000
12 11 0.727166
12 12 0.944825
12 13 0.890115
12 14 0.948440
12 15 0.835867
12 16 0.757166
12 17 0.962209
12 18 0.889561
12 19 0.980876
13 1 0.972758
13 2 0.936739
13 3 0.911646
13 4 0.715294
13 5 0.836529
13 6 0.959061
13 7 0.501581
13 9 0.529393
13 10 0.500000
13 11 0.682078
13 12 0.890115
13 13 0.840971
13 14 0.902685
13 15 0.773761
13 16 0.777352
13 17 0.914543
13 18 0.823842
13 19 0.945726
14 1 0.993337
14 2 0.977831
14 3 0.962783
14 4 0.781403
14 5 0.890278
14 6 0.989844
14 7 0.501821
14 9 0.529370
14 10 0.500000
14 11 0.751177
14 12 0.948440
14 13 0.902685
14 14 0.963117
14 15 0.843037
14 16 0.856350
14 17 0.964359
14 18 0.888670
14 19 0.982168
15 1 0.941417
15 2 0.887391
15 3 0.860179
15 4 0.678597
15 5 0.768620
15 6 0.933644
15 7 0.501207
15 9 0.520016
15 10 0.500000
15 11 0.638802
15 12 0.835867
15 13 0.773761
15 14 0.843037
15 15 0.724005
15 16 0.675841
15 17 0.864624
15 18 0.751091
15 19 0.901134
16 2 0.796252
16 3 0.780725
16 4 0.593396
16 5 0.801899
16 6 0.877858
16 7 0.501655
16 9 0.551393
16 10 0.500000
16 11 0.652704
16 12 0.757166
16 13 0.777352
16 14 0.856350
16 15 0.675841
16 16 0.941549
16 17 0.769613
16 18 0.704669
16 19 0.802661
17 2 0.986244
17 3 0.973418
17 5 0.904553
17 6 0.993849
17 7 0.502037
17 9 0.528497
17 10 0.500000
17 11 0.751871
17 12 0.962209
17 13 0.914543
17 14 0.964359
17 15 0.864624
17 16 0.769613
17 17 0.976351
17 18 0.921406
18 1 0.978629
18 2 0.957038
18 3 0.908588
18 4 0.718858
18 5 0.805924
18 6 0.979806
18 7 0.501752
18 8 0.971703
18 9 0.523089
18 10 0.500000
18 11 0.685254
18 12 0.889561
18 13 0.823842
18 14 0.888670
18 15 0.751091
18 16 0.704669
18 17 0.921406
18 18 0.938767
19 3 0.987494
19 4 0.854531
19 5 0.937967
19 6 0.997366
19 7 0.502212
19 9 0.533418
19 11 0.796721
19 12 0.980876
19 13 0.945726
19 14 0.982168
19 15 0.901134
19 16 0.802661
19 19 0.996739
