1 2 0.989324
1 3 0.989537
1 5 0.983177
1 8 0.995013
1 12 0.837860
1 16 0.968502
1 17 0.987766
1 19 0.999050
2 1 0.989324
2 8 0.975432
2 19 0.993227
3 1 0.989537
3 8 0.971718
4 17 0.500000
5 1 0.983177
5 8 0.969388
8 1 0.995013
8 2 0.975432
8 3 0.971718
8 5 0.969388
8 12 0.825733
8 13 0.924969
8 14 0.999261
8 15 0.835397
8 16 0.947760
8 17 0.972842
8 19 0.995755
10 19 0.986447
12 1 0.837860
12 8 0.825733
13 8 0.924969
14 8 0.999261
15 8 0.835397
16 1 0.968502
16 8 0.947760
17 1 0.987766
17 4 0.500000
17 8 0.972842
17 19 0.991911
18 19 0.990695
19 1 0.999050
19 2 0.993227
19 8 0.995755
19 10 0.986447
19 17 0.991911
19 18 0.990695
1 1 0.998624
1 4 0.500000
1 6 0.936353
1 7 0.504963
1 9 0.708500
1 10 0.973146
1 11 0.685810
1 13 0.938469
1 14 0.999779
1 15 0.851862
1 18 0.977259
2 2 0.962003
2 3 0.955351
2 4 0.500000
2 5 0.944599
2 6 0.893499
2 7 0.503297
2 9 0.654027
2 10 0.931173
2 11 0.633260
2 12 0.752780
2 13 0.875908
2 14 0.997656
2 15 0.771912
2 16 0.915950
2 17 0.957712
2 18 0.940317
3 2 0.955351
3 3 0.966347
3 4 0.500000
3 5 0.942705
3 6 0.809131
3 7 0.503493
3 9 0.635620
3 10 0.913362
3 11 0.594960
3 12 0.746977
3 13 0.865436
3 14 0.996569
3 15 0.761126
3 16 0.914501
3 17 0.951359
3 18 0.917974
3 19 0.990153
4 1 0.500000
4 2 0.500000
4 3 0.500000
4 4 0.500000
4 5 0.500000
4 6 0.500000
4 7 0.500000
4 8 0.500000
4 9 0.500000
4 10 0.500000
4 11 0.500000
4 12 0.500000
4 13 0.500000
4 14 0.500000
4 15 0.500000
4 16 0.500000
4 18 0.500000
4 19 0.500000
5 2 0.944599
5 3 0.942705
5 4 0.500000
5 5 0.939182
5 6 0.866692
5 7 0.502961
5 9 0.641326
5 10 0.892955
5 11 0.613174
5 12 0.771263
5 13 0.875405
5 14 0.996891
5 15 0.771660
5 16 0.904908
5 17 0.940487
5 18 0.896153
5 19 0.984485
6 1 0.936353
6 2 0.893499
6 3 0.809131
6 4 0.500000
6 5 0.866692
6 6 0.991451
6 7 0.502722
6 8 0.912054
6 9 0.629103
6 10 0.891397
6 11 0.598820
6 12 0.734431
6 13 0.791383
6 14 0.986779
6 15 0.651798
6 16 0.791951
6 17 0.883660
6 18 0.903730
6 19 0.974976
7 1 0.504963
7 2 0.503297
7 3 0.503493
7 4 0.500000
7 5 0.502961
7 6 0.502722
7 7 0.500031
7 8 0.503493
7 9 0.500570
7 10 0.502848
7 11 0.500641
7 12 0.501227
7 13 0.501563
7 14 0.505036
7 15 0.500951
7 16 0.502282
7 17 0.503256
7 18 0.503535
7 19 0.505490
8 4 0.500000
8 6 0.912054
8 7 0.503493
8 8 0.989853
8 9 0.677220
8 10 0.942054
8 11 0.660703
8 18 0.942577
9 1 0.708500
9 2 0.654027
9 3 0.635620
9 4 0.500000
9 5 0.641326
9 6 0.629103
9 7 0.500570
9 8 0.677220
9 9 0.551457
9 10 0.630598
9 11 0.533030
9 12 0.563606
9 13 0.594133
9 14 0.833062
9 15 0.559815
9 16 0.616783
9 17 0.650240
9 18 0.638438
9 19 0.732235
10 1 0.973146
10 2 0.931173
10 3 0.913362
10 4 0.500000
10 5 0.892955
10 6 0.891397
10 7 0.502848
10 8 0.942054
10 9 0.630598
10 10 0.910320
10 11 0.624793
10 12 0.674924
10 13 0.798097
10 14 0.990863
10 15 0.697754
10 16 0.856531
10 17 0.924964
10 18 0.924308
11 1 0.685810
11 2 0.633260
11 3 0.594960
11 4 0.500000
11 5 0.613174
11 6 0.598820
11 7 0.500641
11 8 0.660703
11 9 0.533030
11 10 0.624793
11 11 0.597680
11 12 0.534772
11 13 0.560846
11 14 0.720033
11 15 0.555850
11 16 0.594599
11 17 0.628189
11 18 0.639588
11 19 0.718216
12 2 0.752780
12 3 0.746977
12 4 0.500000
12 5 0.771263
12 6 0.734431
12 7 0.501227
12 9 0.563606
12 10 0.674924
12 11 0.534772
12 12 0.673994
12 13 0.718817
12 14 0.928101
12 15 0.643175
12 16 0.723155
12 17 0.749156
12 18 0.667896
12 19 0.818712
13 1 0.938469
13 2 0.875908
13 3 0.865436
13 4 0.500000
13 5 0.875405
13 6 0.791383
13 7 0.501563
13 9 0.594133
13 10 0.798097
13 11 0.560846
13 12 0.718817
13 13 0.828811
13 14 0.983777
13 15 0.720644
13 16 0.833709
13 17 0.870031
13 18 0.785589
13 19 0.937960
14 1 0.999779
14 2 0.997656
14 3 0.996569
14 4 0.500000
14 5 0.996891
14 6 0.986779
14 7 0.505036
14 9 0.833062
14 10 0.990863
14 11 0.720033
14 12 0.928101
14 13 0.983777
14 14 1.000000
14 15 0.926993
14 16 0.992222
14 17 0.997403
14 18 0.989063
14 19 0.999867
15 1 0.851862
15 2 0.771912
15 3 0.761126
15 4 0.500000
15 5 0.771660
15 6 0.651798
15 7 0.500951
15 9 0.559815
15 10 0.697754
15 11 0.555850
15 12 0.643175
15 13 0.720644
15 14 0.926993
15 15 0.652969
15 16 0.736712
15 17 0.767001
15 18 0.685780
15 19 0.843724
16 2 0.915950
16 3 0.914501
16 4 0.500000
16 5 0.904908
16 6 0.791951
16 7 0.502282
16 9 0.616783
16 10 0.856531
16 11 0.594599
16 12 0.723155
16 13 0.833709
16 14 0.992222
16 15 0.736712
16 16 0.870349
16 17 0.911120
16 18 0.855165
16 19 0.970588
17 2 0.957712
17 3 0.951359
17 5 0.940487
17 6 0.883660
17 7 0.503256
17 9 0.650240
17 10 0.924964
17 11 0.628189
17 12 0.749156
17 13 0.870031
17 14 0.997403
17 15 0.767001
17 16 0.911120
17 17 0.953771
17 18 0.933148
18 1 0.977259
18 2 0.940317
18 3 0.917974
18 4 0.500000
18 5 0.896153
18 6 0.903730
18 7 0.503535
18 8 0.942577
18 9 0.638438
18 10 0.924308
18 11 0.639588
18 12 0.667896
18 13 0.785589
18 14 0.989063
18 15 0.685780
18 16 0.855165
18 17 0.933148
18 18 0.951780
19 3 0.990153
19 4 0.500000
19 5 0.984485
19 6 0.974976
19 7 0.505490
19 9 0.732235
19 11 0.718216
19 12 0.818712
19 13 0.937960
19 14 0.999867
19 15 0.843724
19 16 0.970588
19 19 0.999685
