1 2 0.991237
1 3 0.975236
1 5 0.931803
1 8 0.991697
1 12 0.960630
1 16 0.969704
1 17 0.942643
1 19 0.998998
2 1 0.991237
2 8 0.989399
2 19 0.998802
3 1 0.975236
3 8 0.977790
4 17 0.794460
5 1 0.931803
5 8 0.908954
8 1 0.991697
8 2 0.989399
8 3 0.977790
8 5 0.908954
8 12 0.959564
8 13 0.952793
8 14 0.893867
8 15 0.500000
8 16 0.969331
8 17 0.926761
8 19 0.998480
10 19 0.993554
12 1 0.960630
12 8 0.959564
13 8 0.952793
14 8 0.893867
15 8 0.500000
16 1 0.969704
16 8 0.969331
17 1 0.942643
17 4 0.794460
17 8 0.926761
17 19 0.985589
18 19 0.996199
19 1 0.998998
19 2 0.998802
19 8 0.998480
19 10 0.993554
19 17 0.985589
19 18 0.996199
1 1 0.993552
1 4 0.871941
1 6 0.994149
1 7 0.500898
1 9 0.680888
1 10 0.967549
1 11 0.605923
1 13 0.948819
1 14 0.878412
1 15 0.500000
1 18 0.975202
2 2 0.990330
2 3 0.968859
2 4 0.866284
2 5 0.909261
2 6 0.992863
2 7 0.500647
2 9 0.669808
2 10 0.965312
2 11 0.590192
2 12 0.952814
2 13 0.940092
2 14 0.876724
2 15 0.500000
2 16 0.962489
2 17 0.940436
2 18 0.974640
3 2 0.968859
3 3 0.955476
3 4 0.773261
3 5 0.870238
3 6 0.969968
3 7 0.501339
3 9 0.648576
3 10 0.914179
3 11 0.574727
3 12 0.924059
3 13 0.915112
3 14 0.845897
3 15 0.500000
3 16 0.937066
3 17 0.864886
3 18 0.924618
3 19 0.993139
4 1 0.871941
4 2 0.866284
4 3 0.773261
4 4 0.733565
4 5 0.750155
4 6 0.847053
4 7 0.499556
4 8 0.842778
4 9 0.562896
4 10 0.819676
4 11 0.530834
4 12 0.765937
4 13 0.752897
4 14 0.676093
4 15 0.500000
4 16 0.777064
4 18 0.846809
4 19 0.951203
5 2 0.909261
5 3 0.870238
5 4 0.750155
5 5 0.860960
5 6 0.932850
5 7 0.500308
5 9 0.595021
5 10 0.857957
5 11 0.557092
5 12 0.842731
5 13 0.835309
5 14 0.727631
5 15 0.500000
5 16 0.852949
5 17 0.812128
5 18 0.867257
5 19 0.974664
6 1 0.994149
6 2 0.992863
6 3 0.969968
6 4 0.847053
6 5 0.932850
6 6 0.999934
6 7 0.502392
6 8 0.991049
6 9 0.648218
6 10 0.964496
6 11 0.720816
6 12 0.953823
6 13 0.948571
6 14 0.849107
6 15 0.500000
6 16 0.965537
6 17 0.932675
6 18 0.966687
6 19 0.998726
7 1 0.500898
7 2 0.500647
7 3 0.501339
7 4 0.499556
7 5 0.500308
7 6 0.502392
7 7 0.500022
7 8 0.501348
7 9 0.500405
7 10 0.499940
7 11 0.500305
7 12 0.500634
7 13 0.500506
7 14 0.500558
7 15 0.500000
7 16 0.500812
7 17 0.499694
7 18 0.499766
7 19 0.500246
8 4 0.842778
8 6 0.991049
8 7 0.501348
8 8 0.992488
8 9 0.682871
8 10 0.957803
8 11 0.602598
8 18 0.966405
9 1 0.680888
9 2 0.669808
9 3 0.648576
9 4 0.562896
9 5 0.595021
9 6 0.648218
9 7 0.500405
9 8 0.682871
9 9 0.543325
9 10 0.619518
9 11 0.502180
9 12 0.622894
9 13 0.613925
9 14 0.586412
9 15 0.500000
9 16 0.633865
9 17 0.595523
9 18 0.629394
9 19 0.735277
10 1 0.967549
10 2 0.965312
10 3 0.914179
10 4 0.819676
10 5 0.857957
10 6 0.964496
10 7 0.499940
10 8 0.957803
10 9 0.619518
10 10 0.925936
10 11 0.556796
10 12 0.894739
10 13 0.877067
10 14 0.797105
10 15 0.500000
10 16 0.907092
10 17 0.894552
10 18 0.942819
11 1 0.605923
11 2 0.590192
11 3 0.574727
11 4 0.530834
11 5 0.557092
11 6 0.720816
11 7 0.500305
11 8 0.602598
11 9 0.502180
11 10 0.556796
11 11 0.569545
11 12 0.557345
11 13 0.563406
11 14 0.528594
11 15 0.500000
11 16 0.567759
11 17 0.546916
11 18 0.549440
11 19 0.610770
12 2 0.952814
12 3 0.924059
12 4 0.765937
12 5 0.842731
12 6 0.953823
12 7 0.500634
12 9 0.622894
12 10 0.894739
12 11 0.557345
12 12 0.893343
12 13 0.881685
12 14 0.801356
12 15 0.500000
12 16 0.908015
12 17 0.850166
12 18 0.909483
12 19 0.988228
13 1 0.948819
13 2 0.940092
13 3 0.915112
13 4 0.752897
13 5 0.835309
13 6 0.948571
13 7 0.500506
13 9 0.613925
13 10 0.877067
13 11 0.563406
13 12 0.881685
13 13 0.889305
13 14 0.802913
13 15 0.500000
13 16 0.894996
13 17 0.831889
13 18 0.888537
13 19 0.983860
14 1 0.878412
14 2 0.876724
14 3 0.845897
14 4 0.676093
14 5 0.727631
14 6 0.849107
14 7 0.500558
14 9 0.586412
14 10 0.797105
14 11 0.528594
14 12 0.801356
14 13 0.802913
14 14 0.745816
14 15 0.500000
14 16 0.815297
14 17 0.751117
14 18 0.815382
14 19 0.946741
15 1 0.500000
15 2 0.500000
15 3 0.500000
15 4 0.500000
15 5 0.500000
15 6 0.500000
15 7 0.500000
15 9 0.500000
15 10 0.500000
15 11 0.500000
15 12 0.500000
15 13 0.500000
15 14 0.500000
15 15 0.500000
15 16 0.500000
15 17 0.500000
15 18 0.500000
15 19 0.500000
16 2 0.962489
16 3 0.937066
16 4 0.777064
16 5 0.852949
16 6 0.965537
16 7 0.500812
16 9 0.633865
16 10 0.907092
16 11 0.567759
16 12 0.908015
16 13 0.894996
16 14 0.815297
16 15 0.500000
16 16 0.923299
16 17 0.864105
16 18 0.920986
16 19 0.991196
17 2 0.940436
17 3 0.864886
17 5 0.812128
17 6 0.932675
17 7 0.499694
17 9 0.595523
17 10 0.894552
17 11 0.546916
17 12 0.850166
17 13 0.831889
17 14 0.751117
17 15 0.500000
17 16 0.864105
17 17 0.866907
17 18 0.917495
18 1 0.975202
18 2 0.974640
18 3 0.924618
18 4 0.846809
18 5 0.867257
18 6 0.966687
18 7 0.499766
18 8 0.966405
18 9 0.629394
18 10 0.942819
18 11 0.549440
18 12 0.909483
18 13 0.888537
18 14 0.815382
18 15 0.500000
18 16 0.920986
18 17 0.917495
18 18 0.959987
19 3 0.993139
19 4 0.951203
19 5 0.974664
19 6 0.998726
19 7 0.500246
19 9 0.735277
19 11 0.610770
19 12 0.988228
19 13 0.983860
19 14 0.946741
19 15 0.500000
19 16 0.991196
19 19 0.999961
