1 2 0.933749
1 3 0.889666
1 5 0.853665
1 8 0.939308
1 12 0.820277
1 16 0.816149
1 17 0.889856
1 19 0.985647
2 1 0.933749
2 8 0.930276
2 19 0.981591
3 1 0.889666
3 8 0.879068
4 17 0.500000
5 1 0.853665
5 8 0.853087
8 1 0.939308
8 2 0.930276
8 3 0.879068
8 5 0.853087
8 12 0.791201
8 13 0.932373
8 14 0.781238
8 15 0.704508
8 16 0.786342
8 17 0.884933
8 19 0.981558
10 19 0.975738
12 1 0.820277
12 8 0.791201
13 8 0.932373
14 8 0.781238
15 8 0.704508
16 1 0.816149
16 8 0.786342
17 1 0.889856
17 4 0.500000
17 8 0.884933
17 19 0.961749
18 19 0.975540
19 1 0.985647
19 2 0.981591
19 8 0.981558
19 10 0.975738
19 17 0.961749
19 18 0.975540
1 1 0.950574
1 4 0.500000
1 6 0.965811
1 7 0.502980
1 9 0.605095
1 10 0.908484
1 11 0.496114
1 13 0.915266
1 14 0.741950
1 15 0.673029
1 18 0.914914
2 2 0.929250
2 3 0.870478
2 4 0.500000
2 5 0.845717
2 6 0.938706
2 7 0.502836
2 9 0.586561
2 10 0.895235
2 11 0.491714
2 12 0.793636
2 13 0.920768
2 14 0.757485
2 15 0.671734
2 16 0.787542
2 17 0.880648
2 18 0.901212
3 2 0.870478
3 3 0.825174
3 4 0.500000
3 5 0.783120
3 6 0.881565
3 7 0.502160
3 9 0.568489
3 10 0.830717
3 11 0.517272
3 12 0.741240
3 13 0.857650
3 14 0.691692
3 15 0.638524
3 16 0.741067
3 17 0.819931
3 18 0.843178
3 19 0.950952
4 1 0.500000
4 2 0.500000
4 3 0.500000
4 4 0.500000
4 5 0.500000
4 6 0.500000
4 7 0.500000
4 8 0.500000
4 9 0.500000
4 10 0.500000
4 11 0.500000
4 12 0.500000
4 13 0.500000
4 14 0.500000
4 15 0.500000
4 16 0.500000
4 18 0.500000
4 19 0.500000
5 2 0.845717
5 3 0.783120
5 4 0.500000
5 5 0.763338
5 6 0.867052
5 7 0.501808
5 9 0.557479
5 10 0.800472
5 11 0.508309
5 12 0.709483
5 13 0.843481
5 14 0.689659
5 15 0.626525
5 16 0.706890
5 17 0.788542
5 18 0.812091
5 19 0.931489
6 1 0.965811
6 2 0.938706
6 3 0.881565
6 4 0.500000
6 5 0.867052
6 6 0.999996
6 7 0.502836
6 8 0.961458
6 9 0.673943
6 10 0.927391
6 11 0.524940
6 12 0.841361
6 13 0.984548
6 14 0.755327
6 15 0.698663
6 16 0.820192
6 17 0.897210
6 18 0.933818
6 19 0.990596
7 1 0.502980
7 2 0.502836
7 3 0.502160
7 4 0.500000
7 5 0.501808
7 6 0.502836
7 7 0.500016
7 8 0.502828
7 9 0.500386
7 10 0.502584
7 11 0.499901
7 12 0.501552
7 13 0.502817
7 14 0.501172
7 15 0.500687
7 16 0.501421
7 17 0.502315
7 18 0.502725
7 19 0.504673
8 4 0.500000
8 6 0.961458
8 7 0.502828
8 8 0.944030
8 9 0.598584
8 10 0.891628
8 11 0.525203
8 18 0.904765
9 1 0.605095
9 2 0.586561
9 3 0.568489
9 4 0.500000
9 5 0.557479
9 6 0.673943
9 7 0.500386
9 8 0.598584
9 9 0.536725
9 10 0.570317
9 11 0.506286
9 12 0.551102
9 13 0.646910
9 14 0.537713
9 15 0.530243
9 16 0.557596
9 17 0.563451
9 18 0.569708
9 19 0.630546
10 1 0.908484
10 2 0.895235
10 3 0.830717
10 4 0.500000
10 5 0.800472
10 6 0.927391
10 7 0.502584
10 8 0.891628
10 9 0.570317
10 10 0.889483
10 11 0.458357
10 12 0.777023
10 13 0.852808
10 14 0.684345
10 15 0.610798
10 16 0.758104
10 17 0.854480
10 18 0.884481
11 1 0.496114
11 2 0.491714
11 3 0.517272
11 4 0.500000
11 5 0.508309
11 6 0.524940
11 7 0.499901
11 8 0.525203
11 9 0.506286
11 10 0.458357
11 11 0.556832
11 12 0.484091
11 13 0.553866
11 14 0.529844
11 15 0.535272
11 16 0.499538
11 17 0.495571
11 18 0.476734
11 19 0.447751
12 2 0.793636
12 3 0.741240
12 4 0.500000
12 5 0.709483
12 6 0.841361
12 7 0.501552
12 9 0.551102
12 10 0.777023
12 11 0.484091
12 12 0.694426
12 13 0.748390
12 14 0.615746
12 15 0.574230
12 16 0.687082
12 17 0.745693
12 18 0.777084
12 19 0.904535
13 1 0.915266
13 2 0.920768
13 3 0.857650
13 4 0.500000
13 5 0.843481
13 6 0.984548
13 7 0.502817
13 9 0.646910
13 10 0.852808
13 11 0.553866
13 12 0.748390
13 13 0.992380
13 14 0.799480
13 15 0.716873
13 16 0.761019
13 17 0.855583
13 18 0.876349
13 19 0.968772
14 1 0.741950
14 2 0.757485
14 3 0.691692
14 4 0.500000
14 5 0.689659
14 6 0.755327
14 7 0.501172
14 9 0.537713
14 10 0.684345
14 11 0.529844
14 12 0.615746
14 13 0.799480
14 14 0.681546
14 15 0.615323
14 16 0.618297
14 17 0.701267
14 18 0.709748
14 19 0.824153
15 1 0.673029
15 2 0.671734
15 3 0.638524
15 4 0.500000
15 5 0.626525
15 6 0.698663
15 7 0.500687
15 9 0.530243
15 10 0.610798
15 11 0.535272
15 12 0.574230
15 13 0.716873
15 14 0.615323
15 15 0.587432
15 16 0.580189
15 17 0.632248
15 18 0.634577
15 19 0.719469
16 2 0.787542
16 3 0.741067
16 4 0.500000
16 5 0.706890
16 6 0.820192
16 7 0.501421
16 9 0.557596
16 10 0.758104
16 11 0.499538
16 12 0.687082
16 13 0.761019
16 14 0.618297
16 15 0.580189
16 16 0.694261
16 17 0.736185
16 18 0.757847
16 19 0.890266
17 2 0.880648
17 3 0.819931
17 5 0.788542
17 6 0.897210
17 7 0.502315
17 9 0.563451
17 10 0.854480
17 11 0.495571
17 12 0.745693
17 13 0.855583
17 14 0.701267
17 15 0.632248
17 16 0.736185
17 17 0.835815
17 18 0.858014
18 1 0.914914
18 2 0.901212
18 3 0.843178
18 4 0.500000
18 5 0.812091
18 6 0.933818
18 7 0.502725
18 8 0.904765
18 9 0.569708
18 10 0.884481
18 11 0.476734
18 12 0.777084
18 13 0.876349
18 14 0.709748
18 15 0.634577
18 16 0.757847
18 17 0.858014
18 18 0.891929
19 3 0.950952
19 4 0.500000
19 5 0.931489
19 6 0.990596
19 7 0.504673
19 9 0.630546
19 11 0.447751
19 12 0.904535
19 13 0.968772
19 14 0.824153
19 15 0.719469
19 16 0.890266
19 19 0.998700
