1 2 0.776619
1 3 0.718637
1 5 0.604297
1 8 0.806808
1 12 0.707934
1 16 0.718339
1 17 0.722410
1 19 0.890956
2 1 0.776619
2 8 0.809888
2 19 0.914848
3 1 0.718637
3 8 0.716241
4 17 0.644908
5 1 0.604297
5 8 0.668620
8 1 0.806808
8 2 0.809888
8 3 0.716241
8 5 0.668620
8 12 0.722500
8 13 0.669535
8 14 0.790299
8 15 0.646044
8 16 0.683882
8 17 0.746784
8 19 0.903380
10 19 0.901249
12 1 0.707934
12 8 0.722500
13 8 0.669535
14 8 0.790299
15 8 0.646044
16 1 0.718339
16 8 0.683882
17 1 0.722410
17 4 0.644908
17 8 0.746784
17 19 0.832646
18 19 0.939302
19 1 0.890956
19 2 0.914848
19 8 0.903380
19 10 0.901249
19 17 0.832646
19 18 0.939302
1 1 0.820264
1 4 0.656983
1 6 0.804639
1 7 0.500621
1 9 0.533462
1 10 0.761465
1 11 0.519425
1 13 0.640890
1 14 0.903594
1 15 0.606737
1 18 0.816548
2 2 0.819991
2 3 0.675657
2 4 0.677925
2 5 0.618125
2 6 0.618732
2 7 0.500540
2 9 0.509667
2 10 0.794676
2 11 0.468646
2 12 0.692462
2 13 0.663466
2 14 0.718359
2 15 0.612388
2 16 0.659657
2 17 0.733986
2 18 0.839913
3 2 0.675657
3 3 0.666919
3 4 0.604421
3 5 0.588075
3 6 0.700775
3 7 0.500750
3 9 0.523894
3 10 0.661894
3 11 0.549836
3 12 0.649649
3 13 0.605286
3 14 0.794526
3 15 0.576283
3 16 0.647570
3 17 0.663445
3 18 0.692165
3 19 0.775423
4 1 0.656983
4 2 0.677925
4 3 0.604421
4 4 0.613195
4 5 0.561195
4 6 0.593610
4 7 0.500446
4 8 0.680185
4 9 0.511975
4 10 0.656327
4 11 0.505907
4 12 0.607998
4 13 0.583576
4 14 0.616749
4 15 0.566089
4 16 0.584502
4 18 0.681391
4 19 0.759273
5 2 0.618125
5 3 0.588075
5 4 0.561195
5 5 0.626107
5 6 0.435029
5 7 0.500933
5 9 0.524111
5 10 0.585430
5 11 0.528165
5 12 0.595788
5 13 0.585302
5 14 0.648727
5 15 0.577711
5 16 0.560697
5 17 0.602829
5 18 0.591816
5 19 0.653307
6 1 0.804639
6 2 0.618732
6 3 0.700775
6 4 0.593610
6 5 0.435029
6 6 0.999648
6 7 0.498693
6 8 0.652512
6 9 0.542603
6 10 0.656548
6 11 0.527367
6 12 0.648511
6 13 0.579115
6 14 0.997360
6 15 0.505994
6 16 0.737367
6 17 0.636689
6 18 0.750820
6 19 0.776493
7 1 0.500621
7 2 0.500540
7 3 0.500750
7 4 0.500446
7 5 0.500933
7 6 0.498693
7 7 0.500014
7 8 0.500954
7 9 0.500307
7 10 0.500380
7 11 0.500687
7 12 0.500683
7 13 0.500592
7 14 0.501006
7 15 0.500514
7 16 0.500576
7 17 0.500834
7 18 0.500245
7 19 0.500715
8 4 0.680185
8 6 0.652512
8 7 0.500954
8 8 0.847396
8 9 0.534988
8 10 0.774002
8 11 0.501002
8 18 0.816926
9 1 0.533462
9 2 0.509667
9 3 0.523894
9 4 0.511975
9 5 0.524111
9 6 0.542603
9 7 0.500307
9 8 0.534988
9 9 0.519920
9 10 0.503032
9 11 0.514866
9 12 0.519628
9 13 0.507249
9 14 0.591685
9 15 0.518283
9 16 0.525454
9 17 0.518249
9 18 0.504798
9 19 0.510985
10 1 0.761465
10 2 0.794676
10 3 0.661894
10 4 0.656327
10 5 0.585430
10 6 0.656548
10 7 0.500380
10 8 0.774002
10 9 0.503032
10 10 0.780927
10 11 0.472449
10 12 0.673863
10 13 0.648143
10 14 0.761678
10 15 0.586072
10 16 0.658362
10 17 0.710743
10 18 0.828966
11 1 0.519425
11 2 0.468646
11 3 0.549836
11 4 0.505907
11 5 0.528165
11 6 0.527367
11 7 0.500687
11 8 0.501002
11 9 0.514866
11 10 0.472449
11 11 0.592072
11 12 0.526886
11 13 0.518443
11 14 0.677279
11 15 0.512757
11 16 0.535264
11 17 0.528856
11 18 0.456544
11 19 0.454231
12 2 0.692462
12 3 0.649649
12 4 0.607998
12 5 0.595788
12 6 0.648511
12 7 0.500683
12 9 0.519628
12 10 0.673863
12 11 0.526886
12 12 0.644629
12 13 0.609118
12 14 0.765584
12 15 0.580218
12 16 0.631526
12 17 0.661565
12 18 0.706615
12 19 0.788132
13 1 0.640890
13 2 0.663466
13 3 0.605286
13 4 0.583576
13 5 0.585302
13 6 0.579115
13 7 0.500592
13 9 0.507249
13 10 0.648143
13 11 0.518443
13 12 0.609118
13 13 0.602331
13 14 0.701003
13 15 0.560261
13 16 0.587841
13 17 0.629818
13 18 0.672754
13 19 0.744425
14 1 0.903594
14 2 0.718359
14 3 0.794526
14 4 0.616749
14 5 0.648727
14 6 0.997360
14 7 0.501006
14 9 0.591685
14 10 0.761678
14 11 0.677279
14 12 0.765584
14 13 0.701003
14 14 0.999986
14 15 0.589975
14 16 0.864073
14 17 0.726743
14 18 0.864026
14 19 0.877074
15 1 0.606737
15 2 0.612388
15 3 0.576283
15 4 0.566089
15 5 0.577711
15 6 0.505994
15 7 0.500514
15 9 0.518283
15 10 0.586072
15 11 0.512757
15 12 0.580218
15 13 0.560261
15 14 0.589975
15 15 0.561670
15 16 0.555002
15 17 0.592891
15 18 0.598770
15 19 0.655169
16 2 0.659657
16 3 0.647570
16 4 0.584502
16 5 0.560697
16 6 0.737367
16 7 0.500576
16 9 0.525454
16 10 0.658362
16 11 0.535264
16 12 0.631526
16 13 0.587841
16 14 0.864073
16 15 0.555002
16 16 0.659912
16 17 0.636498
16 18 0.701678
16 19 0.766121
17 2 0.733986
17 3 0.663445
17 5 0.602829
17 6 0.636689
17 7 0.500834
17 9 0.518249
17 10 0.710743
17 11 0.528856
17 12 0.661565
17 13 0.629818
17 14 0.726743
17 15 0.592891
17 16 0.636498
17 17 0.700344
17 18 0.740993
18 1 0.816548
18 2 0.839913
18 3 0.692165
18 4 0.681391
18 5 0.591816
18 6 0.750820
18 7 0.500245
18 8 0.816926
18 9 0.504798
18 10 0.828966
18 11 0.456544
18 12 0.706615
18 13 0.672754
18 14 0.864026
18 15 0.598770
18 16 0.701678
18 17 0.740993
18 18 0.882373
19 3 0.775423
19 4 0.759273
19 5 0.653307
19 6 0.776493
19 7 0.500715
19 9 0.510985
19 11 0.454231
19 12 0.788132
19 13 0.744425
19 14 0.877074
19 15 0.655169
19 16 0.766121
19 19 0.979743
