1 2 0.951223
1 3 0.871979
1 5 0.829704
1 8 0.919966
1 12 0.832623
1 16 0.846648
1 17 0.924483
1 19 0.960756
2 1 0.951223
2 8 0.882214
2 19 0.963630
3 1 0.871979
3 8 0.802284
4 17 0.749893
5 1 0.829704
5 8 0.755593
8 1 0.919966
8 2 0.882214
8 3 0.802284
8 5 0.755593
8 12 0.761709
8 13 0.836868
8 14 0.746711
8 15 0.673179
8 16 0.774733
8 17 0.838085
8 19 0.894229
10 19 0.500000
12 1 0.832623
12 8 0.761709
13 8 0.836868
14 8 0.746711
15 8 0.673179
16 1 0.846648
16 8 0.774733
17 1 0.924483
17 4 0.749893
17 8 0.838085
17 19 0.937646
18 19 0.663419
19 1 0.960756
19 2 0.963630
19 8 0.894229
19 10 0.500000
19 17 0.937646
19 18 0.663419
1 1 0.965136
1 4 0.787173
1 6 0.982954
1 7 0.502728
1 9 0.624194
1 10 0.500000
1 11 0.541729
1 13 0.854563
1 14 0.758311
1 15 0.712648
1 18 0.766237
2 2 0.958074
2 3 0.856028
2 4 0.773890
2 5 0.822805
2 6 0.974049
2 7 0.502798
2 9 0.618483
2 10 0.500000
2 11 0.526212
2 12 0.822014
2 13 0.724246
2 14 0.755993
2 15 0.707689
2 16 0.831520
2 17 0.926589
2 18 0.654137
3 2 0.856028
3 3 0.759148
3 4 0.676717
3 5 0.719687
3 6 0.917004
3 7 0.501629
3 9 0.575204
3 10 0.500000
3 11 0.520809
3 12 0.720700
3 13 0.724541
3 14 0.666636
3 15 0.630196
3 16 0.729250
3 17 0.812736
3 18 0.651726
3 19 0.868822
4 1 0.787173
4 2 0.773890
4 3 0.676717
4 4 0.647422
4 5 0.654063
4 6 0.788623
4 7 0.501102
4 8 0.703773
4 9 0.541011
4 10 0.500000
4 11 0.511367
4 12 0.654976
4 13 0.648118
4 14 0.595575
4 15 0.586236
4 16 0.666250
4 18 0.586044
4 19 0.794091
5 2 0.822805
5 3 0.719687
5 4 0.654063
5 5 0.692822
5 6 0.887475
5 7 0.501426
5 9 0.560557
5 10 0.500000
5 11 0.511625
5 12 0.689819
5 13 0.682082
5 14 0.643618
5 15 0.611239
5 16 0.697181
5 17 0.779611
5 18 0.603474
5 19 0.835171
6 1 0.982954
6 2 0.974049
6 3 0.917004
6 4 0.788623
6 5 0.887475
6 6 0.999856
6 7 0.503275
6 8 0.967327
6 9 0.726968
6 10 0.500000
6 11 0.563886
6 12 0.876472
6 13 0.920521
6 14 0.853373
6 15 0.782468
6 16 0.876720
6 17 0.940873
6 18 0.910169
6 19 0.975876
7 1 0.502728
7 2 0.502798
7 3 0.501629
7 4 0.501102
7 5 0.501426
7 6 0.503275
7 7 0.500013
7 8 0.502000
7 9 0.500407
7 10 0.500000
7 11 0.500009
7 12 0.501406
7 13 0.501326
7 14 0.501223
7 15 0.500812
7 16 0.501446
7 17 0.502239
7 18 0.500817
7 19 0.502910
8 4 0.703773
8 6 0.967327
8 7 0.502000
8 8 0.888658
8 9 0.606774
8 10 0.500000
8 11 0.545122
8 18 0.784070
9 1 0.624194
9 2 0.618483
9 3 0.575204
9 4 0.541011
9 5 0.560557
9 6 0.726968
9 7 0.500407
9 8 0.606774
9 9 0.541619
9 10 0.500000
9 11 0.517492
9 12 0.559358
9 13 0.558709
9 14 0.560064
9 15 0.543969
9 16 0.561313
9 17 0.589103
9 18 0.580466
9 19 0.619800
10 1 0.500000
10 2 0.500000
10 3 0.500000
10 4 0.500000
10 5 0.500000
10 6 0.500000
10 7 0.500000
10 8 0.500000
10 9 0.500000
10 10 0.500000
10 11 0.500000
10 12 0.500000
10 13 0.500000
10 14 0.500000
10 15 0.500000
10 16 0.500000
10 17 0.500000
10 18 0.500000
11 1 0.541729
11 2 0.526212
11 3 0.520809
11 4 0.511367
11 5 0.511625
11 6 0.563886
11 7 0.500009
11 8 0.545122
11 9 0.517492
11 10 0.500000
11 11 0.522165
11 12 0.516729
11 13 0.511932
11 14 0.520876
11 15 0.517902
11 16 0.522786
11 17 0.520461
11 18 0.534723
11 19 0.528836
12 2 0.822014
12 3 0.720700
12 4 0.654976
12 5 0.689819
12 6 0.876472
12 7 0.501406
12 9 0.559358
12 10 0.500000
12 11 0.516729
12 12 0.692161
12 13 0.672628
12 14 0.646404
12 15 0.612916
12 16 0.701804
12 17 0.779634
12 18 0.611391
12 19 0.834626
13 1 0.854563
13 2 0.724246
13 3 0.724541
13 4 0.648118
13 5 0.682082
13 6 0.920521
13 7 0.501326
13 9 0.558709
13 10 0.500000
13 11 0.511932
13 12 0.672628
13 13 0.921007
13 14 0.661203
13 15 0.597659
13 16 0.677852
13 17 0.715643
13 18 0.793812
13 19 0.758950
14 1 0.758311
14 2 0.755993
14 3 0.666636
14 4 0.595575
14 5 0.643618
14 6 0.853373
14 7 0.501223
14 9 0.560064
14 10 0.500000
14 11 0.520876
14 12 0.646404
14 13 0.661203
14 14 0.690317
14 15 0.605321
14 16 0.649949
14 17 0.695645
14 18 0.637441
14 19 0.754120
15 1 0.712648
15 2 0.707689
15 3 0.630196
15 4 0.586236
15 5 0.611239
15 6 0.782468
15 7 0.500812
15 9 0.543969
15 10 0.500000
15 11 0.517902
15 12 0.612916
15 13 0.597659
15 14 0.605321
15 15 0.574038
15 16 0.619097
15 17 0.668654
15 18 0.587297
15 19 0.714348
16 2 0.831520
16 3 0.729250
16 4 0.666250
16 5 0.697181
16 6 0.876720
16 7 0.501446
16 9 0.561313
16 10 0.500000
16 11 0.522786
16 12 0.701804
16 13 0.677852
16 14 0.649949
16 15 0.619097
16 16 0.715758
16 17 0.791986
16 18 0.611185
16 19 0.846167
17 2 0.926589
17 3 0.812736
17 5 0.779611
17 6 0.940873
17 7 0.502239
17 9 0.589103
17 10 0.500000
17 11 0.520461
17 12 0.779634
17 13 0.715643
17 14 0.695645
17 15 0.668654
17 16 0.791986
17 17 0.895004
17 18 0.633165
18 1 0.766237
18 2 0.654137
18 3 0.651726
18 4 0.586044
18 5 0.603474
18 6 0.910169
18 7 0.500817
18 8 0.784070
18 9 0.580466
18 10 0.500000
18 11 0.534723
18 12 0.611391
18 13 0.793812
18 14 0.637441
18 15 0.587297
18 16 0.611185
18 17 0.633165
18 18 0.859745
19 3 0.868822
19 4 0.794091
19 5 0.835171
19 6 0.975876
19 7 0.502910
19 9 0.619800
19 11 0.528836
19 12 0.834626
19 13 0.758950
19 14 0.754120
19 15 0.714348
19 16 0.846167
19 19 0.970043
