1 26 0.581054
3 17 0.930040
3 26 0.994254
4 22 0.618732
4 26 0.942603
5 26 0.706326
9 26 0.946121
11 26 0.982785
13 26 0.957135
14 26 0.982001
17 3 0.930040
18 26 0.993483
22 4 0.618732
24 26 0.955978
25 26 0.750911
26 1 0.581054
26 3 0.994254
26 4 0.942603
26 5 0.706326
26 9 0.946121
26 11 0.982785
26 13 0.957135
26 14 0.982001
26 18 0.993483
26 24 0.955978
26 25 0.750911
1 1 0.504774
1 2 0.639885
1 3 0.554907
1 4 0.532530
1 5 0.509465
1 6 0.676449
1 7 0.508006
1 8 0.520886
1 9 0.533114
1 10 0.503269
1 11 0.546047
1 12 0.528397
1 13 0.534232
1 14 0.545189
1 15 0.567891
1 16 0.545666
1 17 0.552003
1 18 0.558340
1 19 0.500000
1 20 0.533914
1 21 0.644734
1 22 0.515847
1 23 0.602449
1 24 0.534798
1 25 0.510353
2 1 0.639885
2 2 1.000000
2 3 0.998321
2 4 0.982631
2 5 0.838525
2 6 1.000000
2 7 0.824740
2 8 0.929329
2 9 0.985533
2 10 0.607557
2 11 0.997296
2 12 0.979844
2 13 0.985884
2 14 0.992680
2 15 0.999920
2 16 0.998578
2 17 0.998931
2 18 0.999378
2 19 0.500002
2 20 0.980018
2 21 1.000000
2 22 0.930161
2 23 0.999978
2 24 0.984675
2 25 0.804653
2 26 0.999964
3 1 0.554907
3 2 0.998321
3 3 0.978011
3 4 0.878878
3 5 0.662709
3 6 0.999970
3 7 0.595786
3 8 0.826925
3 9 0.882926
3 10 0.545737
3 11 0.946369
3 12 0.864085
3 13 0.901130
3 14 0.931651
3 15 0.978235
3 16 0.935117
3 18 0.972815
3 19 0.500003
3 20 0.915264
3 21 0.999523
3 22 0.689896
3 23 0.999770
3 24 0.899544
3 25 0.688173
4 1 0.532530
4 2 0.982631
4 3 0.878878
4 4 0.750863
4 5 0.581661
4 6 0.997846
4 7 0.560938
4 8 0.690937
4 9 0.750280
4 10 0.525158
4 11 0.831762
4 12 0.728703
4 13 0.769425
4 14 0.812813
4 15 0.887833
4 16 0.805183
4 17 0.825600
4 18 0.875228
4 19 0.500002
4 20 0.768548
4 21 0.988028
4 23 0.983458
4 24 0.769341
4 25 0.603496
5 1 0.509465
5 2 0.838525
5 3 0.662709
5 4 0.581661
5 5 0.590802
5 6 0.851780
5 7 0.516695
5 8 0.578239
5 9 0.592229
5 10 0.507755
5 11 0.614740
5 12 0.585265
5 13 0.591662
5 14 0.576798
5 15 0.754613
5 16 0.636906
5 17 0.591348
5 18 0.671031
5 19 0.500000
5 20 0.587914
5 21 0.733095
5 22 0.542112
5 23 0.816181
5 24 0.587799
5 25 0.526950
6 1 0.676449
6 2 1.000000
6 3 0.999970
6 4 0.997846
6 5 0.851780
6 6 1.000000
6 7 0.817119
6 8 0.974953
6 9 0.997025
6 10 0.636732
6 11 0.999861
6 12 0.997656
6 13 0.998534
6 14 0.999637
6 15 0.999994
6 16 0.999332
6 17 0.999914
6 18 0.999971
6 19 0.500004
6 20 0.997875
6 21 1.000000
6 22 0.961007
6 23 1.000000
6 24 0.998481
6 25 0.927861
6 26 1.000000
7 1 0.508006
7 2 0.824740
7 3 0.595786
7 4 0.560938
7 5 0.516695
7 6 0.817119
7 7 0.532878
7 8 0.553846
7 9 0.564435
7 10 0.507624
7 11 0.590165
7 12 0.560396
7 13 0.568462
7 14 0.592692
7 15 0.601108
7 16 0.605265
7 17 0.589207
7 18 0.608383
7 19 0.500001
7 20 0.578503
7 21 0.789399
7 22 0.526927
7 23 0.686249
7 24 0.567245
7 25 0.523418
7 26 0.661354
8 1 0.520886
8 2 0.929329
8 3 0.826925
8 4 0.690937
8 5 0.578239
8 6 0.974953
8 7 0.553846
8 8 0.734243
8 9 0.701701
8 10 0.526037
8 11 0.777011
8 12 0.664996
8 13 0.716571
8 14 0.761755
8 15 0.771611
8 16 0.768522
8 17 0.751825
8 18 0.815930
8 19 0.500003
8 20 0.708044
8 21 0.932143
8 22 0.574246
8 23 0.987753
8 24 0.715110
8 25 0.552952
8 26 0.901659
9 1 0.533114
9 2 0.985533
9 3 0.882926
9 4 0.750280
9 5 0.592229
9 6 0.997025
9 7 0.564435
9 8 0.701701
9 9 0.766165
9 10 0.523650
9 11 0.828551
9 12 0.720876
9 13 0.771836
9 14 0.815045
9 15 0.905601
9 16 0.836623
9 17 0.816269
9 18 0.883256
9 19 0.500001
9 20 0.788101
9 21 0.991102
9 22 0.619542
9 23 0.984677
9 24 0.772774
9 25 0.596041
10 1 0.503269
10 2 0.607557
10 3 0.545737
10 4 0.525158
10 5 0.507755
10 6 0.636732
10 7 0.507624
10 8 0.526037
10 9 0.523650
10 10 0.509699
10 11 0.535408
10 12 0.531251
10 13 0.526687
10 14 0.547769
10 15 0.554256
10 16 0.538613
10 17 0.541547
10 18 0.545252
10 19 0.500000
10 20 0.525809
10 21 0.604671
10 22 0.513794
10 23 0.624198
10 24 0.525789
10 25 0.510870
10 26 0.570630
11 1 0.546047
11 2 0.997296
11 3 0.946369
11 4 0.831762
11 5 0.614740
11 6 0.999861
11 7 0.590165
11 8 0.777011
11 9 0.828551
11 10 0.535408
11 11 0.914679
11 12 0.805519
11 13 0.851653
11 14 0.887921
11 15 0.942407
11 16 0.880248
11 17 0.912858
11 18 0.941978
11 19 0.500003
11 20 0.836709
11 21 0.998161
11 22 0.668904
11 23 0.997990
11 24 0.850673
11 25 0.639274
12 1 0.528397
12 2 0.979844
12 3 0.864085
12 4 0.728703
12 5 0.585265
12 6 0.997656
12 7 0.560396
12 8 0.664996
12 9 0.720876
12 10 0.531251
12 11 0.805519
12 12 0.814448
12 13 0.747464
12 14 0.826326
12 15 0.893026
12 16 0.789911
12 17 0.836112
12 18 0.846329
12 19 0.500003
12 20 0.821827
12 21 0.994414
12 22 0.626159
12 23 0.980051
12 24 0.738840
12 25 0.627215
12 26 0.933217
13 1 0.534232
13 2 0.985884
13 3 0.901130
13 4 0.769425
13 5 0.591662
13 6 0.998534
13 7 0.568462
13 8 0.716571
13 9 0.771836
13 10 0.526687
13 11 0.851653
13 12 0.747464
13 13 0.792447
13 14 0.834811
13 15 0.902049
13 16 0.830761
13 17 0.833471
13 18 0.895876
13 19 0.500002
13 20 0.802746
13 21 0.991300
13 22 0.619990
13 23 0.991072
13 24 0.791121
13 25 0.617290
14 1 0.545189
14 2 0.992680
14 3 0.931651
14 4 0.812813
14 5 0.576798
14 6 0.999637
14 7 0.592692
14 8 0.761755
14 9 0.815045
14 10 0.547769
14 11 0.887921
14 12 0.826326
14 13 0.834811
14 14 0.940917
14 15 0.931842
14 16 0.872769
14 17 0.894937
14 18 0.926739
14 19 0.500005
14 20 0.870202
14 21 0.998431
14 22 0.625755
14 23 0.995464
14 24 0.831769
14 25 0.649950
15 1 0.567891
15 2 0.999920
15 3 0.978235
15 4 0.887833
15 5 0.754613
15 6 0.999994
15 7 0.601108
15 8 0.771611
15 9 0.905601
15 10 0.554256
15 11 0.942407
15 12 0.893026
15 13 0.902049
15 14 0.931842
15 15 0.997515
15 16 0.961124
15 17 0.942419
15 18 0.982244
15 19 0.499998
15 20 0.919713
15 21 0.999909
15 22 0.767504
15 23 0.998700
15 24 0.900968
15 25 0.691003
15 26 0.995043
16 1 0.545666
16 2 0.998578
16 3 0.935117
16 4 0.805183
16 5 0.636906
16 6 0.999332
16 7 0.605265
16 8 0.768522
16 9 0.836623
16 10 0.538613
16 11 0.880248
16 12 0.789911
16 13 0.830761
16 14 0.872769
16 15 0.961124
16 16 0.940304
16 17 0.868185
16 18 0.941162
16 19 0.500002
16 20 0.891971
16 21 0.999395
16 22 0.675794
16 23 0.996021
16 24 0.831756
16 25 0.637621
16 26 0.979540
17 1 0.552003
17 2 0.998931
17 4 0.825600
17 5 0.591348
17 6 0.999914
17 7 0.589207
17 8 0.751825
17 9 0.816269
17 10 0.541547
17 11 0.912858
17 12 0.836112
17 13 0.833471
17 14 0.894937
17 15 0.942419
17 16 0.868185
17 17 0.959752
17 18 0.927656
17 19 0.500002
17 20 0.815719
17 21 0.999658
17 22 0.703036
17 23 0.994664
17 24 0.833526
17 25 0.618786
17 26 0.978322
18 1 0.558340
18 2 0.999378
18 3 0.972815
18 4 0.875228
18 5 0.671031
18 6 0.999971
18 7 0.608383
18 8 0.815930
18 9 0.883256
18 10 0.545252
18 11 0.941978
18 12 0.846329
18 13 0.895876
18 14 0.926739
18 15 0.982244
18 16 0.941162
18 17 0.927656
18 18 0.973438
18 19 0.500002
18 20 0.903362
18 21 0.999541
18 22 0.706271
18 23 0.999442
18 24 0.895543
18 25 0.675952
19 1 0.500000
19 2 0.500002
19 3 0.500003
19 4 0.500002
19 5 0.500000
19 6 0.500004
19 7 0.500001
19 8 0.500003
19 9 0.500001
19 10 0.500000
19 11 0.500003
19 12 0.500003
19 13 0.500002
19 14 0.500005
19 15 0.499998
19 16 0.500002
19 17 0.500002
19 18 0.500002
19 19 0.500000
19 20 0.500004
19 21 0.500003
19 22 0.499999
19 23 0.500015
19 24 0.500002
19 25 0.500001
19 26 0.500006
20 1 0.533914
20 2 0.980018
20 3 0.915264
20 4 0.768548
20 5 0.587914
20 6 0.997875
20 7 0.578503
20 8 0.708044
20 9 0.788101
20 10 0.525809
20 11 0.836709
20 12 0.821827
20 13 0.802746
20 14 0.870202
20 15 0.919713
20 16 0.891971
20 17 0.815719
20 18 0.903362
20 19 0.500004
20 20 0.928517
20 21 0.998767
20 22 0.603180
20 23 0.994447
20 24 0.801377
20 25 0.670299
20 26 0.966149
21 1 0.644734
21 2 1.000000
21 3 0.999523
21 4 0.988028
21 5 0.733095
21 6 1.000000
21 7 0.789399
21 8 0.932143
21 9 0.991102
21 10 0.604671
21 11 0.998161
21 12 0.994414
21 13 0.991300
21 14 0.998431
21 15 0.999909
21 16 0.999395
21 17 0.999658
21 18 0.999541
21 19 0.500003
21 20 0.998767
21 21 1.000000
21 22 0.923552
21 23 0.999998
21 24 0.991020
21 25 0.880770
21 26 0.999990
22 1 0.515847
22 2 0.930161
22 3 0.689896
22 5 0.542112
22 6 0.961007
22 7 0.526927
22 8 0.574246
22 9 0.619542
22 10 0.513794
22 11 0.668904
22 12 0.626159
22 13 0.619990
22 14 0.625755
22 15 0.767504
22 16 0.675794
22 17 0.703036
22 18 0.706271
22 19 0.499999
22 20 0.603180
22 21 0.923552
22 22 0.612465
22 23 0.786498
22 24 0.621245
22 25 0.543345
22 26 0.760405
23 1 0.602449
23 2 0.999978
23 3 0.999770
23 4 0.983458
23 5 0.816181
23 6 1.000000
23 7 0.686249
23 8 0.987753
23 9 0.984677
23 10 0.624198
23 11 0.997990
23 12 0.980051
23 13 0.991072
23 14 0.995464
23 15 0.998700
23 16 0.996021
23 17 0.994664
23 18 0.999442
23 19 0.500015
23 20 0.994447
23 21 0.999998
23 22 0.786498
23 23 1.000000
23 24 0.990544
23 25 0.805323
23 26 0.999985
24 1 0.534798
24 2 0.984675
24 3 0.899544
24 4 0.769341
24 5 0.587799
24 6 0.998481
24 7 0.567245
24 8 0.715110
24 9 0.772774
24 10 0.525789
24 11 0.850673
24 12 0.738840
24 13 0.791121
24 14 0.831769
24 15 0.900968
24 16 0.831756
24 17 0.833526
24 18 0.895543
24 19 0.500002
24 20 0.801377
24 21 0.991020
24 22 0.621245
24 23 0.990544
24 24 0.792635
24 25 0.611309
25 1 0.510353
25 2 0.804653
25 3 0.688173
25 4 0.603496
25 5 0.526950
25 6 0.927861
25 7 0.523418
25 8 0.552952
25 9 0.596041
25 10 0.510870
25 11 0.639274
25 12 0.627215
25 13 0.617290
25 14 0.649950
25 15 0.691003
25 16 0.637621
25 17 0.618786
25 18 0.675952
25 19 0.500001
25 20 0.670299
25 21 0.880770
25 22 0.543345
25 23 0.805323
25 24 0.611309
25 25 0.578131
26 2 0.999964
26 6 1.000000
26 7 0.661354
26 8 0.901659
26 10 0.570630
26 12 0.933217
26 15 0.995043
26 16 0.979540
26 17 0.978322
26 19 0.500006
26 20 0.966149
26 21 0.999990
26 22 0.760405
26 23 0.999985
26 26 0.999359
