1 26 0.534547
3 17 0.996205
3 26 0.893854
4 22 0.529605
4 26 0.609902
5 26 0.555508
9 26 0.626150
11 26 0.801549
13 26 0.606330
14 26 0.700401
17 3 0.996205
18 26 0.743786
22 4 0.529605
24 26 0.628509
25 26 0.607154
26 1 0.534547
26 3 0.893854
26 4 0.609902
26 5 0.555508
26 9 0.626150
26 11 0.801549
26 13 0.606330
26 14 0.700401
26 18 0.743786
26 24 0.628509
26 25 0.607154
1 1 0.506273
1 2 0.633726
1 3 0.579407
1 4 0.511911
1 5 0.512539
1 6 0.623408
1 7 0.507224
1 8 0.527303
1 9 0.515823
1 10 0.504687
1 11 0.551602
1 12 0.512936
1 13 0.510861
1 14 0.517391
1 15 0.556030
1 16 0.532649
1 17 0.579407
1 18 0.530941
1 19 0.500000
1 20 0.565167
1 21 0.589296
1 22 0.508271
1 23 0.605208
1 24 0.514473
1 25 0.510792
2 1 0.633726
2 2 1.000000
2 3 0.999111
2 4 0.705268
2 5 0.833342
2 6 0.999982
2 7 0.744165
2 8 0.740763
2 9 0.822048
2 10 0.652961
2 11 0.933881
2 12 0.733516
2 13 0.704837
2 14 0.574197
2 15 0.999829
2 16 0.935572
2 17 0.999111
2 18 0.967235
2 19 0.500007
2 20 0.851988
2 21 1.000000
2 22 0.678367
2 23 0.999053
2 24 0.635456
2 25 0.652465
2 26 0.958857
3 1 0.579407
3 2 0.999111
3 3 0.996205
3 4 0.700829
3 5 0.722173
3 6 0.999930
3 7 0.597164
3 8 0.852992
3 9 0.725749
3 10 0.541601
3 11 0.973845
3 12 0.711976
3 13 0.674054
3 14 0.749221
3 15 0.976789
3 16 0.894053
3 18 0.854114
3 19 0.500008
3 20 0.957639
3 21 0.995378
3 22 0.657876
3 23 0.999610
3 24 0.763126
3 25 0.658113
4 1 0.511911
4 2 0.705268
4 3 0.700829
4 4 0.545828
4 5 0.523502
4 6 0.847542
4 7 0.514006
4 8 0.565093
4 9 0.545793
4 10 0.505429
4 11 0.640331
4 12 0.531734
4 13 0.540966
4 14 0.577092
4 15 0.628560
4 16 0.595675
4 17 0.700829
4 18 0.593817
4 19 0.500001
4 20 0.624740
4 21 0.693141
4 23 0.768370
4 24 0.555856
4 25 0.541020
5 1 0.512539
5 2 0.833342
5 3 0.722173
5 4 0.523502
5 5 0.598513
5 6 0.835396
5 7 0.519140
5 8 0.582501
5 9 0.534688
5 10 0.506014
5 11 0.672801
5 12 0.563223
5 13 0.514612
5 14 0.511065
5 15 0.634282
5 16 0.568172
5 17 0.722173
5 18 0.530614
5 19 0.500003
5 20 0.609455
5 21 0.820299
5 22 0.526652
5 23 0.821641
5 24 0.521991
5 25 0.508463
6 1 0.623408
6 2 0.999982
6 3 0.999930
6 4 0.847542
6 5 0.835396
6 6 1.000000
6 7 0.631125
6 8 0.952343
6 9 0.840456
6 10 0.547456
6 11 0.993443
6 12 0.818853
6 13 0.799725
6 14 0.853185
6 15 0.998178
6 16 0.989494
6 17 0.999930
6 18 0.964753
6 19 0.500008
6 20 0.992828
6 21 0.999933
6 22 0.806210
6 23 1.000000
6 24 0.937566
6 25 0.768980
6 26 0.980844
7 1 0.507224
7 2 0.744165
7 3 0.597164
7 4 0.514006
7 5 0.519140
7 6 0.631125
7 7 0.517381
7 8 0.518450
7 9 0.519637
7 10 0.508433
7 11 0.555739
7 12 0.517145
7 13 0.513699
7 14 0.515441
7 15 0.602406
7 16 0.536206
7 17 0.597164
7 18 0.546762
7 19 0.500001
7 20 0.534656
7 21 0.690743
7 22 0.511140
7 23 0.609605
7 24 0.516207
7 25 0.510944
7 26 0.547447
8 1 0.527303
8 2 0.740763
8 3 0.852992
8 4 0.565093
8 5 0.582501
8 6 0.952343
8 7 0.518450
8 8 0.727545
8 9 0.573151
8 10 0.511616
8 11 0.813327
8 12 0.585337
8 13 0.551492
8 14 0.619032
8 15 0.710567
8 16 0.697454
8 17 0.852992
8 18 0.604325
8 19 0.500004
8 20 0.857064
8 21 0.701730
8 22 0.544498
8 23 0.962914
8 24 0.588980
8 25 0.552028
8 26 0.645327
9 1 0.515823
9 2 0.822048
9 3 0.725749
9 4 0.545793
9 5 0.534688
9 6 0.840456
9 7 0.519637
9 8 0.573151
9 9 0.559012
9 10 0.511362
9 11 0.659873
9 12 0.541021
9 13 0.544541
9 14 0.585875
9 15 0.670040
9 16 0.598572
9 17 0.725749
9 18 0.606763
9 19 0.500001
9 20 0.655911
9 21 0.769830
9 22 0.526807
9 23 0.769086
9 24 0.543660
9 25 0.545741
10 1 0.504687
10 2 0.652961
10 3 0.541601
10 4 0.505429
10 5 0.506014
10 6 0.547456
10 7 0.508433
10 8 0.511616
10 9 0.511362
10 10 0.509480
10 11 0.529000
10 12 0.504590
10 13 0.505809
10 14 0.511611
10 15 0.552260
10 16 0.527129
10 17 0.541601
10 18 0.524387
10 19 0.500000
10 20 0.542152
10 21 0.598287
10 22 0.503791
10 23 0.572624
10 24 0.498701
10 25 0.504600
10 26 0.526045
11 1 0.551602
11 2 0.933881
11 3 0.973845
11 4 0.640331
11 5 0.672801
11 6 0.993443
11 7 0.555739
11 8 0.813327
11 9 0.659873
11 10 0.529000
11 11 0.973852
11 12 0.662229
11 13 0.616867
11 14 0.781288
11 15 0.848649
11 16 0.763100
11 17 0.973845
11 18 0.708870
11 19 0.500008
11 20 0.933545
11 21 0.933713
11 22 0.591943
11 23 0.996048
11 24 0.633934
11 25 0.621505
12 1 0.512936
12 2 0.733516
12 3 0.711976
12 4 0.531734
12 5 0.563223
12 6 0.818853
12 7 0.517145
12 8 0.585337
12 9 0.541021
12 10 0.504590
12 11 0.662229
12 12 0.575627
12 13 0.525440
12 14 0.536479
12 15 0.622215
12 16 0.583019
12 17 0.711976
12 18 0.551632
12 19 0.500002
12 20 0.640592
12 21 0.816097
12 22 0.525414
12 23 0.782319
12 24 0.526799
12 25 0.525502
12 26 0.573612
13 1 0.510861
13 2 0.704837
13 3 0.674054
13 4 0.540966
13 5 0.514612
13 6 0.799725
13 7 0.513699
13 8 0.551492
13 9 0.544541
13 10 0.505809
13 11 0.616867
13 12 0.525440
13 13 0.540666
13 14 0.577404
13 15 0.624319
13 16 0.580077
13 17 0.674054
13 18 0.593902
13 19 0.500001
13 20 0.617681
13 21 0.673297
13 22 0.522974
13 23 0.712203
13 24 0.548953
13 25 0.540752
14 1 0.517391
14 2 0.574197
14 3 0.749221
14 4 0.577092
14 5 0.511065
14 6 0.853185
14 7 0.515441
14 8 0.619032
14 9 0.585875
14 10 0.511611
14 11 0.781288
14 12 0.536479
14 13 0.577404
14 14 0.722836
14 15 0.605560
14 16 0.616255
14 17 0.749221
14 18 0.645005
14 19 0.500002
14 20 0.765709
14 21 0.645799
14 22 0.529928
14 23 0.826021
14 24 0.572024
14 25 0.590851
15 1 0.556030
15 2 0.999829
15 3 0.976789
15 4 0.628560
15 5 0.634282
15 6 0.998178
15 7 0.602406
15 8 0.710567
15 9 0.670040
15 10 0.552260
15 11 0.848649
15 12 0.622215
15 13 0.624319
15 14 0.605560
15 15 0.986893
15 16 0.828122
15 17 0.976789
15 18 0.816475
15 19 0.500003
15 20 0.728787
15 21 0.995365
15 22 0.607606
15 23 0.990560
15 24 0.662957
15 25 0.588971
15 26 0.826128
16 1 0.532649
16 2 0.935572
16 3 0.894053
16 4 0.595675
16 5 0.568172
16 6 0.989494
16 7 0.536206
16 8 0.697454
16 9 0.598572
16 10 0.527129
16 11 0.763100
16 12 0.583019
16 13 0.580077
16 14 0.616255
16 15 0.828122
16 16 0.783784
16 17 0.894053
16 18 0.702405
16 19 0.500002
16 20 0.831221
16 21 0.902345
16 22 0.573839
16 23 0.979714
16 24 0.623971
16 25 0.570423
16 26 0.721658
17 1 0.579407
17 2 0.999111
17 4 0.700829
17 5 0.722173
17 6 0.999930
17 7 0.597164
17 8 0.852992
17 9 0.725749
17 10 0.541601
17 11 0.973845
17 12 0.711976
17 13 0.674054
17 14 0.749221
17 15 0.976789
17 16 0.894053
17 17 0.996205
17 18 0.854114
17 19 0.500008
17 20 0.957639
17 21 0.995378
17 22 0.657876
17 23 0.999610
17 24 0.763126
17 25 0.658113
17 26 0.893854
18 1 0.530941
18 2 0.967235
18 3 0.854114
18 4 0.593817
18 5 0.530614
18 6 0.964753
18 7 0.546762
18 8 0.604325
18 9 0.606763
18 10 0.524387
18 11 0.708870
18 12 0.551632
18 13 0.593902
18 14 0.645005
18 15 0.816475
18 16 0.702405
18 17 0.854114
18 18 0.743775
18 19 0.500001
18 20 0.755412
18 21 0.903150
18 22 0.555139
18 23 0.887822
18 24 0.610021
18 25 0.591581
19 1 0.500000
19 2 0.500007
19 3 0.500008
19 4 0.500001
19 5 0.500003
19 6 0.500008
19 7 0.500001
19 8 0.500004
19 9 0.500001
19 10 0.500000
19 11 0.500008
19 12 0.500002
19 13 0.500001
19 14 0.500002
19 15 0.500003
19 16 0.500002
19 17 0.500008
19 18 0.500001
19 19 0.500000
19 20 0.500007
19 21 0.500007
19 22 0.500000
19 23 0.500012
19 24 0.500000
19 25 0.500001
19 26 0.500002
20 1 0.565167
20 2 0.851988
20 3 0.957639
20 4 0.624740
20 5 0.609455
20 6 0.992828
20 7 0.534656
20 8 0.857064
20 9 0.655911
20 10 0.542152
20 11 0.933545
20 12 0.640592
20 13 0.617681
20 14 0.765709
20 15 0.728787
20 16 0.831221
20 17 0.957639
20 18 0.755412
20 19 0.500007
20 20 0.992183
20 21 0.759391
20 22 0.563138
20 23 0.996578
20 24 0.664971
20 25 0.631080
20 26 0.799281
21 1 0.589296
21 2 1.000000
21 3 0.995378
21 4 0.693141
21 5 0.820299
21 6 0.999933
21 7 0.690743
21 8 0.701730
21 9 0.769830
21 10 0.598287
21 11 0.933713
21 12 0.816097
21 13 0.673297
21 14 0.645799
21 15 0.995365
21 16 0.902345
21 17 0.995378
21 18 0.903150
21 19 0.500007
21 20 0.759391
21 21 1.000000
21 22 0.677087
21 23 0.998328
21 24 0.610224
21 25 0.648084
21 26 0.928322
22 1 0.508271
22 2 0.678367
22 3 0.657876
22 5 0.526652
22 6 0.806210
22 7 0.511140
22 8 0.544498
22 9 0.526807
22 10 0.503791
22 11 0.591943
22 12 0.525414
22 13 0.522974
22 14 0.529928
22 15 0.607606
22 16 0.573839
22 17 0.657876
22 18 0.555139
22 19 0.500000
22 20 0.563138
22 21 0.677087
22 22 0.525744
22 23 0.736108
22 24 0.544179
22 25 0.519492
22 26 0.566938
23 1 0.605208
23 2 0.999053
23 3 0.999610
23 4 0.768370
23 5 0.821641
23 6 1.000000
23 7 0.609605
23 8 0.962914
23 9 0.769086
23 10 0.572624
23 11 0.996048
23 12 0.782319
23 13 0.712203
23 14 0.826021
23 15 0.990560
23 16 0.979714
23 17 0.999610
23 18 0.887822
23 19 0.500012
23 20 0.996578
23 21 0.998328
23 22 0.736108
23 23 1.000000
23 24 0.852002
23 25 0.673566
23 26 0.940887
24 1 0.514473
24 2 0.635456
24 3 0.763126
24 4 0.555856
24 5 0.521991
24 6 0.937566
24 7 0.516207
24 8 0.588980
24 9 0.543660
24 10 0.498701
24 11 0.633934
24 12 0.526799
24 13 0.548953
24 14 0.572024
24 15 0.662957
24 16 0.623971
24 17 0.763126
24 18 0.610021
24 19 0.500000
24 20 0.664971
24 21 0.610224
24 22 0.544179
24 23 0.852002
24 24 0.636984
24 25 0.543028
25 1 0.510792
25 2 0.652465
25 3 0.658113
25 4 0.541020
25 5 0.508463
25 6 0.768980
25 7 0.510944
25 8 0.552028
25 9 0.545741
25 10 0.504600
25 11 0.621505
25 12 0.525502
25 13 0.540752
25 14 0.590851
25 15 0.588971
25 16 0.570423
25 17 0.658113
25 18 0.591581
25 19 0.500001
25 20 0.631080
25 21 0.648084
25 22 0.519492
25 23 0.673566
25 24 0.543028
25 25 0.546102
26 2 0.958857
26 6 0.980844
26 7 0.547447
26 8 0.645327
26 10 0.526045
26 12 0.573612
26 15 0.826128
26 16 0.721658
26 17 0.893854
26 19 0.500002
26 20 0.799281
26 21 0.928322
26 22 0.566938
26 23 0.940887
26 26 0.776377
