1 26 0.766031
3 17 0.956469
3 26 0.923903
4 22 0.574966
4 26 0.781934
5 26 0.760945
9 26 0.737982
11 26 0.843920
13 26 0.790180
14 26 0.956020
17 3 0.956469
18 26 0.910529
22 4 0.574966
24 26 0.746250
25 26 0.789962
26 1 0.766031
26 3 0.923903
26 4 0.781934
26 5 0.760945
26 9 0.737982
26 11 0.843920
26 13 0.790180
26 14 0.956020
26 18 0.910529
26 24 0.746250
26 25 0.789962
1 1 0.609935
1 2 0.874049
1 3 0.708722
1 4 0.618302
1 5 0.605615
1 6 0.967767
1 7 0.522337
1 8 0.597382
1 9 0.590605
1 10 0.507205
1 11 0.653492
1 12 0.540503
1 13 0.621119
1 14 0.764871
1 15 0.679540
1 16 0.751374
1 17 0.708722
1 18 0.703999
1 19 0.500004
1 20 0.782612
1 21 0.871294
1 22 0.571724
1 23 0.805092
1 24 0.592430
1 25 0.621736
2 1 0.874049
2 2 0.999999
2 3 0.977444
2 4 0.890007
2 5 0.870795
2 6 0.999431
2 7 0.695783
2 8 0.738203
2 9 0.923142
2 10 0.490283
2 11 0.953180
2 12 0.596409
2 13 0.888802
2 14 0.974576
2 15 0.992591
2 16 0.997511
2 17 0.977444
2 18 0.961336
2 19 0.500008
2 20 0.992022
2 21 0.999998
2 22 0.548507
2 23 0.997073
2 24 0.802029
2 25 0.893316
2 26 0.994959
3 1 0.708722
3 2 0.977444
3 3 0.956469
3 4 0.724012
3 5 0.716348
3 6 0.999917
3 7 0.572350
3 8 0.738422
3 9 0.694696
3 10 0.528245
3 11 0.792439
3 12 0.645559
3 13 0.732686
3 14 0.880470
3 15 0.804363
3 16 0.959306
3 18 0.872782
3 19 0.500006
3 20 0.947144
3 21 0.996871
3 22 0.729919
3 23 0.971025
3 24 0.669590
3 25 0.725608
4 1 0.618302
4 2 0.890007
4 3 0.724012
4 4 0.628708
4 5 0.613122
4 6 0.974765
4 7 0.522558
4 8 0.601423
4 9 0.595777
4 10 0.508617
4 11 0.667559
4 12 0.547634
4 13 0.629029
4 14 0.780689
4 15 0.691165
4 16 0.763780
4 17 0.724012
4 18 0.720306
4 19 0.500004
4 20 0.792779
4 21 0.894234
4 23 0.827140
4 24 0.592620
4 25 0.630728
5 1 0.605615
5 2 0.870795
5 3 0.716348
5 4 0.613122
5 5 0.604191
5 6 0.969654
5 7 0.524708
5 8 0.603106
5 9 0.593104
5 10 0.507516
5 11 0.648726
5 12 0.547729
5 13 0.618517
5 14 0.749576
5 15 0.671567
5 16 0.750641
5 17 0.716348
5 18 0.698566
5 19 0.500003
5 20 0.777974
5 21 0.867723
5 22 0.583459
5 23 0.799135
5 24 0.596890
5 25 0.617197
6 1 0.967767
6 2 0.999431
6 3 0.999917
6 4 0.974765
6 5 0.969654
6 6 1.000000
6 7 0.568763
6 8 0.992251
6 9 0.911477
6 10 0.620952
6 11 0.992423
6 12 0.979816
6 13 0.983904
6 14 0.999959
6 15 0.934698
6 16 0.999854
6 17 0.999917
6 18 0.999455
6 19 0.500038
6 20 0.999934
6 21 0.999998
6 22 0.998310
6 23 0.999999
6 24 0.973738
6 25 0.977776
6 26 0.999918
7 1 0.522337
7 2 0.695783
7 3 0.572350
7 4 0.522558
7 5 0.524708
7 6 0.568763
7 7 0.519946
7 8 0.519482
7 9 0.537176
7 10 0.499088
7 11 0.534223
7 12 0.500164
7 13 0.525740
7 14 0.514516
7 15 0.570381
7 16 0.615124
7 17 0.572350
7 18 0.538404
7 19 0.500000
7 20 0.569422
7 21 0.716396
7 22 0.503348
7 23 0.574009
7 24 0.517139
7 25 0.524774
7 26 0.565395
8 1 0.597382
8 2 0.738203
8 3 0.738422
8 4 0.601423
8 5 0.603106
8 6 0.992251
8 7 0.519482
8 8 0.734599
8 9 0.576300
8 10 0.525256
8 11 0.620946
8 12 0.584418
8 13 0.631547
8 14 0.732131
8 15 0.583757
8 16 0.753381
8 17 0.738422
8 18 0.730840
8 19 0.500003
8 20 0.845667
8 21 0.706794
8 22 0.674697
8 23 0.815249
8 24 0.651994
8 25 0.605847
8 26 0.749349
9 1 0.590605
9 2 0.923142
9 3 0.694696
9 4 0.595777
9 5 0.593104
9 6 0.911477
9 7 0.537176
9 8 0.576300
9 9 0.692369
9 10 0.507922
9 11 0.645915
9 12 0.569570
9 13 0.604701
9 14 0.684004
9 15 0.752243
9 16 0.770087
9 17 0.694696
9 18 0.616346
9 19 0.500002
9 20 0.760678
9 21 0.943560
9 22 0.571905
9 23 0.769682
9 24 0.619889
9 25 0.595043
10 1 0.507205
10 2 0.490283
10 3 0.528245
10 4 0.508617
10 5 0.507516
10 6 0.620952
10 7 0.499088
10 8 0.525256
10 9 0.507922
10 10 0.507094
10 11 0.511513
10 12 0.516380
10 13 0.510395
10 14 0.522803
10 15 0.508918
10 16 0.515005
10 17 0.528245
10 18 0.522906
10 19 0.500001
10 20 0.530954
10 21 0.519923
10 22 0.528188
10 23 0.541775
10 24 0.507845
10 25 0.509119
10 26 0.519512
11 1 0.653492
11 2 0.953180
11 3 0.792439
11 4 0.667559
11 5 0.648726
11 6 0.992423
11 7 0.534223
11 8 0.620946
11 9 0.645915
11 10 0.511513
11 11 0.731248
11 12 0.585399
11 13 0.666831
11 14 0.826334
11 15 0.752431
11 16 0.819023
11 17 0.792439
11 18 0.760003
11 19 0.500005
11 20 0.825087
11 21 0.957235
11 22 0.602701
11 23 0.891833
11 24 0.600489
11 25 0.667659
12 1 0.540503
12 2 0.596409
12 3 0.645559
12 4 0.547634
12 5 0.547729
12 6 0.979816
12 7 0.500164
12 8 0.584418
12 9 0.569570
12 10 0.516380
12 11 0.585399
12 12 0.632456
12 13 0.556581
12 14 0.605773
12 15 0.531674
12 16 0.560947
12 17 0.645559
12 18 0.578862
12 19 0.500001
12 20 0.550598
12 21 0.699324
12 22 0.641413
12 23 0.709371
12 24 0.542093
12 25 0.544739
12 26 0.620931
13 1 0.621119
13 2 0.888802
13 3 0.732686
13 4 0.629029
13 5 0.618517
13 6 0.983904
13 7 0.525740
13 8 0.631547
13 9 0.604701
13 10 0.510395
13 11 0.666831
13 12 0.556581
13 13 0.638646
13 14 0.785753
13 15 0.688818
13 16 0.771229
13 17 0.732686
13 18 0.723765
13 19 0.500004
13 20 0.812842
13 21 0.875617
13 22 0.600837
13 23 0.829725
13 24 0.616441
13 25 0.634037
14 1 0.764871
14 2 0.974576
14 3 0.880470
14 4 0.780689
14 5 0.749576
14 6 0.999959
14 7 0.514516
14 8 0.732131
14 9 0.684004
14 10 0.522803
14 11 0.826334
14 12 0.605773
14 13 0.785753
14 14 0.978456
14 15 0.845131
14 16 0.904547
14 17 0.880470
14 18 0.907907
14 19 0.500012
14 20 0.972663
14 21 0.962514
14 22 0.716054
14 23 0.971376
14 24 0.765327
14 25 0.789995
15 1 0.679540
15 2 0.992591
15 3 0.804363
15 4 0.691165
15 5 0.671567
15 6 0.934698
15 7 0.570381
15 8 0.583757
15 9 0.752243
15 10 0.508918
15 11 0.752431
15 12 0.531674
15 13 0.688818
15 14 0.845131
15 15 0.934490
15 16 0.933139
15 17 0.804363
15 18 0.762249
15 19 0.500005
15 20 0.894693
15 21 0.996188
15 22 0.558333
15 23 0.916436
15 24 0.674914
15 25 0.700365
15 26 0.884269
16 1 0.751374
16 2 0.997511
16 3 0.959306
16 4 0.763780
16 5 0.750641
16 6 0.999854
16 7 0.615124
16 8 0.753381
16 9 0.770087
16 10 0.515005
16 11 0.819023
16 12 0.560947
16 13 0.771229
16 14 0.904547
16 15 0.933139
16 16 0.992407
16 17 0.959306
16 18 0.912742
16 19 0.500008
16 20 0.980853
16 21 0.999839
16 22 0.676237
16 23 0.986866
16 24 0.744338
16 25 0.770309
16 26 0.955453
17 1 0.708722
17 2 0.977444
17 4 0.724012
17 5 0.716348
17 6 0.999917
17 7 0.572350
17 8 0.738422
17 9 0.694696
17 10 0.528245
17 11 0.792439
17 12 0.645559
17 13 0.732686
17 14 0.880470
17 15 0.804363
17 16 0.959306
17 17 0.956469
17 18 0.872782
17 19 0.500006
17 20 0.947144
17 21 0.996871
17 22 0.729919
17 23 0.971025
17 24 0.669590
17 25 0.725608
17 26 0.923903
18 1 0.703999
18 2 0.961336
18 3 0.872782
18 4 0.720306
18 5 0.698566
18 6 0.999455
18 7 0.538404
18 8 0.730840
18 9 0.616346
18 10 0.522906
18 11 0.760003
18 12 0.578862
18 13 0.723765
18 14 0.907907
18 15 0.762249
18 16 0.912742
18 17 0.872782
18 18 0.886169
18 19 0.500009
18 20 0.939572
18 21 0.971711
18 22 0.676839
18 23 0.953135
18 24 0.679554
18 25 0.728132
19 1 0.500004
19 2 0.500008
19 3 0.500006
19 4 0.500004
19 5 0.500003
19 6 0.500038
19 7 0.500000
19 8 0.500003
19 9 0.500002
19 10 0.500001
19 11 0.500005
19 12 0.500001
19 13 0.500004
19 14 0.500012
19 15 0.500005
19 16 0.500008
19 17 0.500006
19 18 0.500009
19 19 0.500000
19 20 0.500010
19 21 0.500013
19 22 0.500005
19 23 0.500014
19 24 0.500003
19 25 0.500004
19 26 0.500009
20 1 0.782612
20 2 0.992022
20 3 0.947144
20 4 0.792779
20 5 0.777974
20 6 0.999934
20 7 0.569422
20 8 0.845667
20 9 0.760678
20 10 0.530954
20 11 0.825087
20 12 0.550598
20 13 0.812842
20 14 0.972663
20 15 0.894693
20 16 0.980853
20 17 0.947144
20 18 0.939572
20 19 0.500010
20 20 0.995517
20 21 0.994563
20 22 0.733854
20 23 0.981683
20 24 0.851576
20 25 0.800487
20 26 0.969077
21 1 0.871294
21 2 0.999998
21 3 0.996871
21 4 0.894234
21 5 0.867723
21 6 0.999998
21 7 0.716396
21 8 0.706794
21 9 0.943560
21 10 0.519923
21 11 0.957235
21 12 0.699324
21 13 0.875617
21 14 0.962514
21 15 0.996188
21 16 0.999839
21 17 0.996871
21 18 0.971711
21 19 0.500013
21 20 0.994563
21 21 1.000000
21 22 0.664684
21 23 0.999716
21 24 0.737152
21 25 0.887892
21 26 0.995377
22 1 0.571724
22 2 0.548507
22 3 0.729919
22 5 0.583459
22 6 0.998310
22 7 0.503348
22 8 0.674697
22 9 0.571905
22 10 0.528188
22 11 0.602701
22 12 0.641413
22 13 0.600837
22 14 0.716054
22 15 0.558333
22 16 0.676237
22 17 0.729919
22 18 0.676839
22 19 0.500005
22 20 0.733854
22 21 0.664684
22 22 0.751894
22 23 0.809829
22 24 0.639702
22 25 0.586629
22 26 0.706179
23 1 0.805092
23 2 0.997073
23 3 0.971025
23 4 0.827140
23 5 0.799135
23 6 0.999999
23 7 0.574009
23 8 0.815249
23 9 0.769682
23 10 0.541775
23 11 0.891833
23 12 0.709371
23 13 0.829725
23 14 0.971376
23 15 0.916436
23 16 0.986866
23 17 0.971025
23 18 0.953135
23 19 0.500014
23 20 0.981683
23 21 0.999716
23 22 0.809829
23 23 0.996638
23 24 0.756200
23 25 0.828165
23 26 0.979182
24 1 0.592430
24 2 0.802029
24 3 0.669590
24 4 0.592620
24 5 0.596890
24 6 0.973738
24 7 0.517139
24 8 0.651994
24 9 0.619889
24 10 0.507845
24 11 0.600489
24 12 0.542093
24 13 0.616441
24 14 0.765327
24 15 0.674914
24 16 0.744338
24 17 0.669590
24 18 0.679554
24 19 0.500003
24 20 0.851576
24 21 0.737152
24 22 0.639702
24 23 0.756200
24 24 0.710887
24 25 0.600877
25 1 0.621736
25 2 0.893316
25 3 0.725608
25 4 0.630728
25 5 0.617197
25 6 0.977776
25 7 0.524774
25 8 0.605847
25 9 0.595043
25 10 0.509119
25 11 0.667659
25 12 0.544739
25 13 0.634037
25 14 0.789995
25 15 0.700365
25 16 0.770309
25 17 0.725608
25 18 0.728132
25 19 0.500004
25 20 0.800487
25 21 0.887892
25 22 0.586629
25 23 0.828165
25 24 0.600877
25 25 0.637696
26 2 0.994959
26 6 0.999918
26 7 0.565395
26 8 0.749349
26 10 0.519512
26 12 0.620931
26 15 0.884269
26 16 0.955453
26 17 0.923903
26 19 0.500009
26 20 0.969077
26 21 0.995377
26 22 0.706179
26 23 0.979182
26 26 0.961013
