1 26 0.521633
3 17 0.820049
3 26 0.812422
4 22 0.520217
4 26 0.523581
5 26 0.674574
9 26 0.692272
11 26 0.719564
13 26 0.687864
14 26 0.903889
17 3 0.820049
18 26 0.813496
22 4 0.520217
24 26 0.680095
25 26 0.682222
26 1 0.521633
26 3 0.812422
26 4 0.523581
26 5 0.674574
26 9 0.692272
26 11 0.719564
26 13 0.687864
26 14 0.903889
26 18 0.813496
26 24 0.680095
26 25 0.682222
1 1 0.505120
1 2 0.547863
1 3 0.517795
1 4 0.498850
1 5 0.506045
1 6 0.541087
1 7 0.503465
1 8 0.510657
1 9 0.507277
1 10 0.503408
1 11 0.507442
1 12 0.502828
1 13 0.506776
1 14 0.513901
1 15 0.521106
1 16 0.526014
1 17 0.517041
1 18 0.518786
1 19 0.500001
1 20 0.553701
1 21 0.547324
1 22 0.509928
1 23 0.524034
1 24 0.508832
1 25 0.505926
2 1 0.547863
2 2 0.999801
2 3 0.928488
2 4 0.529203
2 5 0.766753
2 6 0.999106
2 7 0.522025
2 8 0.772388
2 9 0.798682
2 10 0.498496
2 11 0.771730
2 12 0.682292
2 13 0.782608
2 14 0.976187
2 15 0.954850
2 16 0.820564
2 17 0.894977
2 18 0.945899
2 19 0.500010
2 20 0.945668
2 21 0.992418
2 22 0.508151
2 23 0.886018
2 24 0.766267
2 25 0.763449
2 26 0.971806
3 1 0.517795
3 2 0.928488
3 3 0.829668
3 4 0.534500
3 5 0.628083
3 6 0.955967
3 7 0.536925
3 8 0.639299
3 9 0.635776
3 10 0.533272
3 11 0.643223
3 12 0.577098
3 13 0.625869
3 14 0.780522
3 15 0.742468
3 16 0.816929
3 18 0.743769
3 19 0.500003
3 20 0.854254
3 21 0.875419
3 22 0.497061
3 23 0.839597
3 24 0.652549
3 25 0.615272
4 1 0.498850
4 2 0.529203
4 3 0.534500
4 4 0.528351
4 5 0.500765
4 6 0.644917
4 7 0.501148
4 8 0.507417
4 9 0.495844
4 10 0.506442
4 11 0.513804
4 12 0.481963
4 13 0.496644
4 14 0.488143
4 15 0.500772
4 16 0.589817
4 17 0.543857
4 18 0.523960
4 19 0.500000
4 20 0.538863
4 21 0.621838
4 23 0.561181
4 24 0.504652
4 25 0.501510
5 1 0.506045
5 2 0.766753
5 3 0.628083
5 4 0.500765
5 5 0.571122
5 6 0.749348
5 7 0.510823
5 8 0.537129
5 9 0.577611
5 10 0.500835
5 11 0.582587
5 12 0.533135
5 13 0.575095
5 14 0.703364
5 15 0.603489
5 16 0.521611
5 17 0.599883
5 18 0.609495
5 19 0.500000
5 20 0.567526
5 21 0.581893
5 22 0.492700
5 23 0.610769
5 24 0.570983
5 25 0.570137
6 1 0.541087
6 2 0.999106
6 3 0.955967
6 4 0.644917
6 5 0.749348
6 6 0.999997
6 7 0.469719
6 8 0.808014
6 9 0.770270
6 10 0.465397
6 11 0.842642
6 12 0.526068
6 13 0.781299
6 14 0.970367
6 15 0.761503
6 16 0.822628
6 17 0.940100
6 18 0.974326
6 19 0.500011
6 20 0.970869
6 21 0.997003
6 22 0.721872
6 23 0.969051
6 24 0.781982
6 25 0.793563
6 26 0.982099
7 1 0.503465
7 2 0.522025
7 3 0.536925
7 4 0.501148
7 5 0.510823
7 6 0.469719
7 7 0.520930
7 8 0.510196
7 9 0.506721
7 10 0.514365
7 11 0.514599
7 12 0.521258
7 13 0.506724
7 14 0.506919
7 15 0.526630
7 16 0.555476
7 17 0.538494
7 18 0.495977
7 19 0.500000
7 20 0.556788
7 21 0.477735
7 22 0.484711
7 23 0.546353
7 24 0.520604
7 25 0.505742
7 26 0.516400
8 1 0.510657
8 2 0.772388
8 3 0.639299
8 4 0.507417
8 5 0.537129
8 6 0.808014
8 7 0.510196
8 8 0.596413
8 9 0.542768
8 10 0.502286
8 11 0.542840
8 12 0.543578
8 13 0.542753
8 14 0.587686
8 15 0.573691
8 16 0.603489
8 17 0.637617
8 18 0.613392
8 19 0.500002
8 20 0.702229
8 21 0.672845
8 22 0.508534
8 23 0.644114
8 24 0.553112
8 25 0.536681
8 26 0.621451
9 1 0.507277
9 2 0.798682
9 3 0.635776
9 4 0.495844
9 5 0.577611
9 6 0.770270
9 7 0.506721
9 8 0.542768
9 9 0.590497
9 10 0.497810
9 11 0.583545
9 12 0.538081
9 13 0.583961
9 14 0.730399
9 15 0.626397
9 16 0.527252
9 17 0.602768
9 18 0.624486
9 19 0.500000
9 20 0.579617
9 21 0.607589
9 22 0.489347
9 23 0.607340
9 24 0.576994
9 25 0.578112
10 1 0.503408
10 2 0.498496
10 3 0.533272
10 4 0.506442
10 5 0.500835
10 6 0.465397
10 7 0.514365
10 8 0.502286
10 9 0.497810
10 10 0.521024
10 11 0.494738
10 12 0.511253
10 13 0.493609
10 14 0.471025
10 15 0.547660
10 16 0.621223
10 17 0.544201
10 18 0.498046
10 19 0.500001
10 20 0.594942
10 21 0.591511
10 22 0.499917
10 23 0.552299
10 24 0.507370
10 25 0.492523
10 26 0.499212
11 1 0.507442
11 2 0.771730
11 3 0.643223
11 4 0.513804
11 5 0.582587
11 6 0.842642
11 7 0.514599
11 8 0.542840
11 9 0.583545
11 10 0.494738
11 11 0.641440
11 12 0.534007
11 13 0.592503
11 14 0.740912
11 15 0.493201
11 16 0.422535
11 17 0.606088
11 18 0.633677
11 19 0.499999
11 20 0.518336
11 21 0.510754
11 22 0.519046
11 23 0.649171
11 24 0.588509
11 25 0.593881
12 1 0.502828
12 2 0.682292
12 3 0.577098
12 4 0.481963
12 5 0.533135
12 6 0.526068
12 7 0.521258
12 8 0.543578
12 9 0.538081
12 10 0.511253
12 11 0.534007
12 12 0.607112
12 13 0.536675
12 14 0.602374
12 15 0.582601
12 16 0.505473
12 17 0.561248
12 18 0.549130
12 19 0.500000
12 20 0.569459
12 21 0.435501
12 22 0.451094
12 23 0.554540
12 24 0.542780
12 25 0.529544
12 26 0.570468
13 1 0.506776
13 2 0.782608
13 3 0.625869
13 4 0.496644
13 5 0.575095
13 6 0.781299
13 7 0.506724
13 8 0.542753
13 9 0.583961
13 10 0.493609
13 11 0.592503
13 12 0.536675
13 13 0.583387
13 14 0.725893
13 15 0.584595
13 16 0.467958
13 17 0.591063
13 18 0.620844
13 19 0.500000
13 20 0.550571
13 21 0.545518
13 22 0.498443
13 23 0.603069
13 24 0.574843
13 25 0.578788
14 1 0.513901
14 2 0.976187
14 3 0.780522
14 4 0.488143
14 5 0.703364
14 6 0.970367
14 7 0.506919
14 8 0.587686
14 9 0.730399
14 10 0.471025
14 11 0.740912
14 12 0.602374
14 13 0.725893
14 14 0.954100
14 15 0.740775
14 16 0.325188
14 17 0.687335
14 18 0.790210
14 19 0.499999
14 20 0.519824
14 21 0.498323
14 22 0.496866
14 23 0.700027
14 24 0.697049
14 25 0.718599
15 1 0.521106
15 2 0.954850
15 3 0.742468
15 4 0.500772
15 5 0.603489
15 6 0.761503
15 7 0.526630
15 8 0.573691
15 9 0.626397
15 10 0.547660
15 11 0.493201
15 12 0.582601
15 13 0.584595
15 14 0.740775
15 15 0.957687
15 16 0.934961
15 17 0.733252
15 18 0.705646
15 19 0.500004
15 20 0.849918
15 21 0.960184
15 22 0.422469
15 23 0.693185
15 24 0.584856
15 25 0.557090
15 26 0.725719
16 1 0.526014
16 2 0.820564
16 3 0.816929
16 4 0.589817
16 5 0.521611
16 6 0.822628
16 7 0.555476
16 8 0.603489
16 9 0.527252
16 10 0.621223
16 11 0.422535
16 12 0.505473
16 13 0.467958
16 14 0.325188
16 15 0.934961
16 16 0.997225
16 17 0.869515
16 18 0.684661
16 19 0.500007
16 20 0.978485
16 21 0.998455
16 22 0.427827
16 23 0.894239
16 24 0.559026
16 25 0.458289
16 26 0.617730
17 1 0.517041
17 2 0.894977
17 4 0.543857
17 5 0.599883
17 6 0.940100
17 7 0.538494
17 8 0.637617
17 9 0.602768
17 10 0.544201
17 11 0.606088
17 12 0.561248
17 13 0.591063
17 14 0.687335
17 15 0.733252
17 16 0.869515
17 17 0.824640
17 18 0.715628
17 19 0.500003
17 20 0.879295
17 21 0.907900
17 22 0.502005
17 23 0.843110
17 24 0.628907
17 25 0.580720
17 26 0.765016
18 1 0.518786
18 2 0.945899
18 3 0.743769
18 4 0.523960
18 5 0.609495
18 6 0.974326
18 7 0.495977
18 8 0.613392
18 9 0.624486
18 10 0.498046
18 11 0.633677
18 12 0.549130
18 13 0.620844
18 14 0.790210
18 15 0.705646
18 16 0.684661
18 17 0.715628
18 18 0.794117
18 19 0.500004
18 20 0.795840
18 21 0.934986
18 22 0.527326
18 23 0.749168
18 24 0.610811
18 25 0.616517
19 1 0.500001
19 2 0.500010
19 3 0.500003
19 4 0.500000
19 5 0.500000
19 6 0.500011
19 7 0.500000
19 8 0.500002
19 9 0.500000
19 10 0.500001
19 11 0.499999
19 12 0.500000
19 13 0.500000
19 14 0.499999
19 15 0.500004
19 16 0.500007
19 17 0.500003
19 18 0.500004
19 19 0.500000
19 20 0.500012
19 21 0.500017
19 22 0.500003
19 23 0.500003
19 24 0.500000
19 25 0.500000
19 26 0.500002
20 1 0.553701
20 2 0.945668
20 3 0.854254
20 4 0.538863
20 5 0.567526
20 6 0.970869
20 7 0.556788
20 8 0.702229
20 9 0.579617
20 10 0.594942
20 11 0.518336
20 12 0.569459
20 13 0.550571
20 14 0.519824
20 15 0.849918
20 16 0.978485
20 17 0.879295
20 18 0.795840
20 19 0.500012
20 20 0.990978
20 21 0.994152
20 22 0.553744
20 23 0.908549
20 24 0.633783
20 25 0.539239
20 26 0.756178
21 1 0.547324
21 2 0.992418
21 3 0.875419
21 4 0.621838
21 5 0.581893
21 6 0.997003
21 7 0.477735
21 8 0.672845
21 9 0.607589
21 10 0.591511
21 11 0.510754
21 12 0.435501
21 13 0.545518
21 14 0.498323
21 15 0.960184
21 16 0.998455
21 17 0.907900
21 18 0.934986
21 19 0.500017
21 20 0.994152
21 21 0.999997
21 22 0.545295
21 23 0.930986
21 24 0.560483
21 25 0.531770
21 26 0.869202
22 1 0.509928
22 2 0.508151
22 3 0.497061
22 5 0.492700
22 6 0.721872
22 7 0.484711
22 8 0.508534
22 9 0.489347
22 10 0.499917
22 11 0.519046
22 12 0.451094
22 13 0.498443
22 14 0.496866
22 15 0.422469
22 16 0.427827
22 17 0.502005
22 18 0.527326
22 19 0.500003
22 20 0.553744
22 21 0.545295
22 22 0.645508
22 23 0.536976
22 24 0.490678
22 25 0.502883
22 26 0.524178
23 1 0.524034
23 2 0.886018
23 3 0.839597
23 4 0.561181
23 5 0.610769
23 6 0.969051
23 7 0.546353
23 8 0.644114
23 9 0.607340
23 10 0.552299
23 11 0.649171
23 12 0.554540
23 13 0.603069
23 14 0.700027
23 15 0.693185
23 16 0.894239
23 17 0.843110
23 18 0.749168
23 19 0.500003
23 20 0.908549
23 21 0.930986
23 22 0.536976
23 23 0.892548
23 24 0.648519
23 25 0.599206
23 26 0.801530
24 1 0.508832
24 2 0.766267
24 3 0.652549
24 4 0.504652
24 5 0.570983
24 6 0.781982
24 7 0.520604
24 8 0.553112
24 9 0.576994
24 10 0.507370
24 11 0.588509
24 12 0.542780
24 13 0.574843
24 14 0.697049
24 15 0.584856
24 16 0.559026
24 17 0.628907
24 18 0.610811
24 19 0.500000
24 20 0.633783
24 21 0.560483
24 22 0.490678
24 23 0.648519
24 24 0.585487
24 25 0.572375
25 1 0.505926
25 2 0.763449
25 3 0.615272
25 4 0.501510
25 5 0.570137
25 6 0.793563
25 7 0.505742
25 8 0.536681
25 9 0.578112
25 10 0.492523
25 11 0.593881
25 12 0.529544
25 13 0.578788
25 14 0.718599
25 15 0.557090
25 16 0.458289
25 17 0.580720
25 18 0.616517
25 19 0.500000
25 20 0.539239
25 21 0.531770
25 22 0.502883
25 23 0.599206
25 24 0.572375
25 25 0.577682
26 2 0.971806
26 6 0.982099
26 7 0.516400
26 8 0.621451
26 10 0.499212
26 12 0.570468
26 15 0.725719
26 16 0.617730
26 17 0.765016
26 19 0.500002
26 20 0.756178
26 21 0.869202
26 22 0.524178
26 23 0.801530
26 26 0.890921
