1 26 0.765313
3 17 0.894105
3 26 0.860212
4 22 0.559689
4 26 0.633085
5 26 0.773224
9 26 0.600979
11 26 0.855344
13 26 0.800735
14 26 0.962716
17 3 0.894105
18 26 0.834858
22 4 0.559689
24 26 0.775956
25 26 0.780607
26 1 0.765313
26 3 0.860212
26 4 0.633085
26 5 0.773224
26 9 0.600979
26 11 0.855344
26 13 0.800735
26 14 0.962716
26 18 0.834858
26 24 0.775956
26 25 0.780607
1 1 0.597075
1 2 0.909704
1 3 0.645485
1 4 0.542584
1 5 0.599997
1 6 0.960426
1 7 0.528140
1 8 0.575803
1 9 0.534374
1 10 0.530995
1 11 0.643609
1 12 0.603644
1 13 0.612296
1 14 0.746335
1 15 0.676950
1 16 0.674787
1 17 0.645485
1 18 0.629260
1 19 0.500002
1 20 0.681019
1 21 0.899201
1 22 0.599922
1 23 0.716963
1 24 0.600579
1 25 0.603925
2 1 0.909704
2 2 1.000000
2 3 0.980325
2 4 0.716381
2 5 0.912138
2 6 1.000000
2 7 0.656059
2 8 0.773287
2 9 0.746615
2 10 0.727128
2 11 0.949496
2 12 0.897493
2 13 0.939023
2 14 0.992212
2 15 0.999481
2 16 0.992121
2 17 0.980325
2 18 0.950365
2 19 0.500016
2 20 0.984734
2 21 1.000000
2 22 0.921706
2 23 0.997713
2 24 0.917199
2 25 0.906939
2 26 0.999146
3 1 0.645485
3 2 0.980325
3 3 0.894105
3 4 0.585616
3 5 0.645999
3 6 0.982514
3 7 0.569632
3 8 0.642670
3 9 0.600959
3 10 0.566245
3 11 0.699679
3 12 0.626343
3 13 0.671582
3 14 0.803982
3 15 0.838539
3 16 0.805411
3 18 0.704680
3 19 0.500005
3 20 0.809614
3 21 0.973332
3 22 0.552223
3 23 0.922499
3 24 0.657575
3 25 0.651555
4 1 0.542584
4 2 0.716381
4 3 0.585616
4 4 0.554570
4 5 0.548218
4 6 0.925757
4 7 0.516523
4 8 0.529655
4 9 0.523338
4 10 0.502453
4 11 0.574030
4 12 0.549935
4 13 0.548106
4 14 0.601520
4 15 0.641280
4 16 0.590434
4 17 0.585616
4 18 0.559835
4 19 0.500001
4 20 0.529850
4 21 0.781992
4 23 0.622331
4 24 0.549026
4 25 0.541947
5 1 0.599997
5 2 0.912138
5 3 0.645999
5 4 0.548218
5 5 0.604305
5 6 0.967422
5 7 0.529463
5 8 0.579416
5 9 0.535493
5 10 0.529706
5 11 0.648772
5 12 0.608277
5 13 0.615745
5 14 0.754612
5 15 0.687693
5 16 0.679897
5 17 0.645999
5 18 0.634680
5 19 0.500002
5 20 0.678502
5 21 0.907328
5 22 0.606458
5 23 0.725913
5 24 0.604047
5 25 0.606933
6 1 0.960426
6 2 1.000000
6 3 0.982514
6 4 0.925757
6 5 0.967422
6 6 1.000000
6 7 0.691779
6 8 0.942055
6 9 0.728008
6 10 0.710919
6 11 0.993538
6 12 0.990990
6 13 0.978139
6 14 0.999819
6 15 0.999954
6 16 0.999074
6 17 0.982514
6 18 0.968676
6 19 0.500028
6 20 0.966200
6 21 1.000000
6 22 0.993543
6 23 0.999676
6 24 0.971007
6 25 0.960891
6 26 0.999966
7 1 0.528140
7 2 0.656059
7 3 0.569632
7 4 0.516523
7 5 0.529463
7 6 0.691779
7 7 0.517590
7 8 0.522211
7 9 0.509488
7 10 0.509731
7 11 0.547437
7 12 0.527214
7 13 0.533508
7 14 0.577557
7 15 0.579773
7 16 0.540697
7 17 0.569632
7 18 0.541329
7 19 0.500001
7 20 0.561478
7 21 0.683944
7 22 0.512431
7 23 0.641588
7 24 0.530638
7 25 0.529542
7 26 0.587822
8 1 0.575803
8 2 0.773287
8 3 0.642670
8 4 0.529655
8 5 0.579416
8 6 0.942055
8 7 0.522211
8 8 0.644879
8 9 0.508493
8 10 0.531059
8 11 0.616658
8 12 0.643516
8 13 0.595594
8 14 0.773045
8 15 0.589546
8 16 0.652106
8 17 0.642670
8 18 0.590896
8 19 0.500004
8 20 0.671218
8 21 0.791524
8 22 0.591341
8 23 0.761311
8 24 0.582458
8 25 0.586973
8 26 0.720787
9 1 0.534374
9 2 0.746615
9 3 0.600959
9 4 0.523338
9 5 0.535493
9 6 0.728008
9 7 0.509488
9 8 0.508493
9 9 0.536534
9 10 0.511917
9 11 0.543930
9 12 0.503594
9 13 0.536965
9 14 0.549644
9 15 0.613310
9 16 0.603778
9 17 0.600959
9 18 0.553332
9 19 0.500000
9 20 0.556315
9 21 0.706706
9 22 0.515586
9 23 0.538598
9 24 0.534106
9 25 0.534141
10 1 0.530995
10 2 0.727128
10 3 0.566245
10 4 0.502453
10 5 0.529706
10 6 0.710919
10 7 0.509731
10 8 0.531059
10 9 0.511917
10 10 0.524014
10 11 0.539825
10 12 0.534639
10 13 0.537593
10 14 0.590061
10 15 0.574807
10 16 0.575856
10 17 0.566245
10 18 0.532574
10 19 0.500002
10 20 0.587848
10 21 0.688112
10 22 0.514247
10 23 0.604297
10 24 0.530733
10 25 0.532609
10 26 0.590550
11 1 0.643609
11 2 0.949496
11 3 0.699679
11 4 0.574030
11 5 0.648772
11 6 0.993538
11 7 0.547437
11 8 0.616658
11 9 0.543930
11 10 0.539825
11 11 0.728891
11 12 0.660287
11 13 0.662528
11 14 0.846781
11 15 0.726524
11 16 0.741644
11 17 0.699679
11 18 0.687321
11 19 0.500003
11 20 0.750241
11 21 0.963461
11 22 0.650239
11 23 0.804198
11 24 0.648570
11 25 0.654713
12 1 0.603644
12 2 0.897493
12 3 0.626343
12 4 0.549935
12 5 0.608277
12 6 0.990990
12 7 0.527214
12 8 0.643516
12 9 0.503594
12 10 0.534639
12 11 0.660287
12 12 0.701992
12 13 0.630072
12 14 0.805012
12 15 0.662637
12 16 0.663202
12 17 0.626343
12 18 0.620332
12 19 0.500005
12 20 0.677671
12 21 0.912206
12 22 0.669186
12 23 0.821634
12 24 0.616866
12 25 0.611513
12 26 0.785237
13 1 0.612296
13 2 0.939023
13 3 0.671582
13 4 0.548106
13 5 0.615745
13 6 0.978139
13 7 0.533508
13 8 0.595594
13 9 0.536965
13 10 0.537593
13 11 0.662528
13 12 0.630072
13 13 0.632439
13 14 0.780839
13 15 0.709385
13 16 0.695076
13 17 0.671582
13 18 0.649170
13 19 0.500003
13 20 0.706580
13 21 0.926988
13 22 0.620704
13 23 0.776834
13 24 0.618194
13 25 0.620480
14 1 0.746335
14 2 0.992212
14 3 0.803982
14 4 0.601520
14 5 0.754612
14 6 0.999819
14 7 0.577557
14 8 0.773045
14 9 0.549644
14 10 0.590061
14 11 0.846781
14 12 0.805012
14 13 0.780839
14 14 0.979470
14 15 0.786589
14 16 0.871168
14 17 0.803982
14 18 0.790430
14 19 0.500010
14 20 0.908962
14 21 0.995054
14 22 0.754258
14 23 0.943581
14 24 0.752810
14 25 0.768313
15 1 0.676950
15 2 0.999481
15 3 0.838539
15 4 0.641280
15 5 0.687693
15 6 0.999954
15 7 0.579773
15 8 0.589546
15 9 0.613310
15 10 0.574807
15 11 0.726524
15 12 0.662637
15 13 0.709385
15 14 0.786589
15 15 0.984942
15 16 0.830402
15 17 0.838539
15 18 0.737185
15 19 0.500008
15 20 0.647364
15 21 0.998939
15 22 0.699131
15 23 0.951318
15 24 0.694615
15 25 0.659570
15 26 0.923409
16 1 0.674787
16 2 0.992121
16 3 0.805411
16 4 0.590434
16 5 0.679897
16 6 0.999074
16 7 0.540697
16 8 0.652106
16 9 0.603778
16 10 0.575856
16 11 0.741644
16 12 0.663202
16 13 0.695076
16 14 0.871168
16 15 0.830402
16 16 0.898877
16 17 0.805411
16 18 0.690040
16 19 0.500003
16 20 0.823381
16 21 0.988577
16 22 0.648361
16 23 0.756360
16 24 0.671933
16 25 0.679682
16 26 0.894984
17 1 0.645485
17 2 0.980325
17 4 0.585616
17 5 0.645999
17 6 0.982514
17 7 0.569632
17 8 0.642670
17 9 0.600959
17 10 0.566245
17 11 0.699679
17 12 0.626343
17 13 0.671582
17 14 0.803982
17 15 0.838539
17 16 0.805411
17 17 0.894105
17 18 0.704680
17 19 0.500005
17 20 0.809614
17 21 0.973332
17 22 0.552223
17 23 0.922499
17 24 0.657575
17 25 0.651555
17 26 0.860212
18 1 0.629260
18 2 0.950365
18 3 0.704680
18 4 0.559835
18 5 0.634680
18 6 0.968676
18 7 0.541329
18 8 0.590896
18 9 0.553332
18 10 0.532574
18 11 0.687321
18 12 0.620332
18 13 0.649170
18 14 0.790430
18 15 0.737185
18 16 0.690040
18 17 0.704680
18 18 0.704707
18 19 0.500002
18 20 0.717552
18 21 0.936765
18 22 0.632502
18 23 0.791235
18 24 0.636097
18 25 0.642125
19 1 0.500002
19 2 0.500016
19 3 0.500005
19 4 0.500001
19 5 0.500002
19 6 0.500028
19 7 0.500001
19 8 0.500004
19 9 0.500000
19 10 0.500002
19 11 0.500003
19 12 0.500005
19 13 0.500003
19 14 0.500010
19 15 0.500008
19 16 0.500003
19 17 0.500005
19 18 0.500002
19 19 0.500000
19 20 0.500005
19 21 0.500016
19 22 0.500003
19 23 0.500020
19 24 0.500003
19 25 0.500002
19 26 0.500008
20 1 0.681019
20 2 0.984734
20 3 0.809614
20 4 0.529850
20 5 0.678502
20 6 0.966200
20 7 0.561478
20 8 0.671218
20 9 0.556315
20 10 0.587848
20 11 0.750241
20 12 0.677671
20 13 0.706580
20 14 0.908962
20 15 0.647364
20 16 0.823381
20 17 0.809614
20 18 0.717552
20 19 0.500005
20 20 0.917809
20 21 0.976096
20 22 0.584448
20 23 0.884420
20 24 0.678304
20 25 0.701378
20 26 0.893074
21 1 0.899201
21 2 1.000000
21 3 0.973332
21 4 0.781992
21 5 0.907328
21 6 1.000000
21 7 0.683944
21 8 0.791524
21 9 0.706706
21 10 0.688112
21 11 0.963461
21 12 0.912206
21 13 0.926988
21 14 0.995054
21 15 0.998939
21 16 0.988577
21 17 0.973332
21 18 0.936765
21 19 0.500016
21 20 0.976096
21 21 1.000000
21 22 0.912396
21 23 0.998446
21 24 0.909787
21 25 0.895699
21 26 0.998753
22 1 0.599922
22 2 0.921706
22 3 0.552223
22 5 0.606458
22 6 0.993543
22 7 0.512431
22 8 0.591341
22 9 0.515586
22 10 0.514247
22 11 0.650239
22 12 0.669186
22 13 0.620704
22 14 0.754258
22 15 0.699131
22 16 0.648361
22 17 0.552223
22 18 0.632502
22 19 0.500003
22 20 0.584448
22 21 0.912396
22 22 0.718440
22 23 0.699174
22 24 0.612192
22 25 0.603195
22 26 0.783654
23 1 0.716963
23 2 0.997713
23 3 0.922499
23 4 0.622331
23 5 0.725913
23 6 0.999676
23 7 0.641588
23 8 0.761311
23 9 0.538598
23 10 0.604297
23 11 0.804198
23 12 0.821634
23 13 0.776834
23 14 0.943581
23 15 0.951318
23 16 0.756360
23 17 0.922499
23 18 0.791235
23 19 0.500020
23 20 0.884420
23 21 0.998446
23 22 0.699174
23 23 0.998946
23 24 0.752862
23 25 0.726700
23 26 0.956598
24 1 0.600579
24 2 0.917199
24 3 0.657575
24 4 0.549026
24 5 0.604047
24 6 0.971007
24 7 0.530638
24 8 0.582458
24 9 0.534106
24 10 0.530733
24 11 0.648570
24 12 0.616866
24 13 0.618194
24 14 0.752810
24 15 0.694615
24 16 0.671933
24 17 0.657575
24 18 0.636097
24 19 0.500003
24 20 0.678304
24 21 0.909787
24 22 0.612192
24 23 0.752862
24 24 0.607002
24 25 0.607373
25 1 0.603925
25 2 0.906939
25 3 0.651555
25 4 0.541947
25 5 0.606933
25 6 0.960891
25 7 0.529542
25 8 0.586973
25 9 0.534141
25 10 0.532609
25 11 0.654713
25 12 0.611513
25 13 0.620480
25 14 0.768313
25 15 0.659570
25 16 0.679682
25 17 0.651555
25 18 0.642125
25 19 0.500002
25 20 0.701378
25 21 0.895699
25 22 0.603195
25 23 0.726700
25 24 0.607373
25 25 0.614637
26 2 0.999146
26 6 0.999966
26 7 0.587822
26 8 0.720787
26 10 0.590550
26 12 0.785237
26 15 0.923409
26 16 0.894984
26 17 0.860212
26 19 0.500008
26 20 0.893074
26 21 0.998753
26 22 0.783654
26 23 0.956598
26 26 0.974466
