1 26 0.634972
3 17 0.688879
3 26 0.759659
4 22 0.523185
4 26 0.621294
5 26 0.542898
9 26 0.650387
11 26 0.678537
13 26 0.645444
14 26 0.778306
17 3 0.688879
18 26 0.811150
22 4 0.523185
24 26 0.649198
25 26 0.634294
26 1 0.634972
26 3 0.759659
26 4 0.621294
26 5 0.542898
26 9 0.650387
26 11 0.678537
26 13 0.645444
26 14 0.778306
26 18 0.811150
26 24 0.649198
26 25 0.634294
1 1 0.552667
1 2 0.754374
1 3 0.611815
1 4 0.547475
1 5 0.512895
1 6 0.734856
1 7 0.509099
1 8 0.583493
1 9 0.557624
1 10 0.510964
1 11 0.570290
1 12 0.549698
1 13 0.556444
1 14 0.614064
1 15 0.602367
1 16 0.637038
1 17 0.588426
1 18 0.625059
1 19 0.500000
1 20 0.612717
1 21 0.734867
1 22 0.518608
1 23 0.714033
1 24 0.558752
1 25 0.552503
2 1 0.754374
2 2 1.000000
2 3 0.926204
2 4 0.676225
2 5 0.620522
2 6 0.846284
2 7 0.628484
2 8 0.959595
2 9 0.895783
2 10 0.586992
2 11 0.875880
2 12 0.605173
2 13 0.761445
2 14 0.755085
2 15 0.762229
2 16 0.973174
2 17 0.925311
2 18 0.998620
2 19 0.500017
2 20 0.870796
2 21 0.999575
2 22 0.543582
2 23 0.998609
2 24 0.754991
2 25 0.794506
2 26 0.947187
3 1 0.611815
3 2 0.926204
3 3 0.754197
3 4 0.606376
3 5 0.521644
3 6 0.815418
3 7 0.515393
3 8 0.708809
3 9 0.634420
3 10 0.521360
3 11 0.643907
3 12 0.602172
3 13 0.617990
3 14 0.717268
3 15 0.723100
3 16 0.802357
3 18 0.695481
3 19 0.499999
3 20 0.765216
3 21 0.881472
3 22 0.541564
3 23 0.927429
3 24 0.625531
3 25 0.609811
4 1 0.547475
4 2 0.676225
4 3 0.606376
4 4 0.549980
4 5 0.510755
4 6 0.722435
4 7 0.505666
4 8 0.569353
4 9 0.548224
4 10 0.508305
4 11 0.563396
4 12 0.554244
4 13 0.553680
4 14 0.603381
4 15 0.600234
4 16 0.622700
4 17 0.573137
4 18 0.553168
4 19 0.499999
4 20 0.613903
4 21 0.675093
4 23 0.692503
4 24 0.555987
4 25 0.546385
5 1 0.512895
5 2 0.620522
5 3 0.521644
5 4 0.510755
5 5 0.542416
5 6 0.539344
5 7 0.512294
5 8 0.507460
5 9 0.545095
5 10 0.506143
5 11 0.520748
5 12 0.498491
5 13 0.515155
5 14 0.540590
5 15 0.517353
5 16 0.547336
5 17 0.518444
5 18 0.633592
5 19 0.500000
5 20 0.523263
5 21 0.544270
5 22 0.505149
5 23 0.491256
5 24 0.511316
5 25 0.512953
6 1 0.734856
6 2 0.846284
6 3 0.815418
6 4 0.722435
6 5 0.539344
6 6 0.999999
6 7 0.495504
6 8 0.695574
6 9 0.652603
6 10 0.587628
6 11 0.848956
6 12 0.781692
6 13 0.758493
6 14 0.952797
6 15 0.928262
6 16 0.936665
6 17 0.906062
6 18 0.982082
6 19 0.500002
6 20 0.753321
6 21 0.996686
6 22 0.597411
6 23 0.840427
6 24 0.749539
6 25 0.739889
6 26 0.945866
7 1 0.509099
7 2 0.628484
7 3 0.515393
7 4 0.505666
7 5 0.512294
7 6 0.495504
7 7 0.516885
7 8 0.502593
7 9 0.519258
7 10 0.505292
7 11 0.505056
7 12 0.500933
7 13 0.509898
7 14 0.520190
7 15 0.498251
7 16 0.497118
7 17 0.500221
7 18 0.529025
7 19 0.500001
7 20 0.509315
7 21 0.505215
7 22 0.501508
7 23 0.468864
7 24 0.512872
7 25 0.511426
7 26 0.525194
8 1 0.583493
8 2 0.959595
8 3 0.708809
8 4 0.569353
8 5 0.507460
8 6 0.695574
8 7 0.502593
8 8 0.741714
8 9 0.622373
8 10 0.523209
8 11 0.635720
8 12 0.562426
8 13 0.581052
8 14 0.615346
8 15 0.697827
8 16 0.807962
8 17 0.705655
8 18 0.795417
8 19 0.500002
8 20 0.737303
8 21 0.910773
8 22 0.520676
8 23 0.947083
8 24 0.581075
8 25 0.587957
8 26 0.694185
9 1 0.557624
9 2 0.895783
9 3 0.634420
9 4 0.548224
9 5 0.545095
9 6 0.652603
9 7 0.519258
9 8 0.622373
9 9 0.624661
9 10 0.511922
9 11 0.581165
9 12 0.524717
9 13 0.560142
9 14 0.620368
9 15 0.588260
9 16 0.700399
9 17 0.615130
9 18 0.724861
9 19 0.500001
9 20 0.604651
9 21 0.744613
9 22 0.516238
9 23 0.746270
9 24 0.559663
9 25 0.556916
10 1 0.510964
10 2 0.586992
10 3 0.521360
10 4 0.508305
10 5 0.506143
10 6 0.587628
10 7 0.505292
10 8 0.523209
10 9 0.511922
10 10 0.511539
10 11 0.517963
10 12 0.509900
10 13 0.510444
10 14 0.521307
10 15 0.541573
10 16 0.549419
10 17 0.532675
10 18 0.568965
10 19 0.500001
10 20 0.524731
10 21 0.569245
10 22 0.502082
10 23 0.541169
10 24 0.511208
10 25 0.513016
10 26 0.527599
11 1 0.570290
11 2 0.875880
11 3 0.643907
11 4 0.563396
11 5 0.520748
11 6 0.848956
11 7 0.505056
11 8 0.635720
11 9 0.581165
11 10 0.517963
11 11 0.619888
11 12 0.568359
11 13 0.575485
11 14 0.625658
11 15 0.649971
11 16 0.713795
11 17 0.653556
11 18 0.763503
11 19 0.500001
11 20 0.654012
11 21 0.865662
11 22 0.526588
11 23 0.815853
11 24 0.571030
11 25 0.574036
12 1 0.549698
12 2 0.605173
12 3 0.602172
12 4 0.554244
12 5 0.498491
12 6 0.781692
12 7 0.500933
12 8 0.562426
12 9 0.524717
12 10 0.509900
12 11 0.568359
12 12 0.577902
12 13 0.558962
12 14 0.598012
12 15 0.621688
12 16 0.609481
12 17 0.571442
12 18 0.523056
12 19 0.499999
12 20 0.628550
12 21 0.710811
12 22 0.528019
12 23 0.680509
12 24 0.560851
12 25 0.550381
12 26 0.626561
13 1 0.556444
13 2 0.761445
13 3 0.617990
13 4 0.553680
13 5 0.515155
13 6 0.758493
13 7 0.509898
13 8 0.581052
13 9 0.560142
13 10 0.510444
13 11 0.575485
13 12 0.558962
13 13 0.563365
13 14 0.621135
13 15 0.605812
13 16 0.635341
13 17 0.583933
13 18 0.609312
13 19 0.500000
13 20 0.617243
13 21 0.728578
13 22 0.523020
13 23 0.702824
13 24 0.565376
13 25 0.557028
14 1 0.614064
14 2 0.755085
14 3 0.717268
14 4 0.603381
14 5 0.540590
14 6 0.952797
14 7 0.520190
14 8 0.615346
14 9 0.620368
14 10 0.521307
14 11 0.625658
14 12 0.598012
14 13 0.621135
14 14 0.810092
14 15 0.721212
14 16 0.749883
14 17 0.652259
14 18 0.701198
14 19 0.499999
14 20 0.707326
14 21 0.826456
14 22 0.535297
14 23 0.803824
14 24 0.631092
14 25 0.606084
15 1 0.602367
15 2 0.762229
15 3 0.723100
15 4 0.600234
15 5 0.517353
15 6 0.928262
15 7 0.498251
15 8 0.697827
15 9 0.588260
15 10 0.541573
15 11 0.649971
15 12 0.621688
15 13 0.605812
15 14 0.721212
15 15 0.838143
15 16 0.837604
15 17 0.695100
15 18 0.751538
15 19 0.500000
15 20 0.808955
15 21 0.917848
15 22 0.536820
15 23 0.928687
15 24 0.608056
15 25 0.606888
15 26 0.738279
16 1 0.637038
16 2 0.973174
16 3 0.802357
16 4 0.622700
16 5 0.547336
16 6 0.936665
16 7 0.497118
16 8 0.807962
16 9 0.700399
16 10 0.549419
16 11 0.713795
16 12 0.609481
16 13 0.635341
16 14 0.749883
16 15 0.837604
16 16 0.932158
16 17 0.821044
16 18 0.921652
16 19 0.500000
16 20 0.816800
16 21 0.971972
16 22 0.541785
16 23 0.979975
16 24 0.631813
16 25 0.635071
16 26 0.805431
17 1 0.588426
17 2 0.925311
17 4 0.573137
17 5 0.518444
17 6 0.906062
17 7 0.500221
17 8 0.705655
17 9 0.615130
17 10 0.532675
17 11 0.653556
17 12 0.571442
17 13 0.583933
17 14 0.652259
17 15 0.695100
17 16 0.821044
17 17 0.764916
17 18 0.879691
17 19 0.500001
17 20 0.688203
17 21 0.940373
17 22 0.526821
17 23 0.911539
17 24 0.579472
17 25 0.585582
17 26 0.715147
18 1 0.625059
18 2 0.998620
18 3 0.695481
18 4 0.553168
18 5 0.633592
18 6 0.982082
18 7 0.529025
18 8 0.795417
18 9 0.724861
18 10 0.568965
18 11 0.763503
18 12 0.523056
18 13 0.609312
18 14 0.701198
18 15 0.751538
18 16 0.921652
18 17 0.879691
18 18 0.999029
18 19 0.500008
18 20 0.724957
18 21 0.997509
18 22 0.497461
18 23 0.955711
18 24 0.573242
18 25 0.642601
19 1 0.500000
19 2 0.500017
19 3 0.499999
19 4 0.499999
19 5 0.500000
19 6 0.500002
19 7 0.500001
19 8 0.500002
19 9 0.500001
19 10 0.500001
19 11 0.500001
19 12 0.499999
19 13 0.500000
19 14 0.499999
19 15 0.500000
19 16 0.500000
19 17 0.500001
19 18 0.500008
19 19 0.500000
19 20 0.499998
19 21 0.500008
19 22 0.499999
19 23 0.500000
19 24 0.500000
19 25 0.500001
19 26 0.500000
20 1 0.612717
20 2 0.870796
20 3 0.765216
20 4 0.613903
20 5 0.523263
20 6 0.753321
20 7 0.509315
20 8 0.737303
20 9 0.604651
20 10 0.524731
20 11 0.654012
20 12 0.628550
20 13 0.617243
20 14 0.707326
20 15 0.808955
20 16 0.816800
20 17 0.688203
20 18 0.724957
20 19 0.499998
20 20 0.880981
20 21 0.921547
20 22 0.546911
20 23 0.970994
20 24 0.622158
20 25 0.615443
20 26 0.756365
21 1 0.734867
21 2 0.999575
21 3 0.881472
21 4 0.675093
21 5 0.544270
21 6 0.996686
21 7 0.505215
21 8 0.910773
21 9 0.744613
21 10 0.569245
21 11 0.865662
21 12 0.710811
21 13 0.728578
21 14 0.826456
21 15 0.917848
21 16 0.971972
21 17 0.940373
21 18 0.997509
21 19 0.500008
21 20 0.921547
21 21 0.999946
21 22 0.563010
21 23 0.998519
21 24 0.706077
21 25 0.746533
21 26 0.936326
22 1 0.518608
22 2 0.543582
22 3 0.541564
22 5 0.505149
22 6 0.597411
22 7 0.501508
22 8 0.520676
22 9 0.516238
22 10 0.502082
22 11 0.526588
22 12 0.528019
22 13 0.523020
22 14 0.535297
22 15 0.536820
22 16 0.541785
22 17 0.526821
22 18 0.497461
22 19 0.499999
22 20 0.546911
22 21 0.563010
22 22 0.513686
22 23 0.563217
22 24 0.523104
22 25 0.517616
22 26 0.548977
23 1 0.714033
23 2 0.998609
23 3 0.927429
23 4 0.692503
23 5 0.491256
23 6 0.840427
23 7 0.468864
23 8 0.947083
23 9 0.746270
23 10 0.541169
23 11 0.815853
23 12 0.680509
23 13 0.702824
23 14 0.803824
23 15 0.928687
23 16 0.979975
23 17 0.911539
23 18 0.955711
23 19 0.500000
23 20 0.970994
23 21 0.998519
23 22 0.563217
23 23 0.999906
23 24 0.703202
23 25 0.713545
23 26 0.898765
24 1 0.558752
24 2 0.754991
24 3 0.625531
24 4 0.555987
24 5 0.511316
24 6 0.749539
24 7 0.512872
24 8 0.581075
24 9 0.559663
24 10 0.511208
24 11 0.571030
24 12 0.560851
24 13 0.565376
24 14 0.631092
24 15 0.608056
24 16 0.631813
24 17 0.579472
24 18 0.573242
24 19 0.500000
24 20 0.622158
24 21 0.706077
24 22 0.523104
24 23 0.703202
24 24 0.570519
24 25 0.558731
25 1 0.552503
25 2 0.794506
25 3 0.609811
25 4 0.546385
25 5 0.512953
25 6 0.739889
25 7 0.511426
25 8 0.587957
25 9 0.556916
25 10 0.513016
25 11 0.574036
25 12 0.550381
25 13 0.557028
25 14 0.606084
25 15 0.606888
25 16 0.635071
25 17 0.585582
25 18 0.642601
25 19 0.500001
25 20 0.615443
25 21 0.746533
25 22 0.517616
25 23 0.713545
25 24 0.558731
25 25 0.555700
26 2 0.947187
26 6 0.945866
26 7 0.525194
26 8 0.694185
26 10 0.527599
26 12 0.626561
26 15 0.738279
26 16 0.805431
26 17 0.715147
26 19 0.500000
26 20 0.756365
26 21 0.936326
26 22 0.548977
26 23 0.898765
26 26 0.813407
