1 26 0.560329
3 17 0.647112
3 26 0.612189
4 22 0.574708
4 26 0.532334
5 26 0.555196
9 26 0.522199
11 26 0.613916
13 26 0.540680
14 26 0.677008
17 3 0.647112
18 26 0.611291
22 4 0.574708
24 26 0.560337
25 26 0.545649
26 1 0.560329
26 3 0.612189
26 4 0.532334
26 5 0.555196
26 9 0.522199
26 11 0.613916
26 13 0.540680
26 14 0.677008
26 18 0.611291
26 24 0.560337
26 25 0.545649
1 1 0.524942
1 2 0.667086
1 3 0.538244
1 4 0.499998
1 5 0.522196
1 6 0.626918
1 7 0.504338
1 8 0.514720
1 9 0.505600
1 10 0.506324
1 11 0.527982
1 12 0.521067
1 13 0.516626
1 14 0.563887
1 15 0.540663
1 16 0.596246
1 17 0.528568
1 18 0.544574
1 19 0.500001
1 20 0.571439
1 21 0.606160
1 22 0.499998
1 23 0.515526
1 24 0.527862
1 25 0.517520
2 1 0.667086
2 2 0.999983
2 3 0.872572
2 4 0.563021
2 5 0.625993
2 6 0.996552
2 7 0.576279
2 8 0.697182
2 9 0.690182
2 10 0.608544
2 11 0.698267
2 12 0.757606
2 13 0.511725
2 14 0.845806
2 15 0.970734
2 16 0.979481
2 17 0.876425
2 18 0.779701
2 19 0.500018
2 20 0.933408
2 21 0.997806
2 22 0.563021
2 23 0.597837
2 24 0.655883
2 25 0.595607
2 26 0.880535
3 1 0.538244
3 2 0.872572
3 3 0.642910
3 4 0.531470
3 5 0.534392
3 6 0.892975
3 7 0.517228
3 8 0.536915
3 9 0.510831
3 10 0.517386
3 11 0.672933
3 12 0.589934
3 13 0.539855
3 14 0.618214
3 15 0.706424
3 16 0.695895
3 18 0.562371
3 19 0.500002
3 20 0.662048
3 21 0.831500
3 22 0.531470
3 23 0.488121
3 24 0.533769
3 25 0.522788
4 1 0.499998
4 2 0.563021
4 3 0.531470
4 4 0.574708
4 5 0.507600
4 6 0.843321
4 7 0.525022
4 8 0.518520
4 9 0.503062
4 10 0.513669
4 11 0.649489
4 12 0.572230
4 13 0.534485
4 14 0.539543
4 15 0.566208
4 16 0.515386
4 17 0.538990
4 18 0.501280
4 19 0.500002
4 20 0.576176
4 21 0.565027
4 23 0.528520
4 24 0.494028
4 25 0.507404
5 1 0.522196
5 2 0.625993
5 3 0.534392
5 4 0.507600
5 5 0.523231
5 6 0.647478
5 7 0.505316
5 8 0.513329
5 9 0.495538
5 10 0.504437
5 11 0.559703
5 12 0.524709
5 13 0.525515
5 14 0.558161
5 15 0.525211
5 16 0.583921
5 17 0.524703
5 18 0.540503
5 19 0.500001
5 20 0.566014
5 21 0.571741
5 22 0.507600
5 23 0.514416
5 24 0.525440
5 25 0.518421
6 1 0.626918
6 2 0.996552
6 3 0.892975
6 4 0.843321
6 5 0.647478
6 6 1.000000
6 7 0.681285
6 8 0.749852
6 9 0.462969
6 10 0.643790
6 11 0.993970
6 12 0.932537
6 13 0.841602
6 14 0.890069
6 15 0.904852
6 16 0.925824
6 17 0.899000
6 18 0.650356
6 19 0.500010
6 20 0.973865
6 21 0.915802
6 22 0.843321
6 23 0.460104
6 24 0.627784
6 25 0.609042
6 26 0.854549
7 1 0.504338
7 2 0.576279
7 3 0.517228
7 4 0.525022
7 5 0.505316
7 6 0.681285
7 7 0.514450
7 8 0.513938
7 9 0.506422
7 10 0.508006
7 11 0.553312
7 12 0.530568
7 13 0.516401
7 14 0.516881
7 15 0.525697
7 16 0.534333
7 17 0.518799
7 18 0.505965
7 19 0.500001
7 20 0.545557
7 21 0.516124
7 22 0.525022
7 23 0.509977
7 24 0.504424
7 25 0.503203
7 26 0.517605
8 1 0.514720
8 2 0.697182
8 3 0.536915
8 4 0.518520
8 5 0.513329
8 6 0.749852
8 7 0.513938
8 8 0.562163
8 9 0.519055
8 10 0.521562
8 11 0.519349
8 12 0.558622
8 13 0.512629
8 14 0.520746
8 15 0.545939
8 16 0.589489
8 17 0.537405
8 18 0.529858
8 19 0.500002
8 20 0.603557
8 21 0.519115
8 22 0.518520
8 23 0.510937
8 24 0.519960
8 25 0.506967
8 26 0.540434
9 1 0.505600
9 2 0.690182
9 3 0.510831
9 4 0.503062
9 5 0.495538
9 6 0.462969
9 7 0.506422
9 8 0.519055
9 9 0.573011
9 10 0.510670
9 11 0.420143
9 12 0.508318
9 13 0.470681
9 14 0.512308
9 15 0.634868
9 16 0.538784
9 17 0.516254
9 18 0.512843
9 19 0.500002
9 20 0.530460
9 21 0.662096
9 22 0.503062
9 23 0.550097
9 24 0.503782
9 25 0.494059
10 1 0.506324
10 2 0.608544
10 3 0.517386
10 4 0.513669
10 5 0.504437
10 6 0.643790
10 7 0.508006
10 8 0.521562
10 9 0.510670
10 10 0.511399
10 11 0.507139
10 12 0.526879
10 13 0.503321
10 14 0.517541
10 15 0.527732
10 16 0.534181
10 17 0.518434
10 18 0.512017
10 19 0.500001
10 20 0.546783
10 21 0.533331
10 22 0.513669
10 23 0.506947
10 24 0.506359
10 25 0.503724
10 26 0.521416
11 1 0.527982
11 2 0.698267
11 3 0.672933
11 4 0.649489
11 5 0.559703
11 6 0.993970
11 7 0.553312
11 8 0.519349
11 9 0.420143
11 10 0.507139
11 11 0.953625
11 12 0.689163
11 13 0.692984
11 14 0.667967
11 15 0.683566
11 16 0.619206
11 17 0.676497
11 18 0.522161
11 19 0.500001
11 20 0.708325
11 21 0.638321
11 22 0.649489
11 23 0.499062
11 24 0.523961
11 25 0.538836
12 1 0.521067
12 2 0.757606
12 3 0.589934
12 4 0.572230
12 5 0.524709
12 6 0.932537
12 7 0.530568
12 8 0.558622
12 9 0.508318
12 10 0.526879
12 11 0.689163
12 12 0.629493
12 13 0.551918
12 14 0.592200
12 15 0.635630
12 16 0.635288
12 17 0.594477
12 18 0.533856
12 19 0.500003
12 20 0.675491
12 21 0.650287
12 22 0.572230
12 23 0.512038
12 24 0.519659
12 25 0.513883
12 26 0.579881
13 1 0.516626
13 2 0.511725
13 3 0.539855
13 4 0.534485
13 5 0.525515
13 6 0.841602
13 7 0.516401
13 8 0.512629
13 9 0.470681
13 10 0.503321
13 11 0.692984
13 12 0.551918
13 13 0.583046
13 14 0.551823
13 15 0.498158
13 16 0.539520
13 17 0.531160
13 18 0.521088
13 19 0.500000
13 20 0.559752
13 21 0.437861
13 22 0.534485
13 23 0.525411
13 24 0.523837
13 25 0.518944
14 1 0.563887
14 2 0.845806
14 3 0.618214
14 4 0.539543
14 5 0.558161
14 6 0.890069
14 7 0.516881
14 8 0.520746
14 9 0.512308
14 10 0.517541
14 11 0.667967
14 12 0.592200
14 13 0.551823
14 14 0.745043
14 15 0.642247
14 16 0.716176
14 17 0.595680
14 18 0.594597
14 19 0.500004
14 20 0.729816
14 21 0.801430
14 22 0.539543
14 23 0.500110
14 24 0.559466
14 25 0.543399
15 1 0.540663
15 2 0.970734
15 3 0.706424
15 4 0.566208
15 5 0.525211
15 6 0.904852
15 7 0.525697
15 8 0.545939
15 9 0.634868
15 10 0.527732
15 11 0.683566
15 12 0.635630
15 13 0.498158
15 14 0.642247
15 15 0.933075
15 16 0.744503
15 17 0.729778
15 18 0.584842
15 19 0.500004
15 20 0.700135
15 21 0.982088
15 22 0.566208
15 23 0.613583
15 24 0.522235
15 25 0.512159
15 26 0.654849
16 1 0.596246
16 2 0.979481
16 3 0.695895
16 4 0.515386
16 5 0.583921
16 6 0.925824
16 7 0.534333
16 8 0.589489
16 9 0.538784
16 10 0.534181
16 11 0.619206
16 12 0.635288
16 13 0.539520
16 14 0.716176
16 15 0.744503
16 16 0.896212
16 17 0.678399
16 18 0.671873
16 19 0.500007
16 20 0.804601
16 21 0.913177
16 22 0.515386
16 23 0.520685
16 24 0.603847
16 25 0.556906
16 26 0.728554
17 1 0.528568
17 2 0.876425
17 4 0.538990
17 5 0.524703
17 6 0.899000
17 7 0.518799
17 8 0.537405
17 9 0.516254
17 10 0.518434
17 11 0.676497
17 12 0.594477
17 13 0.531160
17 14 0.595680
17 15 0.729778
17 16 0.678399
17 17 0.659733
17 18 0.545410
17 19 0.500002
17 20 0.649153
17 21 0.845423
17 22 0.538990
17 23 0.480468
17 24 0.520514
17 25 0.514582
17 26 0.595445
18 1 0.544574
18 2 0.779701
18 3 0.562371
18 4 0.501280
18 5 0.540503
18 6 0.650356
18 7 0.505965
18 8 0.529858
18 9 0.512843
18 10 0.512017
18 11 0.522161
18 12 0.533856
18 13 0.521088
18 14 0.594597
18 15 0.584842
18 16 0.671873
18 17 0.545410
18 18 0.596177
18 19 0.500003
18 20 0.616931
18 21 0.727729
18 22 0.501280
18 23 0.573366
18 24 0.549721
18 25 0.535679
19 1 0.500001
19 2 0.500018
19 3 0.500002
19 4 0.500002
19 5 0.500001
19 6 0.500010
19 7 0.500001
19 8 0.500002
19 9 0.500002
19 10 0.500001
19 11 0.500001
19 12 0.500003
19 13 0.500000
19 14 0.500004
19 15 0.500004
19 16 0.500007
19 17 0.500002
19 18 0.500003
19 19 0.500000
19 20 0.500006
19 21 0.500007
19 22 0.500002
19 23 0.500004
19 24 0.500001
19 25 0.500001
19 26 0.500004
20 1 0.571439
20 2 0.933408
20 3 0.662048
20 4 0.576176
20 5 0.566014
20 6 0.973865
20 7 0.545557
20 8 0.603557
20 9 0.530460
20 10 0.546783
20 11 0.708325
20 12 0.675491
20 13 0.559752
20 14 0.729816
20 15 0.700135
20 16 0.804601
20 17 0.649153
20 18 0.616931
20 19 0.500006
20 20 0.830044
20 21 0.820150
20 22 0.576176
20 23 0.498843
20 24 0.572465
20 25 0.542451
20 26 0.696693
21 1 0.606160
21 2 0.997806
21 3 0.831500
21 4 0.565027
21 5 0.571741
21 6 0.915802
21 7 0.516124
21 8 0.519115
21 9 0.662096
21 10 0.533331
21 11 0.638321
21 12 0.650287
21 13 0.437861
21 14 0.801430
21 15 0.982088
21 16 0.913177
21 17 0.845423
21 18 0.727729
21 19 0.500007
21 20 0.820150
21 21 0.999755
21 22 0.565027
21 23 0.672943
21 24 0.564157
21 25 0.564042
21 26 0.815203
22 1 0.499998
22 2 0.563021
22 3 0.531470
22 5 0.507600
22 6 0.843321
22 7 0.525022
22 8 0.518520
22 9 0.503062
22 10 0.513669
22 11 0.649489
22 12 0.572230
22 13 0.534485
22 14 0.539543
22 15 0.566208
22 16 0.515386
22 17 0.538990
22 18 0.501280
22 19 0.500002
22 20 0.576176
22 21 0.565027
22 22 0.574708
22 23 0.528520
22 24 0.494028
22 25 0.507404
22 26 0.532334
23 1 0.515526
23 2 0.597837
23 3 0.488121
23 4 0.528520
23 5 0.514416
23 6 0.460104
23 7 0.509977
23 8 0.510937
23 9 0.550097
23 10 0.506947
23 11 0.499062
23 12 0.512038
23 13 0.525411
23 14 0.500110
23 15 0.613583
23 16 0.520685
23 17 0.480468
23 18 0.573366
23 19 0.500004
23 20 0.498843
23 21 0.672943
23 22 0.528520
23 23 0.743326
23 24 0.519712
23 25 0.524119
23 26 0.557850
24 1 0.527862
24 2 0.655883
24 3 0.533769
24 4 0.494028
24 5 0.525440
24 6 0.627784
24 7 0.504424
24 8 0.519960
24 9 0.503782
24 10 0.506359
24 11 0.523961
24 12 0.519659
24 13 0.523837
24 14 0.559466
24 15 0.522235
24 16 0.603847
24 17 0.520514
24 18 0.549721
24 19 0.500001
24 20 0.572465
24 21 0.564157
24 22 0.494028
24 23 0.519712
24 24 0.534656
24 25 0.519341
25 1 0.517520
25 2 0.595607
25 3 0.522788
25 4 0.507404
25 5 0.518421
25 6 0.609042
25 7 0.503203
25 8 0.506967
25 9 0.494059
25 10 0.503724
25 11 0.538836
25 12 0.513883
25 13 0.518944
25 14 0.543399
25 15 0.512159
25 16 0.556906
25 17 0.514582
25 18 0.535679
25 19 0.500001
25 20 0.542451
25 21 0.564042
25 22 0.507404
25 23 0.524119
25 24 0.519341
25 25 0.517498
26 2 0.880535
26 6 0.854549
26 7 0.517605
26 8 0.540434
26 10 0.521416
26 12 0.579881
26 15 0.654849
26 16 0.728554
26 17 0.595445
26 19 0.500004
26 20 0.696693
26 21 0.815203
26 22 0.532334
26 23 0.557850
26 26 0.664514
