1 26 0.716801
3 17 0.804418
3 26 0.836405
4 22 0.526662
4 26 0.670941
5 26 0.715641
9 26 0.753279
11 26 0.654916
13 26 0.649852
14 26 0.963942
17 3 0.804418
18 26 0.847058
22 4 0.526662
24 26 0.734359
25 26 0.635259
26 1 0.716801
26 3 0.836405
26 4 0.670941
26 5 0.715641
26 9 0.753279
26 11 0.654916
26 13 0.649852
26 14 0.963942
26 18 0.847058
26 24 0.734359
26 25 0.635259
1 1 0.591354
1 2 0.832916
1 3 0.659152
1 4 0.569060
1 5 0.590741
1 6 0.815400
1 7 0.524938
1 8 0.542517
1 9 0.608072
1 10 0.518957
1 11 0.567457
1 12 0.536873
1 13 0.561484
1 14 0.775339
1 15 0.601437
1 16 0.660136
1 17 0.624525
1 18 0.626462
1 19 0.500003
1 20 0.672186
1 21 0.733088
1 22 0.510387
1 23 0.604879
1 24 0.598895
1 25 0.553088
2 1 0.832916
2 2 0.999998
2 3 0.982493
2 4 0.825938
2 5 0.846717
2 6 0.999949
2 7 0.684865
2 8 0.854421
2 9 0.860445
2 10 0.592537
2 11 0.937759
2 12 0.731131
2 13 0.758952
2 14 0.983331
2 15 0.959766
2 16 0.988434
2 17 0.976799
2 18 0.987714
2 19 0.500019
2 20 0.965475
2 21 0.999352
2 22 0.671396
2 23 0.998739
2 24 0.852704
2 25 0.736949
2 26 0.982749
3 1 0.659152
3 2 0.982493
3 3 0.830629
3 4 0.642725
3 5 0.662109
3 6 0.972099
3 7 0.564542
3 8 0.666131
3 9 0.686174
3 10 0.542794
3 11 0.746120
3 12 0.600036
3 13 0.619996
3 14 0.868846
3 15 0.734059
3 16 0.858140
3 18 0.821126
3 19 0.500005
3 20 0.847386
3 21 0.908921
3 22 0.546334
3 23 0.865875
3 24 0.674370
3 25 0.600454
4 1 0.569060
4 2 0.825938
4 3 0.642725
4 4 0.565660
4 5 0.572135
4 6 0.818667
4 7 0.529557
4 8 0.559239
4 9 0.579525
4 10 0.517601
4 11 0.593957
4 12 0.547577
4 13 0.552330
4 14 0.695889
4 15 0.580268
4 16 0.627034
4 17 0.623022
4 18 0.625265
4 19 0.500003
4 20 0.645650
4 21 0.695848
4 23 0.702192
4 24 0.577926
4 25 0.538380
5 1 0.590741
5 2 0.846717
5 3 0.662109
5 4 0.572135
5 5 0.591810
5 6 0.824950
5 7 0.528758
5 8 0.548344
5 9 0.605590
5 10 0.519664
5 11 0.573849
5 12 0.542503
5 13 0.561182
5 14 0.763125
5 15 0.600843
5 16 0.660153
5 17 0.630632
5 18 0.624624
5 19 0.500003
5 20 0.673968
5 21 0.744329
5 22 0.516720
5 23 0.639794
5 24 0.599062
5 25 0.551056
6 1 0.815400
6 2 0.999949
6 3 0.972099
6 4 0.818667
6 5 0.824950
6 6 0.999975
6 7 0.673839
6 8 0.830622
6 9 0.847849
6 10 0.610202
6 11 0.940624
6 12 0.737120
6 13 0.762722
6 14 0.989103
6 15 0.910803
6 16 0.975853
6 17 0.958547
6 18 0.961202
6 19 0.500018
6 20 0.972762
6 21 0.992734
6 22 0.654335
6 23 0.997178
6 24 0.840997
6 25 0.715532
6 26 0.978624
7 1 0.524938
7 2 0.684865
7 3 0.564542
7 4 0.529557
7 5 0.528758
7 6 0.673839
7 7 0.532602
7 8 0.534036
7 9 0.526396
7 10 0.517635
7 11 0.553936
7 12 0.544864
7 13 0.510295
7 14 0.558894
7 15 0.518469
7 16 0.548798
7 17 0.560548
7 18 0.588702
7 19 0.500002
7 20 0.600060
7 21 0.589692
7 22 0.517591
7 23 0.658912
7 24 0.533630
7 25 0.521837
7 26 0.565071
8 1 0.542517
8 2 0.854421
8 3 0.666131
8 4 0.559239
8 5 0.548344
8 6 0.830622
8 7 0.534036
8 8 0.640315
8 9 0.552576
8 10 0.521060
8 11 0.662878
8 12 0.585804
8 13 0.536723
8 14 0.586139
8 15 0.565760
8 16 0.710365
8 17 0.671006
8 18 0.785257
8 19 0.500003
8 20 0.708419
8 21 0.766181
8 22 0.539503
8 23 0.810290
8 24 0.552072
8 25 0.529297
8 26 0.616839
9 1 0.608072
9 2 0.860445
9 3 0.686174
9 4 0.579525
9 5 0.605590
9 6 0.847849
9 7 0.526396
9 8 0.552576
9 9 0.633036
9 10 0.521567
9 11 0.564305
9 12 0.551009
9 13 0.577149
9 14 0.824776
9 15 0.623096
9 16 0.689941
9 17 0.643562
9 18 0.676272
9 19 0.500003
9 20 0.709046
9 21 0.755964
9 22 0.506418
9 23 0.589752
9 24 0.617084
9 25 0.560406
10 1 0.518957
10 2 0.592537
10 3 0.542794
10 4 0.517601
10 5 0.519664
10 6 0.610202
10 7 0.517635
10 8 0.521060
10 9 0.521567
10 10 0.515639
10 11 0.536502
10 12 0.528509
10 13 0.506014
10 14 0.560142
10 15 0.508635
10 16 0.547527
10 17 0.536436
10 18 0.561446
10 19 0.500001
10 20 0.593467
10 21 0.549690
10 22 0.505526
10 23 0.573983
10 24 0.523997
10 25 0.517858
10 26 0.548267
11 1 0.567457
11 2 0.937759
11 3 0.746120
11 4 0.593957
11 5 0.573849
11 6 0.940624
11 7 0.553936
11 8 0.662878
11 9 0.564305
11 10 0.536502
11 11 0.852915
11 12 0.532506
11 13 0.543517
11 14 0.631610
11 15 0.599373
11 16 0.772285
11 17 0.749083
11 18 0.812422
11 19 0.500004
11 20 0.743061
11 21 0.726723
11 22 0.559528
11 23 0.929339
11 24 0.577510
11 25 0.588792
12 1 0.536873
12 2 0.731131
12 3 0.600036
12 4 0.547577
12 5 0.542503
12 6 0.737120
12 7 0.544864
12 8 0.585804
12 9 0.551009
12 10 0.528509
12 11 0.532506
12 12 0.656169
12 13 0.528491
12 14 0.606891
12 15 0.506141
12 16 0.583502
12 17 0.592770
12 18 0.700845
12 19 0.500006
12 20 0.677073
12 21 0.658116
12 22 0.528081
12 23 0.734998
12 24 0.554909
12 25 0.518411
12 26 0.609617
13 1 0.561484
13 2 0.758952
13 3 0.619996
13 4 0.552330
13 5 0.561182
13 6 0.762722
13 7 0.510295
13 8 0.536723
13 9 0.577149
13 10 0.506014
13 11 0.543517
13 12 0.528491
13 13 0.567857
13 14 0.687170
13 15 0.588572
13 16 0.594114
13 17 0.597385
13 18 0.548256
13 19 0.500002
13 20 0.604472
13 21 0.592307
13 22 0.513081
13 23 0.564022
13 24 0.567627
13 25 0.520427
14 1 0.775339
14 2 0.983331
14 3 0.868846
14 4 0.695889
14 5 0.763125
14 6 0.989103
14 7 0.558894
14 8 0.586139
14 9 0.824776
14 10 0.560142
14 11 0.631610
14 12 0.606891
14 13 0.687170
14 14 0.994463
14 15 0.734475
14 16 0.837830
14 17 0.772330
14 18 0.921475
14 19 0.500013
14 20 0.884381
14 21 0.937290
14 22 0.479916
14 23 0.598889
14 24 0.793300
14 25 0.705785
15 1 0.601437
15 2 0.959766
15 3 0.734059
15 4 0.580268
15 5 0.600843
15 6 0.910803
15 7 0.518469
15 8 0.565760
15 9 0.623096
15 10 0.508635
15 11 0.599373
15 12 0.506141
15 13 0.588572
15 14 0.734475
15 15 0.789963
15 16 0.808163
15 17 0.714983
15 18 0.542509
15 19 0.499999
15 20 0.661825
15 21 0.847421
15 22 0.518208
15 23 0.703618
15 24 0.599398
15 25 0.532329
15 26 0.718464
16 1 0.660136
16 2 0.988434
16 3 0.858140
16 4 0.627034
16 5 0.660153
16 6 0.975853
16 7 0.548798
16 8 0.710365
16 9 0.689941
16 10 0.547527
16 11 0.772285
16 12 0.583502
16 13 0.594114
16 14 0.837830
16 15 0.808163
16 16 0.962479
16 17 0.842567
16 18 0.837656
16 19 0.500000
16 20 0.912859
16 21 0.973512
16 22 0.527292
16 23 0.833006
16 24 0.660976
16 25 0.574937
16 26 0.822840
17 1 0.624525
17 2 0.976799
17 4 0.623022
17 5 0.630632
17 6 0.958547
17 7 0.560548
17 8 0.671006
17 9 0.643562
17 10 0.536436
17 11 0.749083
17 12 0.592770
17 13 0.597385
17 14 0.772330
17 15 0.714983
17 16 0.842567
17 17 0.791761
17 18 0.798266
17 19 0.500004
17 20 0.818498
17 21 0.893166
17 22 0.554512
17 23 0.883265
17 24 0.637718
17 25 0.575880
17 26 0.775753
18 1 0.626462
18 2 0.987714
18 3 0.821126
18 4 0.625265
18 5 0.624624
18 6 0.961202
18 7 0.588702
18 8 0.785257
18 9 0.676272
18 10 0.561446
18 11 0.812422
18 12 0.700845
18 13 0.548256
18 14 0.921475
18 15 0.542509
18 16 0.837656
18 17 0.798266
18 18 0.998331
18 19 0.500017
18 20 0.886676
18 21 0.960718
18 22 0.533948
18 23 0.950375
18 24 0.651627
18 25 0.682783
19 1 0.500003
19 2 0.500019
19 3 0.500005
19 4 0.500003
19 5 0.500003
19 6 0.500018
19 7 0.500002
19 8 0.500003
19 9 0.500003
19 10 0.500001
19 11 0.500004
19 12 0.500006
19 13 0.500002
19 14 0.500013
19 15 0.499999
19 16 0.500000
19 17 0.500004
19 18 0.500017
19 19 0.500000
19 20 0.500004
19 21 0.500010
19 22 0.500001
19 23 0.500017
19 24 0.500004
19 25 0.500004
19 26 0.500009
20 1 0.672186
20 2 0.965475
20 3 0.847386
20 4 0.645650
20 5 0.673968
20 6 0.972762
20 7 0.600060
20 8 0.708419
20 9 0.709046
20 10 0.593467
20 11 0.743061
20 12 0.677073
20 13 0.604472
20 14 0.884381
20 15 0.661825
20 16 0.912859
20 17 0.818498
20 18 0.886676
20 19 0.500004
20 20 0.967561
20 21 0.909109
20 22 0.535316
20 23 0.806475
20 24 0.696880
20 25 0.600206
20 26 0.852392
21 1 0.733088
21 2 0.999352
21 3 0.908921
21 4 0.695848
21 5 0.744329
21 6 0.992734
21 7 0.589692
21 8 0.766181
21 9 0.755964
21 10 0.549690
21 11 0.726723
21 12 0.658116
21 13 0.592307
21 14 0.937290
21 15 0.847421
21 16 0.973512
21 17 0.893166
21 18 0.960718
21 19 0.500010
21 20 0.909109
21 21 0.999371
21 22 0.579211
21 23 0.958118
21 24 0.736830
21 25 0.637151
21 26 0.932732
22 1 0.510387
22 2 0.671396
22 3 0.546334
22 5 0.516720
22 6 0.654335
22 7 0.517591
22 8 0.539503
22 9 0.506418
22 10 0.505526
22 11 0.559528
22 12 0.528081
22 13 0.513081
22 14 0.479916
22 15 0.518208
22 16 0.527292
22 17 0.554512
22 18 0.533948
22 19 0.500001
22 20 0.535316
22 21 0.579211
22 22 0.530466
22 23 0.687861
22 24 0.514678
22 25 0.498843
22 26 0.528771
23 1 0.604879
23 2 0.998739
23 3 0.865875
23 4 0.702192
23 5 0.639794
23 6 0.997178
23 7 0.658912
23 8 0.810290
23 9 0.589752
23 10 0.573983
23 11 0.929339
23 12 0.734998
23 13 0.564022
23 14 0.598889
23 15 0.703618
23 16 0.833006
23 17 0.883265
23 18 0.950375
23 19 0.500017
23 20 0.806475
23 21 0.958118
23 22 0.687861
23 23 0.999224
23 24 0.641155
23 25 0.613246
23 26 0.773317
24 1 0.598895
24 2 0.852704
24 3 0.674370
24 4 0.577926
24 5 0.599062
24 6 0.840997
24 7 0.533630
24 8 0.552072
24 9 0.617084
24 10 0.523997
24 11 0.577510
24 12 0.554909
24 13 0.567627
24 14 0.793300
24 15 0.599398
24 16 0.660976
24 17 0.637718
24 18 0.651627
24 19 0.500004
24 20 0.696880
24 21 0.736830
24 22 0.514678
24 23 0.641155
24 24 0.609846
24 25 0.560035
25 1 0.553088
25 2 0.736949
25 3 0.600454
25 4 0.538380
25 5 0.551056
25 6 0.715532
25 7 0.521837
25 8 0.529297
25 9 0.560406
25 10 0.517858
25 11 0.588792
25 12 0.518411
25 13 0.520427
25 14 0.705785
25 15 0.532329
25 16 0.574937
25 17 0.575880
25 18 0.682783
25 19 0.500004
25 20 0.600206
25 21 0.637151
25 22 0.498843
25 23 0.613246
25 24 0.560035
25 25 0.575393
26 2 0.982749
26 6 0.978624
26 7 0.565071
26 8 0.616839
26 10 0.548267
26 12 0.609617
26 15 0.718464
26 16 0.822840
26 17 0.775753
26 19 0.500009
26 20 0.852392
26 21 0.932732
26 22 0.528771
26 23 0.773317
26 26 0.917722
