1 26 0.638693
3 17 0.666564
3 26 0.744570
4 22 0.544108
4 26 0.642634
5 26 0.646032
9 26 0.638934
11 26 0.700243
13 26 0.674823
14 26 0.997954
17 3 0.666564
18 26 0.727786
22 4 0.544108
24 26 0.657918
25 26 0.647481
26 1 0.638693
26 3 0.744570
26 4 0.642634
26 5 0.646032
26 9 0.638934
26 11 0.700243
26 13 0.674823
26 14 0.997954
26 18 0.727786
26 24 0.657918
26 25 0.647481
1 1 0.554607
1 2 0.714415
1 3 0.602832
1 4 0.554546
1 5 0.552964
1 6 0.903242
1 7 0.542648
1 8 0.552330
1 9 0.556076
1 10 0.506420
1 11 0.579465
1 12 0.537761
1 13 0.568925
1 14 0.908139
1 15 0.613954
1 16 0.630790
1 17 0.577361
1 18 0.594956
1 19 0.500000
1 20 0.608837
1 21 0.809378
1 22 0.529551
1 23 0.607274
1 24 0.561741
1 25 0.557834
2 1 0.714415
2 2 0.999637
2 3 0.758111
2 4 0.722449
2 5 0.775291
2 6 0.999847
2 7 0.703883
2 8 0.572931
2 9 0.625902
2 10 0.548755
2 11 0.771721
2 12 0.775104
2 13 0.857393
2 14 0.999911
2 15 0.647942
2 16 0.936564
2 17 0.786076
2 18 0.836113
2 19 0.500004
2 20 0.694911
2 21 0.994021
2 22 0.674155
2 23 0.231977
2 24 0.729528
2 25 0.746093
2 26 0.930913
3 1 0.602832
3 2 0.758111
3 3 0.733198
3 4 0.594388
3 5 0.607143
3 6 0.986552
3 7 0.586613
3 8 0.639925
3 9 0.637235
3 10 0.512065
3 11 0.649945
3 12 0.572757
3 13 0.611711
3 14 0.989302
3 15 0.812873
3 16 0.788203
3 18 0.668503
3 19 0.500001
3 20 0.762315
3 21 0.972500
3 22 0.537661
3 23 0.814351
3 24 0.619067
3 25 0.600412
4 1 0.554546
4 2 0.722449
4 3 0.594388
4 4 0.564518
4 5 0.543915
4 6 0.920722
4 7 0.547858
4 8 0.541709
4 9 0.544137
4 10 0.510524
4 11 0.586057
4 12 0.537010
4 13 0.558904
4 14 0.919928
4 15 0.568362
4 16 0.633861
4 17 0.563565
4 18 0.585076
4 19 0.500001
4 20 0.602492
4 21 0.762336
4 23 0.585357
4 24 0.563725
4 25 0.559629
5 1 0.552964
5 2 0.775291
5 3 0.607143
5 4 0.543915
5 5 0.655474
5 6 0.861558
5 7 0.576637
5 8 0.553606
5 9 0.591578
5 10 0.509419
5 11 0.567407
5 12 0.614374
5 13 0.627635
5 14 0.955900
5 15 0.761861
5 16 0.683225
5 17 0.568058
5 18 0.617543
5 19 0.500000
5 20 0.607413
5 21 0.837655
5 22 0.518723
5 23 0.575543
5 24 0.557177
5 25 0.557189
6 1 0.903242
6 2 0.999847
6 3 0.986552
6 4 0.920722
6 5 0.861558
6 6 1.000000
6 7 0.866917
6 8 0.893358
6 9 0.928673
6 10 0.648975
6 11 0.967692
6 12 0.873282
6 13 0.960715
6 14 1.000000
6 15 0.999020
6 16 0.999648
6 17 0.993280
6 18 0.948090
6 19 0.500000
6 20 0.988183
6 21 1.000000
6 22 0.835100
6 23 0.980796
6 24 0.911731
6 25 0.907631
6 26 0.996789
7 1 0.542648
7 2 0.703883
7 3 0.586613
7 4 0.547858
7 5 0.576637
7 6 0.866917
7 7 0.560166
7 8 0.534318
7 9 0.551383
7 10 0.513459
7 11 0.566666
7 12 0.560407
7 13 0.562828
7 14 0.902594
7 15 0.649757
7 16 0.662692
7 17 0.544347
7 18 0.569294
7 19 0.500001
7 20 0.592576
7 21 0.756716
7 22 0.532237
7 23 0.567376
7 24 0.550791
7 25 0.544889
7 26 0.621310
8 1 0.552330
8 2 0.572931
8 3 0.639925
8 4 0.541709
8 5 0.553606
8 6 0.893358
8 7 0.534318
8 8 0.605464
8 9 0.591936
8 10 0.500315
8 11 0.574494
8 12 0.528425
8 13 0.560370
8 14 0.924456
8 15 0.699526
8 16 0.649913
8 17 0.618833
8 18 0.595960
8 19 0.500000
8 20 0.688437
8 21 0.878522
8 22 0.505178
8 23 0.748892
8 24 0.560568
8 25 0.551969
8 26 0.623874
9 1 0.556076
9 2 0.625902
9 3 0.637235
9 4 0.544137
9 5 0.591578
9 6 0.928673
9 7 0.551383
9 8 0.591936
9 9 0.612515
9 10 0.506797
9 11 0.580494
9 12 0.557627
9 13 0.589100
9 14 0.955732
9 15 0.770122
9 16 0.682677
9 17 0.616039
9 18 0.608109
9 19 0.500000
9 20 0.652995
9 21 0.895823
9 22 0.508535
9 23 0.724785
9 24 0.562705
9 25 0.556717
10 1 0.506420
10 2 0.548755
10 3 0.512065
10 4 0.510524
10 5 0.509419
10 6 0.648975
10 7 0.513459
10 8 0.500315
10 9 0.506797
10 10 0.509530
10 11 0.516398
10 12 0.513795
10 13 0.506022
10 14 0.625365
10 15 0.533410
10 16 0.557265
10 17 0.510033
10 18 0.502317
10 19 0.500000
10 20 0.537163
10 21 0.562980
10 22 0.510682
10 23 0.522394
10 24 0.507944
10 25 0.506291
10 26 0.522928
11 1 0.579465
11 2 0.771721
11 3 0.649945
11 4 0.586057
11 5 0.567407
11 6 0.967692
11 7 0.566666
11 8 0.574494
11 9 0.580494
11 10 0.516398
11 11 0.630398
11 12 0.552675
11 13 0.579180
11 14 0.973404
11 15 0.658345
11 16 0.704404
11 17 0.602088
11 18 0.628612
11 19 0.500001
11 20 0.676697
11 21 0.877994
11 22 0.550279
11 23 0.695157
11 24 0.592634
11 25 0.584040
12 1 0.537761
12 2 0.775104
12 3 0.572757
12 4 0.537010
12 5 0.614374
12 6 0.873282
12 7 0.560407
12 8 0.528425
12 9 0.557627
12 10 0.513795
12 11 0.552675
12 12 0.633847
12 13 0.607271
12 14 0.925177
12 15 0.703284
12 16 0.717697
12 17 0.587458
12 18 0.563889
12 19 0.500001
12 20 0.540427
12 21 0.827472
12 22 0.525574
12 23 0.500711
12 24 0.542097
12 25 0.540372
12 26 0.611436
13 1 0.568925
13 2 0.857393
13 3 0.611711
13 4 0.558904
13 5 0.627635
13 6 0.960715
13 7 0.562828
13 8 0.560370
13 9 0.589100
13 10 0.506022
13 11 0.579180
13 12 0.607271
13 13 0.664572
13 14 0.967071
13 15 0.702701
13 16 0.687350
13 17 0.640187
13 18 0.636400
13 19 0.500000
13 20 0.577719
13 21 0.909637
13 22 0.530892
13 23 0.515928
13 24 0.569555
13 25 0.577365
14 1 0.908139
14 2 0.999911
14 3 0.989302
14 4 0.919928
14 5 0.955900
14 6 1.000000
14 7 0.902594
14 8 0.924456
14 9 0.955732
14 10 0.625365
14 11 0.973404
14 12 0.925177
14 13 0.967071
14 14 1.000000
14 15 0.998837
14 16 0.999418
14 17 0.975241
14 18 0.981519
14 19 0.500004
14 20 0.996631
14 21 1.000000
14 22 0.804305
14 23 0.998349
14 24 0.934699
14 25 0.924287
15 1 0.613954
15 2 0.647942
15 3 0.812873
15 4 0.568362
15 5 0.761861
15 6 0.999020
15 7 0.649757
15 8 0.699526
15 9 0.770122
15 10 0.533410
15 11 0.658345
15 12 0.703284
15 13 0.702701
15 14 0.998837
15 15 0.992161
15 16 0.931313
15 17 0.763198
15 18 0.696711
15 19 0.500000
15 20 0.870196
15 21 0.998592
15 22 0.490671
15 23 0.933918
15 24 0.623688
15 25 0.590354
15 26 0.771492
16 1 0.630790
16 2 0.936564
16 3 0.788203
16 4 0.633861
16 5 0.683225
16 6 0.999648
16 7 0.662692
16 8 0.649913
16 9 0.682677
16 10 0.557265
16 11 0.704404
16 12 0.717697
16 13 0.687350
16 14 0.999418
16 15 0.931313
16 16 0.966099
16 17 0.782577
16 18 0.654584
16 19 0.500004
16 20 0.814815
16 21 0.996941
16 22 0.585724
16 23 0.829034
16 24 0.653019
16 25 0.626533
16 26 0.823039
17 1 0.577361
17 2 0.786076
17 4 0.563565
17 5 0.568058
17 6 0.993280
17 7 0.544347
17 8 0.618833
17 9 0.616039
17 10 0.510033
17 11 0.602088
17 12 0.587458
17 13 0.640187
17 14 0.975241
17 15 0.763198
17 16 0.782577
17 17 0.741719
17 18 0.617131
17 19 0.500000
17 20 0.684224
17 21 0.974288
17 22 0.523959
17 23 0.709861
17 24 0.579872
17 25 0.579422
17 26 0.681334
18 1 0.594956
18 2 0.836113
18 3 0.668503
18 4 0.585076
18 5 0.617543
18 6 0.948090
18 7 0.569294
18 8 0.595960
18 9 0.608109
18 10 0.502317
18 11 0.628612
18 12 0.563889
18 13 0.636400
18 14 0.981519
18 15 0.696711
18 16 0.654584
18 17 0.617131
18 18 0.692534
18 19 0.500000
18 20 0.692006
18 21 0.892825
18 22 0.535419
18 23 0.695504
18 24 0.606194
18 25 0.603650
19 1 0.500000
19 2 0.500004
19 3 0.500001
19 4 0.500001
19 5 0.500000
19 6 0.500000
19 7 0.500001
19 8 0.500000
19 9 0.500000
19 10 0.500000
19 11 0.500001
19 12 0.500001
19 13 0.500000
19 14 0.500004
19 15 0.500000
19 16 0.500004
19 17 0.500000
19 18 0.500000
19 19 0.500000
19 20 0.500001
19 21 0.500001
19 22 0.500001
19 23 0.500000
19 24 0.500001
19 25 0.500000
19 26 0.500002
20 1 0.608837
20 2 0.694911
20 3 0.762315
20 4 0.602492
20 5 0.607413
20 6 0.988183
20 7 0.592576
20 8 0.688437
20 9 0.652995
20 10 0.537163
20 11 0.676697
20 12 0.540427
20 13 0.577719
20 14 0.996631
20 15 0.870196
20 16 0.814815
20 17 0.684224
20 18 0.692006
20 19 0.500001
20 20 0.963037
20 21 0.955607
20 22 0.535937
20 23 0.960241
20 24 0.633033
20 25 0.604990
20 26 0.764294
21 1 0.809378
21 2 0.994021
21 3 0.972500
21 4 0.762336
21 5 0.837655
21 6 1.000000
21 7 0.756716
21 8 0.878522
21 9 0.895823
21 10 0.562980
21 11 0.877994
21 12 0.827472
21 13 0.909637
21 14 1.000000
21 15 0.998592
21 16 0.996941
21 17 0.974288
21 18 0.892825
21 19 0.500001
21 20 0.955607
21 21 1.000000
21 22 0.603776
21 23 0.977995
21 24 0.817152
21 25 0.790844
21 26 0.973833
22 1 0.529551
22 2 0.674155
22 3 0.537661
22 5 0.518723
22 6 0.835100
22 7 0.532237
22 8 0.505178
22 9 0.508535
22 10 0.510682
22 11 0.550279
22 12 0.525574
22 13 0.530892
22 14 0.804305
22 15 0.490671
22 16 0.585724
22 17 0.523959
22 18 0.535419
22 19 0.500001
22 20 0.535937
22 21 0.603776
22 22 0.539662
22 23 0.488244
22 24 0.535273
22 25 0.534341
22 26 0.584533
23 1 0.607274
23 2 0.231977
23 3 0.814351
23 4 0.585357
23 5 0.575543
23 6 0.980796
23 7 0.567376
23 8 0.748892
23 9 0.724785
23 10 0.522394
23 11 0.695157
23 12 0.500711
23 13 0.515928
23 14 0.998349
23 15 0.933918
23 16 0.829034
23 17 0.709861
23 18 0.695504
23 19 0.500000
23 20 0.960241
23 21 0.977995
23 22 0.488244
23 23 0.992571
23 24 0.639163
23 25 0.592946
23 26 0.740915
24 1 0.561741
24 2 0.729528
24 3 0.619067
24 4 0.563725
24 5 0.557177
24 6 0.911731
24 7 0.550791
24 8 0.560568
24 9 0.562705
24 10 0.507944
24 11 0.592634
24 12 0.542097
24 13 0.569555
24 14 0.934699
24 15 0.623688
24 16 0.653019
24 17 0.579872
24 18 0.606194
24 19 0.500001
24 20 0.633033
24 21 0.817152
24 22 0.535273
24 23 0.639163
24 24 0.572597
24 25 0.565431
25 1 0.557834
25 2 0.746093
25 3 0.600412
25 4 0.559629
25 5 0.557189
25 6 0.907631
25 7 0.544889
25 8 0.551969
25 9 0.556717
25 10 0.506291
25 11 0.584040
25 12 0.540372
25 13 0.577365
25 14 0.924287
25 15 0.590354
25 16 0.626533
25 17 0.579422
25 18 0.603650
25 19 0.500000
25 20 0.604990
25 21 0.790844
25 22 0.534341
25 23 0.592946
25 24 0.565431
25 25 0.564069
26 2 0.930913
26 6 0.996789
26 7 0.621310
26 8 0.623874
26 10 0.522928
26 12 0.611436
26 15 0.771492
26 16 0.823039
26 17 0.681334
26 19 0.500002
26 20 0.764294
26 21 0.973833
26 22 0.584533
26 23 0.740915
26 26 0.820289
