1 26 0.633321
3 17 0.984503
3 26 0.823927
4 22 0.533054
4 26 0.604403
5 26 0.633257
9 26 0.638796
11 26 0.720816
13 26 0.645538
14 26 0.897285
17 3 0.984503
18 26 0.798394
22 4 0.533054
24 26 0.596692
25 26 0.635686
26 1 0.633321
26 3 0.823927
26 4 0.604403
26 5 0.633257
26 9 0.638796
26 11 0.720816
26 13 0.645538
26 14 0.897285
26 18 0.798394
26 24 0.596692
26 25 0.635686
1 1 0.553387
1 2 0.809121
1 3 0.647282
1 4 0.541218
1 5 0.553142
1 6 0.796349
1 7 0.532322
1 8 0.608107
1 9 0.554556
1 10 0.512258
1 11 0.589932
1 12 0.540896
1 13 0.558760
1 14 0.696263
1 15 0.632881
1 16 0.659267
1 17 0.647282
1 18 0.630260
1 19 0.500001
1 20 0.662532
1 21 0.753922
1 22 0.520563
1 23 0.759239
1 24 0.539615
1 25 0.554556
2 1 0.809121
2 2 1.000000
2 3 0.971469
2 4 0.689259
2 5 0.809324
2 6 0.982042
2 7 0.653701
2 8 0.992368
2 9 0.832844
2 10 0.651837
2 11 0.899652
2 12 0.866788
2 13 0.833317
2 14 0.999728
2 15 0.998402
2 16 0.995654
2 17 0.971469
2 18 0.969433
2 19 0.500009
2 20 0.997363
2 21 0.999379
2 22 0.555192
2 23 0.999747
2 24 0.698619
2 25 0.820216
2 26 0.977537
3 1 0.647282
3 2 0.971469
3 3 0.984503
3 4 0.671818
3 5 0.655615
3 6 0.998775
3 7 0.581667
3 8 0.804356
3 9 0.669880
3 10 0.531983
3 11 0.833341
3 12 0.657401
3 13 0.656139
3 14 0.980913
3 15 0.889828
3 16 0.846949
3 18 0.878799
3 19 0.500003
3 20 0.949299
3 21 0.985918
3 22 0.603738
3 23 0.994681
3 24 0.689592
3 25 0.646396
4 1 0.541218
4 2 0.689259
4 3 0.671818
4 4 0.547500
4 5 0.541368
4 6 0.851681
4 7 0.532542
4 8 0.578227
4 9 0.540526
4 10 0.508577
4 11 0.602290
4 12 0.544875
4 13 0.543838
4 14 0.683870
4 15 0.610129
4 16 0.619443
4 17 0.671818
4 18 0.612049
4 19 0.500001
4 20 0.635987
4 21 0.731036
4 23 0.737686
4 24 0.542464
4 25 0.539805
5 1 0.553142
5 2 0.809324
5 3 0.655615
5 4 0.541368
5 5 0.554819
5 6 0.817162
5 7 0.532004
5 8 0.602358
5 9 0.558229
5 10 0.511472
5 11 0.588276
5 12 0.539140
5 13 0.557107
5 14 0.680648
5 15 0.631581
5 16 0.647090
5 17 0.655615
5 18 0.631027
5 19 0.500001
5 20 0.657886
5 21 0.773063
5 22 0.520233
5 23 0.766780
5 24 0.540545
5 25 0.552917
6 1 0.796349
6 2 0.982042
6 3 0.998775
6 4 0.851681
6 5 0.817162
6 6 1.000000
6 7 0.777756
6 8 0.842475
6 9 0.848458
6 10 0.514006
6 11 0.984804
6 12 0.717422
6 13 0.793421
6 14 0.962706
6 15 0.952000
6 16 0.969400
6 17 0.998775
6 18 0.966469
6 19 0.500001
6 20 0.905586
6 21 0.999996
6 22 0.789692
6 23 0.999722
6 24 0.797729
6 25 0.749051
6 26 0.971040
7 1 0.532322
7 2 0.653701
7 3 0.581667
7 4 0.532542
7 5 0.532004
7 6 0.777756
7 7 0.534449
7 8 0.566683
7 9 0.531464
7 10 0.508849
7 11 0.576264
7 12 0.533303
7 13 0.534802
7 14 0.608997
7 15 0.566050
7 16 0.609495
7 17 0.581667
7 18 0.578476
7 19 0.500002
7 20 0.573496
7 21 0.662170
7 22 0.522693
7 23 0.633083
7 24 0.532160
7 25 0.529872
7 26 0.582839
8 1 0.608107
8 2 0.992368
8 3 0.804356
8 4 0.578227
8 5 0.602358
8 6 0.842475
8 7 0.566683
8 8 0.902080
8 9 0.619046
8 10 0.556874
8 11 0.705368
8 12 0.665280
8 13 0.622287
8 14 0.953402
8 15 0.897927
8 16 0.926425
8 17 0.804356
8 18 0.762390
8 19 0.500007
8 20 0.880504
8 21 0.856919
8 22 0.534373
8 23 0.945712
8 24 0.612967
8 25 0.615229
8 26 0.761033
9 1 0.554556
9 2 0.832844
9 3 0.669880
9 4 0.540526
9 5 0.558229
9 6 0.848458
9 7 0.531464
9 8 0.619046
9 9 0.573349
9 10 0.512857
9 11 0.602561
9 12 0.539705
9 13 0.557556
9 14 0.689531
9 15 0.649272
9 16 0.670150
9 17 0.669880
9 18 0.632826
9 19 0.500001
9 20 0.652958
9 21 0.829761
9 22 0.517094
9 23 0.788624
9 24 0.539409
9 25 0.553701
10 1 0.512258
10 2 0.651837
10 3 0.531983
10 4 0.508577
10 5 0.511472
10 6 0.514006
10 7 0.508849
10 8 0.556874
10 9 0.512857
10 10 0.513793
10 11 0.527201
10 12 0.527105
10 13 0.515583
10 14 0.604313
10 15 0.551335
10 16 0.552903
10 17 0.531983
10 18 0.537383
10 19 0.500001
10 20 0.573443
10 21 0.528257
10 22 0.502965
10 23 0.572333
10 24 0.510047
10 25 0.514207
10 26 0.533937
11 1 0.589932
11 2 0.899652
11 3 0.833341
11 4 0.602290
11 5 0.588276
11 6 0.984804
11 7 0.576264
11 8 0.705368
11 9 0.602561
11 10 0.527201
11 11 0.778481
11 12 0.614403
11 13 0.601044
11 14 0.896688
11 15 0.743619
11 16 0.807045
11 17 0.833341
11 18 0.718126
11 19 0.500003
11 20 0.762514
11 21 0.939462
11 22 0.571835
11 23 0.914906
11 24 0.580901
11 25 0.588948
12 1 0.540896
12 2 0.866788
12 3 0.657401
12 4 0.544875
12 5 0.539140
12 6 0.717422
12 7 0.533303
12 8 0.665280
12 9 0.539705
12 10 0.527105
12 11 0.614403
12 12 0.604881
12 13 0.544670
12 14 0.836803
12 15 0.720485
12 16 0.681451
12 17 0.657401
12 18 0.614672
12 19 0.500003
12 20 0.725501
12 21 0.705681
12 22 0.531471
12 23 0.758690
12 24 0.545921
12 25 0.541779
12 26 0.607978
13 1 0.558760
13 2 0.833317
13 3 0.656139
13 4 0.543838
13 5 0.557107
13 6 0.793421
13 7 0.534802
13 8 0.622287
13 9 0.557556
13 10 0.515583
13 11 0.601044
13 12 0.544670
13 13 0.567050
13 14 0.717777
13 15 0.637376
13 16 0.678728
13 17 0.656139
13 18 0.642445
13 19 0.500002
13 20 0.685319
13 21 0.755457
13 22 0.520701
13 23 0.776639
13 24 0.542604
13 25 0.561762
14 1 0.696263
14 2 0.999728
14 3 0.980913
14 4 0.683870
14 5 0.680648
14 6 0.962706
14 7 0.608997
14 8 0.953402
14 9 0.689531
14 10 0.604313
14 11 0.896688
14 12 0.836803
14 13 0.717777
14 14 0.999973
14 15 0.985728
14 16 0.984695
14 17 0.980913
14 18 0.925459
14 19 0.500014
14 20 0.994499
14 21 0.985986
14 22 0.602553
14 23 0.998482
14 24 0.698759
14 25 0.723627
15 1 0.632881
15 2 0.998402
15 3 0.889828
15 4 0.610129
15 5 0.631581
15 6 0.952000
15 7 0.566050
15 8 0.897927
15 9 0.649272
15 10 0.551335
15 11 0.743619
15 12 0.720485
15 13 0.637376
15 14 0.985728
15 15 0.967112
15 16 0.923446
15 17 0.889828
15 18 0.796213
15 19 0.500005
15 20 0.930156
15 21 0.961335
15 22 0.562592
15 23 0.973866
15 24 0.616433
15 25 0.635050
15 26 0.805219
16 1 0.659267
16 2 0.995654
16 3 0.846949
16 4 0.619443
16 5 0.647090
16 6 0.969400
16 7 0.609495
16 8 0.926425
16 9 0.670150
16 10 0.552903
16 11 0.807045
16 12 0.681451
16 13 0.678728
16 14 0.984695
16 15 0.923446
16 16 0.977194
16 17 0.846949
16 18 0.821930
16 19 0.500010
16 20 0.917448
16 21 0.964146
16 22 0.561456
16 23 0.978370
16 24 0.646039
16 25 0.670604
16 26 0.844486
17 1 0.647282
17 2 0.971469
17 4 0.671818
17 5 0.655615
17 6 0.998775
17 7 0.581667
17 8 0.804356
17 9 0.669880
17 10 0.531983
17 11 0.833341
17 12 0.657401
17 13 0.656139
17 14 0.980913
17 15 0.889828
17 16 0.846949
17 17 0.984503
17 18 0.878799
17 19 0.500003
17 20 0.949299
17 21 0.985918
17 22 0.603738
17 23 0.994681
17 24 0.689592
17 25 0.646396
17 26 0.823927
18 1 0.630260
18 2 0.969433
18 3 0.878799
18 4 0.612049
18 5 0.631027
18 6 0.966469
18 7 0.578476
18 8 0.762390
18 9 0.632826
18 10 0.537383
18 11 0.718126
18 12 0.614672
18 13 0.642445
18 14 0.925459
18 15 0.796213
18 16 0.821930
18 17 0.878799
18 18 0.823009
18 19 0.500004
18 20 0.879097
18 21 0.931044
18 22 0.555838
18 23 0.964128
18 24 0.616397
18 25 0.634891
19 1 0.500001
19 2 0.500009
19 3 0.500003
19 4 0.500001
19 5 0.500001
19 6 0.500001
19 7 0.500002
19 8 0.500007
19 9 0.500001
19 10 0.500001
19 11 0.500003
19 12 0.500003
19 13 0.500002
19 14 0.500014
19 15 0.500005
19 16 0.500010
19 17 0.500003
19 18 0.500004
19 19 0.500000
19 20 0.500007
19 21 0.500001
19 22 0.500001
19 23 0.500007
19 24 0.500002
19 25 0.500002
19 26 0.500004
20 1 0.662532
20 2 0.997363
20 3 0.949299
20 4 0.635987
20 5 0.657886
20 6 0.905586
20 7 0.573496
20 8 0.880504
20 9 0.652958
20 10 0.573443
20 11 0.762514
20 12 0.725501
20 13 0.685319
20 14 0.994499
20 15 0.930156
20 16 0.917448
20 17 0.949299
20 18 0.879097
20 19 0.500007
20 20 0.985175
20 21 0.947707
20 22 0.559731
20 23 0.993580
20 24 0.685777
20 25 0.679960
20 26 0.843597
21 1 0.753922
21 2 0.999379
21 3 0.985918
21 4 0.731036
21 5 0.773063
21 6 0.999996
21 7 0.662170
21 8 0.856919
21 9 0.829761
21 10 0.528257
21 11 0.939462
21 12 0.705681
21 13 0.755457
21 14 0.985986
21 15 0.961335
21 16 0.964146
21 17 0.985918
21 18 0.931044
21 19 0.500001
21 20 0.947707
21 21 0.999986
21 22 0.641119
21 23 0.999208
21 24 0.683520
21 25 0.726884
21 26 0.947890
22 1 0.520563
22 2 0.555192
22 3 0.603738
22 5 0.520233
22 6 0.789692
22 7 0.522693
22 8 0.534373
22 9 0.517094
22 10 0.502965
22 11 0.571835
22 12 0.531471
22 13 0.520701
22 14 0.602553
22 15 0.562592
22 16 0.561456
22 17 0.603738
22 18 0.555838
22 19 0.500001
22 20 0.559731
22 21 0.641119
22 22 0.528603
22 23 0.625515
22 24 0.525153
22 25 0.517541
22 26 0.552918
23 1 0.759239
23 2 0.999747
23 3 0.994681
23 4 0.737686
23 5 0.766780
23 6 0.999722
23 7 0.633083
23 8 0.945712
23 9 0.788624
23 10 0.572333
23 11 0.914906
23 12 0.758690
23 13 0.776639
23 14 0.998482
23 15 0.973866
23 16 0.978370
23 17 0.994681
23 18 0.964128
23 19 0.500007
23 20 0.993580
23 21 0.999208
23 22 0.625515
23 23 0.999866
23 24 0.754750
23 25 0.768955
23 26 0.950209
24 1 0.539615
24 2 0.698619
24 3 0.689592
24 4 0.542464
24 5 0.540545
24 6 0.797729
24 7 0.532160
24 8 0.612967
24 9 0.539409
24 10 0.510047
24 11 0.580901
24 12 0.545921
24 13 0.542604
24 14 0.698759
24 15 0.616433
24 16 0.646039
24 17 0.689592
24 18 0.616397
24 19 0.500002
24 20 0.685777
24 21 0.683520
24 22 0.525153
24 23 0.754750
24 24 0.565775
24 25 0.538146
25 1 0.554556
25 2 0.820216
25 3 0.646396
25 4 0.539805
25 5 0.552917
25 6 0.749051
25 7 0.529872
25 8 0.615229
25 9 0.553701
25 10 0.514207
25 11 0.588948
25 12 0.541779
25 13 0.561762
25 14 0.723627
25 15 0.635050
25 16 0.670604
25 17 0.646396
25 18 0.634891
25 19 0.500002
25 20 0.679960
25 21 0.726884
25 22 0.517541
25 23 0.768955
25 24 0.538146
25 25 0.559607
26 2 0.977537
26 6 0.971040
26 7 0.582839
26 8 0.761033
26 10 0.533937
26 12 0.607978
26 15 0.805219
26 16 0.844486
26 17 0.823927
26 19 0.500004
26 20 0.843597
26 21 0.947890
26 22 0.552918
26 23 0.950209
26 26 0.803095
