1 26 0.649879
3 17 0.999790
3 26 0.999510
4 22 0.600187
4 26 0.940085
5 26 0.807155
9 26 0.966563
11 26 0.991077
13 26 0.964349
14 26 0.999063
17 3 0.999790
18 26 0.997106
22 4 0.600187
24 26 0.757146
25 26 0.962370
26 1 0.649879
26 3 0.999510
26 4 0.940085
26 5 0.807155
26 9 0.966563
26 11 0.991077
26 13 0.964349
26 14 0.999063
26 18 0.997106
26 24 0.757146
26 25 0.962370
1 1 0.516084
1 2 0.813223
1 3 0.637651
1 4 0.550924
1 5 0.522933
1 6 0.754582
1 7 0.520637
1 8 0.559296
1 9 0.563500
1 10 0.510039
1 11 0.586165
1 12 0.553864
1 13 0.562840
1 14 0.622160
1 15 0.634111
1 16 0.646983
1 17 0.637651
1 18 0.611707
1 19 0.500001
1 20 0.626938
1 21 0.795541
1 22 0.519592
1 23 0.726416
1 24 0.519685
1 25 0.561687
2 1 0.813223
2 2 1.000000
2 3 1.000000
2 4 0.996778
2 5 0.914469
2 6 1.000000
2 7 0.910835
2 8 0.996055
2 9 0.999035
2 10 0.734034
2 11 0.999919
2 12 0.990086
2 13 0.998946
2 14 1.000000
2 15 0.999996
2 16 1.000000
2 17 1.000000
2 18 0.999995
2 19 0.500021
2 20 1.000000
2 21 1.000000
2 22 0.906058
2 23 1.000000
2 24 0.868851
2 25 0.999067
2 26 1.000000
3 1 0.637651
3 2 1.000000
3 3 0.999790
3 4 0.938094
3 5 0.846666
3 6 1.000000
3 7 0.765047
3 8 0.939140
3 9 0.963834
3 10 0.578918
3 11 0.990813
3 12 0.927462
3 13 0.960896
3 14 0.997460
3 15 0.994872
3 16 0.998615
3 18 0.996355
3 19 0.500008
3 20 0.994837
3 21 1.000000
3 22 0.749851
3 23 0.999988
3 24 0.813153
3 25 0.955075
4 1 0.550924
4 2 0.996778
4 3 0.938094
4 4 0.725122
4 5 0.629014
4 6 0.996217
4 7 0.603231
4 8 0.718791
4 9 0.756186
4 10 0.533998
4 11 0.834609
4 12 0.717964
4 13 0.754094
4 14 0.904595
4 15 0.854846
4 16 0.915088
4 17 0.938094
4 18 0.879365
4 19 0.500003
4 20 0.898479
4 21 0.995324
4 23 0.975514
4 24 0.618256
4 25 0.749517
5 1 0.522933
5 2 0.914469
5 3 0.846666
5 4 0.629014
5 5 0.619285
5 6 0.952390
5 7 0.559377
5 8 0.621773
5 9 0.657821
5 10 0.513944
5 11 0.711900
5 12 0.656272
5 13 0.654166
5 14 0.729348
5 15 0.778678
5 16 0.777630
5 17 0.846666
5 18 0.752301
5 19 0.500001
5 20 0.675513
5 21 0.939920
5 22 0.554438
5 23 0.897517
5 24 0.600119
5 25 0.641063
6 1 0.754582
6 2 1.000000
6 3 1.000000
6 4 0.996217
6 5 0.952390
6 6 1.000000
6 7 0.925680
6 8 0.995785
6 9 0.997681
6 10 0.689844
6 11 0.999859
6 12 0.993703
6 13 0.997839
6 14 0.999995
6 15 0.999952
6 16 0.999999
6 17 1.000000
6 18 0.999977
6 19 0.500011
6 20 0.999999
6 21 1.000000
6 22 0.929833
6 23 1.000000
6 24 0.969826
6 25 0.997385
6 26 1.000000
7 1 0.520637
7 2 0.910835
7 3 0.765047
7 4 0.603231
7 5 0.559377
7 6 0.925680
7 7 0.555521
7 8 0.607560
7 9 0.615088
7 10 0.514020
7 11 0.667779
7 12 0.608745
7 13 0.615887
7 14 0.702410
7 15 0.676345
7 16 0.716448
7 17 0.765047
7 18 0.704957
7 19 0.500001
7 20 0.728600
7 21 0.911192
7 22 0.548614
7 23 0.841161
7 24 0.569233
7 25 0.609646
7 26 0.761743
8 1 0.559296
8 2 0.996055
8 3 0.939140
8 4 0.718791
8 5 0.621773
8 6 0.995785
8 7 0.607560
8 8 0.786641
8 9 0.754811
8 10 0.539565
8 11 0.839546
8 12 0.755649
8 13 0.755809
8 14 0.891772
8 15 0.864535
8 16 0.891883
8 17 0.939140
8 18 0.879325
8 19 0.500005
8 20 0.907551
8 21 0.996396
8 22 0.595653
8 23 0.989914
8 24 0.639955
8 25 0.742682
8 26 0.938366
9 1 0.563500
9 2 0.999035
9 3 0.963834
9 4 0.756186
9 5 0.657821
9 6 0.997681
9 7 0.615088
9 8 0.754811
9 9 0.805361
9 10 0.540830
9 11 0.876581
9 12 0.749002
9 13 0.798990
9 14 0.941708
9 15 0.914794
9 16 0.947498
9 17 0.963834
9 18 0.918863
9 19 0.500005
9 20 0.908819
9 21 0.998759
9 22 0.604162
9 23 0.989814
9 24 0.615376
9 25 0.793216
10 1 0.510039
10 2 0.734034
10 3 0.578918
10 4 0.533998
10 5 0.513944
10 6 0.689844
10 7 0.514020
10 8 0.539565
10 9 0.540830
10 10 0.513967
10 11 0.554815
10 12 0.547119
10 13 0.541275
10 14 0.606953
10 15 0.591063
10 16 0.593149
10 17 0.578918
10 18 0.567635
10 19 0.500001
10 20 0.615352
10 21 0.678833
10 22 0.514175
10 23 0.641483
10 24 0.519882
10 25 0.538433
10 26 0.609028
11 1 0.586165
11 2 0.999919
11 3 0.990813
11 4 0.834609
11 5 0.711900
11 6 0.999859
11 7 0.667779
11 8 0.839546
11 9 0.876581
11 10 0.554815
11 11 0.944770
11 12 0.834349
11 13 0.872238
11 14 0.977262
11 15 0.948797
11 16 0.978732
11 17 0.990813
11 18 0.969687
11 19 0.500006
11 20 0.966591
11 21 0.999915
11 22 0.653885
11 23 0.998515
11 24 0.685093
11 25 0.865632
12 1 0.553864
12 2 0.990086
12 3 0.927462
12 4 0.717964
12 5 0.656272
12 6 0.993703
12 7 0.608745
12 8 0.755649
12 9 0.749002
12 10 0.547119
12 11 0.834349
12 12 0.854380
12 13 0.751053
12 14 0.870450
12 15 0.905039
12 16 0.886869
12 17 0.927462
12 18 0.890327
12 19 0.500006
12 20 0.907728
12 21 0.993780
12 22 0.599999
12 23 0.986383
12 24 0.680609
12 25 0.738636
12 26 0.935546
13 1 0.562840
13 2 0.998946
13 3 0.960896
13 4 0.754094
13 5 0.654166
13 6 0.997839
13 7 0.615887
13 8 0.755809
13 9 0.798990
13 10 0.541275
13 11 0.872238
13 12 0.751053
13 13 0.794378
13 14 0.937688
13 15 0.910315
13 16 0.945068
13 17 0.960896
13 18 0.915385
13 19 0.500004
13 20 0.915131
13 21 0.998592
13 22 0.606587
13 23 0.989084
13 24 0.622323
13 25 0.788345
14 1 0.622160
14 2 1.000000
14 3 0.997460
14 4 0.904595
14 5 0.729348
14 6 0.999995
14 7 0.702410
14 8 0.891772
14 9 0.941708
14 10 0.606953
14 11 0.977262
14 12 0.870450
14 13 0.937688
14 14 0.998888
14 15 0.984139
14 16 0.997221
14 17 0.997460
14 18 0.989550
14 19 0.500008
14 20 0.996529
14 21 0.999997
14 22 0.688595
14 23 0.999552
14 24 0.643886
14 25 0.938536
15 1 0.634111
15 2 0.999996
15 3 0.994872
15 4 0.854846
15 5 0.778678
15 6 0.999952
15 7 0.676345
15 8 0.864535
15 9 0.914794
15 10 0.591063
15 11 0.948797
15 12 0.905039
15 13 0.910315
15 14 0.984139
15 15 0.998903
15 16 0.997529
15 17 0.994872
15 18 0.983084
15 19 0.500013
15 20 0.978622
15 21 0.999994
15 22 0.657570
15 23 0.999812
15 24 0.712000
15 25 0.899665
15 26 0.995375
16 1 0.646983
16 2 1.000000
16 3 0.998615
16 4 0.915088
16 5 0.777630
16 6 0.999999
16 7 0.716448
16 8 0.891883
16 9 0.947498
16 10 0.593149
16 11 0.978732
16 12 0.886869
16 13 0.945068
16 14 0.997221
16 15 0.997529
16 16 0.999570
16 17 0.998615
16 18 0.993456
16 19 0.500007
16 20 0.997006
16 21 1.000000
16 22 0.716891
16 23 0.999762
16 24 0.713678
16 25 0.947031
16 26 0.999064
17 1 0.637651
17 2 1.000000
17 4 0.938094
17 5 0.846666
17 6 1.000000
17 7 0.765047
17 8 0.939140
17 9 0.963834
17 10 0.578918
17 11 0.990813
17 12 0.927462
17 13 0.960896
17 14 0.997460
17 15 0.994872
17 16 0.998615
17 17 0.999790
17 18 0.996355
17 19 0.500008
17 20 0.994837
17 21 1.000000
17 22 0.749851
17 23 0.999988
17 24 0.813153
17 25 0.955075
17 26 0.999510
18 1 0.611707
18 2 0.999995
18 3 0.996355
18 4 0.879365
18 5 0.752301
18 6 0.999977
18 7 0.704957
18 8 0.879325
18 9 0.918863
18 10 0.567635
18 11 0.969687
18 12 0.890327
18 13 0.915385
18 14 0.989550
18 15 0.983084
18 16 0.993456
18 17 0.996355
18 18 0.987875
18 19 0.500009
18 20 0.985561
18 21 0.999994
18 22 0.684676
18 23 0.999645
18 24 0.714945
18 25 0.911375
19 1 0.500001
19 2 0.500021
19 3 0.500008
19 4 0.500003
19 5 0.500001
19 6 0.500011
19 7 0.500001
19 8 0.500005
19 9 0.500005
19 10 0.500001
19 11 0.500006
19 12 0.500006
19 13 0.500004
19 14 0.500008
19 15 0.500013
19 16 0.500007
19 17 0.500008
19 18 0.500009
19 19 0.500000
19 20 0.500007
19 21 0.500024
19 22 0.500001
19 23 0.500025
19 24 0.500001
19 25 0.500004
19 26 0.500011
20 1 0.626938
20 2 1.000000
20 3 0.994837
20 4 0.898479
20 5 0.675513
20 6 0.999999
20 7 0.728600
20 8 0.907551
20 9 0.908819
20 10 0.615352
20 11 0.966591
20 12 0.907728
20 13 0.915131
20 14 0.996529
20 15 0.978622
20 16 0.997006
20 17 0.994837
20 18 0.985561
20 19 0.500007
20 20 0.999370
20 21 0.999994
20 22 0.733044
20 23 0.999369
20 24 0.750940
20 25 0.917795
20 26 0.998079
21 1 0.795541
21 2 1.000000
21 3 1.000000
21 4 0.995324
21 5 0.939920
21 6 1.000000
21 7 0.911192
21 8 0.996396
21 9 0.998759
21 10 0.678833
21 11 0.999915
21 12 0.993780
21 13 0.998592
21 14 0.999997
21 15 0.999994
21 16 1.000000
21 17 1.000000
21 18 0.999994
21 19 0.500024
21 20 0.999994
21 21 1.000000
21 22 0.879695
21 23 1.000000
21 24 0.889407
21 25 0.998434
21 26 1.000000
22 1 0.519592
22 2 0.906058
22 3 0.749851
22 5 0.554438
22 6 0.929833
22 7 0.548614
22 8 0.595653
22 9 0.604162
22 10 0.514175
22 11 0.653885
22 12 0.599999
22 13 0.606587
22 14 0.688595
22 15 0.657570
22 16 0.716891
22 17 0.749851
22 18 0.684676
22 19 0.500001
22 20 0.733044
22 21 0.879695
22 22 0.551392
22 23 0.821091
22 24 0.570129
22 25 0.602676
22 26 0.743043
23 1 0.726416
23 2 1.000000
23 3 0.999988
23 4 0.975514
23 5 0.897517
23 6 1.000000
23 7 0.841161
23 8 0.989914
23 9 0.989814
23 10 0.641483
23 11 0.998515
23 12 0.986383
23 13 0.989084
23 14 0.999552
23 15 0.999812
23 16 0.999762
23 17 0.999988
23 18 0.999645
23 19 0.500025
23 20 0.999369
23 21 1.000000
23 22 0.821091
23 23 1.000000
23 24 0.895232
23 25 0.984632
23 26 0.999975
24 1 0.519685
24 2 0.868851
24 3 0.813153
24 4 0.618256
24 5 0.600119
24 6 0.969826
24 7 0.569233
24 8 0.639955
24 9 0.615376
24 10 0.519882
24 11 0.685093
24 12 0.680609
24 13 0.622323
24 14 0.643886
24 15 0.712000
24 16 0.713678
24 17 0.813153
24 18 0.714945
24 19 0.500001
24 20 0.750940
24 21 0.889407
24 22 0.570129
24 23 0.895232
24 24 0.653149
24 25 0.602604
25 1 0.561687
25 2 0.999067
25 3 0.955075
25 4 0.749517
25 5 0.641063
25 6 0.997385
25 7 0.609646
25 8 0.742682
25 9 0.793216
25 10 0.538433
25 11 0.865632
25 12 0.738636
25 13 0.788345
25 14 0.938536
25 15 0.899665
25 16 0.947031
25 17 0.955075
25 18 0.911375
25 19 0.500004
25 20 0.917795
25 21 0.998434
25 22 0.602676
25 23 0.984632
25 24 0.602604
25 25 0.787493
26 2 1.000000
26 6 1.000000
26 7 0.761743
26 8 0.938366
26 10 0.609028
26 12 0.935546
26 15 0.995375
26 16 0.999064
26 17 0.999510
26 19 0.500011
26 20 0.998079
26 21 1.000000
26 22 0.743043
26 23 0.999975
26 26 0.999732
