1 26 0.574602
3 17 0.567174
3 26 0.656460
4 22 0.565883
4 26 0.582924
5 26 0.587305
9 26 0.582721
11 26 0.691757
13 26 0.626149
14 26 0.747725
17 3 0.567174
18 26 0.641992
22 4 0.565883
24 26 0.588367
25 26 0.565624
26 1 0.574602
26 3 0.656460
26 4 0.582924
26 5 0.587305
26 9 0.582721
26 11 0.691757
26 13 0.626149
26 14 0.747725
26 18 0.641992
26 24 0.588367
26 25 0.565624
1 1 0.530187
1 2 0.685936
1 3 0.564320
1 4 0.531112
1 5 0.533927
1 6 0.601740
1 7 0.516274
1 8 0.535776
1 9 0.533826
1 10 0.516549
1 11 0.571242
1 12 0.542996
1 13 0.548120
1 14 0.603754
1 15 0.561469
1 16 0.557761
1 17 0.539878
1 18 0.557807
1 19 0.500002
1 20 0.558508
1 21 0.696888
1 22 0.531112
1 23 0.629609
1 24 0.535356
1 25 0.525901
2 1 0.685936
2 2 0.999921
2 3 0.825006
2 4 0.738437
2 5 0.710655
2 6 0.993981
2 7 0.572711
2 8 0.759042
2 9 0.707559
2 10 0.618092
2 11 0.975164
2 12 0.810482
2 13 0.831400
2 14 0.929476
2 15 0.936762
2 16 0.816664
2 17 0.870315
2 18 0.741721
2 19 0.500012
2 20 0.841618
2 21 0.996791
2 22 0.738437
2 23 0.957688
2 24 0.698995
2 25 0.640683
2 26 0.871342
3 1 0.564320
3 2 0.825006
3 3 0.669054
3 4 0.581049
3 5 0.568531
3 6 0.778335
3 7 0.532185
3 8 0.579339
3 9 0.571967
3 10 0.538154
3 11 0.705985
3 12 0.565034
3 13 0.606988
3 14 0.640524
3 15 0.629982
3 16 0.584094
3 18 0.641827
3 19 0.500005
3 20 0.560711
3 21 0.768123
3 22 0.581049
3 23 0.820040
3 24 0.576868
3 25 0.556641
4 1 0.531112
4 2 0.738437
4 3 0.581049
4 4 0.565883
4 5 0.537024
4 6 0.698105
4 7 0.516468
4 8 0.562225
4 9 0.531731
4 10 0.523303
4 11 0.683985
4 12 0.549105
4 13 0.581130
4 14 0.685370
4 15 0.588331
4 16 0.550036
4 17 0.590022
4 18 0.559866
4 19 0.500004
4 20 0.575422
4 21 0.664463
4 23 0.688449
4 24 0.539016
4 25 0.526091
5 1 0.533927
5 2 0.710655
5 3 0.568531
5 4 0.537024
5 5 0.545238
5 6 0.652683
5 7 0.520525
5 8 0.537042
5 9 0.539518
5 10 0.517232
5 11 0.594667
5 12 0.549044
5 13 0.562877
5 14 0.648690
5 15 0.578799
5 16 0.573573
5 17 0.554374
5 18 0.560898
5 19 0.500002
5 20 0.568845
5 21 0.705958
5 22 0.537024
5 23 0.609491
5 24 0.540995
5 25 0.530223
6 1 0.601740
6 2 0.993981
6 3 0.778335
6 4 0.698105
6 5 0.652683
6 6 0.999979
6 7 0.479829
6 8 0.624851
6 9 0.623230
6 10 0.567688
6 11 0.992452
6 12 0.613139
6 13 0.747526
6 14 0.244353
6 15 0.831583
6 16 0.636128
6 17 0.877655
6 18 0.677133
6 19 0.500012
6 20 0.380920
6 21 0.658987
6 22 0.698105
6 23 0.954112
6 24 0.620106
6 25 0.577897
6 26 0.730036
7 1 0.516274
7 2 0.572711
7 3 0.532185
7 4 0.516468
7 5 0.520525
7 6 0.479829
7 7 0.521518
7 8 0.509474
7 9 0.516040
7 10 0.509303
7 11 0.527302
7 12 0.520251
7 13 0.529604
7 14 0.567687
7 15 0.533825
7 16 0.537778
7 17 0.504844
7 18 0.526324
7 19 0.500000
7 20 0.527857
7 21 0.576728
7 22 0.516468
7 23 0.518599
7 24 0.520832
7 25 0.516168
7 26 0.545453
8 1 0.535776
8 2 0.759042
8 3 0.579339
8 4 0.562225
8 5 0.537042
8 6 0.624851
8 7 0.509474
8 8 0.612706
8 9 0.537004
8 10 0.525414
8 11 0.657311
8 12 0.580890
8 13 0.577011
8 14 0.646875
8 15 0.554480
8 16 0.559396
8 17 0.593538
8 18 0.585172
8 19 0.500004
8 20 0.655125
8 21 0.774532
8 22 0.562225
8 23 0.760933
8 24 0.545052
8 25 0.527670
8 26 0.592753
9 1 0.533826
9 2 0.707559
9 3 0.571967
9 4 0.531731
9 5 0.539518
9 6 0.623230
9 7 0.516040
9 8 0.537004
9 9 0.540079
9 10 0.516875
9 11 0.568671
9 12 0.545538
9 13 0.552575
9 14 0.620188
9 15 0.571580
9 16 0.564426
9 17 0.540652
9 18 0.565675
9 19 0.500002
9 20 0.559951
9 21 0.716053
9 22 0.531731
9 23 0.636019
9 24 0.539214
9 25 0.529004
10 1 0.516549
10 2 0.618092
10 3 0.538154
10 4 0.523303
10 5 0.517232
10 6 0.567688
10 7 0.509303
10 8 0.525414
10 9 0.516875
10 10 0.517727
10 11 0.551423
10 12 0.521797
10 13 0.532211
10 14 0.612037
10 15 0.550810
10 16 0.541774
10 17 0.529921
10 18 0.524603
10 19 0.500002
10 20 0.537036
10 21 0.597221
10 22 0.523303
10 23 0.608714
10 24 0.519992
10 25 0.512403
10 26 0.539375
11 1 0.571242
11 2 0.975164
11 3 0.705985
11 4 0.683985
11 5 0.594667
11 6 0.992452
11 7 0.527302
11 8 0.657311
11 9 0.568671
11 10 0.551423
11 11 0.974255
11 12 0.613641
11 13 0.715171
11 14 0.507253
11 15 0.746249
11 16 0.557906
11 17 0.780699
11 18 0.620964
11 19 0.500010
11 20 0.565252
11 21 0.756584
11 22 0.683985
11 23 0.908958
11 24 0.585819
11 25 0.558152
12 1 0.542996
12 2 0.810482
12 3 0.565034
12 4 0.549105
12 5 0.549044
12 6 0.613139
12 7 0.520251
12 8 0.580890
12 9 0.545538
12 10 0.521797
12 11 0.613641
12 12 0.606315
12 13 0.578706
12 14 0.687543
12 15 0.579213
12 16 0.598167
12 17 0.593288
12 18 0.573013
12 19 0.500002
12 20 0.661709
12 21 0.829464
12 22 0.549105
12 23 0.639675
12 24 0.550915
12 25 0.534825
12 26 0.606180
13 1 0.548120
13 2 0.831400
13 3 0.606988
13 4 0.581130
13 5 0.562877
13 6 0.747526
13 7 0.529604
13 8 0.577011
13 9 0.552575
13 10 0.532211
13 11 0.715171
13 12 0.578706
13 13 0.619019
13 14 0.783022
13 15 0.643794
13 16 0.603478
13 17 0.619788
13 18 0.575364
13 19 0.500005
13 20 0.609240
13 21 0.774426
13 22 0.581130
13 23 0.707451
13 24 0.558929
13 25 0.540106
14 1 0.603754
14 2 0.929476
14 3 0.640524
14 4 0.685370
14 5 0.648690
14 6 0.244353
14 7 0.567687
14 8 0.646875
14 9 0.620188
14 10 0.612037
14 11 0.507253
14 12 0.687543
14 13 0.783022
14 14 0.999986
14 15 0.885470
14 16 0.872968
14 17 0.831892
14 18 0.532678
14 19 0.500025
14 20 0.920576
14 21 0.998311
14 22 0.685370
14 23 0.882756
14 24 0.615301
14 25 0.576141
15 1 0.561469
15 2 0.936762
15 3 0.629982
15 4 0.588331
15 5 0.578799
15 6 0.831583
15 7 0.533825
15 8 0.554480
15 9 0.571580
15 10 0.550810
15 11 0.746249
15 12 0.579213
15 13 0.643794
15 14 0.885470
15 15 0.762203
15 16 0.650878
15 17 0.637456
15 18 0.549052
15 19 0.500007
15 20 0.594172
15 21 0.862418
15 22 0.588331
15 23 0.747088
15 24 0.565838
15 25 0.545117
15 26 0.647806
16 1 0.557761
16 2 0.816664
16 3 0.584094
16 4 0.550036
16 5 0.573573
16 6 0.636128
16 7 0.537778
16 8 0.559396
16 9 0.564426
16 10 0.541774
16 11 0.557906
16 12 0.598167
16 13 0.603478
16 14 0.872968
16 15 0.650878
16 16 0.698247
16 17 0.643728
16 18 0.563863
16 19 0.500004
16 20 0.671294
16 21 0.923802
16 22 0.550036
16 23 0.690726
16 24 0.566144
16 25 0.544766
16 26 0.641191
17 1 0.539878
17 2 0.870315
17 4 0.590022
17 5 0.554374
17 6 0.877655
17 7 0.504844
17 8 0.593538
17 9 0.540652
17 10 0.529921
17 11 0.780699
17 12 0.593288
17 13 0.619788
17 14 0.831892
17 15 0.637456
17 16 0.643728
17 17 0.779123
17 18 0.535441
17 19 0.500006
17 20 0.665303
17 21 0.929999
17 22 0.590022
17 23 0.771699
17 24 0.541624
17 25 0.525022
17 26 0.608086
18 1 0.557807
18 2 0.741721
18 3 0.641827
18 4 0.559866
18 5 0.560898
18 6 0.677133
18 7 0.526324
18 8 0.585172
18 9 0.565675
18 10 0.524603
18 11 0.620964
18 12 0.573013
18 13 0.575364
18 14 0.532678
18 15 0.549052
18 16 0.563863
18 17 0.535441
18 18 0.657592
18 19 0.500002
18 20 0.602108
18 21 0.740869
18 22 0.559866
18 23 0.763287
18 24 0.572365
18 25 0.554374
19 1 0.500002
19 2 0.500012
19 3 0.500005
19 4 0.500004
19 5 0.500002
19 6 0.500012
19 7 0.500000
19 8 0.500004
19 9 0.500002
19 10 0.500002
19 11 0.500010
19 12 0.500002
19 13 0.500005
19 14 0.500025
19 15 0.500007
19 16 0.500004
19 17 0.500006
19 18 0.500002
19 19 0.500000
19 20 0.500005
19 21 0.500017
19 22 0.500004
19 23 0.500020
19 24 0.500002
19 25 0.500001
19 26 0.500004
20 1 0.558508
20 2 0.841618
20 3 0.560711
20 4 0.575422
20 5 0.568845
20 6 0.380920
20 7 0.527857
20 8 0.655125
20 9 0.559951
20 10 0.537036
20 11 0.565252
20 12 0.661709
20 13 0.609240
20 14 0.920576
20 15 0.594172
20 16 0.671294
20 17 0.665303
20 18 0.602108
20 19 0.500005
20 20 0.850668
20 21 0.970752
20 22 0.575422
20 23 0.764066
20 24 0.569899
20 25 0.546440
20 26 0.651442
21 1 0.696888
21 2 0.996791
21 3 0.768123
21 4 0.664463
21 5 0.705958
21 6 0.658987
21 7 0.576728
21 8 0.774532
21 9 0.716053
21 10 0.597221
21 11 0.756584
21 12 0.829464
21 13 0.774426
21 14 0.998311
21 15 0.862418
21 16 0.923802
21 17 0.929999
21 18 0.740869
21 19 0.500017
21 20 0.970752
21 21 1.000000
21 22 0.664463
21 23 0.995646
21 24 0.686564
21 25 0.648390
21 26 0.890785
22 1 0.531112
22 2 0.738437
22 3 0.581049
22 5 0.537024
22 6 0.698105
22 7 0.516468
22 8 0.562225
22 9 0.531731
22 10 0.523303
22 11 0.683985
22 12 0.549105
22 13 0.581130
22 14 0.685370
22 15 0.588331
22 16 0.550036
22 17 0.590022
22 18 0.559866
22 19 0.500004
22 20 0.575422
22 21 0.664463
22 22 0.565883
22 23 0.688449
22 24 0.539016
22 25 0.526091
22 26 0.582924
23 1 0.629609
23 2 0.957688
23 3 0.820040
23 4 0.688449
23 5 0.609491
23 6 0.954112
23 7 0.518599
23 8 0.760933
23 9 0.636019
23 10 0.608714
23 11 0.908958
23 12 0.639675
23 13 0.707451
23 14 0.882756
23 15 0.747088
23 16 0.690726
23 17 0.771699
23 18 0.763287
23 19 0.500020
23 20 0.764066
23 21 0.995646
23 22 0.688449
23 23 0.997885
23 24 0.641298
23 25 0.596687
23 26 0.782339
24 1 0.535356
24 2 0.698995
24 3 0.576868
24 4 0.539016
24 5 0.540995
24 6 0.620106
24 7 0.520832
24 8 0.545052
24 9 0.539214
24 10 0.519992
24 11 0.585819
24 12 0.550915
24 13 0.558929
24 14 0.615301
24 15 0.565838
24 16 0.566144
24 17 0.541624
24 18 0.572365
24 19 0.500002
24 20 0.569899
24 21 0.686564
24 22 0.539016
24 23 0.641298
24 24 0.543600
24 25 0.531209
25 1 0.525901
25 2 0.640683
25 3 0.556641
25 4 0.526091
25 5 0.530223
25 6 0.577897
25 7 0.516168
25 8 0.527670
25 9 0.529004
25 10 0.512403
25 11 0.558152
25 12 0.534825
25 13 0.540106
25 14 0.576141
25 15 0.545117
25 16 0.544766
25 17 0.525022
25 18 0.554374
25 19 0.500001
25 20 0.546440
25 21 0.648390
25 22 0.526091
25 23 0.596687
25 24 0.531209
25 25 0.523777
26 2 0.871342
26 6 0.730036
26 7 0.545453
26 8 0.592753
26 10 0.539375
26 12 0.606180
26 15 0.647806
26 16 0.641191
26 17 0.608086
26 19 0.500004
26 20 0.651442
26 21 0.890785
26 22 0.582924
26 23 0.782339
26 26 0.684461
