1 26 0.566687
3 17 0.928690
3 26 0.935323
4 22 0.531516
4 26 0.562182
5 26 0.460821
9 26 0.776020
11 26 0.805483
13 26 0.787813
14 26 0.948644
17 3 0.928690
18 26 0.904624
22 4 0.531516
24 26 0.775736
25 26 0.777099
26 1 0.566687
26 3 0.935323
26 4 0.562182
26 5 0.460821
26 9 0.776020
26 11 0.805483
26 13 0.787813
26 14 0.948644
26 18 0.904624
26 24 0.775736
26 25 0.777099
1 1 0.510037
1 2 0.660115
1 3 0.566702
1 4 0.503057
1 5 0.494823
1 6 0.556656
1 7 0.510172
1 8 0.513742
1 9 0.530239
1 10 0.510820
1 11 0.534134
1 12 0.523295
1 13 0.529779
1 14 0.559161
1 15 0.593994
1 16 0.555789
1 17 0.561453
1 18 0.580010
1 19 0.500000
1 20 0.580951
1 21 0.639893
1 22 0.503057
1 23 0.562660
1 24 0.530876
1 25 0.529711
2 1 0.660115
2 2 0.999999
2 3 0.995506
2 4 0.573988
2 5 0.459095
2 6 0.989225
2 7 0.681956
2 8 0.779637
2 9 0.919309
2 10 0.689145
2 11 0.967033
2 12 0.884579
2 13 0.915241
2 14 0.984931
2 15 0.999500
2 16 0.980592
2 17 0.993584
2 18 0.998706
2 19 0.500004
2 20 0.997704
2 21 0.999995
2 22 0.573988
2 23 0.996067
2 24 0.907784
2 25 0.907510
2 26 0.993723
3 1 0.566702
3 2 0.995506
3 3 0.942862
3 4 0.562576
3 5 0.457294
3 6 0.921592
3 7 0.574621
3 8 0.648062
3 9 0.777894
3 10 0.580475
3 11 0.843860
3 12 0.733081
3 13 0.779885
3 14 0.918489
3 15 0.964341
3 16 0.871785
3 18 0.937158
3 19 0.500001
3 20 0.951804
3 21 0.996816
3 22 0.562576
3 23 0.949801
3 24 0.773782
3 25 0.766561
4 1 0.503057
4 2 0.573988
4 3 0.562576
4 4 0.531516
4 5 0.508264
4 6 0.616687
4 7 0.512714
4 8 0.512307
4 9 0.531106
4 10 0.504670
4 11 0.576339
4 12 0.522347
4 13 0.533015
4 14 0.562644
4 15 0.525962
4 16 0.525615
4 17 0.553579
4 18 0.541291
4 19 0.500001
4 20 0.600899
4 21 0.595942
4 23 0.609268
4 24 0.531547
4 25 0.528884
5 1 0.494823
5 2 0.459095
5 3 0.457294
5 4 0.508264
5 5 0.552602
5 6 0.467961
5 7 0.509418
5 8 0.514498
5 9 0.486730
5 10 0.496101
5 11 0.508695
5 12 0.484679
5 13 0.479302
5 14 0.476803
5 15 0.398976
5 16 0.440376
5 17 0.456737
5 18 0.397572
5 19 0.500000
5 20 0.503712
5 21 0.437288
5 22 0.508264
5 23 0.533734
5 24 0.483381
5 25 0.483977
6 1 0.556656
6 2 0.989225
6 3 0.921592
6 4 0.616687
6 5 0.467961
6 6 0.990475
6 7 0.575852
6 8 0.620681
6 9 0.769399
6 10 0.565592
6 11 0.808791
6 12 0.746449
6 13 0.790892
6 14 0.930127
6 15 0.969497
6 16 0.883839
6 17 0.897783
6 18 0.908965
6 19 0.500002
6 20 0.942486
6 21 0.995080
6 22 0.616687
6 23 0.761853
6 24 0.765925
6 25 0.769167
6 26 0.937788
7 1 0.510172
7 2 0.681956
7 3 0.574621
7 4 0.512714
7 5 0.509418
7 6 0.575852
7 7 0.520885
7 8 0.517311
7 9 0.536248
7 10 0.510353
7 11 0.552898
7 12 0.527680
7 13 0.534037
7 14 0.567669
7 15 0.590725
7 16 0.565726
7 17 0.566500
7 18 0.548657
7 19 0.500001
7 20 0.623486
7 21 0.657515
7 22 0.512714
7 23 0.593495
7 24 0.537441
7 25 0.535713
7 26 0.574246
8 1 0.513742
8 2 0.779637
8 3 0.648062
8 4 0.512307
8 5 0.514498
8 6 0.620681
8 7 0.517311
8 8 0.560456
8 9 0.569490
8 10 0.518114
8 11 0.590036
8 12 0.556651
8 13 0.565678
8 14 0.647512
8 15 0.656309
8 16 0.585416
8 17 0.634036
8 18 0.602516
8 19 0.500000
8 20 0.675121
8 21 0.821205
8 22 0.512307
8 23 0.680410
8 24 0.563571
8 25 0.565239
8 26 0.644105
9 1 0.530239
9 2 0.919309
9 3 0.777894
9 4 0.531106
9 5 0.486730
9 6 0.769399
9 7 0.536248
9 8 0.569490
9 9 0.642903
9 10 0.539000
9 11 0.668192
9 12 0.616810
9 13 0.643108
9 14 0.760935
9 15 0.825319
9 16 0.710406
9 17 0.756189
9 18 0.741438
9 19 0.500000
9 20 0.799716
9 21 0.934250
9 22 0.531106
9 23 0.779744
9 24 0.637182
9 25 0.634318
10 1 0.510820
10 2 0.689145
10 3 0.580475
10 4 0.504670
10 5 0.496101
10 6 0.565592
10 7 0.510353
10 8 0.518114
10 9 0.539000
10 10 0.517662
10 11 0.539213
10 12 0.526644
10 13 0.539551
10 14 0.577984
10 15 0.616540
10 16 0.555811
10 17 0.572995
10 18 0.601618
10 19 0.500000
10 20 0.604414
10 21 0.672735
10 22 0.504670
10 23 0.592026
10 24 0.535400
10 25 0.536056
10 26 0.583420
11 1 0.534134
11 2 0.967033
11 3 0.843860
11 4 0.576339
11 5 0.508695
11 6 0.808791
11 7 0.552898
11 8 0.590036
11 9 0.668192
11 10 0.539213
11 11 0.874075
11 12 0.634701
11 13 0.673485
11 14 0.765888
11 15 0.778626
11 16 0.680521
11 17 0.828241
11 18 0.868628
11 19 0.500003
11 20 0.886420
11 21 0.953416
11 22 0.576339
11 23 0.932736
11 24 0.669156
11 25 0.657764
12 1 0.523295
12 2 0.884579
12 3 0.733081
12 4 0.522347
12 5 0.484679
12 6 0.746449
12 7 0.527680
12 8 0.556651
12 9 0.616810
12 10 0.526644
12 11 0.634701
12 12 0.621720
12 13 0.615764
12 14 0.712936
12 15 0.810592
12 16 0.704077
12 17 0.715810
12 18 0.700583
12 19 0.500000
12 20 0.762194
12 21 0.917858
12 22 0.522347
12 23 0.672952
12 24 0.609803
12 25 0.607810
12 26 0.732985
13 1 0.529779
13 2 0.915241
13 3 0.779885
13 4 0.533015
13 5 0.479302
13 6 0.790892
13 7 0.534037
13 8 0.565678
13 9 0.643108
13 10 0.539551
13 11 0.673485
13 12 0.615764
13 13 0.650614
13 14 0.780562
13 15 0.834926
13 16 0.725002
13 17 0.756306
13 18 0.748772
13 19 0.500000
13 20 0.809427
13 21 0.938384
13 22 0.533015
13 23 0.760433
13 24 0.639976
13 25 0.640165
14 1 0.559161
14 2 0.984931
14 3 0.918489
14 4 0.562644
14 5 0.476803
14 6 0.930127
14 7 0.567669
14 8 0.647512
14 9 0.760935
14 10 0.577984
14 11 0.765888
14 12 0.712936
14 13 0.780562
14 14 0.963834
14 15 0.960728
14 16 0.898580
14 17 0.888317
14 18 0.810490
14 19 0.500001
14 20 0.960943
14 21 0.997429
14 22 0.562644
14 23 0.869507
14 24 0.765375
14 25 0.775227
15 1 0.593994
15 2 0.999500
15 3 0.964341
15 4 0.525962
15 5 0.398976
15 6 0.969497
15 7 0.590725
15 8 0.656309
15 9 0.825319
15 10 0.616540
15 11 0.778626
15 12 0.810592
15 13 0.834926
15 14 0.960728
15 15 0.996631
15 16 0.961002
15 17 0.952628
15 18 0.969299
15 19 0.500000
15 20 0.976593
15 21 0.999708
15 22 0.525962
15 23 0.844353
15 24 0.812669
15 25 0.822233
15 26 0.970661
16 1 0.555789
16 2 0.980592
16 3 0.871785
16 4 0.525615
16 5 0.440376
16 6 0.883839
16 7 0.565726
16 8 0.585416
16 9 0.710406
16 10 0.555811
16 11 0.680521
16 12 0.704077
16 13 0.725002
16 14 0.898580
16 15 0.961002
16 16 0.909258
16 17 0.845841
16 18 0.783075
16 19 0.500001
16 20 0.934857
16 21 0.992415
16 22 0.525615
16 23 0.710684
16 24 0.718215
16 25 0.720791
16 26 0.899554
17 1 0.561453
17 2 0.993584
17 4 0.553579
17 5 0.456737
17 6 0.897783
17 7 0.566500
17 8 0.634036
17 9 0.756189
17 10 0.572995
17 11 0.828241
17 12 0.715810
17 13 0.756306
17 14 0.888317
17 15 0.952628
17 16 0.845841
17 17 0.914819
17 18 0.935408
17 19 0.500001
17 20 0.932623
17 21 0.994407
17 22 0.553579
17 23 0.939860
17 24 0.751621
17 25 0.742445
17 26 0.915139
18 1 0.580010
18 2 0.998706
18 3 0.937158
18 4 0.541291
18 5 0.397572
18 6 0.908965
18 7 0.548657
18 8 0.602516
18 9 0.741438
18 10 0.601618
18 11 0.868628
18 12 0.700583
18 13 0.748772
18 14 0.810490
18 15 0.969299
18 16 0.783075
18 17 0.935408
18 18 0.997660
18 19 0.500001
18 20 0.880351
18 21 0.992461
18 22 0.541291
18 23 0.946748
18 24 0.735748
18 25 0.723411
19 1 0.500000
19 2 0.500004
19 3 0.500001
19 4 0.500001
19 5 0.500000
19 6 0.500002
19 7 0.500001
19 8 0.500000
19 9 0.500000
19 10 0.500000
19 11 0.500003
19 12 0.500000
19 13 0.500000
19 14 0.500001
19 15 0.500000
19 16 0.500001
19 17 0.500001
19 18 0.500001
19 19 0.500000
19 20 0.500002
19 21 0.500002
19 22 0.500001
19 23 0.500002
19 24 0.500001
19 25 0.500001
19 26 0.500001
20 1 0.580951
20 2 0.997704
20 3 0.951804
20 4 0.600899
20 5 0.503712
20 6 0.942486
20 7 0.623486
20 8 0.675121
20 9 0.799716
20 10 0.604414
20 11 0.886420
20 12 0.762194
20 13 0.809427
20 14 0.960943
20 15 0.976593
20 16 0.934857
20 17 0.932623
20 18 0.880351
20 19 0.500002
20 20 0.994819
20 21 0.999190
20 22 0.600899
20 23 0.965854
20 24 0.801115
20 25 0.800921
20 26 0.957804
21 1 0.639893
21 2 0.999995
21 3 0.996816
21 4 0.595942
21 5 0.437288
21 6 0.995080
21 7 0.657515
21 8 0.821205
21 9 0.934250
21 10 0.672735
21 11 0.953416
21 12 0.917858
21 13 0.938384
21 14 0.997429
21 15 0.999708
21 16 0.992415
21 17 0.994407
21 18 0.992461
21 19 0.500002
21 20 0.999190
21 21 1.000000
21 22 0.595942
21 23 0.992486
21 24 0.926092
21 25 0.931793
21 26 0.997622
22 1 0.503057
22 2 0.573988
22 3 0.562576
22 5 0.508264
22 6 0.616687
22 7 0.512714
22 8 0.512307
22 9 0.531106
22 10 0.504670
22 11 0.576339
22 12 0.522347
22 13 0.533015
22 14 0.562644
22 15 0.525962
22 16 0.525615
22 17 0.553579
22 18 0.541291
22 19 0.500001
22 20 0.600899
22 21 0.595942
22 22 0.531516
22 23 0.609268
22 24 0.531547
22 25 0.528884
22 26 0.562182
23 1 0.562660
23 2 0.996067
23 3 0.949801
23 4 0.609268
23 5 0.533734
23 6 0.761853
23 7 0.593495
23 8 0.680410
23 9 0.779744
23 10 0.592026
23 11 0.932736
23 12 0.672952
23 13 0.760433
23 14 0.869507
23 15 0.844353
23 16 0.710684
23 17 0.939860
23 18 0.946748
23 19 0.500002
23 20 0.965854
23 21 0.992486
23 22 0.609268
23 23 0.997701
23 24 0.769663
23 25 0.740313
23 26 0.909639
24 1 0.530876
24 2 0.907784
24 3 0.773782
24 4 0.531547
24 5 0.483381
24 6 0.765925
24 7 0.537441
24 8 0.563571
24 9 0.637182
24 10 0.535400
24 11 0.669156
24 12 0.609803
24 13 0.639976
24 14 0.765375
24 15 0.812669
24 16 0.718215
24 17 0.751621
24 18 0.735748
24 19 0.500001
24 20 0.801115
24 21 0.926092
24 22 0.531547
24 23 0.769663
24 24 0.638574
24 25 0.634017
25 1 0.529711
25 2 0.907510
25 3 0.766561
25 4 0.528884
25 5 0.483977
25 6 0.769167
25 7 0.535713
25 8 0.565239
25 9 0.634318
25 10 0.536056
25 11 0.657764
25 12 0.607810
25 13 0.640165
25 14 0.775227
25 15 0.822233
25 16 0.720791
25 17 0.742445
25 18 0.723411
25 19 0.500001
25 20 0.800921
25 21 0.931793
25 22 0.528884
25 23 0.740313
25 24 0.634017
25 25 0.635147
26 2 0.993723
26 6 0.937788
26 7 0.574246
26 8 0.644105
26 10 0.583420
26 12 0.732985
26 15 0.970661
26 16 0.899554
26 17 0.915139
26 19 0.500001
26 20 0.957804
26 21 0.997622
26 22 0.562182
26 23 0.909639
26 26 0.947618
