1 26 0.713537
3 17 0.758479
3 26 0.840668
4 22 0.561128
4 26 0.554582
5 26 0.727700
9 26 0.736398
11 26 0.674863
13 26 0.706444
14 26 0.905001
17 3 0.758479
18 26 0.814011
22 4 0.561128
24 26 0.749439
25 26 0.578559
26 1 0.713537
26 3 0.840668
26 4 0.554582
26 5 0.727700
26 9 0.736398
26 11 0.674863
26 13 0.706444
26 14 0.905001
26 18 0.814011
26 24 0.749439
26 25 0.578559
1 1 0.577096
1 2 0.819035
1 3 0.637839
1 4 0.518479
1 5 0.578229
1 6 0.816412
1 7 0.535315
1 8 0.563314
1 9 0.586473
1 10 0.513453
1 11 0.569971
1 12 0.524499
1 13 0.573955
1 14 0.677690
1 15 0.697065
1 16 0.656961
1 17 0.622258
1 18 0.621553
1 19 0.500003
1 20 0.606163
1 21 0.748729
1 22 0.518479
1 23 0.611728
1 24 0.591453
1 25 0.527447
2 1 0.819035
2 2 0.999860
2 3 0.937831
2 4 0.626182
2 5 0.816274
2 6 0.999565
2 7 0.651043
2 8 0.746502
2 9 0.844323
2 10 0.554274
2 11 0.805092
2 12 0.605973
2 13 0.805985
2 14 0.968500
2 15 0.986134
2 16 0.946338
2 17 0.916706
2 18 0.911976
2 19 0.500014
2 20 0.831317
2 21 0.996331
2 22 0.626182
2 23 0.905092
2 24 0.857939
2 25 0.599047
2 26 0.987020
3 1 0.637839
3 2 0.937831
3 3 0.774648
3 4 0.537672
3 5 0.635407
3 6 0.946724
3 7 0.571356
3 8 0.650204
3 9 0.657376
3 10 0.526529
3 11 0.635849
3 12 0.562069
3 13 0.631775
3 14 0.794708
3 15 0.840914
3 16 0.806433
3 18 0.704536
3 19 0.500005
3 20 0.701347
3 21 0.933843
3 22 0.537672
3 23 0.781155
3 24 0.663096
3 25 0.551622
4 1 0.518479
4 2 0.626182
4 3 0.537672
4 4 0.561128
4 5 0.514764
4 6 0.799881
4 7 0.501164
4 8 0.504293
4 9 0.521156
4 10 0.492105
4 11 0.551420
4 12 0.515539
4 13 0.521754
4 14 0.562834
4 15 0.561765
4 16 0.564813
4 17 0.534264
4 18 0.502881
4 19 0.500002
4 20 0.480956
4 21 0.638000
4 23 0.591199
4 24 0.526933
4 25 0.504392
5 1 0.578229
5 2 0.816274
5 3 0.635407
5 4 0.514764
5 5 0.651334
5 6 0.790527
5 7 0.550728
5 8 0.587199
5 9 0.593129
5 10 0.525312
5 11 0.516253
5 12 0.520989
5 13 0.578068
5 14 0.677414
5 15 0.726082
5 16 0.649540
5 17 0.615887
5 18 0.658133
5 19 0.500003
5 20 0.657509
5 21 0.728700
5 22 0.514764
5 23 0.658311
5 24 0.598404
5 25 0.537745
6 1 0.816412
6 2 0.999565
6 3 0.946724
6 4 0.799881
6 5 0.790527
6 6 0.999999
6 7 0.630693
6 8 0.727082
6 9 0.841052
6 10 0.507522
6 11 0.837643
6 12 0.686485
6 13 0.818625
6 14 0.985165
6 15 0.988843
6 16 0.982229
6 17 0.933549
6 18 0.847959
6 19 0.500022
6 20 0.734025
6 21 0.999401
6 22 0.799881
6 23 0.929186
6 24 0.864700
6 25 0.569309
6 26 0.990158
7 1 0.535315
7 2 0.651043
7 3 0.571356
7 4 0.501164
7 5 0.550728
7 6 0.630693
7 7 0.529970
7 8 0.532756
7 9 0.541817
7 10 0.513279
7 11 0.520303
7 12 0.507336
7 13 0.533361
7 14 0.583310
7 15 0.619612
7 16 0.587779
7 17 0.564465
7 18 0.557595
7 19 0.500002
7 20 0.556686
7 21 0.645371
7 22 0.501164
7 23 0.548251
7 24 0.542125
7 25 0.514636
7 26 0.602079
8 1 0.563314
8 2 0.746502
8 3 0.650204
8 4 0.504293
8 5 0.587199
8 6 0.727082
8 7 0.532756
8 8 0.615208
8 9 0.574292
8 10 0.517591
8 11 0.535146
8 12 0.539907
8 13 0.560736
8 14 0.638250
8 15 0.676336
8 16 0.663445
8 17 0.640773
8 18 0.630866
8 19 0.500001
8 20 0.656113
8 21 0.747695
8 22 0.504293
8 23 0.715876
8 24 0.576919
8 25 0.528076
8 26 0.685789
9 1 0.586473
9 2 0.844323
9 3 0.657376
9 4 0.521156
9 5 0.593129
9 6 0.841052
9 7 0.541817
9 8 0.574292
9 9 0.599243
9 10 0.518079
9 11 0.577879
9 12 0.530792
9 13 0.584763
9 14 0.695870
9 15 0.717469
9 16 0.671432
9 17 0.640161
9 18 0.637785
9 19 0.500003
9 20 0.626969
9 21 0.770003
9 22 0.521156
9 23 0.646186
9 24 0.602718
9 25 0.535980
10 1 0.513453
10 2 0.554274
10 3 0.526529
10 4 0.492105
10 5 0.525312
10 6 0.507522
10 7 0.513279
10 8 0.517591
10 9 0.518079
10 10 0.518158
10 11 0.500830
10 12 0.505958
10 13 0.513543
10 14 0.520782
10 15 0.540782
10 16 0.526812
10 17 0.522684
10 18 0.535803
10 19 0.500000
10 20 0.547731
10 21 0.490843
10 22 0.492105
10 23 0.536153
10 24 0.512033
10 25 0.517227
10 26 0.537065
11 1 0.569971
11 2 0.805092
11 3 0.635849
11 4 0.551420
11 5 0.516253
11 6 0.837643
11 7 0.520303
11 8 0.535146
11 9 0.577879
11 10 0.500830
11 11 0.679740
11 12 0.521699
11 13 0.572356
11 14 0.644643
11 15 0.637441
11 16 0.644965
11 17 0.622148
11 18 0.582660
11 19 0.500002
11 20 0.557103
11 21 0.775994
11 22 0.551420
11 23 0.699177
11 24 0.582582
11 25 0.552348
12 1 0.524499
12 2 0.605973
12 3 0.562069
12 4 0.515539
12 5 0.520989
12 6 0.686485
12 7 0.507336
12 8 0.539907
12 9 0.530792
12 10 0.505958
12 11 0.521699
12 12 0.531569
12 13 0.528854
12 14 0.559653
12 15 0.569071
12 16 0.566377
12 17 0.558325
12 18 0.540319
12 19 0.500001
12 20 0.547766
12 21 0.564497
12 22 0.515539
12 23 0.588922
12 24 0.529536
12 25 0.506701
12 26 0.574563
13 1 0.573955
13 2 0.805985
13 3 0.631775
13 4 0.521754
13 5 0.578068
13 6 0.818625
13 7 0.533361
13 8 0.560736
13 9 0.584763
13 10 0.513543
13 11 0.572356
13 12 0.528854
13 13 0.575095
13 14 0.669301
13 15 0.683446
13 16 0.643863
13 17 0.615461
13 18 0.620216
13 19 0.500003
13 20 0.605828
13 21 0.716812
13 22 0.521754
13 23 0.623258
13 24 0.588789
13 25 0.530659
14 1 0.677690
14 2 0.968500
14 3 0.794708
14 4 0.562834
14 5 0.677414
14 6 0.985165
14 7 0.583310
14 8 0.638250
14 9 0.695870
14 10 0.520782
14 11 0.644643
14 12 0.559653
14 13 0.669301
14 14 0.886907
14 15 0.875255
14 16 0.852261
14 17 0.767717
14 18 0.738759
14 19 0.500008
14 20 0.704404
14 21 0.957629
14 22 0.562834
14 23 0.711309
14 24 0.709996
14 25 0.551567
15 1 0.697065
15 2 0.986134
15 3 0.840914
15 4 0.561765
15 5 0.726082
15 6 0.988843
15 7 0.619612
15 8 0.676336
15 9 0.717469
15 10 0.540782
15 11 0.637441
15 12 0.569071
15 13 0.683446
15 14 0.875255
15 15 0.970883
15 16 0.909254
15 17 0.821123
15 18 0.770471
15 19 0.500010
15 20 0.747411
15 21 0.980782
15 22 0.561765
15 23 0.660473
15 24 0.733628
15 25 0.529710
15 26 0.916833
16 1 0.656961
16 2 0.946338
16 3 0.806433
16 4 0.564813
16 5 0.649540
16 6 0.982229
16 7 0.587779
16 8 0.663445
16 9 0.671432
16 10 0.526812
16 11 0.644965
16 12 0.566377
16 13 0.643863
16 14 0.852261
16 15 0.909254
16 16 0.892560
16 17 0.791080
16 18 0.703832
16 19 0.500008
16 20 0.699968
16 21 0.972941
16 22 0.564813
16 23 0.731867
16 24 0.684838
16 25 0.538274
16 26 0.873261
17 1 0.622258
17 2 0.916706
17 4 0.534264
17 5 0.615887
17 6 0.933549
17 7 0.564465
17 8 0.640773
17 9 0.640161
17 10 0.522684
17 11 0.622148
17 12 0.558325
17 13 0.615461
17 14 0.767717
17 15 0.821123
17 16 0.791080
17 17 0.746212
17 18 0.677372
17 19 0.500005
17 20 0.679705
17 21 0.929571
17 22 0.534264
17 23 0.768482
17 24 0.644967
17 25 0.543627
17 26 0.813224
18 1 0.621553
18 2 0.911976
18 3 0.704536
18 4 0.502881
18 5 0.658133
18 6 0.847959
18 7 0.557595
18 8 0.630866
18 9 0.637785
18 10 0.535803
18 11 0.582660
18 12 0.540319
18 13 0.620216
18 14 0.738759
18 15 0.770471
18 16 0.703832
18 17 0.677372
18 18 0.740265
18 19 0.500003
18 20 0.732109
18 21 0.752345
18 22 0.502881
18 23 0.726327
18 24 0.643266
18 25 0.560896
19 1 0.500003
19 2 0.500014
19 3 0.500005
19 4 0.500002
19 5 0.500003
19 6 0.500022
19 7 0.500002
19 8 0.500001
19 9 0.500003
19 10 0.500000
19 11 0.500002
19 12 0.500001
19 13 0.500003
19 14 0.500008
19 15 0.500010
19 16 0.500008
19 17 0.500005
19 18 0.500003
19 19 0.500000
19 20 0.500001
19 21 0.500014
19 22 0.500002
19 23 0.500001
19 24 0.500003
19 25 0.500000
19 26 0.500008
20 1 0.606163
20 2 0.831317
20 3 0.701347
20 4 0.480956
20 5 0.657509
20 6 0.734025
20 7 0.556686
20 8 0.656113
20 9 0.626969
20 10 0.547731
20 11 0.557103
20 12 0.547766
20 13 0.605828
20 14 0.704404
20 15 0.747411
20 16 0.699968
20 17 0.679705
20 18 0.732109
20 19 0.500001
20 20 0.804361
20 21 0.690470
20 22 0.480956
20 23 0.781610
20 24 0.621999
20 25 0.591577
20 26 0.787214
21 1 0.748729
21 2 0.996331
21 3 0.933843
21 4 0.638000
21 5 0.728700
21 6 0.999401
21 7 0.645371
21 8 0.747695
21 9 0.770003
21 10 0.490843
21 11 0.775994
21 12 0.564497
21 13 0.716812
21 14 0.957629
21 15 0.980782
21 16 0.972941
21 17 0.929571
21 18 0.752345
21 19 0.500014
21 20 0.690470
21 21 0.999967
21 22 0.638000
21 23 0.924338
21 24 0.800561
21 25 0.565854
21 26 0.966075
22 1 0.518479
22 2 0.626182
22 3 0.537672
22 5 0.514764
22 6 0.799881
22 7 0.501164
22 8 0.504293
22 9 0.521156
22 10 0.492105
22 11 0.551420
22 12 0.515539
22 13 0.521754
22 14 0.562834
22 15 0.561765
22 16 0.564813
22 17 0.534264
22 18 0.502881
22 19 0.500002
22 20 0.480956
22 21 0.638000
22 22 0.561128
22 23 0.591199
22 24 0.526933
22 25 0.504392
22 26 0.554582
23 1 0.611728
23 2 0.905092
23 3 0.781155
23 4 0.591199
23 5 0.658311
23 6 0.929186
23 7 0.548251
23 8 0.715876
23 9 0.646186
23 10 0.536153
23 11 0.699177
23 12 0.588922
23 13 0.623258
23 14 0.711309
23 15 0.660473
23 16 0.731867
23 17 0.768482
23 18 0.726327
23 19 0.500001
23 20 0.781610
23 21 0.924338
23 22 0.591199
23 23 0.977266
23 24 0.638341
23 25 0.642203
23 26 0.796579
24 1 0.591453
24 2 0.857939
24 3 0.663096
24 4 0.526933
24 5 0.598404
24 6 0.864700
24 7 0.542125
24 8 0.576919
24 9 0.602718
24 10 0.512033
24 11 0.582582
24 12 0.529536
24 13 0.588789
24 14 0.709996
24 15 0.733628
24 16 0.684838
24 17 0.644967
24 18 0.643266
24 19 0.500003
24 20 0.621999
24 21 0.800561
24 22 0.526933
24 23 0.638341
24 24 0.610931
24 25 0.530109
25 1 0.527447
25 2 0.599047
25 3 0.551622
25 4 0.504392
25 5 0.537745
25 6 0.569309
25 7 0.514636
25 8 0.528076
25 9 0.535980
25 10 0.517227
25 11 0.552348
25 12 0.506701
25 13 0.530659
25 14 0.551567
25 15 0.529710
25 16 0.538274
25 17 0.543627
25 18 0.560896
25 19 0.500000
25 20 0.591577
25 21 0.565854
25 22 0.504392
25 23 0.642203
25 24 0.530109
25 25 0.551692
26 2 0.987020
26 6 0.990158
26 7 0.602079
26 8 0.685789
26 10 0.537065
26 12 0.574563
26 15 0.916833
26 16 0.873261
26 17 0.813224
26 19 0.500008
26 20 0.787214
26 21 0.966075
26 22 0.554582
26 23 0.796579
26 26 0.939545
