1 26 0.794738
3 17 0.920923
3 26 0.947316
4 22 0.570805
4 26 0.624061
5 26 0.803359
9 26 0.822303
11 26 0.966037
13 26 0.696533
14 26 0.903954
17 3 0.920923
18 26 0.909636
22 4 0.570805
24 26 0.738122
25 26 0.617074
26 1 0.794738
26 3 0.947316
26 4 0.624061
26 5 0.803359
26 9 0.822303
26 11 0.966037
26 13 0.696533
26 14 0.903954
26 18 0.909636
26 24 0.738122
26 25 0.617074
1 1 0.642534
1 2 0.954133
1 3 0.770581
1 4 0.550482
1 5 0.647500
1 6 0.871843
1 7 0.547987
1 8 0.583427
1 9 0.659224
1 10 0.531634
1 11 0.799028
1 12 0.617803
1 13 0.580363
1 14 0.720275
1 15 0.567091
1 16 0.680920
1 17 0.741251
1 18 0.728681
1 19 0.500001
1 20 0.716869
1 21 0.863126
1 22 0.550482
1 23 0.822686
1 24 0.613756
1 25 0.546252
2 1 0.954133
2 2 1.000000
2 3 0.998392
2 4 0.882769
2 5 0.968299
2 6 0.999989
2 7 0.765989
2 8 0.880102
2 9 0.975432
2 10 0.698816
2 11 0.999814
2 12 0.868549
2 13 0.945402
2 14 0.966176
2 15 0.924629
2 16 0.997158
2 17 0.997269
2 18 0.994311
2 19 0.500010
2 20 0.990805
2 21 0.998462
2 22 0.882769
2 23 0.999983
2 24 0.957462
2 25 0.699233
2 26 0.999247
3 1 0.770581
3 2 0.998392
3 3 0.939230
3 4 0.604972
3 5 0.777109
3 6 0.983038
3 7 0.593370
3 8 0.688490
3 9 0.796786
3 10 0.560180
3 11 0.956689
3 12 0.738012
3 13 0.673222
3 14 0.881151
3 15 0.673689
3 16 0.824316
3 18 0.889507
3 19 0.500003
3 20 0.863757
3 21 0.984456
3 22 0.604972
3 23 0.981961
3 24 0.719411
3 25 0.584767
4 1 0.550482
4 2 0.882769
4 3 0.604972
4 4 0.570805
4 5 0.562191
4 6 0.758326
4 7 0.523946
4 8 0.548977
4 9 0.561136
4 10 0.515162
4 11 0.680561
4 12 0.538505
4 13 0.593658
4 14 0.545714
4 15 0.535610
4 16 0.589675
4 17 0.601295
4 18 0.577977
4 19 0.500001
4 20 0.573847
4 21 0.549366
4 23 0.751372
4 24 0.573687
4 25 0.511277
5 1 0.647500
5 2 0.968299
5 3 0.777109
5 4 0.562191
5 5 0.657724
5 6 0.885526
5 7 0.554087
5 8 0.598022
5 9 0.665974
5 10 0.534617
5 11 0.813739
5 12 0.622403
5 13 0.604502
5 14 0.717537
5 15 0.574780
5 16 0.709504
5 17 0.748845
5 18 0.732284
5 19 0.500001
5 20 0.732436
5 21 0.830227
5 22 0.562191
5 23 0.853510
5 24 0.634396
5 25 0.550165
6 1 0.871843
6 2 0.999989
6 3 0.983038
6 4 0.758326
6 5 0.885526
6 6 0.999913
6 7 0.641897
6 8 0.784242
6 9 0.895972
6 10 0.590283
6 11 0.996868
6 12 0.844577
6 13 0.849474
6 14 0.961952
6 15 0.696889
6 16 0.918988
6 17 0.974283
6 18 0.958853
6 19 0.500005
6 20 0.946670
6 21 0.993342
6 22 0.758326
6 23 0.998934
6 24 0.844893
6 25 0.733942
6 26 0.990954
7 1 0.547987
7 2 0.765989
7 3 0.593370
7 4 0.523946
7 5 0.554087
7 6 0.641897
7 7 0.524752
7 8 0.535094
7 9 0.553334
7 10 0.515594
7 11 0.610140
7 12 0.544269
7 13 0.536448
7 14 0.558933
7 15 0.513070
7 16 0.591979
7 17 0.581441
7 18 0.575604
7 19 0.500001
7 20 0.598938
7 21 0.590490
7 22 0.523946
7 23 0.636947
7 24 0.561537
7 25 0.505573
7 26 0.602554
8 1 0.583427
8 2 0.880102
8 3 0.688490
8 4 0.548977
8 5 0.598022
8 6 0.784242
8 7 0.535094
8 8 0.602260
8 9 0.594749
8 10 0.518990
8 11 0.721681
8 12 0.590676
8 13 0.602498
8 14 0.626378
8 15 0.563798
8 16 0.650263
8 17 0.676291
8 18 0.631115
8 19 0.500002
8 20 0.656008
8 21 0.631049
8 22 0.548977
8 23 0.854019
8 24 0.607741
8 25 0.521627
8 26 0.697567
9 1 0.659224
9 2 0.975432
9 3 0.796786
9 4 0.561136
9 5 0.665974
9 6 0.895972
9 7 0.553334
9 8 0.594749
9 9 0.680363
9 10 0.533856
9 11 0.828300
9 12 0.625611
9 13 0.596502
9 14 0.736779
9 15 0.586875
9 16 0.704516
9 17 0.767624
9 18 0.751849
9 19 0.500001
9 20 0.727686
9 21 0.881248
9 22 0.561136
9 23 0.856950
9 24 0.625810
9 25 0.549011
10 1 0.531634
10 2 0.698816
10 3 0.560180
10 4 0.515162
10 5 0.534617
10 6 0.590283
10 7 0.515594
10 8 0.518990
10 9 0.533856
10 10 0.523043
10 11 0.558626
10 12 0.525226
10 13 0.512522
10 14 0.533866
10 15 0.520239
10 16 0.571354
10 17 0.551509
10 18 0.558260
10 19 0.500001
10 20 0.612537
10 21 0.622178
10 22 0.515162
10 23 0.578520
10 24 0.547395
10 25 0.515793
10 26 0.567032
11 1 0.799028
11 2 0.999814
11 3 0.956689
11 4 0.680561
11 5 0.813739
11 6 0.996868
11 7 0.610140
11 8 0.721681
11 9 0.828300
11 10 0.558626
11 11 0.988209
11 12 0.770724
11 13 0.793852
11 14 0.899360
11 15 0.657857
11 16 0.870410
11 17 0.944414
11 18 0.900256
11 19 0.500005
11 20 0.842615
11 21 0.980896
11 22 0.680561
11 23 0.994750
11 24 0.754085
11 25 0.616622
12 1 0.617803
12 2 0.868549
12 3 0.738012
12 4 0.538505
12 5 0.622403
12 6 0.844577
12 7 0.544269
12 8 0.590676
12 9 0.625611
12 10 0.525226
12 11 0.770724
12 12 0.658429
12 13 0.583264
12 14 0.692129
12 15 0.520836
12 16 0.634642
12 17 0.711864
12 18 0.688852
12 19 0.500002
12 20 0.721978
12 21 0.851025
12 22 0.538505
12 23 0.769172
12 24 0.620761
12 25 0.532822
12 26 0.748716
13 1 0.580363
13 2 0.945402
13 3 0.673222
13 4 0.593658
13 5 0.604502
13 6 0.849474
13 7 0.536448
13 8 0.602498
13 9 0.596502
13 10 0.512522
13 11 0.793852
13 12 0.583264
13 13 0.688262
13 14 0.597193
13 15 0.556089
13 16 0.655479
13 17 0.669094
13 18 0.601401
13 19 0.500002
13 20 0.595288
13 21 0.423532
13 22 0.593658
13 23 0.883079
13 24 0.616263
13 25 0.535934
14 1 0.720275
14 2 0.966176
14 3 0.881151
14 4 0.545714
14 5 0.717537
14 6 0.961952
14 7 0.558933
14 8 0.626378
14 9 0.736779
14 10 0.533866
14 11 0.899360
14 12 0.692129
14 13 0.597193
14 14 0.867911
14 15 0.587633
14 16 0.706831
14 17 0.847658
14 18 0.832336
14 19 0.500001
14 20 0.794808
14 21 0.964786
14 22 0.545714
14 23 0.916989
14 24 0.631161
14 25 0.601850
15 1 0.567091
15 2 0.924629
15 3 0.673689
15 4 0.535610
15 5 0.574780
15 6 0.696889
15 7 0.513070
15 8 0.563798
15 9 0.586875
15 10 0.520239
15 11 0.657857
15 12 0.520836
15 13 0.556089
15 14 0.587633
15 15 0.685817
15 16 0.610653
15 17 0.671494
15 18 0.621144
15 19 0.500002
15 20 0.596922
15 21 0.717643
15 22 0.535610
15 23 0.827390
15 24 0.548112
15 25 0.524210
15 26 0.678464
16 1 0.680920
16 2 0.997158
16 3 0.824316
16 4 0.589675
16 5 0.709504
16 6 0.918988
16 7 0.591979
16 8 0.650263
16 9 0.704516
16 10 0.571354
16 11 0.870410
16 12 0.634642
16 13 0.655479
16 14 0.706831
16 15 0.610653
16 16 0.884535
16 17 0.796243
16 18 0.793111
16 19 0.500003
16 20 0.857309
16 21 0.747401
16 22 0.589675
16 23 0.923665
16 24 0.726953
16 25 0.577664
16 26 0.849125
17 1 0.741251
17 2 0.997269
17 4 0.601295
17 5 0.748845
17 6 0.974283
17 7 0.581441
17 8 0.676291
17 9 0.767624
17 10 0.551509
17 11 0.944414
17 12 0.711864
17 13 0.669094
17 14 0.847658
17 15 0.671494
17 16 0.796243
17 17 0.903445
17 18 0.858023
17 19 0.500003
17 20 0.824204
17 21 0.973189
17 22 0.601295
17 23 0.980058
17 24 0.698131
17 25 0.567722
17 26 0.927184
18 1 0.728681
18 2 0.994311
18 3 0.889507
18 4 0.577977
18 5 0.732284
18 6 0.958853
18 7 0.575604
18 8 0.631115
18 9 0.751849
18 10 0.558260
18 11 0.900256
18 12 0.688852
18 13 0.601401
18 14 0.832336
18 15 0.621144
18 16 0.793111
18 17 0.858023
18 18 0.864011
18 19 0.500002
18 20 0.857245
18 21 0.973476
18 22 0.577977
18 23 0.906010
18 24 0.679511
18 25 0.590885
19 1 0.500001
19 2 0.500010
19 3 0.500003
19 4 0.500001
19 5 0.500001
19 6 0.500005
19 7 0.500001
19 8 0.500002
19 9 0.500001
19 10 0.500001
19 11 0.500005
19 12 0.500002
19 13 0.500002
19 14 0.500001
19 15 0.500002
19 16 0.500003
19 17 0.500003
19 18 0.500002
19 19 0.500000
19 20 0.500003
19 21 0.500006
19 22 0.500001
19 23 0.500008
19 24 0.500002
19 25 0.500001
19 26 0.500003
20 1 0.716869
20 2 0.990805
20 3 0.863757
20 4 0.573847
20 5 0.732436
20 6 0.946670
20 7 0.598938
20 8 0.656008
20 9 0.727686
20 10 0.612537
20 11 0.842615
20 12 0.721978
20 13 0.595288
20 14 0.794808
20 15 0.596922
20 16 0.857309
20 17 0.824204
20 18 0.857245
20 19 0.500003
20 20 0.957261
20 21 0.949896
20 22 0.573847
20 23 0.879196
20 24 0.780664
20 25 0.634808
20 26 0.887568
21 1 0.863126
21 2 0.998462
21 3 0.984456
21 4 0.549366
21 5 0.830227
21 6 0.993342
21 7 0.590490
21 8 0.631049
21 9 0.881248
21 10 0.622178
21 11 0.980896
21 12 0.851025
21 13 0.423532
21 14 0.964786
21 15 0.717643
21 16 0.747401
21 17 0.973189
21 18 0.973476
21 19 0.500006
21 20 0.949896
21 21 0.999999
21 22 0.549366
21 23 0.909392
21 24 0.644274
21 25 0.590623
21 26 0.985845
22 1 0.550482
22 2 0.882769
22 3 0.604972
22 5 0.562191
22 6 0.758326
22 7 0.523946
22 8 0.548977
22 9 0.561136
22 10 0.515162
22 11 0.680561
22 12 0.538505
22 13 0.593658
22 14 0.545714
22 15 0.535610
22 16 0.589675
22 17 0.601295
22 18 0.577977
22 19 0.500001
22 20 0.573847
22 21 0.549366
22 22 0.570805
22 23 0.751372
22 24 0.573687
22 25 0.511277
22 26 0.624061
23 1 0.822686
23 2 0.999983
23 3 0.981961
23 4 0.751372
23 5 0.853510
23 6 0.998934
23 7 0.636947
23 8 0.854019
23 9 0.856950
23 10 0.578520
23 11 0.994750
23 12 0.769172
23 13 0.883079
23 14 0.916989
23 15 0.827390
23 16 0.923665
23 17 0.980058
23 18 0.906010
23 19 0.500008
23 20 0.879196
23 21 0.909392
23 22 0.751372
23 23 0.999979
23 24 0.851714
23 25 0.574617
23 26 0.982166
24 1 0.613756
24 2 0.957462
24 3 0.719411
24 4 0.573687
24 5 0.634396
24 6 0.844893
24 7 0.561537
24 8 0.607741
24 9 0.625810
24 10 0.547395
24 11 0.754085
24 12 0.620761
24 13 0.616263
24 14 0.631161
24 15 0.548112
24 16 0.726953
24 17 0.698131
24 18 0.679511
24 19 0.500002
24 20 0.780664
24 21 0.644274
24 22 0.573687
24 23 0.851714
24 24 0.682455
24 25 0.538136
25 1 0.546252
25 2 0.699233
25 3 0.584767
25 4 0.511277
25 5 0.550165
25 6 0.733942
25 7 0.505573
25 8 0.521627
25 9 0.549011
25 10 0.515793
25 11 0.616622
25 12 0.532822
25 13 0.535934
25 14 0.601850
25 15 0.524210
25 16 0.577664
25 17 0.567722
25 18 0.590885
25 19 0.500001
25 20 0.634808
25 21 0.590623
25 22 0.511277
25 23 0.574617
25 24 0.538136
25 25 0.589580
26 2 0.999247
26 6 0.990954
26 7 0.602554
26 8 0.697567
26 10 0.567032
26 12 0.748716
26 15 0.678464
26 16 0.849125
26 17 0.927184
26 19 0.500003
26 20 0.887568
26 21 0.985845
26 22 0.624061
26 23 0.982166
26 26 0.961089
