1 26 0.870674
3 17 0.933748
3 26 0.975513
4 22 0.551738
4 26 0.817872
5 26 0.678158
9 26 0.885269
11 26 0.910951
13 26 0.893749
14 26 0.995677
17 3 0.933748
18 26 0.788358
22 4 0.551738
24 26 0.870108
25 26 0.885105
26 1 0.870674
26 3 0.975513
26 4 0.817872
26 5 0.678158
26 9 0.885269
26 11 0.910951
26 13 0.893749
26 14 0.995677
26 18 0.788358
26 24 0.870108
26 25 0.885105
1 1 0.677658
1 2 0.965689
1 3 0.807167
1 4 0.639620
1 5 0.570316
1 6 0.975348
1 7 0.565875
1 8 0.579051
1 9 0.690165
1 10 0.525896
1 11 0.704185
1 12 0.597482
1 13 0.695856
1 14 0.892080
1 15 0.846380
1 16 0.745119
1 17 0.772284
1 18 0.629040
1 19 0.500003
1 20 0.727494
1 21 0.978558
1 22 0.542504
1 23 0.839839
1 24 0.676532
1 25 0.688552
2 1 0.965689
2 2 1.000000
2 3 0.999159
2 4 0.937186
2 5 0.796634
2 6 1.000000
2 7 0.795793
2 8 0.766273
2 9 0.969609
2 10 0.633002
2 11 0.980397
2 12 0.878288
2 13 0.975565
2 14 0.999850
2 15 0.999906
2 16 0.997863
2 17 0.998238
2 18 0.999388
2 19 0.500006
2 20 0.991870
2 21 1.000000
2 22 0.726900
2 23 0.999824
2 24 0.960385
2 25 0.969361
2 26 0.999780
3 1 0.807167
3 2 0.999159
3 3 0.952883
3 4 0.763970
3 5 0.655215
3 6 0.999275
3 7 0.636323
3 8 0.659785
3 9 0.823218
3 10 0.556635
3 11 0.860041
3 12 0.718976
3 13 0.835658
3 14 0.981595
3 15 0.970450
3 16 0.911250
3 18 0.885825
3 19 0.500004
3 20 0.890677
3 21 0.999654
3 22 0.599085
3 23 0.977086
3 24 0.806724
3 25 0.819433
4 1 0.639620
4 2 0.937186
4 3 0.763970
4 4 0.622489
4 5 0.565942
4 6 0.961662
4 7 0.554723
4 8 0.569238
4 9 0.644118
4 10 0.523584
4 11 0.702451
4 12 0.605169
4 13 0.656886
4 14 0.832045
4 15 0.792382
4 16 0.709159
4 17 0.737636
4 18 0.664215
4 19 0.500001
4 20 0.679725
4 21 0.967509
4 23 0.830020
4 24 0.638750
4 25 0.648170
5 1 0.570316
5 2 0.796634
5 3 0.655215
5 4 0.565942
5 5 0.576824
5 6 0.701819
5 7 0.525727
5 8 0.540862
5 9 0.577960
5 10 0.509772
5 11 0.628198
5 12 0.547789
5 13 0.583633
5 14 0.656523
5 15 0.639718
5 16 0.583658
5 17 0.643802
5 18 0.673817
5 19 0.500003
5 20 0.587039
5 21 0.855770
5 22 0.532580
5 23 0.747051
5 24 0.573920
5 25 0.576620
6 1 0.975348
6 2 1.000000
6 3 0.999275
6 4 0.961662
6 5 0.701819
6 6 1.000000
6 7 0.850455
6 8 0.846262
6 9 0.966903
6 10 0.681573
6 11 0.998984
6 12 0.973529
6 13 0.984657
6 14 0.999992
6 15 0.999808
6 16 0.998375
6 17 0.997919
6 18 0.447400
6 19 0.499998
6 20 0.988073
6 21 1.000000
6 22 0.779941
6 23 0.982150
6 24 0.976300
6 25 0.973504
6 26 0.999936
7 1 0.565875
7 2 0.795793
7 3 0.636323
7 4 0.554723
7 5 0.525727
7 6 0.850455
7 7 0.531493
7 8 0.526730
7 9 0.566456
7 10 0.512390
7 11 0.596931
7 12 0.551988
7 13 0.575318
7 14 0.683819
7 15 0.654732
7 16 0.606830
7 17 0.620372
7 18 0.555610
7 19 0.500001
7 20 0.588942
7 21 0.809033
7 22 0.518772
7 23 0.616535
7 24 0.566481
7 25 0.568016
7 26 0.664808
8 1 0.579051
8 2 0.766273
8 3 0.659785
8 4 0.569238
8 5 0.540862
8 6 0.846262
8 7 0.526730
8 8 0.573870
8 9 0.588270
8 10 0.511467
8 11 0.586895
8 12 0.553041
8 13 0.588292
8 14 0.726978
8 15 0.687913
8 16 0.680009
8 17 0.638842
8 18 0.656615
8 19 0.500001
8 20 0.637938
8 21 0.878746
8 22 0.525114
8 23 0.762117
8 24 0.581103
8 25 0.583416
8 26 0.699848
9 1 0.690165
9 2 0.969609
9 3 0.823218
9 4 0.644118
9 5 0.577960
9 6 0.966903
9 7 0.566456
9 8 0.588270
9 9 0.715230
9 10 0.524696
9 11 0.680567
9 12 0.583726
9 13 0.710208
9 14 0.908434
9 15 0.857376
9 16 0.746620
9 17 0.784929
9 18 0.660983
9 19 0.500003
9 20 0.762786
9 21 0.980530
9 22 0.534250
9 23 0.873191
9 24 0.690266
9 25 0.702693
10 1 0.525896
10 2 0.633002
10 3 0.556635
10 4 0.523584
10 5 0.509772
10 6 0.681573
10 7 0.512390
10 8 0.511467
10 9 0.524696
10 10 0.508388
10 11 0.546953
10 12 0.525904
10 13 0.529461
10 14 0.573541
10 15 0.565579
10 16 0.541501
10 17 0.551259
10 18 0.549493
10 19 0.500000
10 20 0.543298
10 21 0.654186
10 22 0.510682
10 23 0.575773
10 24 0.526369
10 25 0.527530
10 26 0.568898
11 1 0.704185
11 2 0.980397
11 3 0.860041
11 4 0.702451
11 5 0.628198
11 6 0.998984
11 7 0.596931
11 8 0.586895
11 9 0.680567
11 10 0.546953
11 11 0.918142
11 12 0.736065
11 13 0.737091
11 14 0.896466
11 15 0.858204
11 16 0.714178
11 17 0.841433
11 18 0.558858
11 19 0.500002
11 20 0.670746
11 21 0.995084
11 22 0.621824
11 23 0.821548
11 24 0.706849
11 25 0.715003
12 1 0.597482
12 2 0.878288
12 3 0.718976
12 4 0.605169
12 5 0.547789
12 6 0.973529
12 7 0.551988
12 8 0.553041
12 9 0.583726
12 10 0.525904
12 11 0.736065
12 12 0.649113
12 13 0.617972
12 14 0.745321
12 15 0.720943
12 16 0.660208
12 17 0.706326
12 18 0.622225
12 19 0.499999
12 20 0.633973
12 21 0.938047
12 22 0.562206
12 23 0.757012
12 24 0.599408
12 25 0.601349
12 26 0.745459
13 1 0.695856
13 2 0.975565
13 3 0.835658
13 4 0.656886
13 5 0.583633
13 6 0.984657
13 7 0.575318
13 8 0.588292
13 9 0.710208
13 10 0.529461
13 11 0.737091
13 12 0.617972
13 13 0.718021
13 14 0.911795
13 15 0.866609
13 16 0.758422
13 17 0.801520
13 18 0.641486
13 19 0.500003
13 20 0.752915
13 21 0.985879
13 22 0.549701
13 23 0.865618
13 24 0.696270
13 25 0.707554
14 1 0.892080
14 2 0.999850
14 3 0.981595
14 4 0.832045
14 5 0.656523
14 6 0.999992
14 7 0.683819
14 8 0.726978
14 9 0.908434
14 10 0.573541
14 11 0.896466
14 12 0.745321
14 13 0.911795
14 14 0.998500
14 15 0.991576
14 16 0.962831
14 17 0.964466
14 18 0.674565
14 19 0.500006
14 20 0.944510
14 21 0.999965
14 22 0.596437
14 23 0.986367
14 24 0.892106
14 25 0.902096
15 1 0.846380
15 2 0.999906
15 3 0.970450
15 4 0.792382
15 5 0.639718
15 6 0.999808
15 7 0.654732
15 8 0.687913
15 9 0.857376
15 10 0.565579
15 11 0.858204
15 12 0.720943
15 13 0.866609
15 14 0.991576
15 15 0.990923
15 16 0.964985
15 17 0.955351
15 18 0.946938
15 19 0.500004
15 20 0.923608
15 21 0.999950
15 22 0.605206
15 23 0.984520
15 24 0.839840
15 25 0.855259
15 26 0.987251
16 1 0.745119
16 2 0.997863
16 3 0.911250
16 4 0.709159
16 5 0.583658
16 6 0.998375
16 7 0.606830
16 8 0.680009
16 9 0.746620
16 10 0.541501
16 11 0.714178
16 12 0.660208
16 13 0.758422
16 14 0.962831
16 15 0.964985
16 16 0.961790
16 17 0.886800
16 18 0.944887
16 19 0.500003
16 20 0.858284
16 21 0.998989
16 22 0.573869
16 23 0.961919
16 24 0.736207
16 25 0.744997
16 26 0.938872
17 1 0.772284
17 2 0.998238
17 4 0.737636
17 5 0.643802
17 6 0.997919
17 7 0.620372
17 8 0.638842
17 9 0.784929
17 10 0.551259
17 11 0.841433
17 12 0.706326
17 13 0.801520
17 14 0.964466
17 15 0.955351
17 16 0.886800
17 17 0.914069
17 18 0.894305
17 19 0.500003
17 20 0.859963
17 21 0.999202
17 22 0.596289
17 23 0.968174
17 24 0.771506
17 25 0.784054
17 26 0.958903
18 1 0.629040
18 2 0.999388
18 3 0.885825
18 4 0.664215
18 5 0.673817
18 6 0.447400
18 7 0.555610
18 8 0.656615
18 9 0.660983
18 10 0.549493
18 11 0.558858
18 12 0.622225
18 13 0.641486
18 14 0.674565
18 15 0.946938
18 16 0.944887
18 17 0.894305
18 18 0.999941
18 19 0.499996
18 20 0.918559
18 21 0.999430
18 22 0.613413
18 23 0.998208
18 24 0.610008
18 25 0.625407
19 1 0.500003
19 2 0.500006
19 3 0.500004
19 4 0.500001
19 5 0.500003
19 6 0.499998
19 7 0.500001
19 8 0.500001
19 9 0.500003
19 10 0.500000
19 11 0.500002
19 12 0.499999
19 13 0.500003
19 14 0.500006
19 15 0.500004
19 16 0.500003
19 17 0.500003
19 18 0.499996
19 19 0.500000
19 20 0.500001
19 21 0.500009
19 22 0.500000
19 23 0.500003
19 24 0.500003
19 25 0.500003
19 26 0.500006
20 1 0.727494
20 2 0.991870
20 3 0.890677
20 4 0.679725
20 5 0.587039
20 6 0.988073
20 7 0.588942
20 8 0.637938
20 9 0.762786
20 10 0.543298
20 11 0.670746
20 12 0.633973
20 13 0.752915
20 14 0.944510
20 15 0.923608
20 16 0.858284
20 17 0.859963
20 18 0.918559
20 19 0.500001
20 20 0.897192
20 21 0.994548
20 22 0.541775
20 23 0.967175
20 24 0.730508
20 25 0.740149
20 26 0.924245
21 1 0.978558
21 2 1.000000
21 3 0.999654
21 4 0.967509
21 5 0.855770
21 6 1.000000
21 7 0.809033
21 8 0.878746
21 9 0.980530
21 10 0.654186
21 11 0.995084
21 12 0.938047
21 13 0.985879
21 14 0.999965
21 15 0.999950
21 16 0.998989
21 17 0.999202
21 18 0.999430
21 19 0.500009
21 20 0.994548
21 21 1.000000
21 22 0.822034
21 23 0.999995
21 24 0.976048
21 25 0.983746
21 26 0.999955
22 1 0.542504
22 2 0.726900
22 3 0.599085
22 5 0.532580
22 6 0.779941
22 7 0.518772
22 8 0.525114
22 9 0.534250
22 10 0.510682
22 11 0.621824
22 12 0.562206
22 13 0.549701
22 14 0.596437
22 15 0.605206
22 16 0.573869
22 17 0.596289
22 18 0.613413
22 19 0.500000
22 20 0.541775
22 21 0.822034
22 22 0.538046
22 23 0.681574
22 24 0.541125
22 25 0.546202
22 26 0.616911
23 1 0.839839
23 2 0.999824
23 3 0.977086
23 4 0.830020
23 5 0.747051
23 6 0.982150
23 7 0.616535
23 8 0.762117
23 9 0.873191
23 10 0.575773
23 11 0.821548
23 12 0.757012
23 13 0.865618
23 14 0.986367
23 15 0.984520
23 16 0.961919
23 17 0.968174
23 18 0.998208
23 19 0.500003
23 20 0.967175
23 21 0.999995
23 22 0.681574
23 23 0.999981
23 24 0.836170
23 25 0.869653
23 26 0.987965
24 1 0.676532
24 2 0.960385
24 3 0.806724
24 4 0.638750
24 5 0.573920
24 6 0.976300
24 7 0.566481
24 8 0.581103
24 9 0.690266
24 10 0.526369
24 11 0.706849
24 12 0.599408
24 13 0.696270
24 14 0.892106
24 15 0.839840
24 16 0.736207
24 17 0.771506
24 18 0.610008
24 19 0.500003
24 20 0.730508
24 21 0.976048
24 22 0.541125
24 23 0.836170
24 24 0.678026
24 25 0.687365
25 1 0.688552
25 2 0.969361
25 3 0.819433
25 4 0.648170
25 5 0.576620
25 6 0.973504
25 7 0.568016
25 8 0.583416
25 9 0.702693
25 10 0.527530
25 11 0.715003
25 12 0.601349
25 13 0.707554
25 14 0.902096
25 15 0.855259
25 16 0.744997
25 17 0.784054
25 18 0.625407
25 19 0.500003
25 20 0.740149
25 21 0.983746
25 22 0.546202
25 23 0.869653
25 24 0.687365
25 25 0.703203
26 2 0.999780
26 6 0.999936
26 7 0.664808
26 8 0.699848
26 10 0.568898
26 12 0.745459
26 15 0.987251
26 16 0.938872
26 17 0.958903
26 19 0.500006
26 20 0.924245
26 21 0.999955
26 22 0.616911
26 23 0.987965
26 26 0.992810
