1 26 0.600678
3 17 0.776523
3 26 0.936406
4 22 0.570164
4 26 0.806428
5 26 0.819880
9 26 0.871461
11 26 0.891567
13 26 0.641998
14 26 0.985574
17 3 0.776523
18 26 0.999339
22 4 0.570164
24 26 0.859522
25 26 0.834565
26 1 0.600678
26 3 0.936406
26 4 0.806428
26 5 0.819880
26 9 0.871461
26 11 0.891567
26 13 0.641998
26 14 0.985574
26 18 0.999339
26 24 0.859522
26 25 0.834565
1 1 0.514589
1 2 0.693281
1 3 0.564707
1 4 0.533022
1 5 0.535548
1 6 0.685476
1 7 0.510009
1 8 0.557298
1 9 0.545718
1 10 0.510691
1 11 0.552200
1 12 0.538631
1 13 0.509979
1 14 0.591936
1 15 0.571468
1 16 0.583594
1 17 0.566990
1 18 0.667932
1 19 0.500001
1 20 0.594977
1 21 0.625913
1 22 0.512986
1 23 0.574673
1 24 0.542218
1 25 0.540390
2 1 0.693281
2 2 1.000000
2 3 0.993470
2 4 0.938328
2 5 0.939095
2 6 0.999999
2 7 0.721964
2 8 0.975986
2 9 0.968255
2 10 0.635577
2 11 0.982298
2 12 0.937573
2 13 0.744231
2 14 0.999538
2 15 0.989408
2 16 0.996592
2 17 0.983245
2 18 1.000000
2 19 0.500008
2 20 0.999246
2 21 0.999999
2 22 0.780207
2 23 0.999375
2 24 0.958751
2 25 0.952466
2 26 0.999714
3 1 0.564707
3 2 0.993470
3 3 0.859323
3 4 0.708186
3 5 0.719456
3 6 0.991585
3 7 0.564942
3 8 0.770796
3 9 0.773861
3 10 0.541032
3 11 0.801636
3 12 0.719142
3 13 0.597067
3 14 0.923079
3 15 0.850241
3 16 0.815851
3 18 0.989980
3 19 0.500003
3 20 0.913780
3 21 0.984507
3 22 0.582330
3 23 0.928825
3 24 0.757969
3 25 0.739910
4 1 0.533022
4 2 0.938328
4 3 0.708186
4 4 0.633436
4 5 0.621457
4 6 0.958391
4 7 0.530927
4 8 0.642158
4 9 0.644179
4 10 0.518831
4 11 0.688743
4 12 0.627720
4 13 0.557524
4 14 0.789936
4 15 0.679577
4 16 0.715382
4 17 0.670072
4 18 0.905353
4 19 0.500001
4 20 0.760387
4 21 0.908826
4 23 0.807876
4 24 0.637609
4 25 0.634361
5 1 0.535548
5 2 0.939095
5 3 0.719456
5 4 0.621457
5 5 0.635195
5 6 0.913708
5 7 0.538312
5 8 0.627451
5 9 0.665166
5 10 0.521637
5 11 0.672135
5 12 0.604342
5 13 0.545294
5 14 0.821926
5 15 0.724124
5 16 0.685285
5 17 0.635447
5 18 0.925299
5 19 0.500002
5 20 0.801253
5 21 0.889289
5 22 0.545980
5 23 0.763458
5 24 0.658751
5 25 0.639300
6 1 0.685476
6 2 0.999999
6 3 0.991585
6 4 0.958391
6 5 0.913708
6 6 1.000000
6 7 0.610443
6 8 0.986459
6 9 0.935657
6 10 0.625041
6 11 0.992440
6 12 0.977549
6 13 0.815536
6 14 0.994597
6 15 0.940676
6 16 0.998546
6 17 0.995187
6 18 0.999936
6 19 0.500002
6 20 0.992701
6 21 0.999994
6 22 0.871121
6 23 0.999934
6 24 0.924888
6 25 0.952842
6 26 0.999063
7 1 0.510009
7 2 0.721964
7 3 0.564942
7 4 0.530927
7 5 0.538312
7 6 0.610443
7 7 0.519281
7 8 0.547026
7 9 0.548585
7 10 0.508066
7 11 0.542867
7 12 0.534001
7 13 0.519909
7 14 0.615380
7 15 0.570085
7 16 0.560389
7 17 0.542801
7 18 0.703874
7 19 0.500001
7 20 0.611810
7 21 0.648030
7 22 0.509491
7 23 0.552962
7 24 0.546281
7 25 0.539336
7 26 0.608125
8 1 0.557298
8 2 0.975986
8 3 0.770796
8 4 0.642158
8 5 0.627451
8 6 0.986459
8 7 0.547026
8 8 0.807877
8 9 0.671208
8 10 0.543242
8 11 0.732448
8 12 0.726324
8 13 0.585083
8 14 0.784402
8 15 0.761981
8 16 0.827279
8 17 0.819967
8 18 0.955353
8 19 0.500001
8 20 0.791098
8 21 0.946192
8 22 0.566489
8 23 0.865196
8 24 0.650098
8 25 0.665377
8 26 0.839735
9 1 0.545718
9 2 0.968255
9 3 0.773861
9 4 0.644179
9 5 0.665166
9 6 0.935657
9 7 0.548585
9 8 0.671208
9 9 0.712598
9 10 0.529465
9 11 0.711138
9 12 0.636307
9 13 0.558606
9 14 0.869006
9 15 0.782970
9 16 0.713688
9 17 0.686607
9 18 0.962997
9 19 0.500003
9 20 0.855638
9 21 0.936657
9 22 0.547375
9 23 0.828546
9 24 0.699356
9 25 0.672874
10 1 0.510691
10 2 0.635577
10 3 0.541032
10 4 0.518831
10 5 0.521637
10 6 0.625041
10 7 0.508066
10 8 0.543242
10 9 0.529465
10 10 0.511310
10 11 0.532410
10 12 0.529674
10 13 0.508878
10 14 0.552352
10 15 0.526064
10 16 0.577045
10 17 0.559331
10 18 0.597173
10 19 0.500000
10 20 0.571176
10 21 0.563102
10 22 0.506548
10 23 0.555100
10 24 0.527108
10 25 0.526423
10 26 0.563552
11 1 0.552200
11 2 0.982298
11 3 0.801636
11 4 0.688743
11 5 0.672135
11 6 0.992440
11 7 0.542867
11 8 0.732448
11 9 0.711138
11 10 0.532410
11 11 0.774699
11 12 0.700883
11 13 0.589233
11 14 0.859640
11 15 0.758402
11 16 0.806972
11 17 0.765238
11 18 0.966484
11 19 0.500002
11 20 0.845488
11 21 0.970444
11 22 0.597170
11 23 0.911502
11 24 0.698138
11 25 0.698410
12 1 0.538631
12 2 0.937573
12 3 0.719142
12 4 0.627720
12 5 0.604342
12 6 0.977549
12 7 0.534001
12 8 0.726324
12 9 0.636307
12 10 0.529674
12 11 0.700883
12 12 0.693699
12 13 0.575616
12 14 0.732634
12 15 0.661710
12 16 0.772050
12 17 0.756646
12 18 0.885582
12 19 0.500001
12 20 0.727493
12 21 0.913026
12 22 0.570267
12 23 0.843198
12 24 0.622823
12 25 0.631319
12 26 0.791422
13 1 0.509979
13 2 0.744231
13 3 0.597067
13 4 0.557524
13 5 0.545294
13 6 0.815536
13 7 0.519909
13 8 0.585083
13 9 0.558606
13 10 0.508878
13 11 0.589233
13 12 0.575616
13 13 0.561486
13 14 0.625824
13 15 0.562114
13 16 0.599867
13 17 0.603315
13 18 0.729314
13 19 0.500001
13 20 0.624364
13 21 0.755178
13 22 0.530022
13 23 0.669560
13 24 0.556097
13 25 0.560699
14 1 0.591936
14 2 0.999538
14 3 0.923079
14 4 0.789936
14 5 0.821926
14 6 0.994597
14 7 0.615380
14 8 0.784402
14 9 0.869006
14 10 0.552352
14 11 0.859640
14 12 0.732634
14 13 0.625824
14 14 0.990923
14 15 0.946678
14 16 0.854679
14 17 0.780596
14 18 0.999402
14 19 0.500006
14 20 0.980252
14 21 0.996285
14 22 0.610587
14 23 0.931084
14 24 0.862199
14 25 0.822237
15 1 0.571468
15 2 0.989408
15 3 0.850241
15 4 0.679577
15 5 0.724124
15 6 0.940676
15 7 0.570085
15 8 0.761981
15 9 0.782970
15 10 0.526064
15 11 0.758402
15 12 0.661710
15 13 0.562114
15 14 0.946678
15 15 0.950410
15 16 0.690624
15 17 0.700737
15 18 0.994486
15 19 0.500005
15 20 0.914750
15 21 0.977288
15 22 0.538356
15 23 0.769502
15 24 0.767873
15 25 0.724862
15 26 0.934763
16 1 0.583594
16 2 0.996592
16 3 0.815851
16 4 0.715382
16 5 0.685285
16 6 0.998546
16 7 0.560389
16 8 0.827279
16 9 0.713688
16 10 0.577045
16 11 0.806972
16 12 0.772050
16 13 0.599867
16 14 0.854679
16 15 0.690624
16 16 0.961152
16 17 0.895245
16 18 0.965954
16 19 0.500002
16 20 0.892972
16 21 0.975707
16 22 0.634892
16 23 0.937885
16 24 0.708617
16 25 0.719644
16 26 0.915597
17 1 0.566990
17 2 0.983245
17 4 0.670072
17 5 0.635447
17 6 0.995187
17 7 0.542801
17 8 0.819967
17 9 0.686607
17 10 0.559331
17 11 0.765238
17 12 0.756646
17 13 0.603315
17 14 0.780596
17 15 0.700737
17 16 0.895245
17 17 0.897870
17 18 0.945859
17 19 0.500002
17 20 0.808911
17 21 0.960655
17 22 0.597995
17 23 0.927278
17 24 0.658858
17 25 0.679112
17 26 0.859315
18 1 0.667932
18 2 1.000000
18 3 0.989980
18 4 0.905353
18 5 0.925299
18 6 0.999936
18 7 0.703874
18 8 0.955353
18 9 0.962997
18 10 0.597173
18 11 0.966484
18 12 0.885582
18 13 0.729314
18 14 0.999402
18 15 0.994486
18 16 0.965954
18 17 0.945859
18 18 1.000000
18 19 0.500008
18 20 0.999087
18 21 0.999990
18 22 0.688865
18 23 0.995034
18 24 0.951347
18 25 0.943172
19 1 0.500001
19 2 0.500008
19 3 0.500003
19 4 0.500001
19 5 0.500002
19 6 0.500002
19 7 0.500001
19 8 0.500001
19 9 0.500003
19 10 0.500000
19 11 0.500002
19 12 0.500001
19 13 0.500001
19 14 0.500006
19 15 0.500005
19 16 0.500002
19 17 0.500002
19 18 0.500008
19 19 0.500000
19 20 0.500006
19 21 0.500005
19 22 0.500000
19 23 0.500001
19 24 0.500003
19 25 0.500002
19 26 0.500005
20 1 0.594977
20 2 0.999246
20 3 0.913780
20 4 0.760387
20 5 0.801253
20 6 0.992701
20 7 0.611810
20 8 0.791098
20 9 0.855638
20 10 0.571176
20 11 0.845488
20 12 0.727493
20 13 0.624364
20 14 0.980252
20 15 0.914750
20 16 0.892972
20 17 0.808911
20 18 0.999087
20 19 0.500006
20 20 0.984788
20 21 0.992959
20 22 0.589256
20 23 0.942607
20 24 0.843903
20 25 0.816072
20 26 0.979234
21 1 0.625913
21 2 0.999999
21 3 0.984507
21 4 0.908826
21 5 0.889289
21 6 0.999994
21 7 0.648030
21 8 0.946192
21 9 0.936657
21 10 0.563102
21 11 0.970444
21 12 0.913026
21 13 0.755178
21 14 0.996285
21 15 0.977288
21 16 0.975707
21 17 0.960655
21 18 0.999990
21 19 0.500005
21 20 0.992959
21 21 0.999996
21 22 0.759424
21 23 0.999262
21 24 0.920204
21 25 0.913591
21 26 0.998224
22 1 0.512986
22 2 0.780207
22 3 0.582330
22 5 0.545980
22 6 0.871121
22 7 0.509491
22 8 0.566489
22 9 0.547375
22 10 0.506548
22 11 0.597170
22 12 0.570267
22 13 0.530022
22 14 0.610587
22 15 0.538356
22 16 0.634892
22 17 0.597995
22 18 0.688865
22 19 0.500000
22 20 0.589256
22 21 0.759424
22 22 0.551151
22 23 0.685715
22 24 0.545697
22 25 0.555439
22 26 0.639282
23 1 0.574673
23 2 0.999375
23 3 0.928825
23 4 0.807876
23 5 0.763458
23 6 0.999934
23 7 0.552962
23 8 0.865196
23 9 0.828546
23 10 0.555100
23 11 0.911502
23 12 0.843198
23 13 0.669560
23 14 0.931084
23 15 0.769502
23 16 0.937885
23 17 0.927278
23 18 0.995034
23 19 0.500001
23 20 0.942607
23 21 0.999262
23 22 0.685715
23 23 0.998399
23 24 0.795730
23 25 0.809199
23 26 0.972978
24 1 0.542218
24 2 0.958751
24 3 0.757969
24 4 0.637609
24 5 0.658751
24 6 0.924888
24 7 0.546281
24 8 0.650098
24 9 0.699356
24 10 0.527108
24 11 0.698138
24 12 0.622823
24 13 0.556097
24 14 0.862199
24 15 0.767873
24 16 0.708617
24 17 0.658858
24 18 0.951347
24 19 0.500003
24 20 0.843903
24 21 0.920204
24 22 0.545697
24 23 0.795730
24 24 0.691951
24 25 0.663158
25 1 0.540390
25 2 0.952466
25 3 0.739910
25 4 0.634361
25 5 0.639300
25 6 0.952842
25 7 0.539336
25 8 0.665377
25 9 0.672874
25 10 0.526423
25 11 0.698410
25 12 0.631319
25 13 0.560699
25 14 0.822237
25 15 0.724862
25 16 0.719644
25 17 0.679112
25 18 0.943172
25 19 0.500002
25 20 0.816072
25 21 0.913591
25 22 0.555439
25 23 0.809199
25 24 0.663158
25 25 0.655893
26 2 0.999714
26 6 0.999063
26 7 0.608125
26 8 0.839735
26 10 0.563552
26 12 0.791422
26 15 0.934763
26 16 0.915597
26 17 0.859315
26 19 0.500005
26 20 0.979234
26 21 0.998224
26 22 0.639282
26 23 0.972978
26 26 0.986599
