1 26 0.866551
3 17 0.996592
3 26 0.990474
4 22 0.530767
4 26 0.621185
5 26 0.870689
9 26 0.918285
11 26 0.907454
13 26 0.877320
14 26 0.998241
17 3 0.996592
18 26 0.956289
22 4 0.530767
24 26 0.891792
25 26 0.574996
26 1 0.866551
26 3 0.990474
26 4 0.621185
26 5 0.870689
26 9 0.918285
26 11 0.907454
26 13 0.877320
26 14 0.998241
26 18 0.956289
26 24 0.891792
26 25 0.574996
1 1 0.657764
1 2 0.989741
1 3 0.835336
1 4 0.543622
1 5 0.660151
1 6 0.955184
1 7 0.536574
1 8 0.713718
1 9 0.698974
1 10 0.536200
1 11 0.689426
1 12 0.703797
1 13 0.665390
1 14 0.901286
1 15 0.818527
1 16 0.768636
1 17 0.835336
1 18 0.745090
1 19 0.500008
1 20 0.858470
1 21 0.979907
1 22 0.606950
1 23 0.938235
1 24 0.676819
1 25 0.525489
2 1 0.989741
2 2 1.000000
2 3 0.999996
2 4 0.739316
2 5 0.990207
2 6 1.000000
2 7 0.731779
2 8 0.999073
2 9 0.997494
2 10 0.746707
2 11 0.996041
2 12 0.996025
2 13 0.991487
2 14 1.000000
2 15 0.999965
2 16 0.999862
2 17 0.999996
2 18 0.999493
2 19 0.500057
2 20 0.999997
2 21 1.000000
2 22 0.929280
2 23 1.000000
2 24 0.994551
2 25 0.630819
2 26 0.999998
3 1 0.835336
3 2 0.999996
3 3 0.996592
3 4 0.609268
3 5 0.839377
3 6 0.999441
3 7 0.623702
3 8 0.947365
3 9 0.897099
3 10 0.611749
3 11 0.888045
3 12 0.907598
3 13 0.843679
3 14 0.994916
3 15 0.994865
3 16 0.984447
3 18 0.942255
3 19 0.500018
3 20 0.992974
3 21 0.999991
3 22 0.722600
3 23 0.999598
3 24 0.857253
3 25 0.484125
4 1 0.543622
4 2 0.739316
4 3 0.609268
4 4 0.554682
4 5 0.541743
4 6 0.710349
4 7 0.508183
4 8 0.574506
4 9 0.544451
4 10 0.516476
4 11 0.572635
4 12 0.535700
4 13 0.549076
4 14 0.658945
4 15 0.612241
4 16 0.633433
4 17 0.609268
4 18 0.576601
4 19 0.500004
4 20 0.634383
4 21 0.766384
4 23 0.713063
4 24 0.537273
4 25 0.512286
5 1 0.660151
5 2 0.990207
5 3 0.839377
5 4 0.541743
5 5 0.665701
5 6 0.955803
5 7 0.539109
5 8 0.720375
5 9 0.703370
5 10 0.537880
5 11 0.692418
5 12 0.713481
5 13 0.668518
5 14 0.902693
5 15 0.830320
5 16 0.768697
5 17 0.839377
5 18 0.746742
5 19 0.500008
5 20 0.864636
5 21 0.981641
5 22 0.610929
5 23 0.941033
5 24 0.680835
5 25 0.528784
6 1 0.955184
6 2 1.000000
6 3 0.999441
6 4 0.710349
6 5 0.955803
6 6 1.000000
6 7 0.689077
6 8 0.972255
6 9 0.980924
6 10 0.686404
6 11 0.976383
6 12 0.984381
6 13 0.961195
6 14 0.999974
6 15 0.999477
6 16 0.995003
6 17 0.999441
6 18 0.992365
6 19 0.500036
6 20 0.999763
6 21 1.000000
6 22 0.916478
6 23 0.999992
6 24 0.969776
6 25 0.609375
6 26 0.999862
7 1 0.536574
7 2 0.731779
7 3 0.623702
7 4 0.508183
7 5 0.539109
7 6 0.689077
7 7 0.519598
7 8 0.541522
7 9 0.548867
7 10 0.513466
7 11 0.546421
7 12 0.563691
7 13 0.537934
7 14 0.598398
7 15 0.623772
7 16 0.570482
7 17 0.623702
7 18 0.564102
7 19 0.500000
7 20 0.604554
7 21 0.746916
7 22 0.520782
7 23 0.671314
7 24 0.542902
7 25 0.507472
7 26 0.606419
8 1 0.713718
8 2 0.999073
8 3 0.947365
8 4 0.574506
8 5 0.720375
8 6 0.972255
8 7 0.541522
8 8 0.884544
8 9 0.768259
8 10 0.557250
8 11 0.762852
8 12 0.772174
8 13 0.723208
8 14 0.959839
8 15 0.932339
8 16 0.918401
8 17 0.947365
8 18 0.823939
8 19 0.500015
8 20 0.956901
8 21 0.998142
8 22 0.653271
8 23 0.989798
8 24 0.732703
8 25 0.494881
8 26 0.926997
9 1 0.698974
9 2 0.997494
9 3 0.897099
9 4 0.544451
9 5 0.703370
9 6 0.980924
9 7 0.548867
9 8 0.768259
9 9 0.752315
9 10 0.545368
9 11 0.731692
9 12 0.758289
9 13 0.707392
9 14 0.944327
9 15 0.886378
9 16 0.823652
9 17 0.897099
9 18 0.797069
9 19 0.500011
9 20 0.910321
9 21 0.993749
9 22 0.638105
9 23 0.968076
9 24 0.724835
9 25 0.527450
10 1 0.536200
10 2 0.746707
10 3 0.611749
10 4 0.516476
10 5 0.537880
10 6 0.686404
10 7 0.513466
10 8 0.557250
10 9 0.545368
10 10 0.520593
10 11 0.548911
10 12 0.549734
10 13 0.538543
10 14 0.609589
10 15 0.597681
10 16 0.576041
10 17 0.611749
10 18 0.559464
10 19 0.500001
10 20 0.637000
10 21 0.736617
10 22 0.527309
10 23 0.689062
10 24 0.542124
10 25 0.508860
10 26 0.598438
11 1 0.689426
11 2 0.996041
11 3 0.888045
11 4 0.572635
11 5 0.692418
11 6 0.976383
11 7 0.546421
11 8 0.762852
11 9 0.731692
11 10 0.548911
11 11 0.738136
11 12 0.737389
11 13 0.700191
11 14 0.937711
11 15 0.873327
11 16 0.836784
11 17 0.888045
11 18 0.792063
11 19 0.500010
11 20 0.904084
11 21 0.992348
11 22 0.622200
11 23 0.972856
11 24 0.704364
11 25 0.531497
12 1 0.703797
12 2 0.996025
12 3 0.907598
12 4 0.535700
12 5 0.713481
12 6 0.984381
12 7 0.563691
12 8 0.772174
12 9 0.758289
12 10 0.549734
12 11 0.737389
12 12 0.816899
12 13 0.711176
12 14 0.941601
12 15 0.908274
12 16 0.813467
12 17 0.907598
12 18 0.817956
12 19 0.500010
12 20 0.920119
12 21 0.995734
12 22 0.654506
12 23 0.976598
12 24 0.732802
12 25 0.544307
12 26 0.925702
13 1 0.665390
13 2 0.991487
13 3 0.843679
13 4 0.549076
13 5 0.668518
13 6 0.961195
13 7 0.537934
13 8 0.723208
13 9 0.707392
13 10 0.538543
13 11 0.700191
13 12 0.711176
13 13 0.674310
13 14 0.911535
13 15 0.829977
13 16 0.781036
13 17 0.843679
13 18 0.754713
13 19 0.500009
13 20 0.870448
13 21 0.982874
13 22 0.612129
13 23 0.946454
13 24 0.684308
13 25 0.529178
14 1 0.901286
14 2 1.000000
14 3 0.994916
14 4 0.658945
14 5 0.902693
14 6 0.999974
14 7 0.598398
14 8 0.959839
14 9 0.944327
14 10 0.609589
14 11 0.937711
14 12 0.941601
14 13 0.911535
14 14 0.999625
14 15 0.992543
14 16 0.985088
14 17 0.994916
14 18 0.971199
14 19 0.500031
14 20 0.997533
14 21 0.999997
14 22 0.825180
14 23 0.999867
14 24 0.920732
14 25 0.559126
15 1 0.818527
15 2 0.999965
15 3 0.994865
15 4 0.612241
15 5 0.830320
15 6 0.999477
15 7 0.623772
15 8 0.932339
15 9 0.886378
15 10 0.597681
15 11 0.873327
15 12 0.908274
15 13 0.829977
15 14 0.992543
15 15 0.996800
15 16 0.980245
15 17 0.994865
15 18 0.928907
15 19 0.500019
15 20 0.987633
15 21 0.999981
15 22 0.730603
15 23 0.998467
15 24 0.839613
15 25 0.496527
15 26 0.988033
16 1 0.768636
16 2 0.999862
16 3 0.984447
16 4 0.633433
16 5 0.768697
16 6 0.995003
16 7 0.570482
16 8 0.918401
16 9 0.823652
16 10 0.576041
16 11 0.836784
16 12 0.813467
16 13 0.781036
16 14 0.985088
16 15 0.980245
16 16 0.972801
16 17 0.984447
16 18 0.887038
16 19 0.500017
16 20 0.977323
16 21 0.999794
16 22 0.668478
16 23 0.997526
16 24 0.774336
16 25 0.473681
16 26 0.967598
17 1 0.835336
17 2 0.999996
17 4 0.609268
17 5 0.839377
17 6 0.999441
17 7 0.623702
17 8 0.947365
17 9 0.897099
17 10 0.611749
17 11 0.888045
17 12 0.907598
17 13 0.843679
17 14 0.994916
17 15 0.994865
17 16 0.984447
17 17 0.996592
17 18 0.942255
17 19 0.500018
17 20 0.992974
17 21 0.999991
17 22 0.722600
17 23 0.999598
17 24 0.857253
17 25 0.484125
17 26 0.990474
18 1 0.745090
18 2 0.999493
18 3 0.942255
18 4 0.576601
18 5 0.746742
18 6 0.992365
18 7 0.564102
18 8 0.823939
18 9 0.797069
18 10 0.559464
18 11 0.792063
18 12 0.817956
18 13 0.754713
18 14 0.971199
18 15 0.928907
18 16 0.887038
18 17 0.942255
18 18 0.874188
18 19 0.500014
18 20 0.950577
18 21 0.998617
18 22 0.658646
18 23 0.990713
18 24 0.767598
18 25 0.557132
19 1 0.500008
19 2 0.500057
19 3 0.500018
19 4 0.500004
19 5 0.500008
19 6 0.500036
19 7 0.500000
19 8 0.500015
19 9 0.500011
19 10 0.500001
19 11 0.500010
19 12 0.500010
19 13 0.500009
19 14 0.500031
19 15 0.500019
19 16 0.500017
19 17 0.500018
19 18 0.500014
19 19 0.500000
19 20 0.500023
19 21 0.500050
19 22 0.500008
19 23 0.500026
19 24 0.500009
19 25 0.500001
19 26 0.500024
20 1 0.858470
20 2 0.999997
20 3 0.992974
20 4 0.634383
20 5 0.864636
20 6 0.999763
20 7 0.604554
20 8 0.956901
20 9 0.910321
20 10 0.637000
20 11 0.904084
20 12 0.920119
20 13 0.870448
20 14 0.997533
20 15 0.987633
20 16 0.977323
20 17 0.992974
20 18 0.950577
20 19 0.500023
20 20 0.997765
20 21 0.999989
20 22 0.790271
20 23 0.999828
20 24 0.888254
20 25 0.562166
20 26 0.993360
21 1 0.979907
21 2 1.000000
21 3 0.999991
21 4 0.766384
21 5 0.981641
21 6 1.000000
21 7 0.746916
21 8 0.998142
21 9 0.993749
21 10 0.736617
21 11 0.992348
21 12 0.995734
21 13 0.982874
21 14 0.999997
21 15 0.999981
21 16 0.999794
21 17 0.999991
21 18 0.998617
21 19 0.500050
21 20 0.999989
21 21 1.000000
21 22 0.926093
21 23 1.000000
21 24 0.987395
21 25 0.582023
21 26 0.999985
22 1 0.606950
22 2 0.929280
22 3 0.722600
22 5 0.610929
22 6 0.916478
22 7 0.520782
22 8 0.653271
22 9 0.638105
22 10 0.527309
22 11 0.622200
22 12 0.654506
22 13 0.612129
22 14 0.825180
22 15 0.730603
22 16 0.668478
22 17 0.722600
22 18 0.658646
22 19 0.500008
22 20 0.790271
22 21 0.926093
22 22 0.608437
22 23 0.824744
22 24 0.625266
22 25 0.518710
22 26 0.777137
23 1 0.938235
23 2 1.000000
23 3 0.999598
23 4 0.713063
23 5 0.941033
23 6 0.999992
23 7 0.671314
23 8 0.989798
23 9 0.968076
23 10 0.689062
23 11 0.972856
23 12 0.976598
23 13 0.946454
23 14 0.999867
23 15 0.998467
23 16 0.997526
23 17 0.999598
23 18 0.990713
23 19 0.500026
23 20 0.999828
23 21 1.000000
23 22 0.824744
23 23 1.000000
23 24 0.952993
23 25 0.589491
23 26 0.999505
24 1 0.676819
24 2 0.994551
24 3 0.857253
24 4 0.537273
24 5 0.680835
24 6 0.969776
24 7 0.542902
24 8 0.732703
24 9 0.724835
24 10 0.542124
24 11 0.704364
24 12 0.732802
24 13 0.684308
24 14 0.920732
24 15 0.839613
24 16 0.774336
24 17 0.857253
24 18 0.767598
24 19 0.500009
24 20 0.888254
24 21 0.987395
24 22 0.625266
24 23 0.952993
24 24 0.703862
24 25 0.533062
25 1 0.525489
25 2 0.630819
25 3 0.484125
25 4 0.512286
25 5 0.528784
25 6 0.609375
25 7 0.507472
25 8 0.494881
25 9 0.527450
25 10 0.508860
25 11 0.531497
25 12 0.544307
25 13 0.529178
25 14 0.559126
25 15 0.496527
25 16 0.473681
25 17 0.484125
25 18 0.557132
25 19 0.500001
25 20 0.562166
25 21 0.582023
25 22 0.518710
25 23 0.589491
25 24 0.533062
25 25 0.546364
26 2 0.999998
26 6 0.999862
26 7 0.606419
26 8 0.926997
26 10 0.598438
26 12 0.925702
26 15 0.988033
26 16 0.967598
26 17 0.990474
26 19 0.500024
26 20 0.993360
26 21 0.999985
26 22 0.777137
26 23 0.999505
26 26 0.995512
