1 26 0.521823
3 17 0.726110
3 26 0.684699
4 22 0.509763
4 26 0.488681
5 26 0.594054
9 26 0.595977
11 26 0.685855
13 26 0.590308
14 26 0.678782
17 3 0.726110
18 26 0.709657
22 4 0.509763
24 26 0.592386
25 26 0.602544
26 1 0.521823
26 3 0.684699
26 4 0.488681
26 5 0.594054
26 9 0.595977
26 11 0.685855
26 13 0.590308
26 14 0.678782
26 18 0.709657
26 24 0.592386
26 25 0.602544
1 1 0.509354
1 2 0.602346
1 3 0.517252
1 4 0.496724
1 5 0.506163
1 6 0.579960
1 7 0.503540
1 8 0.508953
1 9 0.522838
1 10 0.504474
1 11 0.506122
1 12 0.500310
1 13 0.502284
1 14 0.508324
1 15 0.572594
1 16 0.536305
1 17 0.519973
1 18 0.509823
1 19 0.500001
1 20 0.538018
1 21 0.562556
1 22 0.496724
1 23 0.523643
1 24 0.507442
1 25 0.506293
2 1 0.602346
2 2 0.999991
2 3 0.820395
2 4 0.487384
2 5 0.748712
2 6 0.685366
2 7 0.570255
2 8 0.763344
2 9 0.715498
2 10 0.578804
2 11 0.429986
2 12 0.659009
2 13 0.701707
2 14 0.679987
2 15 0.993415
2 16 0.842715
2 17 0.782846
2 18 0.916856
2 19 0.500012
2 20 0.980707
2 21 0.999572
2 22 0.487384
2 23 0.974718
2 24 0.725948
2 25 0.740905
2 26 0.918815
3 1 0.517252
3 2 0.820395
3 3 0.722406
3 4 0.497937
3 5 0.557069
3 6 0.896167
3 7 0.485261
3 8 0.630570
3 9 0.602917
3 10 0.489753
3 11 0.664508
3 12 0.596040
3 13 0.567095
3 14 0.634397
3 15 0.630200
3 16 0.640905
3 18 0.613370
3 19 0.500004
3 20 0.636921
3 21 0.921839
3 22 0.497937
3 23 0.921252
3 24 0.578116
3 25 0.574610
4 1 0.496724
4 2 0.487384
4 3 0.497937
4 4 0.509763
4 5 0.498331
4 6 0.478506
4 7 0.505109
4 8 0.496301
4 9 0.503686
4 10 0.500861
4 11 0.488475
4 12 0.498535
4 13 0.498779
4 14 0.486007
4 15 0.462576
4 16 0.497697
4 17 0.496439
4 18 0.499823
4 19 0.500001
4 20 0.511555
4 21 0.482173
4 23 0.527476
4 24 0.500830
4 25 0.500864
5 1 0.506163
5 2 0.748712
5 3 0.557069
5 4 0.498331
5 5 0.542431
5 6 0.523604
5 7 0.502308
5 8 0.550512
5 9 0.524165
5 10 0.502927
5 11 0.533301
5 12 0.526986
5 13 0.537873
5 14 0.545935
5 15 0.595268
5 16 0.539260
5 17 0.543234
5 18 0.594671
5 19 0.500002
5 20 0.601297
5 21 0.747107
5 22 0.498331
5 23 0.666668
5 24 0.537382
5 25 0.544699
6 1 0.579960
6 2 0.685366
6 3 0.896167
6 4 0.478506
6 5 0.523604
6 6 0.999970
6 7 0.492851
6 8 0.705602
6 9 0.864951
6 10 0.489730
6 11 0.917829
6 12 0.594562
6 13 0.554072
6 14 0.749308
6 15 0.812589
6 16 0.888262
6 17 0.924186
6 18 0.483868
6 19 0.500014
6 20 0.570005
6 21 0.992831
6 22 0.478506
6 23 0.989398
6 24 0.627008
6 25 0.587414
6 26 0.782055
7 1 0.503540
7 2 0.570255
7 3 0.485261
7 4 0.505109
7 5 0.502308
7 6 0.492851
7 7 0.524397
7 8 0.503430
7 9 0.524713
7 10 0.508154
7 11 0.504650
7 12 0.486157
7 13 0.499095
7 14 0.482981
7 15 0.511580
7 16 0.503527
7 17 0.484952
7 18 0.510321
7 19 0.500001
7 20 0.506120
7 21 0.546925
7 22 0.505109
7 23 0.500157
7 24 0.502705
7 25 0.501924
7 26 0.504807
8 1 0.508953
8 2 0.763344
8 3 0.630570
8 4 0.496301
8 5 0.550512
8 6 0.705602
8 7 0.503430
8 8 0.623650
8 9 0.582446
8 10 0.490940
8 11 0.628974
8 12 0.542973
8 13 0.555086
8 14 0.574483
8 15 0.553486
8 16 0.599952
8 17 0.624443
8 18 0.626447
8 19 0.500003
8 20 0.580079
8 21 0.866025
8 22 0.496301
8 23 0.869069
8 24 0.557788
8 25 0.561745
8 26 0.647031
9 1 0.522838
9 2 0.715498
9 3 0.602917
9 4 0.503686
9 5 0.524165
9 6 0.864951
9 7 0.524713
9 8 0.582446
9 9 0.643829
9 10 0.504391
9 11 0.617316
9 12 0.497386
9 13 0.522471
9 14 0.528491
9 15 0.603497
9 16 0.650402
9 17 0.611970
9 18 0.554417
9 19 0.500005
9 20 0.565755
9 21 0.805652
9 22 0.503686
9 23 0.800623
9 24 0.544057
9 25 0.540243
10 1 0.504474
10 2 0.578804
10 3 0.489753
10 4 0.500861
10 5 0.502927
10 6 0.489730
10 7 0.508154
10 8 0.490940
10 9 0.504391
10 10 0.510913
10 11 0.484606
10 12 0.495916
10 13 0.498253
10 14 0.503807
10 15 0.552746
10 16 0.516524
10 17 0.488850
10 18 0.505525
10 19 0.500000
10 20 0.523733
10 21 0.527115
10 22 0.500861
10 23 0.443754
10 24 0.500486
10 25 0.500937
10 26 0.507683
11 1 0.506122
11 2 0.429986
11 3 0.664508
11 4 0.488475
11 5 0.533301
11 6 0.917829
11 7 0.504650
11 8 0.628974
11 9 0.617316
11 10 0.484606
11 11 0.809983
11 12 0.569024
11 13 0.550675
11 14 0.680343
11 15 0.458312
11 16 0.614072
11 17 0.670453
11 18 0.593143
11 19 0.500003
11 20 0.448009
11 21 0.919963
11 22 0.488475
11 23 0.892256
11 24 0.554110
11 25 0.552068
12 1 0.500310
12 2 0.659009
12 3 0.596040
12 4 0.498535
12 5 0.526986
12 6 0.594562
12 7 0.486157
12 8 0.542973
12 9 0.497386
12 10 0.495916
12 11 0.569024
12 12 0.584994
12 13 0.533507
12 14 0.601134
12 15 0.547682
12 16 0.500195
12 17 0.592478
12 18 0.552747
12 19 0.499999
12 20 0.561924
12 21 0.791178
12 22 0.498535
12 23 0.695697
12 24 0.529878
12 25 0.528153
12 26 0.591527
13 1 0.502284
13 2 0.701707
13 3 0.567095
13 4 0.498779
13 5 0.537873
13 6 0.554072
13 7 0.499095
13 8 0.555086
13 9 0.522471
13 10 0.498253
13 11 0.550675
13 12 0.533507
13 13 0.538412
13 14 0.550278
13 15 0.556885
13 16 0.528199
13 17 0.555731
13 18 0.586099
13 19 0.500002
13 20 0.572409
13 21 0.750291
13 22 0.498779
13 23 0.694046
13 24 0.535915
13 25 0.541585
14 1 0.508324
14 2 0.679987
14 3 0.634397
14 4 0.486007
14 5 0.545935
14 6 0.749308
14 7 0.482981
14 8 0.574483
14 9 0.528491
14 10 0.503807
14 11 0.680343
14 12 0.601134
14 13 0.550278
14 14 0.699703
14 15 0.611537
14 16 0.573598
14 17 0.628781
14 18 0.599408
14 19 0.499999
14 20 0.549899
14 21 0.889187
14 22 0.486007
14 23 0.733668
14 24 0.546589
14 25 0.548612
15 1 0.572594
15 2 0.993415
15 3 0.630200
15 4 0.462576
15 5 0.595268
15 6 0.812589
15 7 0.511580
15 8 0.553486
15 9 0.603497
15 10 0.552746
15 11 0.458312
15 12 0.547682
15 13 0.556885
15 14 0.611537
15 15 0.963356
15 16 0.728831
15 17 0.625478
15 18 0.659297
15 19 0.500002
15 20 0.846708
15 21 0.950788
15 22 0.462576
15 23 0.518003
15 24 0.579454
15 25 0.582885
15 26 0.725161
16 1 0.536305
16 2 0.842715
16 3 0.640905
16 4 0.497697
16 5 0.539260
16 6 0.888262
16 7 0.503527
16 8 0.599952
16 9 0.650402
16 10 0.516524
16 11 0.614072
16 12 0.500195
16 13 0.528199
16 14 0.573598
16 15 0.728831
16 16 0.770976
16 17 0.648916
16 18 0.602654
16 19 0.500004
16 20 0.673445
16 21 0.822799
16 22 0.497697
16 23 0.834030
16 24 0.556578
16 25 0.556038
16 26 0.648718
17 1 0.519973
17 2 0.782846
17 4 0.496439
17 5 0.543234
17 6 0.924186
17 7 0.484952
17 8 0.624443
17 9 0.611970
17 10 0.488850
17 11 0.670453
17 12 0.592478
17 13 0.555731
17 14 0.628781
17 15 0.625478
17 16 0.648916
17 17 0.737723
17 18 0.578808
17 19 0.500004
17 20 0.609038
17 21 0.908514
17 22 0.496439
17 23 0.917641
17 24 0.569992
17 25 0.561708
17 26 0.668204
18 1 0.509823
18 2 0.916856
18 3 0.613370
18 4 0.499823
18 5 0.594671
18 6 0.483868
18 7 0.510321
18 8 0.626447
18 9 0.554417
18 10 0.505525
18 11 0.593143
18 12 0.552747
18 13 0.586099
18 14 0.599408
18 15 0.659297
18 16 0.602654
18 17 0.578808
18 18 0.732313
18 19 0.500004
18 20 0.721193
18 21 0.920466
18 22 0.499823
18 23 0.849161
18 24 0.582000
18 25 0.599339
19 1 0.500001
19 2 0.500012
19 3 0.500004
19 4 0.500001
19 5 0.500002
19 6 0.500014
19 7 0.500001
19 8 0.500003
19 9 0.500005
19 10 0.500000
19 11 0.500003
19 12 0.499999
19 13 0.500002
19 14 0.499999
19 15 0.500002
19 16 0.500004
19 17 0.500004
19 18 0.500004
19 19 0.500000
19 20 0.500005
19 21 0.500013
19 22 0.500001
19 23 0.500015
19 24 0.500002
19 25 0.500003
19 26 0.500004
20 1 0.538018
20 2 0.980707
20 3 0.636921
20 4 0.511555
20 5 0.601297
20 6 0.570005
20 7 0.506120
20 8 0.580079
20 9 0.565755
20 10 0.523733
20 11 0.448009
20 12 0.561924
20 13 0.572409
20 14 0.549899
20 15 0.846708
20 16 0.673445
20 17 0.609038
20 18 0.721193
20 19 0.500005
20 20 0.894153
20 21 0.920020
20 22 0.511555
20 23 0.826452
20 24 0.592042
20 25 0.605180
20 26 0.693449
21 1 0.562556
21 2 0.999572
21 3 0.921839
21 4 0.482173
21 5 0.747107
21 6 0.992831
21 7 0.546925
21 8 0.866025
21 9 0.805652
21 10 0.527115
21 11 0.919963
21 12 0.791178
21 13 0.750291
21 14 0.889187
21 15 0.950788
21 16 0.822799
21 17 0.908514
21 18 0.920466
21 19 0.500013
21 20 0.920020
21 21 0.999996
21 22 0.482173
21 23 0.998977
21 24 0.762476
21 25 0.772423
21 26 0.963186
22 1 0.496724
22 2 0.487384
22 3 0.497937
22 5 0.498331
22 6 0.478506
22 7 0.505109
22 8 0.496301
22 9 0.503686
22 10 0.500861
22 11 0.488475
22 12 0.498535
22 13 0.498779
22 14 0.486007
22 15 0.462576
22 16 0.497697
22 17 0.496439
22 18 0.499823
22 19 0.500001
22 20 0.511555
22 21 0.482173
22 22 0.509763
22 23 0.527476
22 24 0.500830
22 25 0.500864
22 26 0.488681
23 1 0.523643
23 2 0.974718
23 3 0.921252
23 4 0.527476
23 5 0.666668
23 6 0.989398
23 7 0.500157
23 8 0.869069
23 9 0.800623
23 10 0.443754
23 11 0.892256
23 12 0.695697
23 13 0.694046
23 14 0.733668
23 15 0.518003
23 16 0.834030
23 17 0.917641
23 18 0.849161
23 19 0.500015
23 20 0.826452
23 21 0.998977
23 22 0.527476
23 23 0.999833
23 24 0.720557
23 25 0.722444
23 26 0.889296
24 1 0.507442
24 2 0.725948
24 3 0.578116
24 4 0.500830
24 5 0.537382
24 6 0.627008
24 7 0.502705
24 8 0.557788
24 9 0.544057
24 10 0.500486
24 11 0.554110
24 12 0.529878
24 13 0.535915
24 14 0.546589
24 15 0.579454
24 16 0.556578
24 17 0.569992
24 18 0.582000
24 19 0.500002
24 20 0.592042
24 21 0.762476
24 22 0.500830
24 23 0.720557
24 24 0.539679
24 25 0.543372
25 1 0.506293
25 2 0.740905
25 3 0.574610
25 4 0.500864
25 5 0.544699
25 6 0.587414
25 7 0.501924
25 8 0.561745
25 9 0.540243
25 10 0.500937
25 11 0.552068
25 12 0.528153
25 13 0.541585
25 14 0.548612
25 15 0.582885
25 16 0.556038
25 17 0.561708
25 18 0.599339
25 19 0.500003
25 20 0.605180
25 21 0.772423
25 22 0.500864
25 23 0.722444
25 24 0.543372
25 25 0.550934
26 2 0.918815
26 6 0.782055
26 7 0.504807
26 8 0.647031
26 10 0.507683
26 12 0.591527
26 15 0.725161
26 16 0.648718
26 17 0.668204
26 19 0.500004
26 20 0.693449
26 21 0.963186
26 22 0.488681
26 23 0.889296
26 26 0.753898
