1 26 0.637507
3 17 0.814701
3 26 0.746953
4 22 0.541651
4 26 0.638167
5 26 0.630536
9 26 0.640974
11 26 0.746765
13 26 0.622885
14 26 0.787417
17 3 0.814701
18 26 0.729432
22 4 0.541651
24 26 0.612934
25 26 0.643943
26 1 0.637507
26 3 0.746953
26 4 0.638167
26 5 0.630536
26 9 0.640974
26 11 0.746765
26 13 0.622885
26 14 0.787417
26 18 0.729432
26 24 0.612934
26 25 0.643943
1 1 0.551010
1 2 0.660680
1 3 0.584469
1 4 0.550594
1 5 0.545669
1 6 0.814077
1 7 0.511424
1 8 0.531167
1 9 0.551281
1 10 0.531822
1 11 0.593524
1 12 0.523130
1 13 0.544774
1 14 0.613569
1 15 0.584946
1 16 0.585026
1 17 0.584469
1 18 0.582308
1 19 0.500000
1 20 0.687155
1 21 0.645163
1 22 0.540693
1 23 0.687952
1 24 0.537159
1 25 0.553730
2 1 0.660680
2 2 0.996484
2 3 0.822946
2 4 0.649180
2 5 0.647894
2 6 0.932470
2 7 0.556712
2 8 0.632579
2 9 0.679953
2 10 0.591242
2 11 0.738110
2 12 0.434173
2 13 0.611975
2 14 0.612219
2 15 0.786061
2 16 0.886264
2 17 0.822946
2 18 0.810810
2 19 0.499999
2 20 0.950459
2 21 0.983186
2 22 0.487662
2 23 0.852047
2 24 0.609762
2 25 0.656209
2 26 0.856232
3 1 0.584469
3 2 0.822946
3 3 0.814701
3 4 0.589081
3 5 0.580675
3 6 0.777146
3 7 0.514538
3 8 0.522804
3 9 0.599026
3 10 0.552530
3 11 0.648249
3 12 0.478379
3 13 0.552140
3 14 0.660316
3 15 0.732622
3 16 0.788823
3 18 0.681942
3 19 0.500001
3 20 0.723131
3 21 0.879423
3 22 0.505321
3 23 0.876495
3 24 0.576319
3 25 0.586120
4 1 0.550594
4 2 0.649180
4 3 0.589081
4 4 0.551750
4 5 0.545135
4 6 0.820471
4 7 0.511825
4 8 0.530881
4 9 0.550766
4 10 0.533420
4 11 0.595713
4 12 0.521777
4 13 0.545577
4 14 0.616725
4 15 0.585201
4 16 0.587101
4 17 0.589081
4 18 0.580721
4 19 0.500000
4 20 0.689838
4 21 0.638730
4 23 0.698591
4 24 0.538223
4 25 0.554027
5 1 0.545669
5 2 0.647894
5 3 0.580675
5 4 0.545135
5 5 0.547307
5 6 0.753155
5 7 0.512187
5 8 0.530166
5 9 0.547196
5 10 0.522486
5 11 0.588730
5 12 0.532113
5 13 0.544076
5 14 0.594530
5 15 0.567974
5 16 0.544203
5 17 0.580675
5 18 0.584177
5 19 0.500001
5 20 0.643397
5 21 0.603181
5 22 0.547877
5 23 0.672374
5 24 0.537403
5 25 0.547112
6 1 0.814077
6 2 0.932470
6 3 0.777146
6 4 0.820471
6 5 0.753155
6 6 1.000000
6 7 0.609417
6 8 0.767783
6 9 0.797659
6 10 0.779879
6 11 0.947170
6 12 0.805189
6 13 0.798700
6 14 0.991071
6 15 0.926969
6 16 0.951863
6 17 0.777146
6 18 0.840844
6 19 0.500001
6 20 0.999568
6 21 0.985359
6 22 0.910873
6 23 0.998965
6 24 0.759032
6 25 0.838844
6 26 0.983300
7 1 0.511424
7 2 0.556712
7 3 0.514538
7 4 0.511825
7 5 0.512187
7 6 0.609417
7 7 0.510934
7 8 0.517635
7 9 0.510230
7 10 0.509672
7 11 0.531506
7 12 0.526780
7 13 0.517748
7 14 0.524846
7 15 0.528392
7 16 0.486130
7 17 0.514538
7 18 0.509119
7 19 0.500000
7 20 0.556609
7 21 0.566861
7 22 0.519055
7 23 0.582087
7 24 0.509095
7 25 0.511396
7 26 0.534906
8 1 0.531167
8 2 0.632579
8 3 0.522804
8 4 0.530881
8 5 0.530166
8 6 0.767783
8 7 0.517635
8 8 0.557043
8 9 0.527101
8 10 0.522954
8 11 0.569622
8 12 0.546325
8 13 0.548501
8 14 0.562873
8 15 0.545988
8 16 0.511655
8 17 0.522804
8 18 0.542898
8 19 0.500000
8 20 0.665045
8 21 0.601969
8 22 0.553651
8 23 0.682729
8 24 0.523411
8 25 0.531243
8 26 0.587188
9 1 0.551281
9 2 0.679953
9 3 0.599026
9 4 0.550766
9 5 0.547196
9 6 0.797659
9 7 0.510230
9 8 0.527101
9 9 0.555495
9 10 0.529558
9 11 0.588823
9 12 0.511345
9 13 0.542109
9 14 0.603603
9 15 0.596666
9 16 0.614222
9 17 0.599026
9 18 0.597143
9 19 0.500000
9 20 0.693447
9 21 0.646952
9 22 0.540424
9 23 0.680547
9 24 0.543169
9 25 0.554307
10 1 0.531822
10 2 0.591242
10 3 0.552530
10 4 0.533420
10 5 0.522486
10 6 0.779879
10 7 0.509672
10 8 0.522954
10 9 0.529558
10 10 0.533538
10 11 0.560823
10 12 0.513442
10 13 0.527576
10 14 0.586666
10 15 0.562711
10 16 0.578326
10 17 0.552530
10 18 0.536210
10 19 0.500000
10 20 0.659194
10 21 0.643226
10 22 0.529209
10 23 0.661789
10 24 0.517392
10 25 0.535818
10 26 0.584769
11 1 0.593524
11 2 0.738110
11 3 0.648249
11 4 0.595713
11 5 0.588730
11 6 0.947170
11 7 0.531506
11 8 0.569622
11 9 0.588823
11 10 0.560823
11 11 0.693421
11 12 0.594004
11 13 0.599414
11 14 0.714803
11 15 0.649617
11 16 0.560763
11 17 0.648249
11 18 0.630465
11 19 0.500000
11 20 0.797641
11 21 0.746212
11 22 0.594367
11 23 0.855831
11 24 0.572826
11 25 0.598329
12 1 0.523130
12 2 0.434173
12 3 0.478379
12 4 0.521777
12 5 0.532113
12 6 0.805189
12 7 0.526780
12 8 0.546325
12 9 0.511345
12 10 0.513442
12 11 0.594004
12 12 0.669563
12 13 0.551325
12 14 0.606541
12 15 0.537744
12 16 0.323398
12 17 0.478379
12 18 0.489539
12 19 0.500001
12 20 0.531725
12 21 0.563777
12 22 0.597298
12 23 0.712996
12 24 0.523265
12 25 0.521576
12 26 0.582868
13 1 0.544774
13 2 0.611975
13 3 0.552140
13 4 0.545577
13 5 0.544076
13 6 0.798700
13 7 0.517748
13 8 0.548501
13 9 0.542109
13 10 0.527576
13 11 0.599414
13 12 0.551325
13 13 0.567121
13 14 0.595498
13 15 0.580102
13 16 0.494716
13 17 0.552140
13 18 0.566964
13 19 0.500000
13 20 0.694741
13 21 0.580610
13 22 0.563224
13 23 0.737477
13 24 0.544467
13 25 0.547461
14 1 0.613569
14 2 0.612219
14 3 0.660316
14 4 0.616725
14 5 0.594530
14 6 0.991071
14 7 0.524846
14 8 0.562873
14 9 0.603603
14 10 0.586666
14 11 0.714803
14 12 0.606541
14 13 0.595498
14 14 0.832435
14 15 0.691786
14 16 0.648183
14 17 0.660316
14 18 0.621337
14 19 0.500001
14 20 0.841399
14 21 0.761563
14 22 0.643841
14 23 0.909655
14 24 0.572163
14 25 0.620271
15 1 0.584946
15 2 0.786061
15 3 0.732622
15 4 0.585201
15 5 0.567974
15 6 0.926969
15 7 0.528392
15 8 0.545988
15 9 0.596666
15 10 0.562711
15 11 0.649617
15 12 0.537744
15 13 0.580102
15 14 0.691786
15 15 0.817992
15 16 0.751342
15 17 0.732622
15 18 0.623588
15 19 0.500000
15 20 0.845697
15 21 0.877586
15 22 0.540975
15 23 0.905345
15 24 0.584550
15 25 0.587348
15 26 0.724335
16 1 0.585026
16 2 0.886264
16 3 0.788823
16 4 0.587101
16 5 0.544203
16 6 0.951863
16 7 0.486130
16 8 0.511655
16 9 0.614222
16 10 0.578326
16 11 0.560763
16 12 0.323398
16 13 0.494716
16 14 0.648183
16 15 0.751342
16 16 0.967011
16 17 0.788823
16 18 0.715526
16 19 0.499999
16 20 0.904003
16 21 0.896117
16 22 0.490156
16 23 0.716985
16 24 0.573279
16 25 0.599227
16 26 0.719891
17 1 0.584469
17 2 0.822946
17 4 0.589081
17 5 0.580675
17 6 0.777146
17 7 0.514538
17 8 0.522804
17 9 0.599026
17 10 0.552530
17 11 0.648249
17 12 0.478379
17 13 0.552140
17 14 0.660316
17 15 0.732622
17 16 0.788823
17 17 0.814701
17 18 0.681942
17 19 0.500001
17 20 0.723131
17 21 0.879423
17 22 0.505321
17 23 0.876495
17 24 0.576319
17 25 0.586120
17 26 0.746953
18 1 0.582308
18 2 0.810810
18 3 0.681942
18 4 0.580721
18 5 0.584177
18 6 0.840844
18 7 0.509119
18 8 0.542898
18 9 0.597143
18 10 0.536210
18 11 0.630465
18 12 0.489539
18 13 0.566964
18 14 0.621337
18 15 0.623588
18 16 0.715526
18 17 0.681942
18 18 0.711649
18 19 0.500001
18 20 0.780684
18 21 0.689549
18 22 0.581484
18 23 0.749110
18 24 0.589743
18 25 0.587187
19 1 0.500000
19 2 0.499999
19 3 0.500001
19 4 0.500000
19 5 0.500001
19 6 0.500001
19 7 0.500000
19 8 0.500000
19 9 0.500000
19 10 0.500000
19 11 0.500000
19 12 0.500001
19 13 0.500000
19 14 0.500001
19 15 0.500000
19 16 0.499999
19 17 0.500001
19 18 0.500001
19 19 0.500000
19 20 0.499998
19 21 0.500000
19 22 0.500003
19 23 0.500004
19 24 0.500001
19 25 0.500000
19 26 0.500001
20 1 0.687155
20 2 0.950459
20 3 0.723131
20 4 0.689838
20 5 0.643397
20 6 0.999568
20 7 0.556609
20 8 0.665045
20 9 0.693447
20 10 0.659194
20 11 0.797641
20 12 0.531725
20 13 0.694741
20 14 0.841399
20 15 0.845697
20 16 0.904003
20 17 0.723131
20 18 0.780684
20 19 0.499998
20 20 0.992939
20 21 0.922570
20 22 0.710205
20 23 0.970704
20 24 0.672711
20 25 0.707288
20 26 0.887129
21 1 0.645163
21 2 0.983186
21 3 0.879423
21 4 0.638730
21 5 0.603181
21 6 0.985359
21 7 0.566861
21 8 0.601969
21 9 0.646952
21 10 0.643226
21 11 0.746212
21 12 0.563777
21 13 0.580610
21 14 0.761563
21 15 0.877586
21 16 0.896117
21 17 0.879423
21 18 0.689549
21 19 0.500000
21 20 0.922570
21 21 0.998732
21 22 0.457557
21 23 0.976941
21 24 0.571447
21 25 0.642266
21 26 0.844486
22 1 0.540693
22 2 0.487662
22 3 0.505321
22 5 0.547877
22 6 0.910873
22 7 0.519055
22 8 0.553651
22 9 0.540424
22 10 0.529209
22 11 0.594367
22 12 0.597298
22 13 0.563224
22 14 0.643841
22 15 0.540975
22 16 0.490156
22 17 0.505321
22 18 0.581484
22 19 0.500003
22 20 0.710205
22 21 0.457557
22 22 0.681764
22 23 0.766369
22 24 0.560277
22 25 0.546065
22 26 0.638546
23 1 0.687952
23 2 0.852047
23 3 0.876495
23 4 0.698591
23 5 0.672374
23 6 0.998965
23 7 0.582087
23 8 0.682729
23 9 0.680547
23 10 0.661789
23 11 0.855831
23 12 0.712996
23 13 0.737477
23 14 0.909655
23 15 0.905345
23 16 0.716985
23 17 0.876495
23 18 0.749110
23 19 0.500004
23 20 0.970704
23 21 0.976941
23 22 0.766369
23 23 0.998826
23 24 0.685101
23 25 0.693763
23 26 0.919278
24 1 0.537159
24 2 0.609762
24 3 0.576319
24 4 0.538223
24 5 0.537403
24 6 0.759032
24 7 0.509095
24 8 0.523411
24 9 0.543169
24 10 0.517392
24 11 0.572826
24 12 0.523265
24 13 0.544467
24 14 0.572163
24 15 0.584550
24 16 0.573279
24 17 0.576319
24 18 0.589743
24 19 0.500001
24 20 0.672711
24 21 0.571447
24 22 0.560277
24 23 0.685101
24 24 0.557734
24 25 0.540394
25 1 0.553730
25 2 0.656209
25 3 0.586120
25 4 0.554027
25 5 0.547112
25 6 0.838844
25 7 0.511396
25 8 0.531243
25 9 0.554307
25 10 0.535818
25 11 0.598329
25 12 0.521576
25 13 0.547461
25 14 0.620271
25 15 0.587348
25 16 0.599227
25 17 0.586120
25 18 0.587187
25 19 0.500000
25 20 0.707288
25 21 0.642266
25 22 0.546065
25 23 0.693763
25 24 0.540394
25 25 0.558351
26 2 0.856232
26 6 0.983300
26 7 0.534906
26 8 0.587188
26 10 0.584769
26 12 0.582868
26 15 0.724335
26 16 0.719891
26 17 0.746953
26 19 0.500001
26 20 0.887129
26 21 0.844486
26 22 0.638546
26 23 0.919278
26 26 0.837616
