1 26 0.594040
3 17 0.697814
3 26 0.891311
4 22 0.552700
4 26 0.726879
5 26 0.789311
9 26 0.787950
11 26 0.817651
13 26 0.779006
14 26 0.999986
17 3 0.697814
18 26 0.996950
22 4 0.552700
24 26 0.781783
25 26 0.766214
26 1 0.594040
26 3 0.891311
26 4 0.726879
26 5 0.789311
26 9 0.787950
26 11 0.817651
26 13 0.779006
26 14 0.999986
26 18 0.996950
26 24 0.781783
26 25 0.766214
1 1 0.514658
1 2 0.783338
1 3 0.567303
1 4 0.532924
1 5 0.541931
1 6 0.704644
1 7 0.519267
1 8 0.524547
1 9 0.541159
1 10 0.510251
1 11 0.546512
1 12 0.540658
1 13 0.536114
1 14 0.786338
1 15 0.569158
1 16 0.566379
1 17 0.526114
1 18 0.665931
1 19 0.500001
1 20 0.606384
1 21 0.718634
1 22 0.520435
1 23 0.580224
1 24 0.540281
1 25 0.535520
2 1 0.783338
2 2 1.000000
2 3 0.998455
2 4 0.963713
2 5 0.989429
2 6 1.000000
2 7 0.893744
2 8 0.960692
2 9 0.987775
2 10 0.738736
2 11 0.991090
2 12 0.996146
2 13 0.983127
2 14 1.000000
2 15 0.998944
2 16 0.999873
2 17 0.994410
2 18 1.000000
2 19 0.500028
2 20 0.999998
2 21 1.000000
2 22 0.893214
2 23 0.999528
2 24 0.987829
2 25 0.981616
2 26 0.999976
3 1 0.567303
3 2 0.998455
3 3 0.829455
3 4 0.666276
3 5 0.711204
3 6 0.991934
3 7 0.607728
3 8 0.631903
3 9 0.713339
3 10 0.556002
3 11 0.733404
3 12 0.749027
3 13 0.697942
3 14 0.998868
3 15 0.846222
3 16 0.862559
3 18 0.976406
3 19 0.500005
3 20 0.912597
3 21 0.997009
3 22 0.599130
3 23 0.881688
3 24 0.703885
3 25 0.687307
4 1 0.532924
4 2 0.963713
4 3 0.666276
4 4 0.583497
4 5 0.602756
4 6 0.919014
4 7 0.549404
4 8 0.559060
4 9 0.604259
4 10 0.524483
4 11 0.617441
4 12 0.609151
4 13 0.593735
4 14 0.962942
4 15 0.679948
4 16 0.687736
4 17 0.598710
4 18 0.846414
4 19 0.500003
4 20 0.746257
4 21 0.919794
4 23 0.697544
4 24 0.600483
4 25 0.590196
5 1 0.541931
5 2 0.989429
5 3 0.711204
5 4 0.602756
5 5 0.639221
5 6 0.960827
5 7 0.568930
5 8 0.598321
5 9 0.635696
5 10 0.536131
5 11 0.649051
5 12 0.670395
5 13 0.627968
5 14 0.990781
5 15 0.734213
5 16 0.750492
5 17 0.635498
5 18 0.920607
5 19 0.500003
5 20 0.834869
5 21 0.974035
5 22 0.562218
5 23 0.748731
5 24 0.633691
5 25 0.620936
6 1 0.704644
6 2 1.000000
6 3 0.991934
6 4 0.919014
6 5 0.960827
6 6 1.000000
6 7 0.833207
6 8 0.913219
6 9 0.960597
6 10 0.710689
6 11 0.975580
6 12 0.992159
6 13 0.956432
6 14 1.000000
6 15 0.998888
6 16 0.999205
6 17 0.991504
6 18 1.000000
6 19 0.500022
6 20 0.999964
6 21 1.000000
6 22 0.824810
6 23 0.994052
6 24 0.960138
6 25 0.951028
6 26 0.999590
7 1 0.519267
7 2 0.893744
7 3 0.607728
7 4 0.549404
7 5 0.568930
7 6 0.833207
7 7 0.538365
7 8 0.553953
7 9 0.565635
7 10 0.520662
7 11 0.569877
7 12 0.606457
7 13 0.565581
7 14 0.919070
7 15 0.638500
7 16 0.644163
7 17 0.569106
7 18 0.771252
7 19 0.500002
7 20 0.718118
7 21 0.865023
7 22 0.529589
7 23 0.647106
7 24 0.566080
7 25 0.559189
7 26 0.654563
8 1 0.524547
8 2 0.960692
8 3 0.631903
8 4 0.559060
8 5 0.598321
8 6 0.913219
8 7 0.553953
8 8 0.620782
8 9 0.591198
8 10 0.531713
8 11 0.602523
8 12 0.677210
8 13 0.598661
8 14 0.986708
8 15 0.749810
8 16 0.736851
8 17 0.630350
8 18 0.888087
8 19 0.500002
8 20 0.827207
8 21 0.966922
8 22 0.532583
8 23 0.710573
8 24 0.590163
8 25 0.588713
8 26 0.717438
9 1 0.541159
9 2 0.987775
9 3 0.713339
9 4 0.604259
9 5 0.635696
9 6 0.960597
9 7 0.565635
9 8 0.591198
9 9 0.639503
9 10 0.532636
9 11 0.651030
9 12 0.664337
9 13 0.624963
9 14 0.987740
9 15 0.748884
9 16 0.761871
9 17 0.634935
9 18 0.920600
9 19 0.500003
9 20 0.818287
9 21 0.972954
9 22 0.563568
9 23 0.758959
9 24 0.631600
9 25 0.619777
10 1 0.510251
10 2 0.738736
10 3 0.556002
10 4 0.524483
10 5 0.536131
10 6 0.710689
10 7 0.520662
10 8 0.531713
10 9 0.532636
10 10 0.516826
10 11 0.542388
10 12 0.570455
10 13 0.537010
10 14 0.805129
10 15 0.590122
10 16 0.577347
10 17 0.544873
10 18 0.668469
10 19 0.500001
10 20 0.637043
10 21 0.756326
10 22 0.514058
10 23 0.571262
10 24 0.534419
10 25 0.533134
10 26 0.586651
11 1 0.546512
11 2 0.991090
11 3 0.733404
11 4 0.617441
11 5 0.649051
11 6 0.975580
11 7 0.569877
11 8 0.602523
11 9 0.651030
11 10 0.542388
11 11 0.693085
11 12 0.660923
11 13 0.642190
11 14 0.992576
11 15 0.788087
11 16 0.781573
11 17 0.675439
11 18 0.936258
11 19 0.500003
11 20 0.832269
11 21 0.981237
11 22 0.571471
11 23 0.778297
11 24 0.642897
11 25 0.637021
12 1 0.540658
12 2 0.996146
12 3 0.749027
12 4 0.609151
12 5 0.670395
12 6 0.992159
12 7 0.606457
12 8 0.677210
12 9 0.664337
12 10 0.570455
12 11 0.660923
12 12 0.857403
12 13 0.676720
12 14 0.999543
12 15 0.885437
12 16 0.882397
12 17 0.743670
12 18 0.977458
12 19 0.500005
12 20 0.954812
12 21 0.998450
12 22 0.561176
12 23 0.816401
12 24 0.665517
12 25 0.659072
12 26 0.846636
13 1 0.536114
13 2 0.983127
13 3 0.697942
13 4 0.593735
13 5 0.627968
13 6 0.956432
13 7 0.565581
13 8 0.598661
13 9 0.624963
13 10 0.537010
13 11 0.642190
13 12 0.676720
13 13 0.628766
13 14 0.991049
13 15 0.763369
13 16 0.754877
13 17 0.656304
13 18 0.902881
13 19 0.500003
13 20 0.829348
13 21 0.977033
13 22 0.555974
13 23 0.738902
13 24 0.624117
13 25 0.617764
14 1 0.786338
14 2 1.000000
14 3 0.998868
14 4 0.962942
14 5 0.990781
14 6 1.000000
14 7 0.919070
14 8 0.986708
14 9 0.987740
14 10 0.805129
14 11 0.992576
14 12 0.999543
14 13 0.991049
14 14 1.000000
14 15 0.999983
14 16 0.999960
14 17 0.998317
14 18 1.000000
14 19 0.500035
14 20 1.000000
14 21 1.000000
14 22 0.881543
14 23 0.999835
14 24 0.989597
14 25 0.987885
15 1 0.569158
15 2 0.998944
15 3 0.846222
15 4 0.679948
15 5 0.734213
15 6 0.998888
15 7 0.638500
15 8 0.749810
15 9 0.748884
15 10 0.590122
15 11 0.788087
15 12 0.885437
15 13 0.763369
15 14 0.999983
15 15 0.989154
15 16 0.964515
15 17 0.817562
15 18 0.994803
15 19 0.500009
15 20 0.984799
15 21 0.999949
15 22 0.605368
15 23 0.927047
15 24 0.730398
15 25 0.743370
15 26 0.935104
16 1 0.566379
16 2 0.999873
16 3 0.862559
16 4 0.687736
16 5 0.750492
16 6 0.999205
16 7 0.644163
16 8 0.736851
16 9 0.761871
16 10 0.577347
16 11 0.781573
16 12 0.882397
16 13 0.754877
16 14 0.999960
16 15 0.964515
16 16 0.982733
16 17 0.836225
16 18 0.997176
16 19 0.500008
16 20 0.984300
16 21 0.999967
16 22 0.614500
16 23 0.968111
16 24 0.734516
16 25 0.739539
16 26 0.940476
17 1 0.526114
17 2 0.994410
17 4 0.598710
17 5 0.635498
17 6 0.991504
17 7 0.569106
17 8 0.630350
17 9 0.634935
17 10 0.544873
17 11 0.675439
17 12 0.743670
17 13 0.656304
17 14 0.998317
17 15 0.817562
17 16 0.836225
17 17 0.819930
17 18 0.933129
17 19 0.500005
17 20 0.850898
17 21 0.993562
17 22 0.561753
17 23 0.703600
17 24 0.634078
17 25 0.643304
17 26 0.816918
18 1 0.665931
18 2 1.000000
18 3 0.976406
18 4 0.846414
18 5 0.920607
18 6 1.000000
18 7 0.771252
18 8 0.888087
18 9 0.920600
18 10 0.668469
18 11 0.936258
18 12 0.977458
18 13 0.902881
18 14 1.000000
18 15 0.994803
18 16 0.997176
18 17 0.933129
18 18 0.999998
18 19 0.500011
18 20 0.999779
18 21 1.000000
18 22 0.734441
18 23 0.995551
18 24 0.911206
18 25 0.899509
19 1 0.500001
19 2 0.500028
19 3 0.500005
19 4 0.500003
19 5 0.500003
19 6 0.500022
19 7 0.500002
19 8 0.500002
19 9 0.500003
19 10 0.500001
19 11 0.500003
19 12 0.500005
19 13 0.500003
19 14 0.500035
19 15 0.500009
19 16 0.500008
19 17 0.500005
19 18 0.500011
19 19 0.500000
19 20 0.500009
19 21 0.500023
19 22 0.500002
19 23 0.500007
19 24 0.500003
19 25 0.500003
19 26 0.500008
20 1 0.606384
20 2 0.999998
20 3 0.912597
20 4 0.746257
20 5 0.834869
20 6 0.999964
20 7 0.718118
20 8 0.827207
20 9 0.818287
20 10 0.637043
20 11 0.832269
20 12 0.954812
20 13 0.829348
20 14 1.000000
20 15 0.984799
20 16 0.984300
20 17 0.850898
20 18 0.999779
20 19 0.500009
20 20 0.999363
20 21 0.999997
20 22 0.654013
20 23 0.969860
20 24 0.828626
20 25 0.812922
20 26 0.977710
21 1 0.718634
21 2 1.000000
21 3 0.997009
21 4 0.919794
21 5 0.974035
21 6 1.000000
21 7 0.865023
21 8 0.966922
21 9 0.972954
21 10 0.756326
21 11 0.981237
21 12 0.998450
21 13 0.977033
21 14 1.000000
21 15 0.999949
21 16 0.999967
21 17 0.993562
21 18 1.000000
21 19 0.500023
21 20 0.999997
21 21 1.000000
21 22 0.799544
21 23 0.999823
21 24 0.968175
21 25 0.969971
21 26 0.999864
22 1 0.520435
22 2 0.893214
22 3 0.599130
22 5 0.562218
22 6 0.824810
22 7 0.529589
22 8 0.532583
22 9 0.563568
22 10 0.514058
22 11 0.571471
22 12 0.561176
22 13 0.555974
22 14 0.881543
22 15 0.605368
22 16 0.614500
22 17 0.561753
22 18 0.734441
22 19 0.500002
22 20 0.654013
22 21 0.799544
22 22 0.535118
22 23 0.619511
22 24 0.561452
22 25 0.554536
22 26 0.643856
23 1 0.580224
23 2 0.999528
23 3 0.881688
23 4 0.697544
23 5 0.748731
23 6 0.994052
23 7 0.647106
23 8 0.710573
23 9 0.758959
23 10 0.571262
23 11 0.778297
23 12 0.816401
23 13 0.738902
23 14 0.999835
23 15 0.927047
23 16 0.968111
23 17 0.703600
23 18 0.995551
23 19 0.500007
23 20 0.969860
23 21 0.999823
23 22 0.619511
23 23 0.991927
23 24 0.724839
23 25 0.719081
23 26 0.930696
24 1 0.540281
24 2 0.987829
24 3 0.703885
24 4 0.600483
24 5 0.633691
24 6 0.960138
24 7 0.566080
24 8 0.590163
24 9 0.631600
24 10 0.534419
24 11 0.642897
24 12 0.665517
24 13 0.624117
24 14 0.989597
24 15 0.730398
24 16 0.734516
24 17 0.634078
24 18 0.911206
24 19 0.500003
24 20 0.828626
24 21 0.968175
24 22 0.561452
24 23 0.724839
24 24 0.631059
24 25 0.617893
25 1 0.535520
25 2 0.981616
25 3 0.687307
25 4 0.590196
25 5 0.620936
25 6 0.951028
25 7 0.559189
25 8 0.588713
25 9 0.619777
25 10 0.533134
25 11 0.637021
25 12 0.659072
25 13 0.617764
25 14 0.987885
25 15 0.743370
25 16 0.739539
25 17 0.643304
25 18 0.899509
25 19 0.500003
25 20 0.812922
25 21 0.969971
25 22 0.554536
25 23 0.719081
25 24 0.617893
25 25 0.612061
26 2 0.999976
26 6 0.999590
26 7 0.654563
26 8 0.717438
26 10 0.586651
26 12 0.846636
26 15 0.935104
26 16 0.940476
26 17 0.816918
26 19 0.500008
26 20 0.977710
26 21 0.999864
26 22 0.643856
26 23 0.930696
26 26 0.959063
