1 26 0.534340
3 17 0.783821
3 26 0.855869
4 22 0.537153
4 26 0.710715
5 26 0.759302
9 26 0.787987
11 26 0.812581
13 26 0.629963
14 26 0.986907
17 3 0.783821
18 26 0.908158
22 4 0.537153
24 26 0.585566
25 26 0.667528
26 1 0.534340
26 3 0.855869
26 4 0.710715
26 5 0.759302
26 9 0.787987
26 11 0.812581
26 13 0.629963
26 14 0.986907
26 18 0.908158
26 24 0.585566
26 25 0.667528
1 1 0.508027
1 2 0.639901
1 3 0.519086
1 4 0.510388
1 5 0.515648
1 6 0.664571
1 7 0.503313
1 8 0.525764
1 9 0.519526
1 10 0.506829
1 11 0.521307
1 12 0.502034
1 13 0.511599
1 14 0.625554
1 15 0.545774
1 16 0.568323
1 17 0.513506
1 18 0.528951
1 19 0.500000
1 20 0.549056
1 21 0.586749
1 22 0.502846
1 23 0.521889
1 24 0.509534
1 25 0.514259
2 1 0.639901
2 2 1.000000
2 3 0.978479
2 4 0.862104
2 5 0.935010
2 6 1.000000
2 7 0.623311
2 8 0.817815
2 9 0.950511
2 10 0.556371
2 11 0.967355
2 12 0.709094
2 13 0.799625
2 14 1.000000
2 15 0.998310
2 16 0.999493
2 17 0.951268
2 18 0.992691
2 19 0.500000
2 20 0.964399
2 21 1.000000
2 22 0.632146
2 23 0.972850
2 24 0.735305
2 25 0.874752
2 26 0.996492
3 1 0.519086
3 2 0.978479
3 3 0.826681
3 4 0.656533
3 5 0.699506
3 6 0.977036
3 7 0.522169
3 8 0.636990
3 9 0.733635
3 10 0.488893
3 11 0.744982
3 12 0.517816
3 13 0.599716
3 14 0.841327
3 15 0.804172
3 16 0.820586
3 18 0.832733
3 19 0.499998
3 20 0.706213
3 21 0.960049
3 22 0.541942
3 23 0.926272
3 24 0.592938
3 25 0.604525
4 1 0.510388
4 2 0.862104
4 3 0.656533
4 4 0.590656
4 5 0.602571
4 6 0.769045
4 7 0.511207
4 8 0.557182
4 9 0.614440
4 10 0.492384
4 11 0.637073
4 12 0.496532
4 13 0.542255
4 14 0.761476
4 15 0.658693
4 16 0.628032
4 17 0.620881
4 18 0.696664
4 19 0.499999
4 20 0.568243
4 21 0.842636
4 23 0.676393
4 24 0.517409
4 25 0.558137
5 1 0.515648
5 2 0.935010
5 3 0.699506
5 4 0.602571
5 5 0.634602
5 6 0.909794
5 7 0.514532
5 8 0.581331
5 9 0.651518
5 10 0.492733
5 11 0.666302
5 12 0.506159
5 13 0.562560
5 14 0.896255
5 15 0.726432
5 16 0.714683
5 17 0.655822
5 18 0.747806
5 19 0.500000
5 20 0.614361
5 21 0.900936
5 22 0.529867
5 23 0.712073
5 24 0.544264
5 25 0.581735
6 1 0.664571
6 2 1.000000
6 3 0.977036
6 4 0.769045
6 5 0.909794
6 6 1.000000
6 7 0.561960
6 8 0.923797
6 9 0.954550
6 10 0.558607
6 11 0.942793
6 12 0.755040
6 13 0.822537
6 14 1.000000
6 15 0.998839
6 16 0.999915
6 17 0.955786
6 18 0.982960
6 19 0.500003
6 20 0.994898
6 21 0.999996
6 22 0.488312
6 23 0.995867
6 24 0.837547
6 25 0.843585
6 26 0.992603
7 1 0.503313
7 2 0.623311
7 3 0.522169
7 4 0.511207
7 5 0.514532
7 6 0.561960
7 7 0.515973
7 8 0.506904
7 9 0.511775
7 10 0.504936
7 11 0.511362
7 12 0.516665
7 13 0.509680
7 14 0.539012
7 15 0.512792
7 16 0.533755
7 17 0.518298
7 18 0.537712
7 19 0.500000
7 20 0.543581
7 21 0.521953
7 22 0.504864
7 23 0.506748
7 24 0.517587
7 25 0.509065
7 26 0.532638
8 1 0.525764
8 2 0.817815
8 3 0.636990
8 4 0.557182
8 5 0.581331
8 6 0.923797
8 7 0.506904
8 8 0.687214
8 9 0.615725
8 10 0.518576
8 11 0.591425
8 12 0.482091
8 13 0.552507
8 14 0.704840
8 15 0.724286
8 16 0.762169
8 17 0.612661
8 18 0.645396
8 19 0.500001
8 20 0.720283
8 21 0.715533
8 22 0.512790
8 23 0.743257
8 24 0.552629
8 25 0.514782
8 26 0.669232
9 1 0.519526
9 2 0.950511
9 3 0.733635
9 4 0.614440
9 5 0.651518
9 6 0.954550
9 7 0.511775
9 8 0.615725
9 9 0.678925
9 10 0.493108
9 11 0.687856
9 12 0.506551
9 13 0.578211
9 14 0.918302
9 15 0.764652
9 16 0.765298
9 17 0.688266
9 18 0.769688
9 19 0.500000
9 20 0.658162
9 21 0.926510
9 22 0.530444
9 23 0.796629
9 24 0.555386
9 25 0.591842
10 1 0.506829
10 2 0.556371
10 3 0.488893
10 4 0.492384
10 5 0.492733
10 6 0.558607
10 7 0.504936
10 8 0.518576
10 9 0.493108
10 10 0.520020
10 11 0.497217
10 12 0.515397
10 13 0.512646
10 14 0.558414
10 15 0.497567
10 16 0.546949
10 17 0.493345
10 18 0.473638
10 19 0.500001
10 20 0.545956
10 21 0.520422
10 22 0.497622
10 23 0.517594
10 24 0.511686
10 25 0.507594
10 26 0.485426
11 1 0.521307
11 2 0.967355
11 3 0.744982
11 4 0.637073
11 5 0.666302
11 6 0.942793
11 7 0.511362
11 8 0.591425
11 9 0.687856
11 10 0.497217
11 11 0.726591
11 12 0.514342
11 13 0.580920
11 14 0.950205
11 15 0.768448
11 16 0.742015
11 17 0.693826
11 18 0.784715
11 19 0.500000
11 20 0.618674
11 21 0.962619
11 22 0.548409
11 23 0.783088
11 24 0.537280
11 25 0.613057
12 1 0.502034
12 2 0.709094
12 3 0.517816
12 4 0.496532
12 5 0.506159
12 6 0.755040
12 7 0.516665
12 8 0.482091
12 9 0.506551
12 10 0.515397
12 11 0.514342
12 12 0.583306
12 13 0.531154
12 14 0.844200
12 15 0.507451
12 16 0.570039
12 17 0.521926
12 18 0.493062
12 19 0.500000
12 20 0.539764
12 21 0.645653
12 22 0.495863
12 23 0.545029
12 24 0.529382
12 25 0.533952
12 26 0.516371
13 1 0.511599
13 2 0.799625
13 3 0.599716
13 4 0.542255
13 5 0.562560
13 6 0.822537
13 7 0.509680
13 8 0.552507
13 9 0.578211
13 10 0.512646
13 11 0.580920
13 12 0.531154
13 13 0.570259
13 14 0.875962
13 15 0.592849
13 16 0.664045
13 17 0.579650
13 18 0.611398
13 19 0.500000
13 20 0.615374
13 21 0.780996
13 22 0.508424
13 23 0.690161
13 24 0.540271
13 25 0.583238
14 1 0.625554
14 2 1.000000
14 3 0.841327
14 4 0.761476
14 5 0.896255
14 6 1.000000
14 7 0.539012
14 8 0.704840
14 9 0.918302
14 10 0.558414
14 11 0.950205
14 12 0.844200
14 13 0.875962
14 14 1.000000
14 15 0.992402
14 16 0.990895
14 17 0.689466
14 18 0.974595
14 19 0.500022
14 20 0.860552
14 21 1.000000
14 22 0.543950
14 23 0.096316
14 24 0.670861
14 25 0.956902
15 1 0.545774
15 2 0.998310
15 3 0.804172
15 4 0.658693
15 5 0.726432
15 6 0.998839
15 7 0.512792
15 8 0.724286
15 9 0.764652
15 10 0.497567
15 11 0.768448
15 12 0.507451
15 13 0.592849
15 14 0.992402
15 15 0.942051
15 16 0.928591
15 17 0.747595
15 18 0.853528
15 19 0.500002
15 20 0.757008
15 21 0.990273
15 22 0.540168
15 23 0.782823
15 24 0.565600
15 25 0.594833
15 26 0.883688
16 1 0.568323
16 2 0.999493
16 3 0.820586
16 4 0.628032
16 5 0.714683
16 6 0.999915
16 7 0.533755
16 8 0.762169
16 9 0.765298
16 10 0.546949
16 11 0.742015
16 12 0.570039
16 13 0.664045
16 14 0.990895
16 15 0.928591
16 16 0.985629
16 17 0.776689
16 18 0.850886
16 19 0.500000
16 20 0.905518
16 21 0.987939
16 22 0.506491
16 23 0.936058
16 24 0.664133
16 25 0.661002
16 26 0.875921
17 1 0.513506
17 2 0.951268
17 4 0.620881
17 5 0.655822
17 6 0.955786
17 7 0.518298
17 8 0.612661
17 9 0.688266
17 10 0.493345
17 11 0.693826
17 12 0.521926
17 13 0.579650
17 14 0.689466
17 15 0.747595
17 16 0.776689
17 17 0.749915
17 18 0.763602
17 19 0.499998
17 20 0.680291
17 21 0.916052
17 22 0.531147
17 23 0.911319
17 24 0.582561
17 25 0.572713
17 26 0.796458
18 1 0.528951
18 2 0.992691
18 3 0.832733
18 4 0.696664
18 5 0.747806
18 6 0.982960
18 7 0.537712
18 8 0.645396
18 9 0.769688
18 10 0.473638
18 11 0.784715
18 12 0.493062
18 13 0.611398
18 14 0.974595
18 15 0.853528
18 16 0.850886
18 17 0.763602
18 18 0.917967
18 19 0.500000
18 20 0.710639
18 21 0.979859
18 22 0.556012
18 23 0.817479
18 24 0.585676
18 25 0.656565
19 1 0.500000
19 2 0.500000
19 3 0.499998
19 4 0.499999
19 5 0.500000
19 6 0.500003
19 7 0.500000
19 8 0.500001
19 9 0.500000
19 10 0.500001
19 11 0.500000
19 12 0.500000
19 13 0.500000
19 14 0.500022
19 15 0.500002
19 16 0.500000
19 17 0.499998
19 18 0.500000
19 19 0.500000
19 20 0.499999
19 21 0.500005
19 22 0.499999
19 23 0.499994
19 24 0.500000
19 25 0.500001
19 26 0.499999
20 1 0.549056
20 2 0.964399
20 3 0.706213
20 4 0.568243
20 5 0.614361
20 6 0.994898
20 7 0.543581
20 8 0.720283
20 9 0.658162
20 10 0.545956
20 11 0.618674
20 12 0.539764
20 13 0.615374
20 14 0.860552
20 15 0.757008
20 16 0.905518
20 17 0.680291
20 18 0.710639
20 19 0.499999
20 20 0.887917
20 21 0.765613
20 22 0.504338
20 23 0.873153
20 24 0.635740
20 25 0.590435
20 26 0.736266
21 1 0.586749
21 2 1.000000
21 3 0.960049
21 4 0.842636
21 5 0.900936
21 6 0.999996
21 7 0.521953
21 8 0.715533
21 9 0.926510
21 10 0.520422
21 11 0.962619
21 12 0.645653
21 13 0.780996
21 14 1.000000
21 15 0.990273
21 16 0.987939
21 17 0.916052
21 18 0.979859
21 19 0.500005
21 20 0.765613
21 21 0.999999
21 22 0.634388
21 23 0.974844
21 24 0.591050
21 25 0.873289
21 26 0.990968
22 1 0.502846
22 2 0.632146
22 3 0.541942
22 5 0.529867
22 6 0.488312
22 7 0.504864
22 8 0.512790
22 9 0.530444
22 10 0.497622
22 11 0.548409
22 12 0.495863
22 13 0.508424
22 14 0.543950
22 15 0.540168
22 16 0.506491
22 17 0.531147
22 18 0.556012
22 19 0.499999
22 20 0.504338
22 21 0.634388
22 22 0.525263
22 23 0.533256
22 24 0.489492
22 25 0.514822
22 26 0.570386
23 1 0.521889
23 2 0.972850
23 3 0.926272
23 4 0.676393
23 5 0.712073
23 6 0.995867
23 7 0.506748
23 8 0.743257
23 9 0.796629
23 10 0.517594
23 11 0.783088
23 12 0.545029
23 13 0.690161
23 14 0.096316
23 15 0.782823
23 16 0.936058
23 17 0.911319
23 18 0.817479
23 19 0.499994
23 20 0.873153
23 21 0.974844
23 22 0.533256
23 23 0.999444
23 24 0.676660
23 25 0.651274
23 26 0.885610
24 1 0.509534
24 2 0.735305
24 3 0.592938
24 4 0.517409
24 5 0.544264
24 6 0.837547
24 7 0.517587
24 8 0.552629
24 9 0.555386
24 10 0.511686
24 11 0.537280
24 12 0.529382
24 13 0.540271
24 14 0.670861
24 15 0.565600
24 16 0.664133
24 17 0.582561
24 18 0.585676
24 19 0.500000
24 20 0.635740
24 21 0.591050
24 22 0.489492
24 23 0.676660
24 24 0.571367
24 25 0.530628
25 1 0.514259
25 2 0.874752
25 3 0.604525
25 4 0.558137
25 5 0.581735
25 6 0.843585
25 7 0.509065
25 8 0.514782
25 9 0.591842
25 10 0.507594
25 11 0.613057
25 12 0.533952
25 13 0.583238
25 14 0.956902
25 15 0.594833
25 16 0.661002
25 17 0.572713
25 18 0.656565
25 19 0.500001
25 20 0.590435
25 21 0.873289
25 22 0.514822
25 23 0.651274
25 24 0.530628
25 25 0.634195
26 2 0.996492
26 6 0.992603
26 7 0.532638
26 8 0.669232
26 10 0.485426
26 12 0.516371
26 15 0.883688
26 16 0.875921
26 17 0.796458
26 19 0.499999
26 20 0.736266
26 21 0.990968
26 22 0.570386
26 23 0.885610
26 26 0.919424
