1 26 0.875158
3 17 0.996673
3 26 0.977433
4 22 0.549995
4 26 0.516814
5 26 0.877081
9 26 0.913987
11 26 0.955224
13 26 0.800268
14 26 0.989250
17 3 0.996673
18 26 0.958013
22 4 0.549995
24 26 0.732198
25 26 0.899883
26 1 0.875158
26 3 0.977433
26 4 0.516814
26 5 0.877081
26 9 0.913987
26 11 0.955224
26 13 0.800268
26 14 0.989250
26 18 0.958013
26 24 0.732198
26 25 0.899883
1 1 0.690435
1 2 0.989809
1 3 0.817165
1 4 0.502280
1 5 0.692349
1 6 0.986934
1 7 0.581685
1 8 0.688875
1 9 0.725766
1 10 0.523357
1 11 0.778661
1 12 0.633442
1 13 0.637345
1 14 0.866567
1 15 0.818419
1 16 0.813246
1 17 0.817165
1 18 0.784243
1 19 0.500002
1 20 0.787294
1 21 0.849165
1 22 0.502280
1 23 0.757450
1 24 0.604002
1 25 0.711304
2 1 0.989809
2 2 1.000000
2 3 0.999903
2 4 0.550747
2 5 0.991253
2 6 1.000000
2 7 0.892945
2 8 0.990742
2 9 0.996584
2 10 0.690204
2 11 0.999298
2 12 0.971636
2 13 0.975176
2 14 0.999952
2 15 0.999955
2 16 0.999949
2 17 0.999903
2 18 0.999514
2 19 0.500014
2 20 0.999994
2 21 0.999999
2 22 0.550747
2 23 0.999675
2 24 0.939834
2 25 0.995295
2 26 0.999985
3 1 0.817165
3 2 0.999903
3 3 0.996673
3 4 0.611512
3 5 0.836431
3 6 0.999887
3 7 0.664219
3 8 0.926848
3 9 0.881623
3 10 0.565795
3 11 0.927726
3 12 0.891732
3 13 0.829344
3 14 0.943880
3 15 0.993470
3 16 0.993272
3 18 0.942937
3 19 0.500006
3 20 0.981041
3 21 0.999596
3 22 0.611512
3 23 0.997727
3 24 0.763582
3 25 0.841801
4 1 0.502280
4 2 0.550747
4 3 0.611512
4 4 0.549995
4 5 0.510417
4 6 0.658010
4 7 0.506105
4 8 0.568480
4 9 0.511464
4 10 0.507870
4 11 0.525641
4 12 0.557083
4 13 0.538699
4 14 0.466944
4 15 0.608802
4 16 0.557942
4 17 0.611512
4 18 0.508782
4 19 0.500001
4 20 0.556741
4 21 0.733740
4 23 0.748494
4 24 0.519491
4 25 0.503426
5 1 0.692349
5 2 0.991253
5 3 0.836431
5 4 0.510417
5 5 0.701353
5 6 0.987025
5 7 0.589717
5 8 0.705013
5 9 0.730968
5 10 0.522519
5 11 0.784985
5 12 0.643345
5 13 0.653969
5 14 0.861358
5 15 0.822761
5 16 0.811815
5 17 0.836431
5 18 0.793889
5 19 0.500001
5 20 0.806511
5 21 0.865860
5 22 0.510417
5 23 0.800985
5 24 0.615172
5 25 0.711998
6 1 0.986934
6 2 1.000000
6 3 0.999887
6 4 0.658010
6 5 0.987025
6 6 1.000000
6 7 0.838612
6 8 0.994441
6 9 0.994966
6 10 0.632315
6 11 0.999281
6 12 0.970131
6 13 0.961661
6 14 0.999959
6 15 0.999966
6 16 0.999876
6 17 0.999887
6 18 0.998790
6 19 0.500006
6 20 0.998189
6 21 0.999980
6 22 0.658010
6 23 0.999799
6 24 0.890633
6 25 0.992365
6 26 0.999977
7 1 0.581685
7 2 0.892945
7 3 0.664219
7 4 0.506105
7 5 0.589717
7 6 0.838612
7 7 0.549904
7 8 0.591286
7 9 0.601604
7 10 0.506177
7 11 0.631952
7 12 0.540141
7 13 0.570988
7 14 0.669636
7 15 0.628044
7 16 0.656780
7 17 0.664219
7 18 0.642521
7 19 0.500001
7 20 0.676235
7 21 0.657153
7 22 0.506105
7 23 0.665303
7 24 0.563301
7 25 0.587853
7 26 0.684073
8 1 0.688875
8 2 0.990742
8 3 0.926848
8 4 0.568480
8 5 0.705013
8 6 0.994441
8 7 0.591286
8 8 0.823161
8 9 0.744508
8 10 0.532225
8 11 0.812789
8 12 0.708734
8 13 0.694941
8 14 0.817220
8 15 0.924611
8 16 0.919659
8 17 0.926848
8 18 0.815364
8 19 0.500001
8 20 0.876080
8 21 0.961325
8 22 0.568480
8 23 0.969526
8 24 0.636930
8 25 0.707786
8 26 0.879946
9 1 0.725766
9 2 0.996584
9 3 0.881623
9 4 0.511464
9 5 0.730968
9 6 0.994966
9 7 0.601604
9 8 0.744508
9 9 0.771144
9 10 0.526739
9 11 0.826077
9 12 0.672970
9 13 0.674563
9 14 0.901245
9 15 0.879930
9 16 0.874206
9 17 0.881623
9 18 0.834308
9 19 0.500002
9 20 0.847758
9 21 0.913185
9 22 0.511464
9 23 0.847085
9 24 0.640066
9 25 0.749805
10 1 0.523357
10 2 0.690204
10 3 0.565795
10 4 0.507870
10 5 0.522519
10 6 0.632315
10 7 0.506177
10 8 0.532225
10 9 0.526739
10 10 0.516905
10 11 0.534554
10 12 0.541784
10 13 0.526922
10 14 0.534139
10 15 0.591533
10 16 0.569893
10 17 0.565795
10 18 0.534568
10 19 0.500001
10 20 0.590089
10 21 0.661356
10 22 0.507870
10 23 0.608273
10 24 0.505410
10 25 0.532093
10 26 0.562149
11 1 0.778661
11 2 0.999298
11 3 0.927726
11 4 0.525641
11 5 0.784985
11 6 0.999281
11 7 0.631952
11 8 0.812789
11 9 0.826077
11 10 0.534554
11 11 0.888670
11 12 0.711122
11 13 0.724133
11 14 0.944977
11 15 0.933953
11 16 0.927566
11 17 0.927726
11 18 0.885139
11 19 0.500002
11 20 0.894243
11 21 0.948058
11 22 0.525641
11 23 0.910014
11 24 0.663101
11 25 0.804202
12 1 0.633442
12 2 0.971636
12 3 0.891732
12 4 0.557083
12 5 0.643345
12 6 0.970131
12 7 0.540141
12 8 0.708734
12 9 0.672970
12 10 0.541784
12 11 0.711122
12 12 0.772342
12 13 0.653921
12 14 0.716430
12 15 0.907802
12 16 0.834085
12 17 0.891732
12 18 0.695637
12 19 0.500002
12 20 0.782216
12 21 0.985021
12 22 0.557083
12 23 0.899302
12 24 0.568067
12 25 0.660941
12 26 0.810113
13 1 0.637345
13 2 0.975176
13 3 0.829344
13 4 0.538699
13 5 0.653969
13 6 0.961661
13 7 0.570988
13 8 0.694941
13 9 0.674563
13 10 0.526922
13 11 0.724133
13 12 0.653921
13 13 0.651052
13 14 0.741107
13 15 0.818656
13 16 0.789571
13 17 0.829344
13 18 0.722377
13 19 0.500002
13 20 0.786996
13 21 0.899878
13 22 0.538699
13 23 0.866203
13 24 0.591165
13 25 0.655935
14 1 0.866567
14 2 0.999952
14 3 0.943880
14 4 0.466944
14 5 0.861358
14 6 0.999959
14 7 0.669636
14 8 0.817220
14 9 0.901245
14 10 0.534139
14 11 0.944977
14 12 0.716430
14 13 0.741107
14 14 0.991679
14 15 0.945751
14 16 0.948000
14 17 0.943880
14 18 0.950277
14 19 0.500003
14 20 0.915095
14 21 0.919153
14 22 0.466944
14 23 0.773973
14 24 0.714106
14 25 0.887694
15 1 0.818419
15 2 0.999955
15 3 0.993470
15 4 0.608802
15 5 0.822761
15 6 0.999966
15 7 0.628044
15 8 0.924611
15 9 0.879930
15 10 0.591533
15 11 0.933953
15 12 0.907802
15 13 0.818656
15 14 0.945751
15 15 0.998045
15 16 0.994850
15 17 0.993470
15 18 0.914126
15 19 0.500003
15 20 0.974990
15 21 0.999621
15 22 0.608802
15 23 0.996959
15 24 0.705201
15 25 0.860520
15 26 0.979136
16 1 0.813246
16 2 0.999949
16 3 0.993272
16 4 0.557942
16 5 0.811815
16 6 0.999876
16 7 0.656780
16 8 0.919659
16 9 0.874206
16 10 0.569893
16 11 0.927566
16 12 0.834085
16 13 0.789571
16 14 0.948000
16 15 0.994850
16 16 0.997711
16 17 0.993272
16 18 0.931492
16 19 0.500005
16 20 0.986427
16 21 0.998229
16 22 0.557942
16 23 0.994258
16 24 0.731369
16 25 0.843056
16 26 0.975536
17 1 0.817165
17 2 0.999903
17 4 0.611512
17 5 0.836431
17 6 0.999887
17 7 0.664219
17 8 0.926848
17 9 0.881623
17 10 0.565795
17 11 0.927726
17 12 0.891732
17 13 0.829344
17 14 0.943880
17 15 0.993470
17 16 0.993272
17 17 0.996673
17 18 0.942937
17 19 0.500006
17 20 0.981041
17 21 0.999596
17 22 0.611512
17 23 0.997727
17 24 0.763582
17 25 0.841801
17 26 0.977433
18 1 0.784243
18 2 0.999514
18 3 0.942937
18 4 0.508782
18 5 0.793889
18 6 0.998790
18 7 0.642521
18 8 0.815364
18 9 0.834308
18 10 0.534568
18 11 0.885139
18 12 0.695637
18 13 0.722377
18 14 0.950277
18 15 0.914126
18 16 0.931492
18 17 0.942937
18 18 0.915077
18 19 0.500003
18 20 0.939853
18 21 0.947847
18 22 0.508782
18 23 0.932119
18 24 0.708608
18 25 0.805185
19 1 0.500002
19 2 0.500014
19 3 0.500006
19 4 0.500001
19 5 0.500001
19 6 0.500006
19 7 0.500001
19 8 0.500001
19 9 0.500002
19 10 0.500001
19 11 0.500002
19 12 0.500002
19 13 0.500002
19 14 0.500003
19 15 0.500003
19 16 0.500005
19 17 0.500006
19 18 0.500003
19 19 0.500000
19 20 0.500009
19 21 0.500016
19 22 0.500001
19 23 0.500011
19 24 0.500003
19 25 0.500002
19 26 0.500004
20 1 0.787294
20 2 0.999994
20 3 0.981041
20 4 0.556741
20 5 0.806511
20 6 0.998189
20 7 0.676235
20 8 0.876080
20 9 0.847758
20 10 0.590089
20 11 0.894243
20 12 0.782216
20 13 0.786996
20 14 0.915095
20 15 0.974990
20 16 0.986427
20 17 0.981041
20 18 0.939853
20 19 0.500009
20 20 0.998097
20 21 0.998558
20 22 0.556741
20 23 0.994855
20 24 0.772091
20 25 0.822326
20 26 0.964132
21 1 0.849165
21 2 0.999999
21 3 0.999596
21 4 0.733740
21 5 0.865860
21 6 0.999980
21 7 0.657153
21 8 0.961325
21 9 0.913185
21 10 0.661356
21 11 0.948058
21 12 0.985021
21 13 0.899878
21 14 0.919153
21 15 0.999621
21 16 0.998229
21 17 0.999596
21 18 0.947847
21 19 0.500016
21 20 0.998558
21 21 1.000000
21 22 0.733740
21 23 0.999920
21 24 0.768694
21 25 0.896411
21 26 0.990402
22 1 0.502280
22 2 0.550747
22 3 0.611512
22 5 0.510417
22 6 0.658010
22 7 0.506105
22 8 0.568480
22 9 0.511464
22 10 0.507870
22 11 0.525641
22 12 0.557083
22 13 0.538699
22 14 0.466944
22 15 0.608802
22 16 0.557942
22 17 0.611512
22 18 0.508782
22 19 0.500001
22 20 0.556741
22 21 0.733740
22 22 0.549995
22 23 0.748494
22 24 0.519491
22 25 0.503426
22 26 0.516814
23 1 0.757450
23 2 0.999675
23 3 0.997727
23 4 0.748494
23 5 0.800985
23 6 0.999799
23 7 0.665303
23 8 0.969526
23 9 0.847085
23 10 0.608273
23 11 0.910014
23 12 0.899302
23 13 0.866203
23 14 0.773973
23 15 0.996959
23 16 0.994258
23 17 0.997727
23 18 0.932119
23 19 0.500011
23 20 0.994855
23 21 0.999920
23 22 0.748494
23 23 0.999994
23 24 0.825471
23 25 0.784714
23 26 0.951304
24 1 0.604002
24 2 0.939834
24 3 0.763582
24 4 0.519491
24 5 0.615172
24 6 0.890633
24 7 0.563301
24 8 0.636930
24 9 0.640066
24 10 0.505410
24 11 0.663101
24 12 0.568067
24 13 0.591165
24 14 0.714106
24 15 0.705201
24 16 0.731369
24 17 0.763582
24 18 0.708608
24 19 0.500003
24 20 0.772091
24 21 0.768694
24 22 0.519491
24 23 0.825471
24 24 0.630922
24 25 0.610573
25 1 0.711304
25 2 0.995295
25 3 0.841801
25 4 0.503426
25 5 0.711998
25 6 0.992365
25 7 0.587853
25 8 0.707786
25 9 0.749805
25 10 0.532093
25 11 0.804202
25 12 0.660941
25 13 0.655935
25 14 0.887694
25 15 0.860520
25 16 0.843056
25 17 0.841801
25 18 0.805185
25 19 0.500002
25 20 0.822326
25 21 0.896411
25 22 0.503426
25 23 0.784714
25 24 0.610573
25 25 0.738431
26 2 0.999985
26 6 0.999977
26 7 0.684073
26 8 0.879946
26 10 0.562149
26 12 0.810113
26 15 0.979136
26 16 0.975536
26 17 0.977433
26 19 0.500004
26 20 0.964132
26 21 0.990402
26 22 0.516814
26 23 0.951304
26 26 0.991624
