1 26 0.600048
3 17 0.929508
3 26 0.957213
4 22 0.548170
4 26 0.779570
5 26 0.799566
9 26 0.896169
11 26 0.855695
13 26 0.691523
14 26 0.955517
17 3 0.929508
18 26 0.894816
22 4 0.548170
24 26 0.819163
25 26 0.803409
26 1 0.600048
26 3 0.957213
26 4 0.779570
26 5 0.799566
26 9 0.896169
26 11 0.855695
26 13 0.691523
26 14 0.955517
26 18 0.894816
26 24 0.819163
26 25 0.803409
1 1 0.517047
1 2 0.663926
1 3 0.570751
1 4 0.528919
1 5 0.534386
1 6 0.703368
1 7 0.517051
1 8 0.566465
1 9 0.563887
1 10 0.511054
1 11 0.541897
1 12 0.545219
1 13 0.515939
1 14 0.573908
1 15 0.640384
1 16 0.594972
1 17 0.566421
1 18 0.555582
1 19 0.500001
1 20 0.607479
1 21 0.678754
1 22 0.520056
1 23 0.627266
1 24 0.538357
1 25 0.532840
2 1 0.663926
2 2 0.999998
2 3 0.990560
2 4 0.869700
2 5 0.877594
2 6 0.999991
2 7 0.712332
2 8 0.968762
2 9 0.968947
2 10 0.623633
2 11 0.924319
2 12 0.913094
2 13 0.651095
2 14 0.977926
2 15 0.999016
2 16 0.994508
2 17 0.988357
2 18 0.957429
2 19 0.500006
2 20 0.992581
2 21 1.000000
2 22 0.626874
2 23 0.999776
2 24 0.914480
2 25 0.881304
2 26 0.996710
3 1 0.570751
3 2 0.990560
3 3 0.941007
3 4 0.751124
3 5 0.756992
3 6 0.999169
3 7 0.591786
3 8 0.845597
3 9 0.855408
3 10 0.538061
3 11 0.818618
3 12 0.796019
3 13 0.637662
3 14 0.916406
3 15 0.959407
3 16 0.921663
3 18 0.854851
3 19 0.500008
3 20 0.913076
3 21 0.997454
3 22 0.615173
3 23 0.979757
3 24 0.781292
3 25 0.762925
4 1 0.528919
4 2 0.869700
4 3 0.751124
4 4 0.612917
4 5 0.615347
4 6 0.940904
4 7 0.535592
4 8 0.663849
4 9 0.668799
4 10 0.520276
4 11 0.651488
4 12 0.628706
4 13 0.555440
4 14 0.729858
4 15 0.773372
4 16 0.726335
4 17 0.733621
4 18 0.675856
4 19 0.500003
4 20 0.721562
4 21 0.911510
4 23 0.815097
4 24 0.627195
4 25 0.617015
5 1 0.534386
5 2 0.877594
5 3 0.756992
5 4 0.615347
5 5 0.633426
5 6 0.952076
5 7 0.543733
5 8 0.685842
5 9 0.685018
5 10 0.519259
5 11 0.667338
5 12 0.659063
5 13 0.584493
5 14 0.735358
5 15 0.786181
5 16 0.756876
5 17 0.739706
5 18 0.678385
5 19 0.500004
5 20 0.742586
5 21 0.901991
5 22 0.573782
5 23 0.822911
5 24 0.634259
5 25 0.629007
6 1 0.703368
6 2 0.999991
6 3 0.999169
6 4 0.940904
6 5 0.952076
6 6 1.000000
6 7 0.739836
6 8 0.994451
6 9 0.993691
6 10 0.566756
6 11 0.979305
6 12 0.972810
6 13 0.874578
6 14 0.998827
6 15 0.999648
6 16 0.998587
6 17 0.998699
6 18 0.990038
6 19 0.500026
6 20 0.997910
6 21 1.000000
6 22 0.844227
6 23 0.999997
6 24 0.967745
6 25 0.956534
6 26 0.999798
7 1 0.517051
7 2 0.712332
7 3 0.591786
7 4 0.535592
7 5 0.543733
7 6 0.739836
7 7 0.523214
7 8 0.579613
7 9 0.578237
7 10 0.507639
7 11 0.553444
7 12 0.565676
7 13 0.523401
7 14 0.580017
7 15 0.655612
7 16 0.623835
7 17 0.588461
7 18 0.561051
7 19 0.500002
7 20 0.607808
7 21 0.740387
7 22 0.521074
7 23 0.662942
7 24 0.548002
7 25 0.542059
7 26 0.620524
8 1 0.566465
8 2 0.968762
8 3 0.845597
8 4 0.663849
8 5 0.685842
8 6 0.994451
8 7 0.579613
8 8 0.846417
8 9 0.740786
8 10 0.537954
8 11 0.737270
8 12 0.743462
8 13 0.639242
8 14 0.803720
8 15 0.925041
8 16 0.894594
8 17 0.831115
8 18 0.771597
8 19 0.500004
8 20 0.869617
8 21 0.987365
8 22 0.629497
8 23 0.966160
8 24 0.705877
8 25 0.687734
8 26 0.895931
9 1 0.563887
9 2 0.968947
9 3 0.855408
9 4 0.668799
9 5 0.685018
9 6 0.993691
9 7 0.578237
9 8 0.740786
9 9 0.838849
9 10 0.540200
9 11 0.713761
9 12 0.721037
9 13 0.569219
9 14 0.855487
9 15 0.923892
9 16 0.858289
9 17 0.841943
9 18 0.751974
9 19 0.500008
9 20 0.857101
9 21 0.987572
9 22 0.579630
9 23 0.933791
9 24 0.699570
9 25 0.678694
10 1 0.511054
10 2 0.623633
10 3 0.538061
10 4 0.520276
10 5 0.519259
10 6 0.566756
10 7 0.507639
10 8 0.537954
10 9 0.540200
10 10 0.522344
10 11 0.519926
10 12 0.514216
10 13 0.489347
10 14 0.560139
10 15 0.594015
10 16 0.560173
10 17 0.532019
10 18 0.538908
10 19 0.500000
10 20 0.582513
10 21 0.633291
10 22 0.507049
10 23 0.587041
10 24 0.522605
10 25 0.514513
10 26 0.557383
11 1 0.541897
11 2 0.924319
11 3 0.818618
11 4 0.651488
11 5 0.667338
11 6 0.979305
11 7 0.553444
11 8 0.737270
11 9 0.713761
11 10 0.519926
11 11 0.718387
11 12 0.700169
11 13 0.609705
11 14 0.782225
11 15 0.841411
11 16 0.805221
11 17 0.799213
11 18 0.731064
11 19 0.500004
11 20 0.789617
11 21 0.943389
11 22 0.588117
11 23 0.879578
11 24 0.673793
11 25 0.666712
12 1 0.545219
12 2 0.913094
12 3 0.796019
12 4 0.628706
12 5 0.659063
12 6 0.972810
12 7 0.565676
12 8 0.743462
12 9 0.721037
12 10 0.514216
12 11 0.700169
12 12 0.743132
12 13 0.615037
12 14 0.760189
12 15 0.878067
12 16 0.838789
12 17 0.784955
12 18 0.695216
12 19 0.500006
12 20 0.782328
12 21 0.946843
12 22 0.596699
12 23 0.883693
12 24 0.657445
12 25 0.653652
12 26 0.847847
13 1 0.515939
13 2 0.651095
13 3 0.637662
13 4 0.555440
13 5 0.584493
13 6 0.874578
13 7 0.523401
13 8 0.639242
13 9 0.569219
13 10 0.489347
13 11 0.609705
13 12 0.615037
13 13 0.630645
13 14 0.621254
13 15 0.592527
13 16 0.636287
13 17 0.624950
13 18 0.600981
13 19 0.500002
13 20 0.617571
13 21 0.610186
13 22 0.589155
13 23 0.664221
13 24 0.573002
13 25 0.589689
14 1 0.573908
14 2 0.977926
14 3 0.916406
14 4 0.729858
14 5 0.735358
14 6 0.998827
14 7 0.580017
14 8 0.803720
14 9 0.855487
14 10 0.560139
14 11 0.782225
14 12 0.760189
14 13 0.621254
14 14 0.949989
14 15 0.941070
14 16 0.881834
14 17 0.897206
14 18 0.851766
14 19 0.500011
14 20 0.914841
14 21 0.987088
14 22 0.622305
14 23 0.961340
14 24 0.758299
14 25 0.741589
15 1 0.640384
15 2 0.999016
15 3 0.959407
15 4 0.773372
15 5 0.786181
15 6 0.999648
15 7 0.655612
15 8 0.925041
15 9 0.923892
15 10 0.594015
15 11 0.841411
15 12 0.878067
15 13 0.592527
15 14 0.941070
15 15 0.997990
15 16 0.982479
15 17 0.954558
15 18 0.894485
15 19 0.500013
15 20 0.980111
15 21 0.999916
15 22 0.627052
15 23 0.995759
15 24 0.821887
15 25 0.783680
15 26 0.980624
16 1 0.594972
16 2 0.994508
16 3 0.921663
16 4 0.726335
16 5 0.756876
16 6 0.998587
16 7 0.623835
16 8 0.894594
16 9 0.858289
16 10 0.560173
16 11 0.805221
16 12 0.838789
16 13 0.636287
16 14 0.881834
16 15 0.982479
16 16 0.965569
16 17 0.912770
16 18 0.829802
16 19 0.500008
16 20 0.934407
16 21 0.999073
16 22 0.645361
16 23 0.987329
16 24 0.772446
16 25 0.745791
16 26 0.954480
17 1 0.566421
17 2 0.988357
17 4 0.733621
17 5 0.739706
17 6 0.998699
17 7 0.588461
17 8 0.831115
17 9 0.841943
17 10 0.532019
17 11 0.799213
17 12 0.784955
17 13 0.624950
17 14 0.897206
17 15 0.954558
17 16 0.912770
17 17 0.918552
17 18 0.833969
17 19 0.500008
17 20 0.898499
17 21 0.997037
17 22 0.603621
17 23 0.976154
17 24 0.764444
17 25 0.746032
17 26 0.946770
18 1 0.555582
18 2 0.957429
18 3 0.854851
18 4 0.675856
18 5 0.678385
18 6 0.990038
18 7 0.561051
18 8 0.771597
18 9 0.751974
18 10 0.538908
18 11 0.731064
18 12 0.695216
18 13 0.600981
18 14 0.851766
18 15 0.894485
18 16 0.829802
18 17 0.833969
18 18 0.787794
18 19 0.500005
18 20 0.856371
18 21 0.974023
18 22 0.585817
18 23 0.927048
18 24 0.703525
18 25 0.686242
19 1 0.500001
19 2 0.500006
19 3 0.500008
19 4 0.500003
19 5 0.500004
19 6 0.500026
19 7 0.500002
19 8 0.500004
19 9 0.500008
19 10 0.500000
19 11 0.500004
19 12 0.500006
19 13 0.500002
19 14 0.500011
19 15 0.500013
19 16 0.500008
19 17 0.500008
19 18 0.500005
19 19 0.500000
19 20 0.500010
19 21 0.500007
19 22 0.500003
19 23 0.500007
19 24 0.500004
19 25 0.500004
19 26 0.500011
20 1 0.607479
20 2 0.992581
20 3 0.913076
20 4 0.721562
20 5 0.742586
20 6 0.997910
20 7 0.607808
20 8 0.869617
20 9 0.857101
20 10 0.582513
20 11 0.789617
20 12 0.782328
20 13 0.617571
20 14 0.914841
20 15 0.980111
20 16 0.934407
20 17 0.898499
20 18 0.856371
20 19 0.500010
20 20 0.960748
20 21 0.994974
20 22 0.642873
20 23 0.976879
20 24 0.766156
20 25 0.739243
20 26 0.955275
21 1 0.678754
21 2 1.000000
21 3 0.997454
21 4 0.911510
21 5 0.901991
21 6 1.000000
21 7 0.740387
21 8 0.987365
21 9 0.987572
21 10 0.633291
21 11 0.943389
21 12 0.946843
21 13 0.610186
21 14 0.987088
21 15 0.999916
21 16 0.999073
21 17 0.997037
21 18 0.974023
21 19 0.500007
21 20 0.994974
21 21 1.000000
21 22 0.605993
21 23 0.999993
21 24 0.945259
21 25 0.909352
21 26 0.998709
22 1 0.520056
22 2 0.626874
22 3 0.615173
22 5 0.573782
22 6 0.844227
22 7 0.521074
22 8 0.629497
22 9 0.579630
22 10 0.507049
22 11 0.588117
22 12 0.596699
22 13 0.589155
22 14 0.622305
22 15 0.627052
22 16 0.645361
22 17 0.603621
22 18 0.585817
22 19 0.500003
22 20 0.642873
22 21 0.605993
22 22 0.585926
22 23 0.650419
22 24 0.561435
22 25 0.570494
22 26 0.668493
23 1 0.627266
23 2 0.999776
23 3 0.979757
23 4 0.815097
23 5 0.822911
23 6 0.999997
23 7 0.662942
23 8 0.966160
23 9 0.933791
23 10 0.587041
23 11 0.879578
23 12 0.883693
23 13 0.664221
23 14 0.961340
23 15 0.995759
23 16 0.987329
23 17 0.976154
23 18 0.927048
23 19 0.500007
23 20 0.976879
23 21 0.999993
23 22 0.650419
23 23 0.999911
23 24 0.871194
23 25 0.823474
23 26 0.989267
24 1 0.538357
24 2 0.914480
24 3 0.781292
24 4 0.627195
24 5 0.634259
24 6 0.967745
24 7 0.548002
24 8 0.705877
24 9 0.699570
24 10 0.522605
24 11 0.673793
24 12 0.657445
24 13 0.573002
24 14 0.758299
24 15 0.821887
24 16 0.772446
24 17 0.764444
24 18 0.703525
24 19 0.500004
24 20 0.766156
24 21 0.945259
24 22 0.561435
24 23 0.871194
24 24 0.650221
24 25 0.636351
25 1 0.532840
25 2 0.881304
25 3 0.762925
25 4 0.617015
25 5 0.629007
25 6 0.956534
25 7 0.542059
25 8 0.687734
25 9 0.678694
25 10 0.514513
25 11 0.666712
25 12 0.653652
25 13 0.589689
25 14 0.741589
25 15 0.783680
25 16 0.745791
25 17 0.746032
25 18 0.686242
25 19 0.500004
25 20 0.739243
25 21 0.909352
25 22 0.570494
25 23 0.823474
25 24 0.636351
25 25 0.632582
26 2 0.996710
26 6 0.999798
26 7 0.620524
26 8 0.895931
26 10 0.557383
26 12 0.847847
26 15 0.980624
26 16 0.954480
26 17 0.946770
26 19 0.500011
26 20 0.955275
26 21 0.998709
26 22 0.668493
26 23 0.989267
26 26 0.979936
