1 26 0.518900
3 17 0.933601
3 26 0.861620
4 22 0.547246
4 26 0.727464
5 26 0.744519
9 26 0.782252
11 26 0.861938
13 26 0.777644
14 26 0.909197
17 3 0.933601
18 26 0.928987
22 4 0.547246
24 26 0.752407
25 26 0.591902
26 1 0.518900
26 3 0.861620
26 4 0.727464
26 5 0.744519
26 9 0.782252
26 11 0.861938
26 13 0.777644
26 14 0.909197
26 18 0.928987
26 24 0.752407
26 25 0.591902
1 1 0.501147
1 2 0.528435
1 3 0.518464
1 4 0.508369
1 5 0.507504
1 6 0.562219
1 7 0.501525
1 8 0.506810
1 9 0.513539
1 10 0.501376
1 11 0.514836
1 12 0.509851
1 13 0.510105
1 14 0.514624
1 15 0.528904
1 16 0.509569
1 17 0.518464
1 18 0.518164
1 19 0.500000
1 20 0.511933
1 21 0.548871
1 22 0.504601
1 23 0.522782
1 24 0.508460
1 25 0.504441
2 1 0.528435
2 2 0.999999
2 3 0.905689
2 4 0.849527
2 5 0.873661
2 6 0.999999
2 7 0.701838
2 8 0.789888
2 9 0.878274
2 10 0.493742
2 11 0.956844
2 12 0.871713
2 13 0.895343
2 14 0.977948
2 15 0.996912
2 16 0.947557
2 17 0.905689
2 18 0.988086
2 19 0.500011
2 20 0.935367
2 21 0.999988
2 22 0.711598
2 23 0.991541
2 24 0.875474
2 25 0.675546
2 26 0.989974
3 1 0.518464
3 2 0.905689
3 3 0.933601
3 4 0.695568
3 5 0.685621
3 6 0.999347
3 7 0.563071
3 8 0.660521
3 9 0.781415
3 10 0.539993
3 11 0.800658
3 12 0.696420
3 13 0.730514
3 14 0.849124
3 15 0.921264
3 16 0.756955
3 18 0.947482
3 19 0.499999
3 20 0.752362
3 21 0.993452
3 22 0.597673
3 23 0.951539
3 24 0.690543
3 25 0.636517
4 1 0.508369
4 2 0.849527
4 3 0.695568
4 4 0.598943
4 5 0.601850
4 6 0.946206
4 7 0.529311
4 8 0.563416
4 9 0.638187
4 10 0.509766
4 11 0.672071
4 12 0.580442
4 13 0.621331
4 14 0.707734
4 15 0.762891
4 16 0.602371
4 17 0.695568
4 18 0.743147
4 19 0.500002
4 20 0.600737
4 21 0.910752
4 23 0.763876
4 24 0.606386
4 25 0.540601
5 1 0.507504
5 2 0.873661
5 3 0.685621
5 4 0.601850
5 5 0.612813
5 6 0.940367
5 7 0.535711
5 8 0.555040
5 9 0.627499
5 10 0.507427
5 11 0.683417
5 12 0.565129
5 13 0.629132
5 14 0.729236
5 15 0.753656
5 16 0.597856
5 17 0.685621
5 18 0.762191
5 19 0.500003
5 20 0.589734
5 21 0.912993
5 22 0.544000
5 23 0.764986
5 24 0.616213
5 25 0.539711
6 1 0.562219
6 2 0.999999
6 3 0.999347
6 4 0.946206
6 5 0.940367
6 6 1.000000
6 7 0.716343
6 8 0.928220
6 9 0.985625
6 10 0.578159
6 11 0.992468
6 12 0.966618
6 13 0.969555
6 14 0.996982
6 15 0.999948
6 16 0.993109
6 17 0.999347
6 18 0.999802
6 19 0.500000
6 20 0.988393
6 21 1.000000
6 22 0.820005
6 23 0.999977
6 24 0.944749
6 25 0.873596
6 26 0.998789
7 1 0.501525
7 2 0.701838
7 3 0.563071
7 4 0.529311
7 5 0.535711
7 6 0.716343
7 7 0.526031
7 8 0.519404
7 9 0.524107
7 10 0.500455
7 11 0.548334
7 12 0.531145
7 13 0.536981
7 14 0.572657
7 15 0.574410
7 16 0.557504
7 17 0.563071
7 18 0.612734
7 19 0.500001
7 20 0.549340
7 21 0.675212
7 22 0.512731
7 23 0.574009
7 24 0.534786
7 25 0.520651
7 26 0.576188
8 1 0.506810
8 2 0.789888
8 3 0.660521
8 4 0.563416
8 5 0.555040
8 6 0.928220
8 7 0.519404
8 8 0.570838
8 9 0.603487
8 10 0.506778
8 11 0.602514
8 12 0.599983
8 13 0.572718
8 14 0.608162
8 15 0.720766
8 16 0.617562
8 17 0.660521
8 18 0.646184
8 19 0.499999
8 20 0.608728
8 21 0.844113
8 22 0.538399
8 23 0.711825
8 24 0.557916
8 25 0.545285
8 26 0.636691
9 1 0.513539
9 2 0.878274
9 3 0.781415
9 4 0.638187
9 5 0.627499
9 6 0.985625
9 7 0.524107
9 8 0.603487
9 9 0.727833
9 10 0.517311
9 11 0.724646
9 12 0.629739
9 13 0.660345
9 14 0.755339
9 15 0.853948
9 16 0.634360
9 17 0.781415
9 18 0.784283
9 19 0.500001
9 20 0.636642
9 21 0.963051
9 22 0.573579
9 23 0.851007
9 24 0.635720
9 25 0.553385
10 1 0.501376
10 2 0.493742
10 3 0.539993
10 4 0.509766
10 5 0.507427
10 6 0.578159
10 7 0.500455
10 8 0.506778
10 9 0.517311
10 10 0.505262
10 11 0.516350
10 12 0.507831
10 13 0.511749
10 14 0.515964
10 15 0.533118
10 16 0.509374
10 17 0.539993
10 18 0.547779
10 19 0.500000
10 20 0.518832
10 21 0.566656
10 22 0.504934
10 23 0.529512
10 24 0.508466
10 25 0.505660
10 26 0.518032
11 1 0.514836
11 2 0.956844
11 3 0.800658
11 4 0.672071
11 5 0.683417
11 6 0.992468
11 7 0.548334
11 8 0.602514
11 9 0.724646
11 10 0.516350
11 11 0.794465
11 12 0.621186
11 13 0.714242
11 14 0.838963
11 15 0.886105
11 16 0.659628
11 17 0.800658
11 18 0.869982
11 19 0.500004
11 20 0.656165
11 21 0.984140
11 22 0.578937
11 23 0.891096
11 24 0.690826
11 25 0.571398
12 1 0.509851
12 2 0.871713
12 3 0.696420
12 4 0.580442
12 5 0.565129
12 6 0.966618
12 7 0.531145
12 8 0.599983
12 9 0.629739
12 10 0.507831
12 11 0.621186
12 12 0.665337
12 13 0.587705
12 14 0.620958
12 15 0.782492
12 16 0.669491
12 17 0.696420
12 18 0.674459
12 19 0.499998
12 20 0.669417
12 21 0.894024
12 22 0.554251
12 23 0.752143
12 24 0.569701
12 25 0.567260
12 26 0.664661
13 1 0.510105
13 2 0.895343
13 3 0.730514
13 4 0.621331
13 5 0.629132
13 6 0.969555
13 7 0.536981
13 8 0.572718
13 9 0.660345
13 10 0.511749
13 11 0.714242
13 12 0.587705
13 13 0.652186
13 14 0.756334
13 15 0.806525
13 16 0.619050
13 17 0.730514
13 18 0.793281
13 19 0.500002
13 20 0.617012
13 21 0.947788
13 22 0.555437
13 23 0.809598
13 24 0.634148
13 25 0.551845
14 1 0.514624
14 2 0.977948
14 3 0.849124
14 4 0.707734
14 5 0.729236
14 6 0.996982
14 7 0.572657
14 8 0.608162
14 9 0.755339
14 10 0.515964
14 11 0.838963
14 12 0.620958
14 13 0.756334
14 14 0.902088
14 15 0.904791
14 16 0.682127
14 17 0.849124
14 18 0.930579
14 19 0.500006
14 20 0.644089
14 21 0.992531
14 22 0.588763
14 23 0.935692
14 24 0.734403
14 25 0.579322
15 1 0.528904
15 2 0.996912
15 3 0.921264
15 4 0.762891
15 5 0.753656
15 6 0.999948
15 7 0.574410
15 8 0.720766
15 9 0.853948
15 10 0.533118
15 11 0.886105
15 12 0.782492
15 13 0.806525
15 14 0.904791
15 15 0.985501
15 16 0.827142
15 17 0.921264
15 18 0.943506
15 19 0.500003
15 20 0.844749
15 21 0.999588
15 22 0.654995
15 23 0.973445
15 24 0.764206
15 25 0.645341
15 26 0.941801
16 1 0.509569
16 2 0.947557
16 3 0.756955
16 4 0.602371
16 5 0.597856
16 6 0.993109
16 7 0.557504
16 8 0.617562
16 9 0.634360
16 10 0.509374
16 11 0.659628
16 12 0.669491
16 13 0.619050
16 14 0.682127
16 15 0.827142
16 16 0.773343
16 17 0.756955
16 18 0.844932
16 19 0.499999
16 20 0.736315
16 21 0.950102
16 22 0.559345
16 23 0.845161
16 24 0.596853
16 25 0.608905
16 26 0.717656
17 1 0.518464
17 2 0.905689
17 4 0.695568
17 5 0.685621
17 6 0.999347
17 7 0.563071
17 8 0.660521
17 9 0.781415
17 10 0.539993
17 11 0.800658
17 12 0.696420
17 13 0.730514
17 14 0.849124
17 15 0.921264
17 16 0.756955
17 17 0.933601
17 18 0.947482
17 19 0.499999
17 20 0.752362
17 21 0.993452
17 22 0.597673
17 23 0.951539
17 24 0.690543
17 25 0.636517
17 26 0.861620
18 1 0.518164
18 2 0.988086
18 3 0.947482
18 4 0.743147
18 5 0.762191
18 6 0.999802
18 7 0.612734
18 8 0.646184
18 9 0.784283
18 10 0.547779
18 11 0.869982
18 12 0.674459
18 13 0.793281
18 14 0.930579
18 15 0.943506
18 16 0.844932
18 17 0.947482
18 18 0.995489
18 19 0.500005
18 20 0.810638
18 21 0.998406
18 22 0.602712
18 23 0.980203
18 24 0.759715
18 25 0.661248
19 1 0.500000
19 2 0.500011
19 3 0.499999
19 4 0.500002
19 5 0.500003
19 6 0.500000
19 7 0.500001
19 8 0.499999
19 9 0.500001
19 10 0.500000
19 11 0.500004
19 12 0.499998
19 13 0.500002
19 14 0.500006
19 15 0.500003
19 16 0.499999
19 17 0.499999
19 18 0.500005
19 19 0.500000
19 20 0.499998
19 21 0.500009
19 22 0.500000
19 23 0.500002
19 24 0.500003
19 25 0.499999
19 26 0.500006
20 1 0.511933
20 2 0.935367
20 3 0.752362
20 4 0.600737
20 5 0.589734
20 6 0.988393
20 7 0.549340
20 8 0.608728
20 9 0.636642
20 10 0.518832
20 11 0.656165
20 12 0.669417
20 13 0.617012
20 14 0.644089
20 15 0.844749
20 16 0.736315
20 17 0.752362
20 18 0.810638
20 19 0.499998
20 20 0.789699
20 21 0.952609
20 22 0.563924
20 23 0.765585
20 24 0.591462
20 25 0.612526
20 26 0.702948
21 1 0.548871
21 2 0.999988
21 3 0.993452
21 4 0.910752
21 5 0.912993
21 6 1.000000
21 7 0.675212
21 8 0.844113
21 9 0.963051
21 10 0.566656
21 11 0.984140
21 12 0.894024
21 13 0.947788
21 14 0.992531
21 15 0.999588
21 16 0.950102
21 17 0.993452
21 18 0.998406
21 19 0.500009
21 20 0.952609
21 21 1.000000
21 22 0.764263
21 23 0.999090
21 24 0.917795
21 25 0.760054
21 26 0.996608
22 1 0.504601
22 2 0.711598
22 3 0.597673
22 5 0.544000
22 6 0.820005
22 7 0.512731
22 8 0.538399
22 9 0.573579
22 10 0.504934
22 11 0.578937
22 12 0.554251
22 13 0.555437
22 14 0.588763
22 15 0.654995
22 16 0.559345
22 17 0.597673
22 18 0.602712
22 19 0.500000
22 20 0.563924
22 21 0.764263
22 22 0.526514
22 23 0.633624
22 24 0.546859
22 25 0.520184
22 26 0.607353
23 1 0.522782
23 2 0.991541
23 3 0.951539
23 4 0.763876
23 5 0.764986
23 6 0.999977
23 7 0.574009
23 8 0.711825
23 9 0.851007
23 10 0.529512
23 11 0.891096
23 12 0.752143
23 13 0.809598
23 14 0.935692
23 15 0.973445
23 16 0.845161
23 17 0.951539
23 18 0.980203
23 19 0.500002
23 20 0.765585
23 21 0.999090
23 22 0.633624
23 23 0.992221
23 24 0.769157
23 25 0.661585
23 26 0.945269
24 1 0.508460
24 2 0.875474
24 3 0.690543
24 4 0.606386
24 5 0.616213
24 6 0.944749
24 7 0.534786
24 8 0.557916
24 9 0.635720
24 10 0.508466
24 11 0.690826
24 12 0.569701
24 13 0.634148
24 14 0.734403
24 15 0.764206
24 16 0.596853
24 17 0.690543
24 18 0.759715
24 19 0.500003
24 20 0.591462
24 21 0.917795
24 22 0.546859
24 23 0.769157
24 24 0.621327
24 25 0.537791
25 1 0.504441
25 2 0.675546
25 3 0.636517
25 4 0.540601
25 5 0.539711
25 6 0.873596
25 7 0.520651
25 8 0.545285
25 9 0.553385
25 10 0.505660
25 11 0.571398
25 12 0.567260
25 13 0.551845
25 14 0.579322
25 15 0.645341
25 16 0.608905
25 17 0.636517
25 18 0.661248
25 19 0.499999
25 20 0.612526
25 21 0.760054
25 22 0.520184
25 23 0.661585
25 24 0.537791
25 25 0.573095
26 2 0.989974
26 6 0.998789
26 7 0.576188
26 8 0.636691
26 10 0.518032
26 12 0.664661
26 15 0.941801
26 16 0.717656
26 17 0.861620
26 19 0.500006
26 20 0.702948
26 21 0.996608
26 22 0.607353
26 23 0.945269
26 26 0.926715
