1 26 0.566447
3 17 0.960603
3 26 0.982933
4 22 0.576634
4 26 0.854324
5 26 0.889449
9 26 0.895830
11 26 0.951243
13 26 0.898987
14 26 0.988654
17 3 0.960603
18 26 0.959965
22 4 0.576634
24 26 0.911912
25 26 0.672202
26 1 0.566447
26 3 0.982933
26 4 0.854324
26 5 0.889449
26 9 0.895830
26 11 0.951243
26 13 0.898987
26 14 0.988654
26 18 0.959965
26 24 0.911912
26 25 0.672202
1 1 0.507056
1 2 0.634191
1 3 0.554481
1 4 0.522314
1 5 0.528513
1 6 0.650747
1 7 0.510837
1 8 0.514105
1 9 0.527736
1 10 0.507728
1 11 0.528557
1 12 0.516377
1 13 0.528583
1 14 0.552593
1 15 0.548995
1 16 0.535782
1 17 0.548620
1 18 0.538652
1 19 0.500001
1 20 0.584321
1 21 0.645414
1 22 0.509128
1 23 0.566194
1 24 0.528762
1 25 0.513341
2 1 0.634191
2 2 1.000000
2 3 0.998993
2 4 0.860927
2 5 0.956551
2 6 0.999978
2 7 0.777514
2 8 0.911915
2 9 0.963247
2 10 0.635912
2 11 0.679605
2 12 0.884973
2 13 0.937013
2 14 0.995661
2 15 0.998989
2 16 0.998249
2 17 0.998706
2 18 0.967905
2 19 0.500011
2 20 0.998992
2 21 1.000000
2 22 0.606286
2 23 0.999975
2 24 0.950942
2 25 0.833447
2 26 0.999250
3 1 0.554481
3 2 0.998993
3 3 0.972078
3 4 0.796215
3 5 0.843248
3 6 0.999835
3 7 0.623213
3 8 0.754500
3 9 0.855313
3 10 0.541462
3 11 0.903419
3 12 0.745134
3 13 0.849079
3 14 0.955992
3 15 0.892576
3 16 0.947671
3 18 0.922944
3 19 0.500006
3 20 0.974455
3 21 0.999852
3 22 0.625992
3 23 0.994040
3 24 0.868087
3 25 0.639090
4 1 0.522314
4 2 0.860927
4 3 0.796215
4 4 0.663023
4 5 0.669688
4 6 0.990845
4 7 0.541383
4 8 0.592352
4 9 0.673577
4 10 0.512734
4 11 0.800751
4 12 0.617362
4 13 0.688916
4 14 0.815228
4 15 0.662585
4 16 0.718391
4 17 0.759356
4 18 0.758231
4 19 0.500003
4 20 0.835441
4 21 0.952849
4 23 0.852512
4 24 0.693209
4 25 0.554891
5 1 0.528513
5 2 0.956551
5 3 0.843248
5 4 0.669688
5 5 0.702040
5 6 0.989947
5 7 0.560355
5 8 0.623705
5 9 0.707163
5 10 0.524490
5 11 0.755648
5 12 0.630376
5 13 0.709264
5 14 0.848169
5 15 0.732872
5 16 0.791756
5 17 0.812807
5 18 0.780923
5 19 0.500003
5 20 0.871126
5 21 0.984450
5 22 0.567883
5 23 0.896020
5 24 0.719254
5 25 0.574434
6 1 0.650747
6 2 0.999978
6 3 0.999835
6 4 0.990845
6 5 0.989947
6 6 1.000000
6 7 0.762687
6 8 0.950196
6 9 0.988027
6 10 0.596840
6 11 0.999984
6 12 0.969159
6 13 0.994923
6 14 0.999938
6 15 0.988799
6 16 0.998585
6 17 0.999281
6 18 0.999825
6 19 0.500030
6 20 0.999982
6 21 1.000000
6 22 0.909567
6 23 0.999989
6 24 0.995770
6 25 0.839105
6 26 0.999994
7 1 0.510837
7 2 0.777514
7 3 0.623213
7 4 0.541383
7 5 0.560355
7 6 0.762687
7 7 0.530854
7 8 0.545320
7 9 0.560734
7 10 0.511718
7 11 0.545729
7 12 0.536595
7 13 0.557408
7 14 0.590950
7 15 0.593981
7 16 0.599955
7 17 0.614718
7 18 0.584648
7 19 0.500001
7 20 0.652622
7 21 0.809435
7 22 0.513519
7 23 0.668136
7 24 0.561692
7 25 0.521370
7 26 0.635231
8 1 0.514105
8 2 0.911915
8 3 0.754500
8 4 0.592352
8 5 0.623705
8 6 0.950196
8 7 0.545320
8 8 0.636964
8 9 0.635271
8 10 0.510484
8 11 0.640191
8 12 0.593268
8 13 0.620148
8 14 0.694942
8 15 0.691208
8 16 0.754199
8 17 0.736998
8 18 0.705349
8 19 0.500002
8 20 0.756703
8 21 0.941767
8 22 0.528225
8 23 0.831718
8 24 0.649253
8 25 0.530180
8 26 0.779558
9 1 0.527736
9 2 0.963247
9 3 0.855313
9 4 0.673577
9 5 0.707163
9 6 0.988027
9 7 0.560734
9 8 0.635271
9 9 0.719590
9 10 0.521186
9 11 0.753941
9 12 0.641189
9 13 0.714031
9 14 0.853916
9 15 0.752201
9 16 0.807295
9 17 0.826353
9 18 0.783194
9 19 0.500003
9 20 0.877697
9 21 0.985868
9 22 0.567331
9 23 0.912207
9 24 0.729338
9 25 0.566284
10 1 0.507728
10 2 0.635912
10 3 0.541462
10 4 0.512734
10 5 0.524490
10 6 0.596840
10 7 0.511718
10 8 0.510484
10 9 0.521186
10 10 0.514121
10 11 0.485803
10 12 0.510056
10 13 0.519659
10 14 0.543818
10 15 0.547611
10 16 0.542207
10 17 0.538382
10 18 0.528094
10 19 0.500001
10 20 0.579602
10 21 0.664764
10 22 0.503160
10 23 0.538982
10 24 0.520298
10 25 0.515418
10 26 0.554268
11 1 0.528557
11 2 0.679605
11 3 0.903419
11 4 0.800751
11 5 0.755648
11 6 0.999984
11 7 0.545729
11 8 0.640191
11 9 0.753941
11 10 0.485803
11 11 0.985936
11 12 0.721451
11 13 0.813185
11 14 0.900643
11 15 0.625771
11 16 0.741074
11 17 0.859630
11 18 0.913859
11 19 0.500006
11 20 0.922932
11 21 0.982064
11 22 0.685151
11 23 0.968615
11 24 0.812171
11 25 0.584231
12 1 0.516377
12 2 0.884973
12 3 0.745134
12 4 0.617362
12 5 0.630376
12 6 0.969159
12 7 0.536595
12 8 0.593268
12 9 0.641189
12 10 0.510056
12 11 0.721451
12 12 0.657118
12 13 0.637686
12 14 0.774601
12 15 0.735096
12 16 0.722413
12 17 0.718134
12 18 0.697647
12 19 0.500002
12 20 0.800049
12 21 0.954682
12 22 0.551606
12 23 0.832232
12 24 0.651799
12 25 0.544620
12 26 0.806532
13 1 0.528583
13 2 0.937013
13 3 0.849079
13 4 0.688916
13 5 0.709264
13 6 0.994923
13 7 0.557408
13 8 0.620148
13 9 0.714031
13 10 0.519659
13 11 0.813185
13 12 0.637686
13 13 0.725223
13 14 0.859593
13 15 0.714948
13 16 0.776764
13 17 0.814238
13 18 0.799451
13 19 0.500003
13 20 0.881827
13 21 0.979997
13 22 0.583195
13 23 0.898914
13 24 0.731162
13 25 0.572318
14 1 0.552593
14 2 0.995661
14 3 0.955992
14 4 0.815228
14 5 0.848169
14 6 0.999938
14 7 0.590950
14 8 0.694942
14 9 0.853916
14 10 0.543818
14 11 0.900643
14 12 0.774601
14 13 0.859593
14 14 0.989444
14 15 0.899172
14 16 0.932638
14 17 0.926338
14 18 0.919763
14 19 0.500006
14 20 0.977334
14 21 0.999749
14 22 0.640944
14 23 0.963776
14 24 0.868908
14 25 0.648447
15 1 0.548995
15 2 0.998989
15 3 0.892576
15 4 0.662585
15 5 0.732872
15 6 0.988799
15 7 0.593981
15 8 0.691208
15 9 0.752201
15 10 0.547611
15 11 0.625771
15 12 0.735096
15 13 0.714948
15 14 0.899172
15 15 0.945865
15 16 0.864132
15 17 0.876879
15 18 0.768108
15 19 0.500004
15 20 0.942613
15 21 0.998842
15 22 0.548971
15 23 0.954187
15 24 0.743149
15 25 0.600255
15 26 0.927304
16 1 0.535782
16 2 0.998249
16 3 0.947671
16 4 0.718391
16 5 0.791756
16 6 0.998585
16 7 0.599955
16 8 0.754199
16 9 0.807295
16 10 0.542207
16 11 0.741074
16 12 0.722413
16 13 0.776764
16 14 0.932638
16 15 0.864132
16 16 0.967097
16 17 0.934275
16 18 0.883390
16 19 0.500005
16 20 0.925580
16 21 0.999775
16 22 0.563118
16 23 0.986300
16 24 0.820093
16 25 0.625853
16 26 0.965531
17 1 0.548620
17 2 0.998706
17 4 0.759356
17 5 0.812807
17 6 0.999281
17 7 0.614718
17 8 0.736998
17 9 0.826353
17 10 0.538382
17 11 0.859630
17 12 0.718134
17 13 0.814238
17 14 0.926338
17 15 0.876879
17 16 0.934275
17 17 0.949123
17 18 0.892483
17 19 0.500005
17 20 0.959320
17 21 0.999724
17 22 0.603933
17 23 0.991998
17 24 0.836263
17 25 0.626007
17 26 0.970644
18 1 0.538652
18 2 0.967905
18 3 0.922944
18 4 0.758231
18 5 0.780923
18 6 0.999825
18 7 0.584648
18 8 0.705349
18 9 0.783194
18 10 0.528094
18 11 0.913859
18 12 0.697647
18 13 0.799451
18 14 0.919763
18 15 0.768108
18 16 0.883390
18 17 0.892483
18 18 0.906694
18 19 0.500006
18 20 0.941719
18 21 0.995999
18 22 0.616604
18 23 0.959642
18 24 0.818018
18 25 0.602958
19 1 0.500001
19 2 0.500011
19 3 0.500006
19 4 0.500003
19 5 0.500003
19 6 0.500030
19 7 0.500001
19 8 0.500002
19 9 0.500003
19 10 0.500001
19 11 0.500006
19 12 0.500002
19 13 0.500003
19 14 0.500006
19 15 0.500004
19 16 0.500005
19 17 0.500005
19 18 0.500006
19 19 0.500000
19 20 0.500010
19 21 0.500020
19 22 0.500002
19 23 0.500007
19 24 0.500003
19 25 0.500002
19 26 0.500008
20 1 0.584321
20 2 0.998992
20 3 0.974455
20 4 0.835441
20 5 0.871126
20 6 0.999982
20 7 0.652622
20 8 0.756703
20 9 0.877697
20 10 0.579602
20 11 0.922932
20 12 0.800049
20 13 0.881827
20 14 0.977334
20 15 0.942613
20 16 0.925580
20 17 0.959320
20 18 0.941719
20 19 0.500010
20 20 0.996042
20 21 0.999840
20 22 0.666069
20 23 0.986944
20 24 0.889246
20 25 0.645558
20 26 0.990523
21 1 0.645414
21 2 1.000000
21 3 0.999852
21 4 0.952849
21 5 0.984450
21 6 1.000000
21 7 0.809435
21 8 0.941767
21 9 0.985868
21 10 0.664764
21 11 0.982064
21 12 0.954682
21 13 0.979997
21 14 0.999749
21 15 0.998842
21 16 0.999775
21 17 0.999724
21 18 0.995999
21 19 0.500020
21 20 0.999840
21 21 1.000000
21 22 0.746406
21 23 0.999999
21 24 0.987330
21 25 0.862942
21 26 0.999966
22 1 0.509128
22 2 0.606286
22 3 0.625992
22 5 0.567883
22 6 0.909567
22 7 0.513519
22 8 0.528225
22 9 0.567331
22 10 0.503160
22 11 0.685151
22 12 0.551606
22 13 0.583195
22 14 0.640944
22 15 0.548971
22 16 0.563118
22 17 0.603933
22 18 0.616604
22 19 0.500002
22 20 0.666069
22 21 0.746406
22 22 0.542267
22 23 0.668640
22 24 0.579676
22 25 0.521307
22 26 0.668312
23 1 0.566194
23 2 0.999975
23 3 0.994040
23 4 0.852512
23 5 0.896020
23 6 0.999989
23 7 0.668136
23 8 0.831718
23 9 0.912207
23 10 0.538982
23 11 0.968615
23 12 0.832232
23 13 0.898914
23 14 0.963776
23 15 0.954187
23 16 0.986300
23 17 0.991998
23 18 0.959642
23 19 0.500007
23 20 0.986944
23 21 0.999999
23 22 0.668640
23 23 0.999892
23 24 0.922185
23 25 0.687646
23 26 0.994179
24 1 0.528762
24 2 0.950942
24 3 0.868087
24 4 0.693209
24 5 0.719254
24 6 0.995770
24 7 0.561692
24 8 0.649253
24 9 0.729338
24 10 0.520298
24 11 0.812171
24 12 0.651799
24 13 0.731162
24 14 0.868908
24 15 0.743149
24 16 0.820093
24 17 0.836263
24 18 0.818018
24 19 0.500003
24 20 0.889246
24 21 0.987330
24 22 0.579676
24 23 0.922185
24 24 0.750123
24 25 0.568723
25 1 0.513341
25 2 0.833447
25 3 0.639090
25 4 0.554891
25 5 0.574434
25 6 0.839105
25 7 0.521370
25 8 0.530180
25 9 0.566284
25 10 0.515418
25 11 0.584231
25 12 0.544620
25 13 0.572318
25 14 0.648447
25 15 0.600255
25 16 0.625853
25 17 0.626007
25 18 0.602958
25 19 0.500002
25 20 0.645558
25 21 0.862942
25 22 0.521307
25 23 0.687646
25 24 0.568723
25 25 0.556413
26 2 0.999250
26 6 0.999994
26 7 0.635231
26 8 0.779558
26 10 0.554268
26 12 0.806532
26 15 0.927304
26 16 0.965531
26 17 0.970644
26 19 0.500008
26 20 0.990523
26 21 0.999966
26 22 0.668312
26 23 0.994179
26 26 0.994598
