1 26 0.528625
3 17 0.688410
3 26 0.741338
4 22 0.539851
4 26 0.648368
5 26 0.501264
9 26 0.705417
11 26 0.690748
13 26 0.652299
14 26 0.994020
17 3 0.688410
18 26 0.800482
22 4 0.539851
24 26 0.695530
25 26 0.699941
26 1 0.528625
26 3 0.741338
26 4 0.648368
26 5 0.501264
26 9 0.705417
26 11 0.690748
26 13 0.652299
26 14 0.994020
26 18 0.800482
26 24 0.695530
26 25 0.699941
1 1 0.513002
1 2 0.517584
1 3 0.508506
1 4 0.517767
1 5 0.500589
1 6 0.612604
1 7 0.506178
1 8 0.504281
1 9 0.512641
1 10 0.508718
1 11 0.521976
1 12 0.509033
1 13 0.510304
1 14 0.615896
1 15 0.544063
1 16 0.524304
1 17 0.503830
1 18 0.518409
1 19 0.500001
1 20 0.534074
1 21 0.567117
1 22 0.515175
1 23 0.480460
1 24 0.510340
1 25 0.511667
2 1 0.517584
2 2 0.999998
2 3 0.866973
2 4 0.728013
2 5 0.523134
2 6 0.999987
2 7 0.600276
2 8 0.848634
2 9 0.867715
2 10 0.458985
2 11 0.778283
2 12 0.398226
2 13 0.806918
2 14 0.999999
2 15 0.985190
2 16 0.968559
2 17 0.817397
2 18 0.942479
2 19 0.500001
2 20 0.977155
2 21 0.999542
2 22 0.600828
2 23 0.994503
2 24 0.845808
2 25 0.852070
2 26 0.975731
3 1 0.508506
3 2 0.866973
3 3 0.713286
3 4 0.595444
3 5 0.513160
3 6 0.906542
3 7 0.528691
3 8 0.657580
3 9 0.620663
3 10 0.500834
3 11 0.629358
3 12 0.570447
3 13 0.594776
3 14 0.821470
3 15 0.554959
3 16 0.691199
3 18 0.711632
3 19 0.500001
3 20 0.660111
3 21 0.843182
3 22 0.537394
3 23 0.857587
3 24 0.631429
3 25 0.626790
4 1 0.517767
4 2 0.728013
4 3 0.595444
4 4 0.565370
4 5 0.494741
4 6 0.874300
4 7 0.510725
4 8 0.562736
4 9 0.572357
4 10 0.503261
4 11 0.582338
4 12 0.528550
4 13 0.554055
4 14 0.857179
4 15 0.601556
4 16 0.636801
4 17 0.577140
4 18 0.613811
4 19 0.500001
4 20 0.630363
4 21 0.782792
4 23 0.662633
4 24 0.570872
4 25 0.567041
5 1 0.500589
5 2 0.523134
5 3 0.513160
5 4 0.494741
5 5 0.569848
5 6 0.442426
5 7 0.528978
5 8 0.509223
5 9 0.488485
5 10 0.511874
5 11 0.510004
5 12 0.544996
5 13 0.500006
5 14 0.351794
5 15 0.446254
5 16 0.498114
5 17 0.515521
5 18 0.500427
5 19 0.500000
5 20 0.466085
5 21 0.442960
5 22 0.492963
5 23 0.526587
5 24 0.495445
5 25 0.512753
6 1 0.612604
6 2 0.999987
6 3 0.906542
6 4 0.874300
6 5 0.442426
6 6 1.000000
6 7 0.610900
6 8 0.726652
6 9 0.908134
6 10 0.500043
6 11 0.922094
6 12 0.682427
6 13 0.854373
6 14 1.000000
6 15 0.997036
6 16 0.997676
6 17 0.880773
6 18 0.904703
6 19 0.499999
6 20 0.996177
6 21 0.999999
6 22 0.830957
6 23 0.989680
6 24 0.876478
6 25 0.882335
6 26 0.993065
7 1 0.506178
7 2 0.600276
7 3 0.528691
7 4 0.510725
7 5 0.528978
7 6 0.610900
7 7 0.532336
7 8 0.509722
7 9 0.504745
7 10 0.516015
7 11 0.521712
7 12 0.543238
7 13 0.516134
7 14 0.547513
7 15 0.514158
7 16 0.536967
7 17 0.528621
7 18 0.511211
7 19 0.500000
7 20 0.498194
7 21 0.525983
7 22 0.506611
7 23 0.543592
7 24 0.509620
7 25 0.513401
7 26 0.523539
8 1 0.504281
8 2 0.848634
8 3 0.657580
8 4 0.562736
8 5 0.509223
8 6 0.726652
8 7 0.509722
8 8 0.675799
8 9 0.600020
8 10 0.495644
8 11 0.581738
8 12 0.518693
8 13 0.580575
8 14 0.760200
8 15 0.546055
8 16 0.585546
8 17 0.633221
8 18 0.693933
8 19 0.500002
8 20 0.648850
8 21 0.726540
8 22 0.513958
8 23 0.790857
8 24 0.609022
8 25 0.608998
8 26 0.699535
9 1 0.512641
9 2 0.867715
9 3 0.620663
9 4 0.572357
9 5 0.488485
9 6 0.908134
9 7 0.504745
9 8 0.600020
9 9 0.609143
9 10 0.489550
9 11 0.591119
9 12 0.487874
9 13 0.577357
9 14 0.930159
9 15 0.663801
9 16 0.669601
9 17 0.595724
9 18 0.665899
9 19 0.500001
9 20 0.693995
9 21 0.846331
9 22 0.535351
9 23 0.730682
9 24 0.600463
9 25 0.600725
10 1 0.508718
10 2 0.458985
10 3 0.500834
10 4 0.503261
10 5 0.511874
10 6 0.500043
10 7 0.516015
10 8 0.495644
10 9 0.489550
10 10 0.517673
10 11 0.505508
10 12 0.532490
10 13 0.500279
10 14 0.451706
10 15 0.501487
10 16 0.491222
10 17 0.502905
10 18 0.486573
10 19 0.500000
10 20 0.482395
10 21 0.462791
10 22 0.505877
10 23 0.467900
10 24 0.493304
10 25 0.494112
10 26 0.487436
11 1 0.521976
11 2 0.778283
11 3 0.629358
11 4 0.582338
11 5 0.510004
11 6 0.922094
11 7 0.521712
11 8 0.581738
11 9 0.591119
11 10 0.505508
11 11 0.612784
11 12 0.542213
11 13 0.568369
11 14 0.888856
11 15 0.607501
11 16 0.675390
11 17 0.606580
11 18 0.646543
11 19 0.500002
11 20 0.649974
11 21 0.836931
11 22 0.547749
11 23 0.714811
11 24 0.590207
11 25 0.591891
12 1 0.509033
12 2 0.398226
12 3 0.570447
12 4 0.528550
12 5 0.544996
12 6 0.682427
12 7 0.543238
12 8 0.518693
12 9 0.487874
12 10 0.532490
12 11 0.542213
12 12 0.659888
12 13 0.524662
12 14 0.389287
12 15 0.441079
12 16 0.568131
12 17 0.576060
12 18 0.490480
12 19 0.499999
12 20 0.470722
12 21 0.508847
12 22 0.524782
12 23 0.604740
12 24 0.507896
12 25 0.498720
12 26 0.507523
13 1 0.510304
13 2 0.806918
13 3 0.594776
13 4 0.554055
13 5 0.500006
13 6 0.854373
13 7 0.516134
13 8 0.580575
13 9 0.577357
13 10 0.500279
13 11 0.568369
13 12 0.524662
13 13 0.568426
13 14 0.878279
13 15 0.628966
13 16 0.637257
13 17 0.578459
13 18 0.617819
13 19 0.500001
13 20 0.643107
13 21 0.763784
13 22 0.528049
13 23 0.683117
13 24 0.573833
13 25 0.571201
14 1 0.615896
14 2 0.999999
14 3 0.821470
14 4 0.857179
14 5 0.351794
14 6 1.000000
14 7 0.547513
14 8 0.760200
14 9 0.930159
14 10 0.451706
14 11 0.888856
14 12 0.389287
14 13 0.878279
14 14 1.000000
14 15 0.999520
14 16 0.997525
14 17 0.752593
14 18 0.939728
14 19 0.499999
14 20 0.998590
14 21 1.000000
14 22 0.808133
14 23 0.980510
14 24 0.882333
14 25 0.886434
15 1 0.544063
15 2 0.985190
15 3 0.554959
15 4 0.601556
15 5 0.446254
15 6 0.997036
15 7 0.514158
15 8 0.546055
15 9 0.663801
15 10 0.501487
15 11 0.607501
15 12 0.441079
15 13 0.628966
15 14 0.999520
15 15 0.939995
15 16 0.821311
15 17 0.526211
15 18 0.658339
15 19 0.500001
15 20 0.871948
15 21 0.974170
15 22 0.583982
15 23 0.611085
15 24 0.613741
15 25 0.619767
15 26 0.772076
16 1 0.524304
16 2 0.968559
16 3 0.691199
16 4 0.636801
16 5 0.498114
16 6 0.997676
16 7 0.536967
16 8 0.585546
16 9 0.669601
16 10 0.491222
16 11 0.675390
16 12 0.568131
16 13 0.637257
16 14 0.997525
16 15 0.821311
16 16 0.869291
16 17 0.661336
16 18 0.710468
16 19 0.500000
16 20 0.807644
16 21 0.978261
16 22 0.591493
16 23 0.858653
16 24 0.650641
16 25 0.648324
16 26 0.808675
17 1 0.503830
17 2 0.817397
17 4 0.577140
17 5 0.515521
17 6 0.880773
17 7 0.528621
17 8 0.633221
17 9 0.595724
17 10 0.502905
17 11 0.606580
17 12 0.576060
17 13 0.578459
17 14 0.752593
17 15 0.526211
17 16 0.661336
17 17 0.670152
17 18 0.669984
17 19 0.500001
17 20 0.621992
17 21 0.794317
17 22 0.529707
17 23 0.827570
17 24 0.607658
17 25 0.603539
17 26 0.700238
18 1 0.518409
18 2 0.942479
18 3 0.711632
18 4 0.613811
18 5 0.500427
18 6 0.904703
18 7 0.511211
18 8 0.693933
18 9 0.665899
18 10 0.486573
18 11 0.646543
18 12 0.490480
18 13 0.617819
18 14 0.939728
18 15 0.658339
18 16 0.710468
18 17 0.669984
18 18 0.781204
18 19 0.500003
18 20 0.741296
18 21 0.898272
18 22 0.542216
18 23 0.865002
18 24 0.665343
18 25 0.663858
19 1 0.500001
19 2 0.500001
19 3 0.500001
19 4 0.500001
19 5 0.500000
19 6 0.499999
19 7 0.500000
19 8 0.500002
19 9 0.500001
19 10 0.500000
19 11 0.500002
19 12 0.499999
19 13 0.500001
19 14 0.499999
19 15 0.500001
19 16 0.500000
19 17 0.500001
19 18 0.500003
19 19 0.500000
19 20 0.500002
19 21 0.500003
19 22 0.500000
19 23 0.500000
19 24 0.500001
19 25 0.500002
19 26 0.500003
20 1 0.534074
20 2 0.977155
20 3 0.660111
20 4 0.630363
20 5 0.466085
20 6 0.996177
20 7 0.498194
20 8 0.648850
20 9 0.693995
20 10 0.482395
20 11 0.649974
20 12 0.470722
20 13 0.643107
20 14 0.998590
20 15 0.871948
20 16 0.807644
20 17 0.621992
20 18 0.741296
20 19 0.500002
20 20 0.886112
20 21 0.975693
20 22 0.583895
20 23 0.784232
20 24 0.663955
20 25 0.667587
20 26 0.826176
21 1 0.567117
21 2 0.999542
21 3 0.843182
21 4 0.782792
21 5 0.442960
21 6 0.999999
21 7 0.525983
21 8 0.726540
21 9 0.846331
21 10 0.462791
21 11 0.836931
21 12 0.508847
21 13 0.763784
21 14 1.000000
21 15 0.974170
21 16 0.978261
21 17 0.794317
21 18 0.898272
21 19 0.500003
21 20 0.975693
21 21 0.999903
21 22 0.702901
21 23 0.974746
21 24 0.809265
21 25 0.816195
21 26 0.969321
22 1 0.515175
22 2 0.600828
22 3 0.537394
22 5 0.492963
22 6 0.830957
22 7 0.506611
22 8 0.513958
22 9 0.535351
22 10 0.505877
22 11 0.547749
22 12 0.524782
22 13 0.528049
22 14 0.808133
22 15 0.583982
22 16 0.591493
22 17 0.529707
22 18 0.542216
22 19 0.500000
22 20 0.583895
22 21 0.702901
22 22 0.532724
22 23 0.548936
22 24 0.531879
22 25 0.528883
22 26 0.576456
23 1 0.480460
23 2 0.994503
23 3 0.857587
23 4 0.662633
23 5 0.526587
23 6 0.989680
23 7 0.543592
23 8 0.790857
23 9 0.730682
23 10 0.467900
23 11 0.714811
23 12 0.604740
23 13 0.683117
23 14 0.980510
23 15 0.611085
23 16 0.858653
23 17 0.827570
23 18 0.865002
23 19 0.500000
23 20 0.784232
23 21 0.974746
23 22 0.548936
23 23 0.989498
23 24 0.750125
23 25 0.730198
23 26 0.890326
24 1 0.510340
24 2 0.845808
24 3 0.631429
24 4 0.570872
24 5 0.495445
24 6 0.876478
24 7 0.509620
24 8 0.609022
24 9 0.600463
24 10 0.493304
24 11 0.590207
24 12 0.507896
24 13 0.573833
24 14 0.882333
24 15 0.613741
24 16 0.650641
24 17 0.607658
24 18 0.665343
24 19 0.500001
24 20 0.663955
24 21 0.809265
24 22 0.531879
24 23 0.750125
24 24 0.599733
24 25 0.596280
25 1 0.511667
25 2 0.852070
25 3 0.626790
25 4 0.567041
25 5 0.512753
25 6 0.882335
25 7 0.513401
25 8 0.608998
25 9 0.600725
25 10 0.494112
25 11 0.591891
25 12 0.498720
25 13 0.571201
25 14 0.886434
25 15 0.619767
25 16 0.648324
25 17 0.603539
25 18 0.663858
25 19 0.500002
25 20 0.667587
25 21 0.816195
25 22 0.528883
25 23 0.730198
25 24 0.596280
25 25 0.605478
26 2 0.975731
26 6 0.993065
26 7 0.523539
26 8 0.699535
26 10 0.487436
26 12 0.507523
26 15 0.772076
26 16 0.808675
26 17 0.700238
26 19 0.500003
26 20 0.826176
26 21 0.969321
26 22 0.576456
26 23 0.890326
26 26 0.857127
