1 26 0.679972
3 17 0.875646
3 26 0.845557
4 22 0.538316
4 26 0.538648
5 26 0.670666
9 26 0.651473
11 26 0.728783
13 26 0.686602
14 26 0.823199
17 3 0.875646
18 26 0.853791
22 4 0.538316
24 26 0.650190
25 26 0.677171
26 1 0.679972
26 3 0.845557
26 4 0.538648
26 5 0.670666
26 9 0.651473
26 11 0.728783
26 13 0.686602
26 14 0.823199
26 18 0.853791
26 24 0.650190
26 25 0.677171
1 1 0.581337
1 2 0.790541
1 3 0.677803
1 4 0.511668
1 5 0.575315
1 6 0.871062
1 7 0.538898
1 8 0.609314
1 9 0.554156
1 10 0.507701
1 11 0.602203
1 12 0.598471
1 13 0.583764
1 14 0.601088
1 15 0.622084
1 16 0.701861
1 17 0.659648
1 18 0.680467
1 19 0.500001
1 20 0.687113
1 21 0.896409
1 22 0.511668
1 23 0.885903
1 24 0.560322
1 25 0.579184
2 1 0.790541
2 2 0.999991
2 3 0.941019
2 4 0.593442
2 5 0.763755
2 6 0.999708
2 7 0.624782
2 8 0.788753
2 9 0.554901
2 10 0.514335
2 11 0.850176
2 12 0.859117
2 13 0.768075
2 14 0.617102
2 15 0.974172
2 16 0.990848
2 17 0.923350
2 18 0.931375
2 19 0.499998
2 20 0.926404
2 21 0.999985
2 22 0.593442
2 23 0.903932
2 24 0.704435
2 25 0.762283
2 26 0.948621
3 1 0.677803
3 2 0.941019
3 3 0.889815
3 4 0.519977
3 5 0.652723
3 6 0.992769
3 7 0.587347
3 8 0.746834
3 9 0.623327
3 10 0.515812
3 11 0.727218
3 12 0.736673
3 13 0.669511
3 14 0.816040
3 15 0.805512
3 16 0.901745
3 18 0.861856
3 19 0.500000
3 20 0.883287
3 21 0.998670
3 22 0.519977
3 23 0.993960
3 24 0.626385
3 25 0.670484
4 1 0.511668
4 2 0.593442
4 3 0.519977
4 4 0.538316
4 5 0.514418
4 6 0.792620
4 7 0.511735
4 8 0.506042
4 9 0.526395
4 10 0.506122
4 11 0.539452
4 12 0.506838
4 13 0.510232
4 14 0.642022
4 15 0.550143
4 16 0.510304
4 17 0.517944
4 18 0.513430
4 19 0.500000
4 20 0.522504
4 21 0.596140
4 23 0.519239
4 24 0.509855
4 25 0.512196
5 1 0.575315
5 2 0.763755
5 3 0.652723
5 4 0.514418
5 5 0.575945
5 6 0.861226
5 7 0.543091
5 8 0.605626
5 9 0.555397
5 10 0.507632
5 11 0.593320
5 12 0.592324
5 13 0.581144
5 14 0.601517
5 15 0.596742
5 16 0.690316
5 17 0.632026
5 18 0.674155
5 19 0.500001
5 20 0.682333
5 21 0.834203
5 22 0.514418
5 23 0.870724
5 24 0.564936
5 25 0.574142
6 1 0.871062
6 2 0.999708
6 3 0.992769
6 4 0.792620
6 5 0.861226
6 6 1.000000
6 7 0.839931
6 8 0.935629
6 9 0.923466
6 10 0.600494
6 11 0.969093
6 12 0.927801
6 13 0.862850
6 14 0.999975
6 15 0.997076
6 16 0.991694
6 17 0.989804
6 18 0.981959
6 19 0.500006
6 20 0.997928
6 21 1.000000
6 22 0.792620
6 23 0.999996
6 24 0.871264
6 25 0.869023
6 26 0.991921
7 1 0.538898
7 2 0.624782
7 3 0.587347
7 4 0.511735
7 5 0.543091
7 6 0.839931
7 7 0.559262
7 8 0.592863
7 9 0.555240
7 10 0.509452
7 11 0.557398
7 12 0.569790
7 13 0.540417
7 14 0.658498
7 15 0.579145
7 16 0.599200
7 17 0.574261
7 18 0.605141
7 19 0.500001
7 20 0.658277
7 21 0.664831
7 22 0.511735
7 23 0.790106
7 24 0.579095
7 25 0.539694
7 26 0.594384
8 1 0.609314
8 2 0.788753
8 3 0.746834
8 4 0.506042
8 5 0.605626
8 6 0.935629
8 7 0.592863
8 8 0.774119
8 9 0.556871
8 10 0.509883
8 11 0.651397
8 12 0.704761
8 13 0.623807
8 14 0.803168
8 15 0.554666
8 16 0.756546
8 17 0.716234
8 18 0.779237
8 19 0.500004
8 20 0.830330
8 21 0.938773
8 22 0.506042
8 23 0.986598
8 24 0.631605
8 25 0.610295
8 26 0.740318
9 1 0.554156
9 2 0.554901
9 3 0.623327
9 4 0.526395
9 5 0.555397
9 6 0.923466
9 7 0.555240
9 8 0.556871
9 9 0.728523
9 10 0.527934
9 11 0.568943
9 12 0.507569
9 13 0.548150
9 14 0.817088
9 15 0.680101
9 16 0.533528
9 17 0.620029
9 18 0.635727
9 19 0.500001
9 20 0.613993
9 21 0.812310
9 22 0.526395
9 23 0.902959
9 24 0.600106
9 25 0.550484
10 1 0.507701
10 2 0.514335
10 3 0.515812
10 4 0.506122
10 5 0.507632
10 6 0.600494
10 7 0.509452
10 8 0.509883
10 9 0.527934
10 10 0.506035
10 11 0.509846
10 12 0.500260
10 13 0.507030
10 14 0.572394
10 15 0.533426
10 16 0.511939
10 17 0.515148
10 18 0.516270
10 19 0.500000
10 20 0.523146
10 21 0.538437
10 22 0.506122
10 23 0.562021
10 24 0.516581
10 25 0.507465
10 26 0.520890
11 1 0.602203
11 2 0.850176
11 3 0.727218
11 4 0.539452
11 5 0.593320
11 6 0.969093
11 7 0.557398
11 8 0.651397
11 9 0.568943
11 10 0.509846
11 11 0.661145
11 12 0.640437
11 13 0.605305
11 14 0.758128
11 15 0.678206
11 16 0.721225
11 17 0.707583
11 18 0.706183
11 19 0.500001
11 20 0.750598
11 21 0.958054
11 22 0.539452
11 23 0.941899
11 24 0.574544
11 25 0.601764
12 1 0.598471
12 2 0.859117
12 3 0.736673
12 4 0.506838
12 5 0.592324
12 6 0.927801
12 7 0.569790
12 8 0.704761
12 9 0.507569
12 10 0.500260
12 11 0.640437
12 12 0.721691
12 13 0.607770
12 14 0.841218
12 15 0.647216
12 16 0.783479
12 17 0.712064
12 18 0.744699
12 19 0.500002
12 20 0.812268
12 21 0.955965
12 22 0.506838
12 23 0.947664
12 24 0.602716
12 25 0.599872
12 26 0.717760
13 1 0.583764
13 2 0.768075
13 3 0.669511
13 4 0.510232
13 5 0.581144
13 6 0.862850
13 7 0.540417
13 8 0.623807
13 9 0.548150
13 10 0.507030
13 11 0.605305
13 12 0.607770
13 13 0.593351
13 14 0.634756
13 15 0.595529
13 16 0.697998
13 17 0.646986
13 18 0.686162
13 19 0.500001
13 20 0.701950
13 21 0.866616
13 22 0.510232
13 23 0.909186
13 24 0.560988
13 25 0.583720
14 1 0.601088
14 2 0.617102
14 3 0.816040
14 4 0.642022
14 5 0.601517
14 6 0.999975
14 7 0.658498
14 8 0.803168
14 9 0.817088
14 10 0.572394
14 11 0.758128
14 12 0.841218
14 13 0.634756
14 14 1.000000
14 15 0.973242
14 16 0.742772
14 17 0.815372
14 18 0.763300
14 19 0.500010
14 20 0.972077
14 21 0.998889
14 22 0.642022
14 23 0.995341
14 24 0.787615
14 25 0.621835
15 1 0.622084
15 2 0.974172
15 3 0.805512
15 4 0.550143
15 5 0.596742
15 6 0.997076
15 7 0.579145
15 8 0.554666
15 9 0.680101
15 10 0.533426
15 11 0.678206
15 12 0.647216
15 13 0.595529
15 14 0.973242
15 15 0.963505
15 16 0.878130
15 17 0.806941
15 18 0.687482
15 19 0.500000
15 20 0.808829
15 21 0.997978
15 22 0.550143
15 23 0.659955
15 24 0.609679
15 25 0.603503
15 26 0.760759
16 1 0.701861
16 2 0.990848
16 3 0.901745
16 4 0.510304
16 5 0.690316
16 6 0.991694
16 7 0.599200
16 8 0.756546
16 9 0.533528
16 10 0.511939
16 11 0.721225
16 12 0.783479
16 13 0.697998
16 14 0.742772
16 15 0.878130
16 16 0.977965
16 17 0.882687
16 18 0.894591
16 19 0.500000
16 20 0.924859
16 21 0.999013
16 22 0.510304
16 23 0.977375
16 24 0.623590
16 25 0.684012
16 26 0.866792
17 1 0.659648
17 2 0.923350
17 4 0.517944
17 5 0.632026
17 6 0.989804
17 7 0.574261
17 8 0.716234
17 9 0.620029
17 10 0.515148
17 11 0.707583
17 12 0.712064
17 13 0.646986
17 14 0.815372
17 15 0.806941
17 16 0.882687
17 17 0.864262
17 18 0.834713
17 19 0.500000
17 20 0.859005
17 21 0.998375
17 22 0.517944
17 23 0.989346
17 24 0.608653
17 25 0.651474
17 26 0.819429
18 1 0.680467
18 2 0.931375
18 3 0.861856
18 4 0.513430
18 5 0.674155
18 6 0.981959
18 7 0.605141
18 8 0.779237
18 9 0.635727
18 10 0.516270
18 11 0.706183
18 12 0.744699
18 13 0.686162
18 14 0.763300
18 15 0.687482
18 16 0.894591
18 17 0.834713
18 18 0.887960
18 19 0.500002
18 20 0.884621
18 21 0.992219
18 22 0.513430
18 23 0.995875
18 24 0.670896
18 25 0.676715
19 1 0.500001
19 2 0.499998
19 3 0.500000
19 4 0.500000
19 5 0.500001
19 6 0.500006
19 7 0.500001
19 8 0.500004
19 9 0.500001
19 10 0.500000
19 11 0.500001
19 12 0.500002
19 13 0.500001
19 14 0.500010
19 15 0.500000
19 16 0.500000
19 17 0.500000
19 18 0.500002
19 19 0.500000
19 20 0.500004
19 21 0.499997
19 22 0.500000
19 23 0.500010
19 24 0.500002
19 25 0.500001
19 26 0.500002
20 1 0.687113
20 2 0.926404
20 3 0.883287
20 4 0.522504
20 5 0.682333
20 6 0.997928
20 7 0.658277
20 8 0.830330
20 9 0.613993
20 10 0.523146
20 11 0.750598
20 12 0.812268
20 13 0.701950
20 14 0.972077
20 15 0.808829
20 16 0.924859
20 17 0.859005
20 18 0.884621
20 19 0.500004
20 20 0.956651
20 21 0.996300
20 22 0.522504
20 23 0.998279
20 24 0.719941
20 25 0.690241
20 26 0.866817
21 1 0.896409
21 2 0.999985
21 3 0.998670
21 4 0.596140
21 5 0.834203
21 6 1.000000
21 7 0.664831
21 8 0.938773
21 9 0.812310
21 10 0.538437
21 11 0.958054
21 12 0.955965
21 13 0.866616
21 14 0.998889
21 15 0.997978
21 16 0.999013
21 17 0.998375
21 18 0.992219
21 19 0.499997
21 20 0.996300
21 21 1.000000
21 22 0.596140
21 23 0.999996
21 24 0.746191
21 25 0.877443
21 26 0.992902
22 1 0.511668
22 2 0.593442
22 3 0.519977
22 5 0.514418
22 6 0.792620
22 7 0.511735
22 8 0.506042
22 9 0.526395
22 10 0.506122
22 11 0.539452
22 12 0.506838
22 13 0.510232
22 14 0.642022
22 15 0.550143
22 16 0.510304
22 17 0.517944
22 18 0.513430
22 19 0.500000
22 20 0.522504
22 21 0.596140
22 22 0.538316
22 23 0.519239
22 24 0.509855
22 25 0.512196
22 26 0.538648
23 1 0.885903
23 2 0.903932
23 3 0.993960
23 4 0.519239
23 5 0.870724
23 6 0.999996
23 7 0.790106
23 8 0.986598
23 9 0.902959
23 10 0.562021
23 11 0.941899
23 12 0.947664
23 13 0.909186
23 14 0.995341
23 15 0.659955
23 16 0.977375
23 17 0.989346
23 18 0.995875
23 19 0.500010
23 20 0.998279
23 21 0.999996
23 22 0.519239
23 23 1.000000
23 24 0.876657
23 25 0.895048
23 26 0.993288
24 1 0.560322
24 2 0.704435
24 3 0.626385
24 4 0.509855
24 5 0.564936
24 6 0.871264
24 7 0.579095
24 8 0.631605
24 9 0.600106
24 10 0.516581
24 11 0.574544
24 12 0.602716
24 13 0.560988
24 14 0.787615
24 15 0.609679
24 16 0.623590
24 17 0.608653
24 18 0.670896
24 19 0.500002
24 20 0.719941
24 21 0.746191
24 22 0.509855
24 23 0.876657
24 24 0.650938
24 25 0.562870
25 1 0.579184
25 2 0.762283
25 3 0.670484
25 4 0.512196
25 5 0.574142
25 6 0.869023
25 7 0.539694
25 8 0.610295
25 9 0.550484
25 10 0.507465
25 11 0.601764
25 12 0.599872
25 13 0.583720
25 14 0.621835
25 15 0.603503
25 16 0.684012
25 17 0.651474
25 18 0.676715
25 19 0.500001
25 20 0.690241
25 21 0.877443
25 22 0.512196
25 23 0.895048
25 24 0.562870
25 25 0.579192
26 2 0.948621
26 6 0.991921
26 7 0.594384
26 8 0.740318
26 10 0.520890
26 12 0.717760
26 15 0.760759
26 16 0.866792
26 17 0.819429
26 19 0.500002
26 20 0.866817
26 21 0.992902
26 22 0.538648
26 23 0.993288
26 26 0.855795
