1 26 0.770548
3 17 0.932276
3 26 0.943136
4 22 0.588653
4 26 0.773374
5 26 0.756988
9 26 0.712860
11 26 0.852251
13 26 0.671660
14 26 0.999994
17 3 0.932276
18 26 0.939900
22 4 0.588653
24 26 0.791240
25 26 0.793266
26 1 0.770548
26 3 0.943136
26 4 0.773374
26 5 0.756988
26 9 0.712860
26 11 0.852251
26 13 0.671660
26 14 0.999994
26 18 0.939900
26 24 0.791240
26 25 0.793266
1 1 0.612758
1 2 0.955213
1 3 0.740810
1 4 0.613619
1 5 0.605830
1 6 0.978698
1 7 0.544589
1 8 0.605292
1 9 0.583956
1 10 0.543993
1 11 0.657711
1 12 0.581890
1 13 0.565429
1 14 0.986289
1 15 0.722636
1 16 0.741667
1 17 0.725468
1 18 0.738273
1 19 0.500004
1 20 0.820760
1 21 0.873198
1 22 0.584928
1 23 0.697730
1 24 0.622056
1 25 0.622965
2 1 0.955213
2 2 1.000000
2 3 0.999517
2 4 0.951121
2 5 0.939208
2 6 1.000000
2 7 0.815914
2 8 0.944320
2 9 0.926828
2 10 0.789379
2 11 0.988204
2 12 0.927090
2 13 0.802740
2 14 1.000000
2 15 0.999844
2 16 0.999481
2 17 0.999322
2 18 0.999004
2 19 0.500028
2 20 0.999991
2 21 0.999999
2 22 0.942729
2 23 0.854521
2 24 0.958150
2 25 0.969676
2 26 0.999731
3 1 0.740810
3 2 0.999517
3 3 0.940152
3 4 0.746550
3 5 0.726152
3 6 0.999947
3 7 0.613516
3 8 0.748187
3 9 0.720031
3 10 0.606128
3 11 0.826310
3 12 0.698521
3 13 0.658367
3 14 0.999986
3 15 0.929688
3 16 0.935209
3 18 0.915649
3 19 0.500010
3 20 0.981364
3 21 0.994050
3 22 0.719818
3 23 0.869042
3 24 0.758226
3 25 0.765042
4 1 0.613619
4 2 0.951121
4 3 0.746550
4 4 0.616753
4 5 0.607333
4 6 0.980897
4 7 0.542956
4 8 0.607062
4 9 0.583893
4 10 0.542536
4 11 0.662441
4 12 0.582359
4 13 0.569249
4 14 0.984028
4 15 0.718270
4 16 0.737194
4 17 0.730985
4 18 0.740513
4 19 0.500004
4 20 0.823625
4 21 0.896641
4 23 0.717589
4 24 0.624995
4 25 0.624983
5 1 0.605830
5 2 0.939208
5 3 0.726152
5 4 0.607333
5 5 0.602763
5 6 0.972582
5 7 0.544774
5 8 0.596912
5 9 0.579550
5 10 0.535391
5 11 0.647825
5 12 0.579339
5 13 0.570669
5 14 0.984826
5 15 0.706874
5 16 0.728498
5 17 0.710245
5 18 0.726218
5 19 0.500004
5 20 0.795439
5 21 0.851779
5 22 0.572975
5 23 0.684729
5 24 0.616699
5 25 0.615822
6 1 0.978698
6 2 1.000000
6 3 0.999947
6 4 0.980897
6 5 0.972582
6 6 1.000000
6 7 0.846833
6 8 0.987674
6 9 0.975787
6 10 0.816721
6 11 0.997184
6 12 0.965362
6 13 0.869098
6 14 1.000000
6 15 0.999870
6 16 0.999950
6 17 0.999917
6 18 0.999769
6 19 0.500044
6 20 1.000000
6 21 1.000000
6 22 0.993718
6 23 0.997890
6 24 0.988906
6 25 0.988065
6 26 0.999975
7 1 0.544589
7 2 0.815914
7 3 0.613516
7 4 0.542956
7 5 0.544774
7 6 0.846833
7 7 0.542928
7 8 0.554933
7 9 0.559304
7 10 0.512944
7 11 0.557065
7 12 0.560074
7 13 0.540678
7 14 0.958896
7 15 0.643455
7 16 0.649934
7 17 0.608788
7 18 0.604841
7 19 0.500002
7 20 0.693036
7 21 0.562733
7 22 0.533712
7 23 0.549028
7 24 0.553451
7 25 0.551558
7 26 0.620305
8 1 0.605292
8 2 0.944320
8 3 0.748187
8 4 0.607062
8 5 0.596912
8 6 0.987674
8 7 0.554933
8 8 0.640718
8 9 0.615227
8 10 0.544260
8 11 0.643426
8 12 0.580152
8 13 0.568096
8 14 0.991678
8 15 0.731677
8 16 0.778731
8 17 0.738890
8 18 0.719880
8 19 0.500003
8 20 0.868694
8 21 0.811120
8 22 0.613745
8 23 0.735551
8 24 0.623603
8 25 0.615654
8 26 0.758863
9 1 0.583956
9 2 0.926828
9 3 0.720031
9 4 0.583893
9 5 0.579550
9 6 0.975787
9 7 0.559304
9 8 0.615227
9 9 0.612857
9 10 0.535074
9 11 0.611416
9 12 0.580435
9 13 0.560511
9 14 0.992213
9 15 0.723460
9 16 0.763980
9 17 0.714877
9 18 0.680663
9 19 0.500003
9 20 0.834477
9 21 0.688706
9 22 0.585183
9 23 0.664306
9 24 0.598379
9 25 0.593676
10 1 0.543993
10 2 0.789379
10 3 0.606128
10 4 0.542536
10 5 0.535391
10 6 0.816721
10 7 0.512944
10 8 0.544260
10 9 0.535074
10 10 0.533671
10 11 0.559789
10 12 0.527246
10 13 0.509326
10 14 0.797489
10 15 0.594282
10 16 0.622802
10 17 0.601234
10 18 0.597982
10 19 0.500002
10 20 0.682701
10 21 0.663735
10 22 0.540063
10 23 0.610959
10 24 0.543909
10 25 0.546985
10 26 0.611215
11 1 0.657711
11 2 0.988204
11 3 0.826310
11 4 0.662441
11 5 0.647825
11 6 0.997184
11 7 0.557065
11 8 0.643426
11 9 0.611416
11 10 0.559789
11 11 0.732133
11 12 0.622101
11 13 0.587822
11 14 0.998323
11 15 0.801376
11 16 0.796386
11 17 0.810118
11 18 0.814428
11 19 0.500006
11 20 0.899900
11 21 0.972269
11 22 0.639261
11 23 0.746743
11 24 0.669701
11 25 0.674325
12 1 0.581890
12 2 0.927090
12 3 0.698521
12 4 0.582359
12 5 0.579339
12 6 0.965362
12 7 0.560074
12 8 0.580152
12 9 0.580435
12 10 0.527246
12 11 0.622101
12 12 0.622551
12 13 0.568688
12 14 0.995467
12 15 0.727548
12 16 0.703652
12 17 0.688592
12 18 0.693849
12 19 0.500003
12 20 0.806009
12 21 0.814650
12 22 0.573442
12 23 0.606241
12 24 0.594077
12 25 0.596799
12 26 0.718001
13 1 0.565429
13 2 0.802740
13 3 0.658367
13 4 0.569249
13 5 0.570669
13 6 0.869098
13 7 0.540678
13 8 0.568096
13 9 0.560511
13 10 0.509326
13 11 0.587822
13 12 0.568688
13 13 0.595552
13 14 0.937692
13 15 0.651991
13 16 0.660991
13 17 0.647079
13 18 0.656473
13 19 0.500002
13 20 0.678547
13 21 0.725645
13 22 0.529489
13 23 0.637047
13 24 0.578108
13 25 0.576656
14 1 0.986289
14 2 1.000000
14 3 0.999986
14 4 0.984028
14 5 0.984826
14 6 1.000000
14 7 0.958896
14 8 0.991678
14 9 0.992213
14 10 0.797489
14 11 0.998323
14 12 0.995467
14 13 0.937692
14 14 1.000000
14 15 0.999998
14 16 0.999998
14 17 0.999979
14 18 0.999924
14 19 0.500055
14 20 1.000000
14 21 1.000000
14 22 0.995251
14 23 0.497408
14 24 0.992871
14 25 0.993811
15 1 0.722636
15 2 0.999844
15 3 0.929688
15 4 0.718270
15 5 0.706874
15 6 0.999870
15 7 0.643455
15 8 0.731677
15 9 0.723460
15 10 0.594282
15 11 0.801376
15 12 0.727548
15 13 0.651991
15 14 0.999998
15 15 0.960274
15 16 0.936317
15 17 0.923825
15 18 0.902509
15 19 0.500008
15 20 0.976597
15 21 0.986185
15 22 0.708685
15 23 0.668309
15 24 0.728224
15 25 0.745721
15 26 0.929803
16 1 0.741667
16 2 0.999481
16 3 0.935209
16 4 0.737194
16 5 0.728498
16 6 0.999950
16 7 0.649934
16 8 0.778731
16 9 0.763980
16 10 0.622802
16 11 0.796386
16 12 0.703652
16 13 0.660991
16 14 0.999998
16 15 0.936317
16 16 0.968900
16 17 0.927622
16 18 0.913479
16 19 0.500011
16 20 0.988903
16 21 0.919403
16 22 0.706278
16 23 0.897836
16 24 0.765440
16 25 0.759175
16 26 0.940426
17 1 0.725468
17 2 0.999322
17 4 0.730985
17 5 0.710245
17 6 0.999917
17 7 0.608788
17 8 0.738890
17 9 0.714877
17 10 0.601234
17 11 0.810118
17 12 0.688592
17 13 0.647079
17 14 0.999979
17 15 0.923825
17 16 0.927622
17 17 0.925104
17 18 0.900429
17 19 0.500009
17 20 0.978257
17 21 0.991788
17 22 0.714838
17 23 0.844832
17 24 0.741725
17 25 0.749795
17 26 0.931211
18 1 0.738273
18 2 0.999004
18 3 0.915649
18 4 0.740513
18 5 0.726218
18 6 0.999769
18 7 0.604841
18 8 0.719880
18 9 0.680663
18 10 0.597982
18 11 0.814428
18 12 0.693849
18 13 0.656473
18 14 0.999924
18 15 0.902509
18 16 0.913479
18 17 0.900429
18 18 0.916548
18 19 0.500009
18 20 0.967913
18 21 0.989289
18 22 0.675473
18 23 0.878613
18 24 0.755356
18 25 0.758156
19 1 0.500004
19 2 0.500028
19 3 0.500010
19 4 0.500004
19 5 0.500004
19 6 0.500044
19 7 0.500002
19 8 0.500003
19 9 0.500003
19 10 0.500002
19 11 0.500006
19 12 0.500003
19 13 0.500002
19 14 0.500055
19 15 0.500008
19 16 0.500011
19 17 0.500009
19 18 0.500009
19 19 0.500000
19 20 0.500017
19 21 0.500018
19 22 0.500003
19 23 0.500006
19 24 0.500004
19 25 0.500005
19 26 0.500011
20 1 0.820760
20 2 0.999991
20 3 0.981364
20 4 0.823625
20 5 0.795439
20 6 1.000000
20 7 0.693036
20 8 0.868694
20 9 0.834477
20 10 0.682701
20 11 0.899900
20 12 0.806009
20 13 0.678547
20 14 1.000000
20 15 0.976597
20 16 0.988903
20 17 0.978257
20 18 0.967913
20 19 0.500017
20 20 0.999549
20 21 0.998064
20 22 0.866564
20 23 0.961297
20 24 0.858138
20 25 0.853318
20 26 0.984832
21 1 0.873198
21 2 0.999999
21 3 0.994050
21 4 0.896641
21 5 0.851779
21 6 1.000000
21 7 0.562733
21 8 0.811120
21 9 0.688706
21 10 0.663735
21 11 0.972269
21 12 0.814650
21 13 0.725645
21 14 1.000000
21 15 0.986185
21 16 0.919403
21 17 0.991788
21 18 0.989289
21 19 0.500018
21 20 0.998064
21 21 1.000000
21 22 0.901054
21 23 0.965215
21 24 0.885961
21 25 0.905246
21 26 0.995465
22 1 0.584928
22 2 0.942729
22 3 0.719818
22 5 0.572975
22 6 0.993718
22 7 0.533712
22 8 0.613745
22 9 0.585183
22 10 0.540063
22 11 0.639261
22 12 0.573442
22 13 0.529489
22 14 0.995251
22 15 0.708685
22 16 0.706278
22 17 0.714838
22 18 0.675473
22 19 0.500003
22 20 0.866564
22 21 0.901054
22 22 0.657585
22 23 0.621820
22 24 0.599852
22 25 0.600663
22 26 0.726402
23 1 0.697730
23 2 0.854521
23 3 0.869042
23 4 0.717589
23 5 0.684729
23 6 0.997890
23 7 0.549028
23 8 0.735551
23 9 0.664306
23 10 0.610959
23 11 0.746743
23 12 0.606241
23 13 0.637047
23 14 0.497408
23 15 0.668309
23 16 0.897836
23 17 0.844832
23 18 0.878613
23 19 0.500006
23 20 0.961297
23 21 0.965215
23 22 0.621820
23 23 0.995559
23 24 0.744392
23 25 0.702982
23 26 0.893498
24 1 0.622056
24 2 0.958150
24 3 0.758226
24 4 0.624995
24 5 0.616699
24 6 0.988906
24 7 0.553451
24 8 0.623603
24 9 0.598379
24 10 0.543909
24 11 0.669701
24 12 0.594077
24 13 0.578108
24 14 0.992871
24 15 0.728224
24 16 0.765440
24 17 0.741725
24 18 0.755356
24 19 0.500004
24 20 0.858138
24 21 0.885961
24 22 0.599852
24 23 0.744392
24 24 0.639984
24 25 0.635291
25 1 0.622965
25 2 0.969676
25 3 0.765042
25 4 0.624983
25 5 0.615822
25 6 0.988065
25 7 0.551558
25 8 0.615654
25 9 0.593676
25 10 0.546985
25 11 0.674325
25 12 0.596799
25 13 0.576656
25 14 0.993811
25 15 0.745721
25 16 0.759175
25 17 0.749795
25 18 0.758156
25 19 0.500005
25 20 0.853318
25 21 0.905246
25 22 0.600663
25 23 0.702982
25 24 0.635291
25 25 0.637952
26 2 0.999731
26 6 0.999975
26 7 0.620305
26 8 0.758863
26 10 0.611215
26 12 0.718001
26 15 0.929803
26 16 0.940426
26 17 0.931211
26 19 0.500011
26 20 0.984832
26 21 0.995465
26 22 0.726402
26 23 0.893498
26 26 0.962029
