1 26 0.627390
3 17 0.981962
3 26 0.722054
4 22 0.555877
4 26 0.519761
5 26 0.622619
9 26 0.487544
11 26 0.577416
13 26 0.647344
14 26 0.448038
17 3 0.981962
18 26 0.791547
22 4 0.555877
24 26 0.645833
25 26 0.635389
26 1 0.627390
26 3 0.722054
26 4 0.519761
26 5 0.622619
26 9 0.487544
26 11 0.577416
26 13 0.647344
26 14 0.448038
26 18 0.791547
26 24 0.645833
26 25 0.635389
1 1 0.554094
1 2 0.845372
1 3 0.585085
1 4 0.503661
1 5 0.551472
1 6 0.516306
1 7 0.522800
1 8 0.538947
1 9 0.486539
1 10 0.512882
1 11 0.524901
1 12 0.519477
1 13 0.562321
1 14 0.441790
1 15 0.520571
1 16 0.596111
1 17 0.585085
1 18 0.634564
1 19 0.500001
1 20 0.643248
1 21 0.703130
1 22 0.503661
1 23 0.665589
1 24 0.561040
1 25 0.557292
2 1 0.845372
2 2 1.000000
2 3 0.815084
2 4 0.487367
2 5 0.836740
2 6 0.005267
2 7 0.690949
2 8 0.792225
2 9 0.313140
2 10 0.628614
2 11 0.387740
2 12 0.569521
2 13 0.877625
2 14 0.017540
2 15 0.964687
2 16 0.803570
2 17 0.815084
2 18 0.982017
2 19 0.500005
2 20 0.990921
2 21 0.978666
2 22 0.487367
2 23 0.979021
2 24 0.861533
2 25 0.840160
2 26 0.980587
3 1 0.585085
3 2 0.815084
3 3 0.981962
3 4 0.625727
3 5 0.610801
3 6 0.941425
3 7 0.532431
3 8 0.761965
3 9 0.785310
3 10 0.549179
3 11 0.846444
3 12 0.657428
3 13 0.617311
3 14 0.997250
3 15 0.749070
3 16 0.958735
3 18 0.734653
3 19 0.500007
3 20 0.888162
3 21 0.975635
3 22 0.625727
3 23 0.986202
3 24 0.635847
3 25 0.574978
4 1 0.503661
4 2 0.487367
4 3 0.625727
4 4 0.555877
4 5 0.511379
4 6 0.669821
4 7 0.499924
4 8 0.543873
4 9 0.571573
4 10 0.504711
4 11 0.555950
4 12 0.539553
4 13 0.508945
4 14 0.744161
4 15 0.543000
4 16 0.582924
4 17 0.625727
4 18 0.499880
4 19 0.500002
4 20 0.528274
4 21 0.472586
4 23 0.591049
4 24 0.518277
4 25 0.498366
5 1 0.551472
5 2 0.836740
5 3 0.610801
5 4 0.511379
5 5 0.552501
5 6 0.559039
5 7 0.521754
5 8 0.549608
5 9 0.503126
5 10 0.512067
5 11 0.532479
5 12 0.524394
5 13 0.560521
5 14 0.487154
5 15 0.533310
5 16 0.613001
5 17 0.610801
5 18 0.627665
5 19 0.500001
5 20 0.649317
5 21 0.686321
5 22 0.511379
5 23 0.668529
5 24 0.561732
5 25 0.553820
6 1 0.516306
6 2 0.005267
6 3 0.941425
6 4 0.669821
6 5 0.559039
6 6 1.000000
6 7 0.689795
6 8 0.402804
6 9 0.610484
6 10 0.490003
6 11 0.968855
6 12 0.406046
6 13 0.625761
6 14 1.000000
6 15 0.803076
6 16 0.789034
6 17 0.941425
6 18 0.404337
6 19 0.500001
6 20 0.819321
6 21 0.951611
6 22 0.669821
6 23 0.479812
6 24 0.571285
6 25 0.540282
6 26 0.588692
7 1 0.522800
7 2 0.690949
7 3 0.532431
7 4 0.499924
7 5 0.521754
7 6 0.689795
7 7 0.523580
7 8 0.512553
7 9 0.486389
7 10 0.508195
7 11 0.535556
7 12 0.497856
7 13 0.528863
7 14 0.545570
7 15 0.542156
7 16 0.522905
7 17 0.532431
7 18 0.547694
7 19 0.500000
7 20 0.590175
7 21 0.609619
7 22 0.499924
7 23 0.560978
7 24 0.524570
7 25 0.523590
7 26 0.552392
8 1 0.538947
8 2 0.792225
8 3 0.761965
8 4 0.543873
8 5 0.549608
8 6 0.402804
8 7 0.512553
8 8 0.631677
8 9 0.588083
8 10 0.512257
8 11 0.568420
8 12 0.573202
8 13 0.546470
8 14 0.655985
8 15 0.581399
8 16 0.733058
8 17 0.761965
8 18 0.591277
8 19 0.500001
8 20 0.680435
8 21 0.694429
8 22 0.543873
8 23 0.775838
8 24 0.560305
8 25 0.530996
8 26 0.597010
9 1 0.486539
9 2 0.313140
9 3 0.785310
9 4 0.571573
9 5 0.503126
9 6 0.610484
9 7 0.486389
9 8 0.588083
9 9 0.668972
9 10 0.515393
9 11 0.636615
9 12 0.571607
9 13 0.494230
9 14 0.907723
9 15 0.602734
9 16 0.725576
9 17 0.785310
9 18 0.478806
9 19 0.500004
9 20 0.577025
9 21 0.599083
9 22 0.571573
9 23 0.757945
9 24 0.508837
9 25 0.480955
10 1 0.512882
10 2 0.628614
10 3 0.549179
10 4 0.504711
10 5 0.512067
10 6 0.490003
10 7 0.508195
10 8 0.512257
10 9 0.515393
10 10 0.514789
10 11 0.528579
10 12 0.504410
10 13 0.518732
10 14 0.537282
10 15 0.552678
10 16 0.529368
10 17 0.549179
10 18 0.530268
10 19 0.500001
10 20 0.558130
10 21 0.573147
10 22 0.504711
10 23 0.592468
10 24 0.514181
10 25 0.513650
10 26 0.532221
11 1 0.524901
11 2 0.387740
11 3 0.846444
11 4 0.555950
11 5 0.532479
11 6 0.968855
11 7 0.535556
11 8 0.568420
11 9 0.636615
11 10 0.528579
11 11 0.826130
11 12 0.527022
11 13 0.542446
11 14 0.973260
11 15 0.574193
11 16 0.740578
11 17 0.846444
11 18 0.587175
11 19 0.500004
11 20 0.701659
11 21 0.913466
11 22 0.555950
11 23 0.897445
11 24 0.542927
11 25 0.527071
12 1 0.519477
12 2 0.569521
12 3 0.657428
12 4 0.539553
12 5 0.524394
12 6 0.406046
12 7 0.497856
12 8 0.573202
12 9 0.571607
12 10 0.504410
12 11 0.527022
12 12 0.590042
12 13 0.524476
12 14 0.642164
12 15 0.517821
12 16 0.709029
12 17 0.657428
12 18 0.539654
12 19 0.500000
12 20 0.597252
12 21 0.669088
12 22 0.539553
12 23 0.665599
12 24 0.538532
12 25 0.519403
12 26 0.557158
13 1 0.562321
13 2 0.877625
13 3 0.617311
13 4 0.508945
13 5 0.560521
13 6 0.625761
13 7 0.528863
13 8 0.546470
13 9 0.494230
13 10 0.518732
13 11 0.542446
13 12 0.524476
13 13 0.576279
13 14 0.529426
13 15 0.564245
13 16 0.620373
13 17 0.617311
13 18 0.646361
13 19 0.500001
13 20 0.674095
13 21 0.740270
13 22 0.508945
13 23 0.693219
13 24 0.572215
13 25 0.565988
14 1 0.441790
14 2 0.017540
14 3 0.997250
14 4 0.744161
14 5 0.487154
14 6 1.000000
14 7 0.545570
14 8 0.655985
14 9 0.907723
14 10 0.537282
14 11 0.973260
14 12 0.642164
14 13 0.529426
14 14 1.000000
14 15 0.992054
14 16 0.978414
14 17 0.997250
14 18 0.332171
14 19 0.500013
14 20 0.810399
14 21 0.992841
14 22 0.744161
14 23 0.971906
14 24 0.496603
14 25 0.406235
15 1 0.520571
15 2 0.964687
15 3 0.749070
15 4 0.543000
15 5 0.533310
15 6 0.803076
15 7 0.542156
15 8 0.581399
15 9 0.602734
15 10 0.552678
15 11 0.574193
15 12 0.517821
15 13 0.564245
15 14 0.992054
15 15 0.962634
15 16 0.611111
15 17 0.749070
15 18 0.466195
15 19 0.500003
15 20 0.721672
15 21 0.629193
15 22 0.543000
15 23 0.638094
15 24 0.530960
15 25 0.499662
15 26 0.556355
16 1 0.596111
16 2 0.803570
16 3 0.958735
16 4 0.582924
16 5 0.613001
16 6 0.789034
16 7 0.522905
16 8 0.733058
16 9 0.725576
16 10 0.529368
16 11 0.740578
16 12 0.709029
16 13 0.620373
16 14 0.978414
16 15 0.611111
16 16 0.968627
16 17 0.958735
16 18 0.755088
16 19 0.500002
16 20 0.887077
16 21 0.983984
16 22 0.582924
16 23 0.972817
16 24 0.646052
16 25 0.604005
16 26 0.743124
17 1 0.585085
17 2 0.815084
17 4 0.625727
17 5 0.610801
17 6 0.941425
17 7 0.532431
17 8 0.761965
17 9 0.785310
17 10 0.549179
17 11 0.846444
17 12 0.657428
17 13 0.617311
17 14 0.997250
17 15 0.749070
17 16 0.958735
17 17 0.981962
17 18 0.734653
17 19 0.500007
17 20 0.888162
17 21 0.975635
17 22 0.625727
17 23 0.986202
17 24 0.635847
17 25 0.574978
17 26 0.722054
18 1 0.634564
18 2 0.982017
18 3 0.734653
18 4 0.499880
18 5 0.627665
18 6 0.404337
18 7 0.547694
18 8 0.591277
18 9 0.478806
18 10 0.530268
18 11 0.587175
18 12 0.539654
18 13 0.646361
18 14 0.332171
18 15 0.466195
18 16 0.755088
18 17 0.734653
18 18 0.832826
18 19 0.500003
18 20 0.814647
18 21 0.914881
18 22 0.499880
18 23 0.892888
18 24 0.647043
18 25 0.646081
19 1 0.500001
19 2 0.500005
19 3 0.500007
19 4 0.500002
19 5 0.500001
19 6 0.500001
19 7 0.500000
19 8 0.500001
19 9 0.500004
19 10 0.500001
19 11 0.500004
19 12 0.500000
19 13 0.500001
19 14 0.500013
19 15 0.500003
19 16 0.500002
19 17 0.500007
19 18 0.500003
19 19 0.500000
19 20 0.500002
19 21 0.499999
19 22 0.500002
19 23 0.500009
19 24 0.500001
19 25 0.500000
19 26 0.500002
20 1 0.643248
20 2 0.990921
20 3 0.888162
20 4 0.528274
20 5 0.649317
20 6 0.819321
20 7 0.590175
20 8 0.680435
20 9 0.577025
20 10 0.558130
20 11 0.701659
20 12 0.597252
20 13 0.674095
20 14 0.810399
20 15 0.721672
20 16 0.887077
20 17 0.888162
20 18 0.814647
20 19 0.500002
20 20 0.931317
20 21 0.977442
20 22 0.528274
20 23 0.949460
20 24 0.671673
20 25 0.650883
20 26 0.806755
21 1 0.703130
21 2 0.978666
21 3 0.975635
21 4 0.472586
21 5 0.686321
21 6 0.951611
21 7 0.609619
21 8 0.694429
21 9 0.599083
21 10 0.573147
21 11 0.913466
21 12 0.669088
21 13 0.740270
21 14 0.992841
21 15 0.629193
21 16 0.983984
21 17 0.975635
21 18 0.914881
21 19 0.499999
21 20 0.977442
21 21 0.999969
21 22 0.472586
21 23 0.997594
21 24 0.727331
21 25 0.731930
21 26 0.895728
22 1 0.503661
22 2 0.487367
22 3 0.625727
22 5 0.511379
22 6 0.669821
22 7 0.499924
22 8 0.543873
22 9 0.571573
22 10 0.504711
22 11 0.555950
22 12 0.539553
22 13 0.508945
22 14 0.744161
22 15 0.543000
22 16 0.582924
22 17 0.625727
22 18 0.499880
22 19 0.500002
22 20 0.528274
22 21 0.472586
22 22 0.555877
22 23 0.591049
22 24 0.518277
22 25 0.498366
22 26 0.519761
23 1 0.665589
23 2 0.979021
23 3 0.986202
23 4 0.591049
23 5 0.668529
23 6 0.479812
23 7 0.560978
23 8 0.775838
23 9 0.757945
23 10 0.592468
23 11 0.897445
23 12 0.665599
23 13 0.693219
23 14 0.971906
23 15 0.638094
23 16 0.972817
23 17 0.986202
23 18 0.892888
23 19 0.500009
23 20 0.949460
23 21 0.997594
23 22 0.591049
23 23 0.998361
23 24 0.702954
23 25 0.672049
23 26 0.856029
24 1 0.561040
24 2 0.861533
24 3 0.635847
24 4 0.518277
24 5 0.561732
24 6 0.571285
24 7 0.524570
24 8 0.560305
24 9 0.508837
24 10 0.514181
24 11 0.542927
24 12 0.538532
24 13 0.572215
24 14 0.496603
24 15 0.530960
24 16 0.646052
24 17 0.635847
24 18 0.647043
24 19 0.500001
24 20 0.671673
24 21 0.727331
24 22 0.518277
24 23 0.702954
24 24 0.574983
24 25 0.564051
25 1 0.557292
25 2 0.840160
25 3 0.574978
25 4 0.498366
25 5 0.553820
25 6 0.540282
25 7 0.523590
25 8 0.530996
25 9 0.480955
25 10 0.513650
25 11 0.527071
25 12 0.519403
25 13 0.565988
25 14 0.406235
25 15 0.499662
25 16 0.604005
25 17 0.574978
25 18 0.646081
25 19 0.500000
25 20 0.650883
25 21 0.731930
25 22 0.498366
25 23 0.672049
25 24 0.564051
25 25 0.564064
26 2 0.980587
26 6 0.588692
26 7 0.552392
26 8 0.597010
26 10 0.532221
26 12 0.557158
26 15 0.556355
26 16 0.743124
26 17 0.722054
26 19 0.500002
26 20 0.806755
26 21 0.895728
26 22 0.519761
26 23 0.856029
26 26 0.780740
