1 26 0.757695
3 17 0.848315
3 26 0.896665
4 22 0.600297
4 26 0.785227
5 26 0.605823
9 26 0.780506
11 26 0.806146
13 26 0.584021
14 26 0.944138
17 3 0.848315
18 26 0.792811
22 4 0.600297
24 26 0.602611
25 26 0.759288
26 1 0.757695
26 3 0.896665
26 4 0.785227
26 5 0.605823
26 9 0.780506
26 11 0.806146
26 13 0.584021
26 14 0.944138
26 18 0.792811
26 24 0.602611
26 25 0.759288
1 1 0.617433
1 2 0.908359
1 3 0.702042
1 4 0.629039
1 5 0.540661
1 6 0.966927
1 7 0.525473
1 8 0.539729
1 9 0.629255
1 10 0.512192
1 11 0.642007
1 12 0.582353
1 13 0.533760
1 14 0.767815
1 15 0.720078
1 16 0.621633
1 17 0.665769
1 18 0.618723
1 19 0.500003
1 20 0.621767
1 21 0.925380
1 22 0.571075
1 23 0.733999
1 24 0.536206
1 25 0.618663
2 1 0.908359
2 2 1.000000
2 3 0.972909
2 4 0.918780
2 5 0.684268
2 6 0.999999
2 7 0.674379
2 8 0.679688
2 9 0.929709
2 10 0.568359
2 11 0.940772
2 12 0.760950
2 13 0.621323
2 14 0.995415
2 15 0.987736
2 16 0.796116
2 17 0.940565
2 18 0.911821
2 19 0.500008
2 20 0.833325
2 21 0.999998
2 22 0.793598
2 23 0.998305
2 24 0.717672
2 25 0.907790
2 26 0.995615
3 1 0.702042
3 2 0.972909
3 3 0.873925
3 4 0.740772
3 5 0.603604
3 6 0.999438
3 7 0.557645
3 8 0.630147
3 9 0.723787
3 10 0.514202
3 11 0.753344
3 12 0.675339
3 13 0.577174
3 14 0.890431
3 15 0.856682
3 16 0.779896
3 18 0.768018
3 19 0.500010
3 20 0.699142
3 21 0.992326
3 22 0.653884
3 23 0.933187
3 24 0.598058
3 25 0.703583
4 1 0.629039
4 2 0.918780
4 3 0.740772
4 4 0.658441
4 5 0.561133
4 6 0.988779
4 7 0.531780
4 8 0.563422
4 9 0.640741
4 10 0.511115
4 11 0.657941
4 12 0.605948
4 13 0.548096
4 14 0.787991
4 15 0.741144
4 16 0.667534
4 17 0.708642
4 18 0.677190
4 19 0.500005
4 20 0.648742
4 21 0.947896
4 23 0.806290
4 24 0.552158
4 25 0.629335
5 1 0.540661
5 2 0.684268
5 3 0.603604
5 4 0.561133
5 5 0.604876
5 6 0.846180
5 7 0.518628
5 8 0.536214
5 9 0.552425
5 10 0.499568
5 11 0.568295
5 12 0.549314
5 13 0.515957
5 14 0.574196
5 15 0.537877
5 16 0.562433
5 17 0.596778
5 18 0.657622
5 19 0.500004
5 20 0.502805
5 21 0.757996
5 22 0.544392
5 23 0.688967
5 24 0.528802
5 25 0.542648
6 1 0.966927
6 2 0.999999
6 3 0.999438
6 4 0.988779
6 5 0.846180
6 6 1.000000
6 7 0.754861
6 8 0.933742
6 9 0.976159
6 10 0.514956
6 11 0.985551
6 12 0.963380
6 13 0.770350
6 14 0.999571
6 15 0.999707
6 16 0.995478
6 17 0.998875
6 18 0.998962
6 19 0.500043
6 20 0.985378
6 21 1.000000
6 22 0.957256
6 23 0.999997
6 24 0.862137
6 25 0.960973
6 26 0.999809
7 1 0.525473
7 2 0.674379
7 3 0.557645
7 4 0.531780
7 5 0.518628
7 6 0.754861
7 7 0.523586
7 8 0.535952
7 9 0.532225
7 10 0.495692
7 11 0.537367
7 12 0.520791
7 13 0.505993
7 14 0.535844
7 15 0.572272
7 16 0.527975
7 17 0.556936
7 18 0.549896
7 19 0.500001
7 20 0.504559
7 21 0.713525
7 22 0.525222
7 23 0.692640
7 24 0.527547
7 25 0.520939
7 26 0.567151
8 1 0.539729
8 2 0.679688
8 3 0.630147
8 4 0.563422
8 5 0.536214
8 6 0.933742
8 7 0.535952
8 8 0.605051
8 9 0.550813
8 10 0.488975
8 11 0.569644
8 12 0.552654
8 13 0.521798
8 14 0.551992
8 15 0.647349
8 16 0.615594
8 17 0.638179
8 18 0.599598
8 19 0.500003
8 20 0.515652
8 21 0.817632
8 22 0.556571
8 23 0.833008
8 24 0.560655
8 25 0.532672
8 26 0.619806
9 1 0.629255
9 2 0.929709
9 3 0.723787
9 4 0.640741
9 5 0.552425
9 6 0.976159
9 7 0.532225
9 8 0.550813
9 9 0.648498
9 10 0.509866
9 11 0.659574
9 12 0.583464
9 13 0.531383
9 14 0.783986
9 15 0.742524
9 16 0.624374
9 17 0.686629
9 18 0.634677
9 19 0.500004
9 20 0.608087
9 21 0.944171
9 22 0.577666
9 23 0.769105
9 24 0.544363
9 25 0.627317
10 1 0.512192
10 2 0.568359
10 3 0.514202
10 4 0.511115
10 5 0.499568
10 6 0.514956
10 7 0.495692
10 8 0.488975
10 9 0.509866
10 10 0.509703
10 11 0.510603
10 12 0.501368
10 13 0.501774
10 14 0.546513
10 15 0.507767
10 16 0.507823
10 17 0.505775
10 18 0.496635
10 19 0.500000
10 20 0.524148
10 21 0.541144
10 22 0.501992
10 23 0.468232
10 24 0.498456
10 25 0.515023
10 26 0.526128
11 1 0.642007
11 2 0.940772
11 3 0.753344
11 4 0.657941
11 5 0.568295
11 6 0.985551
11 7 0.537367
11 8 0.569644
11 9 0.659574
11 10 0.510603
11 11 0.683844
11 12 0.607970
11 13 0.546261
11 14 0.800464
11 15 0.765390
11 16 0.670466
11 17 0.717471
11 18 0.661010
11 19 0.500004
11 20 0.630620
11 21 0.960433
11 22 0.590403
11 23 0.816417
11 24 0.559618
11 25 0.645048
12 1 0.582353
12 2 0.760950
12 3 0.675339
12 4 0.605948
12 5 0.549314
12 6 0.963380
12 7 0.520791
12 8 0.552654
12 9 0.583464
12 10 0.501368
12 11 0.607970
12 12 0.613870
12 13 0.538618
12 14 0.683395
12 15 0.682493
12 16 0.662358
12 17 0.657614
12 18 0.630804
12 19 0.500004
12 20 0.629309
12 21 0.887501
12 22 0.570197
12 23 0.763392
12 24 0.540452
12 25 0.586345
12 26 0.695754
13 1 0.533760
13 2 0.621323
13 3 0.577174
13 4 0.548096
13 5 0.515957
13 6 0.770350
13 7 0.505993
13 8 0.521798
13 9 0.531383
13 10 0.501774
13 11 0.546261
13 12 0.538618
13 13 0.535742
13 14 0.583181
13 15 0.566389
13 16 0.565501
13 17 0.567599
13 18 0.547774
13 19 0.500001
13 20 0.564610
13 21 0.622425
13 22 0.531781
13 23 0.587706
13 24 0.511110
13 25 0.541329
14 1 0.767815
14 2 0.995415
14 3 0.890431
14 4 0.787991
14 5 0.574196
14 6 0.999571
14 7 0.535844
14 8 0.551992
14 9 0.783986
14 10 0.546513
14 11 0.800464
14 12 0.683395
14 13 0.583181
14 14 0.963131
14 15 0.896987
14 16 0.775304
14 17 0.835524
14 18 0.743112
14 19 0.500009
14 20 0.805426
14 21 0.997091
14 22 0.660874
14 23 0.823442
14 24 0.555866
14 25 0.773205
15 1 0.720078
15 2 0.987736
15 3 0.856682
15 4 0.741144
15 5 0.537877
15 6 0.999707
15 7 0.572272
15 8 0.647349
15 9 0.742524
15 10 0.507767
15 11 0.765390
15 12 0.682493
15 13 0.566389
15 14 0.896987
15 15 0.924018
15 16 0.777352
15 17 0.820664
15 18 0.682374
15 19 0.500005
15 20 0.746723
15 21 0.996158
15 22 0.650071
15 23 0.952214
15 24 0.608375
15 25 0.710916
15 26 0.907299
16 1 0.621633
16 2 0.796116
16 3 0.779896
16 4 0.667534
16 5 0.562433
16 6 0.995478
16 7 0.527975
16 8 0.615594
16 9 0.624374
16 10 0.507823
16 11 0.670466
16 12 0.662358
16 13 0.565501
16 14 0.775304
16 15 0.777352
16 16 0.808848
16 17 0.762045
16 18 0.688634
16 19 0.500010
16 20 0.693652
16 21 0.962103
16 22 0.614972
16 23 0.849531
16 24 0.585112
16 25 0.625981
16 26 0.786857
17 1 0.665769
17 2 0.940565
17 4 0.708642
17 5 0.596778
17 6 0.998875
17 7 0.556936
17 8 0.638179
17 9 0.686629
17 10 0.505775
17 11 0.717471
17 12 0.657614
17 13 0.567599
17 14 0.835524
17 15 0.820664
17 16 0.762045
17 17 0.831370
17 18 0.757623
17 19 0.500010
17 20 0.655753
17 21 0.985189
17 22 0.640051
17 23 0.934437
17 24 0.599128
17 25 0.665312
17 26 0.857729
18 1 0.618723
18 2 0.911821
18 3 0.768018
18 4 0.677190
18 5 0.657622
18 6 0.998962
18 7 0.549896
18 8 0.599598
18 9 0.634677
18 10 0.496635
18 11 0.661010
18 12 0.630804
18 13 0.547774
18 14 0.743112
18 15 0.682374
18 16 0.688634
18 17 0.757623
18 18 0.917546
18 19 0.500012
18 20 0.599993
18 21 0.977157
18 22 0.641270
18 23 0.879815
18 24 0.577873
18 25 0.618503
19 1 0.500003
19 2 0.500008
19 3 0.500010
19 4 0.500005
19 5 0.500004
19 6 0.500043
19 7 0.500001
19 8 0.500003
19 9 0.500004
19 10 0.500000
19 11 0.500004
19 12 0.500004
19 13 0.500001
19 14 0.500009
19 15 0.500005
19 16 0.500010
19 17 0.500010
19 18 0.500012
19 19 0.500000
19 20 0.500003
19 21 0.500026
19 22 0.500004
19 23 0.500013
19 24 0.500003
19 25 0.500003
19 26 0.500009
20 1 0.621767
20 2 0.833325
20 3 0.699142
20 4 0.648742
20 5 0.502805
20 6 0.985378
20 7 0.504559
20 8 0.515652
20 9 0.608087
20 10 0.524148
20 11 0.630620
20 12 0.629309
20 13 0.564610
20 14 0.805426
20 15 0.746723
20 16 0.693652
20 17 0.655753
20 18 0.599993
20 19 0.500003
20 20 0.780688
20 21 0.910888
20 22 0.589791
20 23 0.635717
20 24 0.516013
20 25 0.630045
20 26 0.761804
21 1 0.925380
21 2 0.999998
21 3 0.992326
21 4 0.947896
21 5 0.757996
21 6 1.000000
21 7 0.713525
21 8 0.817632
21 9 0.944171
21 10 0.541144
21 11 0.960433
21 12 0.887501
21 13 0.622425
21 14 0.997091
21 15 0.996158
21 16 0.962103
21 17 0.985189
21 18 0.977157
21 19 0.500026
21 20 0.910888
21 21 1.000000
21 22 0.857603
21 23 0.999851
21 24 0.790754
21 25 0.916666
21 26 0.998073
22 1 0.571075
22 2 0.793598
22 3 0.653884
22 5 0.544392
22 6 0.957256
22 7 0.525222
22 8 0.556571
22 9 0.577666
22 10 0.501992
22 11 0.590403
22 12 0.570197
22 13 0.531781
22 14 0.660874
22 15 0.650071
22 16 0.614972
22 17 0.640051
22 18 0.641270
22 19 0.500004
22 20 0.589791
22 21 0.857603
22 22 0.573112
22 23 0.763908
22 24 0.542794
22 25 0.568737
22 26 0.676555
23 1 0.733999
23 2 0.998305
23 3 0.933187
23 4 0.806290
23 5 0.688967
23 6 0.999997
23 7 0.692640
23 8 0.833008
23 9 0.769105
23 10 0.468232
23 11 0.816417
23 12 0.763392
23 13 0.587706
23 14 0.823442
23 15 0.952214
23 16 0.849531
23 17 0.934437
23 18 0.879815
23 19 0.500013
23 20 0.635717
23 21 0.999851
23 22 0.763908
23 23 0.999810
23 24 0.768343
23 25 0.708698
23 26 0.941291
24 1 0.536206
24 2 0.717672
24 3 0.598058
24 4 0.552158
24 5 0.528802
24 6 0.862137
24 7 0.527547
24 8 0.560655
24 9 0.544363
24 10 0.498456
24 11 0.559618
24 12 0.540452
24 13 0.511110
24 14 0.555866
24 15 0.608375
24 16 0.585112
24 17 0.599128
24 18 0.577873
24 19 0.500003
24 20 0.516013
24 21 0.790754
24 22 0.542794
24 23 0.768343
24 24 0.555196
24 25 0.532679
25 1 0.618663
25 2 0.907790
25 3 0.703583
25 4 0.629335
25 5 0.542648
25 6 0.960973
25 7 0.520939
25 8 0.532672
25 9 0.627317
25 10 0.515023
25 11 0.645048
25 12 0.586345
25 13 0.541329
25 14 0.773205
25 15 0.710916
25 16 0.625981
25 17 0.665312
25 18 0.618503
25 19 0.500003
25 20 0.630045
25 21 0.916666
25 22 0.568737
25 23 0.708698
25 24 0.532679
25 25 0.625334
26 2 0.995615
26 6 0.999809
26 7 0.567151
26 8 0.619806
26 10 0.526128
26 12 0.695754
26 15 0.907299
26 16 0.786857
26 17 0.857729
26 19 0.500009
26 20 0.761804
26 21 0.998073
26 22 0.676555
26 23 0.941291
26 26 0.941711
