1 26 0.546520
3 17 0.825690
3 26 0.897643
4 22 0.552860
4 26 0.744322
5 26 0.769138
9 26 0.807822
11 26 0.804988
13 26 0.741652
14 26 0.999990
17 3 0.825690
18 26 0.877467
22 4 0.552860
24 26 0.825080
25 26 0.650789
26 1 0.546520
26 3 0.897643
26 4 0.744322
26 5 0.769138
26 9 0.807822
26 11 0.804988
26 13 0.741652
26 14 0.999990
26 18 0.877467
26 24 0.825080
26 25 0.650789
1 1 0.506288
1 2 0.624040
1 3 0.528104
1 4 0.516820
1 5 0.517235
1 6 0.622151
1 7 0.506302
1 8 0.525991
1 9 0.521782
1 10 0.507401
1 11 0.523634
1 12 0.517916
1 13 0.517740
1 14 0.672958
1 15 0.539611
1 16 0.570660
1 17 0.540635
1 18 0.535620
1 19 0.500001
1 20 0.549760
1 21 0.561913
1 22 0.508560
1 23 0.573830
1 24 0.522204
1 25 0.510030
2 1 0.624040
2 2 1.000000
2 3 0.972136
2 4 0.880120
2 5 0.875257
2 6 0.999996
2 7 0.708061
2 8 0.955283
2 9 0.919074
2 10 0.701024
2 11 0.914605
2 12 0.873338
2 13 0.890690
2 14 1.000000
2 15 0.988203
2 16 0.999699
2 17 0.966474
2 18 0.981857
2 19 0.500012
2 20 0.995957
2 21 0.999712
2 22 0.759597
2 23 0.997584
2 24 0.923239
2 25 0.795305
2 26 0.995908
3 1 0.528104
3 2 0.972136
3 3 0.837821
3 4 0.676992
3 5 0.703577
3 6 0.992331
3 7 0.587365
3 8 0.748458
3 9 0.734381
3 10 0.529092
3 11 0.725785
3 12 0.673573
3 13 0.672407
3 14 0.999526
3 15 0.883537
3 16 0.960420
3 18 0.795106
3 19 0.500002
3 20 0.880528
3 21 0.966848
3 22 0.584260
3 23 0.958784
3 24 0.751815
3 25 0.592423
4 1 0.516820
4 2 0.880120
4 3 0.676992
4 4 0.598656
4 5 0.598477
4 6 0.930343
4 7 0.539039
4 8 0.628530
4 9 0.620679
4 10 0.517983
4 11 0.619805
4 12 0.578747
4 13 0.590948
4 14 0.975846
4 15 0.704552
4 16 0.815863
4 17 0.702513
4 18 0.676099
4 19 0.500001
4 20 0.722886
4 21 0.843511
4 23 0.811151
4 24 0.632880
4 25 0.557444
5 1 0.517235
5 2 0.875257
5 3 0.703577
5 4 0.598477
5 5 0.621792
5 6 0.947312
5 7 0.548650
5 8 0.655857
5 9 0.638538
5 10 0.516170
5 11 0.640228
5 12 0.619121
5 13 0.599808
5 14 0.990216
5 15 0.745584
5 16 0.855034
5 17 0.720975
5 18 0.675958
5 19 0.500001
5 20 0.764191
5 21 0.866460
5 22 0.544129
5 23 0.849987
5 24 0.647984
5 25 0.556466
6 1 0.622151
6 2 0.999996
6 3 0.992331
6 4 0.930343
6 5 0.947312
6 6 1.000000
6 7 0.748414
6 8 0.985997
6 9 0.970682
6 10 0.638885
6 11 0.967955
6 12 0.931341
6 13 0.930393
6 14 1.000000
6 15 0.998223
6 16 0.999991
6 17 0.999001
6 18 0.991216
6 19 0.500006
6 20 0.999116
6 21 0.999980
6 22 0.792774
6 23 0.999957
6 24 0.978036
6 25 0.839587
6 26 0.999406
7 1 0.506302
7 2 0.708061
7 3 0.587365
7 4 0.539039
7 5 0.548650
7 6 0.748414
7 7 0.522703
7 8 0.565614
7 9 0.556640
7 10 0.509522
7 11 0.554230
7 12 0.548426
7 13 0.540947
7 14 0.870877
7 15 0.611729
7 16 0.668653
7 17 0.583427
7 18 0.570789
7 19 0.500000
7 20 0.620761
7 21 0.674309
7 22 0.517838
7 23 0.631236
7 24 0.559430
7 25 0.523951
7 26 0.618006
8 1 0.525991
8 2 0.955283
8 3 0.748458
8 4 0.628530
8 5 0.655857
8 6 0.985997
8 7 0.565614
8 8 0.756728
8 9 0.674274
8 10 0.540824
8 11 0.666098
8 12 0.658581
8 13 0.644416
8 14 0.998548
8 15 0.837471
8 16 0.935673
8 17 0.765110
8 18 0.714422
8 19 0.500001
8 20 0.831131
8 21 0.899883
8 22 0.567258
8 23 0.900449
8 24 0.686508
8 25 0.558686
8 26 0.828838
9 1 0.521782
9 2 0.919074
9 3 0.734381
9 4 0.620679
9 5 0.638538
9 6 0.970682
9 7 0.556640
9 8 0.674274
9 9 0.663370
9 10 0.522188
9 11 0.662601
9 12 0.625331
9 13 0.619359
9 14 0.995358
9 15 0.779406
9 16 0.889081
9 17 0.760271
9 18 0.714868
9 19 0.500002
9 20 0.797047
9 21 0.900047
9 22 0.557514
9 23 0.881164
9 24 0.674711
9 25 0.572594
10 1 0.507401
10 2 0.701024
10 3 0.529092
10 4 0.517983
10 5 0.516170
10 6 0.638885
10 7 0.509522
10 8 0.540824
10 9 0.522188
10 10 0.517355
10 11 0.517595
10 12 0.515628
10 13 0.524855
10 14 0.736717
10 15 0.561152
10 16 0.592700
10 17 0.518354
10 18 0.533944
10 19 0.500001
10 20 0.560245
10 21 0.541701
10 22 0.513307
10 23 0.557504
10 24 0.519884
10 25 0.508222
10 26 0.551061
11 1 0.523634
11 2 0.914605
11 3 0.725785
11 4 0.619805
11 5 0.640228
11 6 0.967955
11 7 0.554230
11 8 0.666098
11 9 0.662601
11 10 0.517595
11 11 0.679330
11 12 0.640216
11 13 0.620474
11 14 0.995369
11 15 0.756907
11 16 0.875448
11 17 0.775625
11 18 0.716971
11 19 0.500002
11 20 0.795340
11 21 0.895841
11 22 0.552999
11 23 0.887672
11 24 0.673997
11 25 0.581420
12 1 0.517916
12 2 0.873338
12 3 0.673573
12 4 0.578747
12 5 0.619121
12 6 0.931341
12 7 0.548426
12 8 0.658581
12 9 0.625331
12 10 0.515628
12 11 0.640216
12 12 0.664770
12 13 0.588284
12 14 0.991529
12 15 0.700977
12 16 0.829153
12 17 0.716033
12 18 0.639236
12 19 0.500001
12 20 0.789576
12 21 0.854330
12 22 0.529448
12 23 0.807186
12 24 0.630254
12 25 0.563413
12 26 0.744279
13 1 0.517740
13 2 0.890690
13 3 0.672407
13 4 0.590948
13 5 0.599808
13 6 0.930393
13 7 0.540947
13 8 0.644416
13 9 0.619359
13 10 0.524855
13 11 0.620474
13 12 0.588284
13 13 0.599683
13 14 0.984861
13 15 0.731662
13 16 0.830472
13 17 0.679722
13 18 0.659488
13 19 0.500002
13 20 0.727529
13 21 0.805820
13 22 0.548123
13 23 0.824133
13 24 0.626809
13 25 0.551076
14 1 0.672958
14 2 1.000000
14 3 0.999526
14 4 0.975846
14 5 0.990216
14 6 1.000000
14 7 0.870877
14 8 0.998548
14 9 0.995358
14 10 0.736717
14 11 0.995369
14 12 0.991529
14 13 0.984861
14 14 1.000000
14 15 0.999957
14 16 1.000000
14 17 0.999821
14 18 0.998773
14 19 0.500013
14 20 0.999986
14 21 1.000000
14 22 0.865398
14 23 0.999999
14 24 0.995916
14 25 0.939866
15 1 0.539611
15 2 0.988203
15 3 0.883537
15 4 0.704552
15 5 0.745584
15 6 0.998223
15 7 0.611729
15 8 0.837471
15 9 0.779406
15 10 0.561152
15 11 0.756907
15 12 0.700977
15 13 0.731662
15 14 0.999957
15 15 0.967672
15 16 0.986865
15 17 0.842799
15 18 0.823839
15 19 0.500005
15 20 0.927004
15 21 0.972995
15 22 0.601027
15 23 0.988735
15 24 0.789184
15 25 0.567384
15 26 0.935047
16 1 0.570660
16 2 0.999699
16 3 0.960420
16 4 0.815863
16 5 0.855034
16 6 0.999991
16 7 0.668653
16 8 0.935673
16 9 0.889081
16 10 0.592700
16 11 0.875448
16 12 0.829153
16 13 0.830472
16 14 1.000000
16 15 0.986865
16 16 0.999354
16 17 0.965625
16 18 0.937627
16 19 0.500005
16 20 0.985322
16 21 0.998078
16 22 0.675004
16 23 0.998663
16 24 0.904501
16 25 0.676544
16 26 0.988762
17 1 0.540635
17 2 0.966474
17 4 0.702513
17 5 0.720975
17 6 0.999001
17 7 0.583427
17 8 0.765110
17 9 0.760271
17 10 0.518354
17 11 0.775625
17 12 0.716033
17 13 0.679722
17 14 0.999821
17 15 0.842799
17 16 0.965625
17 17 0.940148
17 18 0.846551
17 19 0.500001
17 20 0.906315
17 21 0.980590
17 22 0.592452
17 23 0.956423
17 24 0.785194
17 25 0.655275
17 26 0.914969
18 1 0.535620
18 2 0.981857
18 3 0.795106
18 4 0.676099
18 5 0.675958
18 6 0.991216
18 7 0.570789
18 8 0.714422
18 9 0.714868
18 10 0.533944
18 11 0.716971
18 12 0.639236
18 13 0.659488
18 14 0.998773
18 15 0.823839
18 16 0.937627
18 17 0.846551
18 18 0.818734
18 19 0.500002
18 20 0.847918
18 21 0.960263
18 22 0.588209
18 23 0.928446
18 24 0.731843
18 25 0.609229
19 1 0.500001
19 2 0.500012
19 3 0.500002
19 4 0.500001
19 5 0.500001
19 6 0.500006
19 7 0.500000
19 8 0.500001
19 9 0.500002
19 10 0.500001
19 11 0.500002
19 12 0.500001
19 13 0.500002
19 14 0.500013
19 15 0.500005
19 16 0.500005
19 17 0.500001
19 18 0.500002
19 19 0.500000
19 20 0.500005
19 21 0.500000
19 22 0.500001
19 23 0.500012
19 24 0.500002
19 25 0.500001
19 26 0.500004
20 1 0.549760
20 2 0.995957
20 3 0.880528
20 4 0.722886
20 5 0.764191
20 6 0.999116
20 7 0.620761
20 8 0.831131
20 9 0.797047
20 10 0.560245
20 11 0.795340
20 12 0.789576
20 13 0.727529
20 14 0.999986
20 15 0.927004
20 16 0.985322
20 17 0.906315
20 18 0.847918
20 19 0.500005
20 20 0.965020
20 21 0.990613
20 22 0.613469
20 23 0.983159
20 24 0.808583
20 25 0.651300
20 26 0.947546
21 1 0.561913
21 2 0.999712
21 3 0.966848
21 4 0.843511
21 5 0.866460
21 6 0.999980
21 7 0.674309
21 8 0.899883
21 9 0.900047
21 10 0.541701
21 11 0.895841
21 12 0.854330
21 13 0.805820
21 14 1.000000
21 15 0.972995
21 16 0.998078
21 17 0.980590
21 18 0.960263
21 19 0.500000
21 20 0.990613
21 21 0.999888
21 22 0.691235
21 23 0.997079
21 24 0.916961
21 25 0.753171
21 26 0.990940
22 1 0.508560
22 2 0.759597
22 3 0.584260
22 5 0.544129
22 6 0.792774
22 7 0.517838
22 8 0.567258
22 9 0.557514
22 10 0.513307
22 11 0.552999
22 12 0.529448
22 13 0.548123
22 14 0.865398
22 15 0.601027
22 16 0.675004
22 17 0.592452
22 18 0.588209
22 19 0.500001
22 20 0.613469
22 21 0.691235
22 22 0.534765
22 23 0.661202
22 24 0.564292
22 25 0.529955
22 26 0.628394
23 1 0.573830
23 2 0.997584
23 3 0.958784
23 4 0.811151
23 5 0.849987
23 6 0.999957
23 7 0.631236
23 8 0.900449
23 9 0.881164
23 10 0.557504
23 11 0.887672
23 12 0.807186
23 13 0.824133
23 14 0.999999
23 15 0.988735
23 16 0.998663
23 17 0.956423
23 18 0.928446
23 19 0.500012
23 20 0.983159
23 21 0.997079
23 22 0.661202
23 23 0.999969
23 24 0.899838
23 25 0.605432
23 26 0.986077
24 1 0.522204
24 2 0.923239
24 3 0.751815
24 4 0.632880
24 5 0.647984
24 6 0.978036
24 7 0.559430
24 8 0.686508
24 9 0.674711
24 10 0.519884
24 11 0.673997
24 12 0.630254
24 13 0.626809
24 14 0.995916
24 15 0.789184
24 16 0.904501
24 17 0.785194
24 18 0.731843
24 19 0.500002
24 20 0.808583
24 21 0.916961
24 22 0.564292
24 23 0.899838
24 24 0.691181
24 25 0.578432
25 1 0.510030
25 2 0.795305
25 3 0.592423
25 4 0.557444
25 5 0.556466
25 6 0.839587
25 7 0.523951
25 8 0.558686
25 9 0.572594
25 10 0.508222
25 11 0.581420
25 12 0.563413
25 13 0.551076
25 14 0.939866
25 15 0.567384
25 16 0.676544
25 17 0.655275
25 18 0.609229
25 19 0.500001
25 20 0.651300
25 21 0.753171
25 22 0.529955
25 23 0.605432
25 24 0.578432
25 25 0.566698
26 2 0.995908
26 6 0.999406
26 7 0.618006
26 8 0.828838
26 10 0.551061
26 12 0.744279
26 15 0.935047
26 16 0.988762
26 17 0.914969
26 19 0.500004
26 20 0.947546
26 21 0.990940
26 22 0.628394
26 23 0.986077
26 26 0.955946
