1 26 0.522738
3 17 0.574507
3 26 0.633012
4 22 0.518228
4 26 0.618232
5 26 0.672200
9 26 0.582787
11 26 0.708670
13 26 0.569358
14 26 0.828443
17 3 0.574507
18 26 0.707567
22 4 0.518228
24 26 0.466099
25 26 0.656976
26 1 0.522738
26 3 0.633012
26 4 0.618232
26 5 0.672200
26 9 0.582787
26 11 0.708670
26 13 0.569358
26 14 0.828443
26 18 0.707567
26 24 0.466099
26 25 0.656976
1 1 0.503909
1 2 0.514270
1 3 0.507473
1 4 0.506252
1 5 0.506245
1 6 0.565079
1 7 0.505535
1 8 0.506567
1 9 0.508627
1 10 0.503004
1 11 0.510398
1 12 0.507797
1 13 0.505194
1 14 0.517882
1 15 0.517857
1 16 0.503272
1 17 0.506978
1 18 0.509222
1 19 0.500000
1 20 0.523504
1 21 0.525087
1 22 0.505483
1 23 0.522391
1 24 0.511014
1 25 0.504149
2 1 0.514270
2 2 0.999950
2 3 0.825350
2 4 0.745950
2 5 0.840226
2 6 0.999910
2 7 0.608539
2 8 0.547520
2 9 0.617036
2 10 0.463579
2 11 0.874459
2 12 0.594729
2 13 0.661183
2 14 0.952123
2 15 0.751558
2 16 0.833220
2 17 0.672138
2 18 0.917848
2 19 0.500008
2 20 0.198145
2 21 0.984728
2 22 0.533704
2 23 0.495228
2 24 0.344976
2 25 0.828238
2 26 0.959031
3 1 0.507473
3 2 0.825350
3 3 0.602267
3 4 0.559230
3 5 0.568811
3 6 0.910489
3 7 0.535189
3 8 0.519926
3 9 0.510677
3 10 0.496668
3 11 0.597463
3 12 0.551963
3 13 0.521870
3 14 0.610506
3 15 0.584144
3 16 0.576519
3 18 0.600613
3 19 0.500003
3 20 0.499315
3 21 0.666106
3 22 0.520896
3 23 0.543819
3 24 0.498016
3 25 0.562450
4 1 0.506252
4 2 0.745950
4 3 0.559230
4 4 0.545295
4 5 0.557074
4 6 0.850673
4 7 0.521525
4 8 0.513701
4 9 0.520025
4 10 0.499205
4 11 0.579415
4 12 0.527614
4 13 0.524513
4 14 0.598849
4 15 0.549645
4 16 0.540078
4 17 0.535433
4 18 0.572000
4 19 0.500002
4 20 0.497246
4 21 0.699031
4 23 0.552061
4 24 0.488727
4 25 0.552473
5 1 0.506245
5 2 0.840226
5 3 0.568811
5 4 0.557074
5 5 0.586839
5 6 0.880522
5 7 0.520759
5 8 0.508099
5 9 0.530930
5 10 0.495726
5 11 0.605481
5 12 0.512700
5 13 0.524926
5 14 0.660794
5 15 0.560653
5 16 0.557804
5 17 0.529425
5 18 0.605595
5 19 0.500001
5 20 0.456285
5 21 0.773288
5 22 0.514848
5 23 0.532138
5 24 0.465548
5 25 0.579831
6 1 0.565079
6 2 0.999910
6 3 0.910489
6 4 0.850673
6 5 0.880522
6 6 1.000000
6 7 0.715412
6 8 0.607945
6 9 0.651602
6 10 0.486895
6 11 0.955525
6 12 0.774398
6 13 0.759933
6 14 0.964305
6 15 0.889530
6 16 0.816734
6 17 0.819570
6 18 0.936041
6 19 0.500017
6 20 0.469595
6 21 0.999691
6 22 0.690703
6 23 0.743856
6 24 0.423895
6 25 0.859747
6 26 0.987150
7 1 0.505535
7 2 0.608539
7 3 0.535189
7 4 0.521525
7 5 0.520759
7 6 0.715412
7 7 0.529022
7 8 0.498575
7 9 0.499411
7 10 0.503269
7 11 0.539881
7 12 0.509942
7 13 0.518385
7 14 0.544742
7 15 0.529351
7 16 0.518250
7 17 0.529798
7 18 0.518038
7 19 0.500002
7 20 0.498427
7 21 0.455764
7 22 0.513040
7 23 0.471539
7 24 0.516610
7 25 0.517166
7 26 0.551707
8 1 0.506567
8 2 0.547520
8 3 0.519926
8 4 0.513701
8 5 0.508099
8 6 0.607945
8 7 0.498575
8 8 0.570931
8 9 0.531627
8 10 0.504560
8 11 0.526208
8 12 0.537566
8 13 0.520146
8 14 0.450327
8 15 0.479826
8 16 0.527491
8 17 0.521975
8 18 0.538458
8 19 0.500003
8 20 0.583129
8 21 0.605561
8 22 0.514352
8 23 0.610292
8 24 0.521991
8 25 0.504318
8 26 0.516141
9 1 0.508627
9 2 0.617036
9 3 0.510677
9 4 0.520025
9 5 0.530930
9 6 0.651602
9 7 0.499411
9 8 0.531627
9 9 0.546055
9 10 0.505769
9 11 0.532842
9 12 0.523507
9 13 0.521091
9 14 0.568539
9 15 0.529255
9 16 0.515349
9 17 0.498827
9 18 0.551055
9 19 0.500001
9 20 0.550237
9 21 0.687793
9 22 0.510286
9 23 0.601753
9 24 0.506807
9 25 0.526371
10 1 0.503004
10 2 0.463579
10 3 0.496668
10 4 0.499205
10 5 0.495726
10 6 0.486895
10 7 0.503269
10 8 0.504560
10 9 0.505769
10 10 0.504728
10 11 0.496689
10 12 0.508085
10 13 0.504748
10 14 0.501458
10 15 0.504212
10 16 0.492834
10 17 0.500673
10 18 0.494390
10 19 0.500000
10 20 0.528138
10 21 0.489386
10 22 0.503779
10 23 0.518470
10 24 0.513237
10 25 0.495751
10 26 0.502501
11 1 0.510398
11 2 0.874459
11 3 0.597463
11 4 0.579415
11 5 0.605481
11 6 0.955525
11 7 0.539881
11 8 0.526208
11 9 0.532842
11 10 0.496689
11 11 0.652800
11 12 0.522449
11 13 0.552401
11 14 0.661987
11 15 0.567360
11 16 0.570954
11 17 0.554525
11 18 0.625100
11 19 0.500004
11 20 0.470034
11 21 0.813676
11 22 0.531879
11 23 0.559623
11 24 0.473468
11 25 0.596321
12 1 0.507797
12 2 0.594729
12 3 0.551963
12 4 0.527614
12 5 0.512700
12 6 0.774398
12 7 0.509942
12 8 0.537566
12 9 0.523507
12 10 0.508085
12 11 0.522449
12 12 0.620641
12 13 0.538021
12 14 0.521372
12 15 0.532009
12 16 0.520246
12 17 0.548548
12 18 0.548976
12 19 0.500003
12 20 0.588241
12 21 0.674107
12 22 0.518677
12 23 0.656499
12 24 0.525002
12 25 0.520453
12 26 0.540766
13 1 0.505194
13 2 0.661183
13 3 0.521870
13 4 0.524513
13 5 0.524926
13 6 0.759933
13 7 0.518385
13 8 0.520146
13 9 0.521091
13 10 0.504748
13 11 0.552401
13 12 0.538021
13 13 0.595098
13 14 0.534820
13 15 0.521335
13 16 0.513716
13 17 0.508796
13 18 0.554362
13 19 0.500003
13 20 0.515287
13 21 0.575490
13 22 0.512038
13 23 0.581405
13 24 0.517577
13 25 0.532398
14 1 0.517882
14 2 0.952123
14 3 0.610506
14 4 0.598849
14 5 0.660794
14 6 0.964305
14 7 0.544742
14 8 0.450327
14 9 0.568539
14 10 0.501458
14 11 0.661987
14 12 0.521372
14 13 0.534820
14 14 0.870175
14 15 0.709850
14 16 0.580015
14 17 0.534022
14 18 0.680000
14 19 0.499999
14 20 0.426732
14 21 0.891437
14 22 0.519133
14 23 0.575365
14 24 0.453273
14 25 0.648075
15 1 0.517857
15 2 0.751558
15 3 0.584144
15 4 0.549645
15 5 0.560653
15 6 0.889530
15 7 0.529351
15 8 0.479826
15 9 0.529255
15 10 0.504212
15 11 0.567360
15 12 0.532009
15 13 0.521335
15 14 0.709850
15 15 0.772469
15 16 0.564396
15 17 0.555843
15 18 0.621186
15 19 0.499999
15 20 0.640161
15 21 0.714866
15 22 0.513033
15 23 0.731035
15 24 0.563185
15 25 0.548351
15 26 0.672145
16 1 0.503272
16 2 0.833220
16 3 0.576519
16 4 0.540078
16 5 0.557804
16 6 0.816734
16 7 0.518250
16 8 0.527491
16 9 0.515349
16 10 0.492834
16 11 0.570954
16 12 0.520246
16 13 0.513716
16 14 0.580015
16 15 0.564396
16 16 0.600042
16 17 0.547747
16 18 0.609095
16 19 0.500001
16 20 0.484343
16 21 0.623834
16 22 0.502626
16 23 0.513598
16 24 0.483942
16 25 0.552425
16 26 0.600399
17 1 0.506978
17 2 0.672138
17 4 0.535433
17 5 0.529425
17 6 0.819570
17 7 0.529798
17 8 0.521975
17 9 0.498827
17 10 0.500673
17 11 0.554525
17 12 0.548548
17 13 0.508796
17 14 0.534022
17 15 0.555843
17 16 0.547747
17 17 0.567016
17 18 0.548853
17 19 0.500002
17 20 0.531869
17 21 0.528993
17 22 0.518945
17 23 0.529357
17 24 0.521548
17 25 0.524196
17 26 0.559499
18 1 0.509222
18 2 0.917848
18 3 0.600613
18 4 0.572000
18 5 0.605595
18 6 0.936041
18 7 0.518038
18 8 0.538458
18 9 0.551055
18 10 0.494390
18 11 0.625100
18 12 0.548976
18 13 0.554362
18 14 0.680000
18 15 0.621186
18 16 0.609095
18 17 0.548853
18 18 0.679472
18 19 0.500002
18 20 0.505452
18 21 0.847372
18 22 0.512876
18 23 0.626827
18 24 0.481036
18 25 0.599399
19 1 0.500000
19 2 0.500008
19 3 0.500003
19 4 0.500002
19 5 0.500001
19 6 0.500017
19 7 0.500002
19 8 0.500003
19 9 0.500001
19 10 0.500000
19 11 0.500004
19 12 0.500003
19 13 0.500003
19 14 0.499999
19 15 0.499999
19 16 0.500001
19 17 0.500002
19 18 0.500002
19 19 0.500000
19 20 0.500002
19 21 0.500000
19 22 0.500001
19 23 0.500002
19 24 0.500003
19 25 0.500001
19 26 0.500003
20 1 0.523504
20 2 0.198145
20 3 0.499315
20 4 0.497246
20 5 0.456285
20 6 0.469595
20 7 0.498427
20 8 0.583129
20 9 0.550237
20 10 0.528138
20 11 0.470034
20 12 0.588241
20 13 0.515287
20 14 0.426732
20 15 0.640161
20 16 0.484343
20 17 0.531869
20 18 0.505452
20 19 0.500002
20 20 0.824901
20 21 0.640614
20 22 0.529343
20 23 0.850049
20 24 0.628520
20 25 0.452252
20 26 0.477463
21 1 0.525087
21 2 0.984728
21 3 0.666106
21 4 0.699031
21 5 0.773288
21 6 0.999691
21 7 0.455764
21 8 0.605561
21 9 0.687793
21 10 0.489386
21 11 0.813676
21 12 0.674107
21 13 0.575490
21 14 0.891437
21 15 0.714866
21 16 0.623834
21 17 0.528993
21 18 0.847372
21 19 0.500000
21 20 0.640614
21 21 0.999960
21 22 0.575014
21 23 0.963901
21 24 0.305494
21 25 0.770702
21 26 0.933544
22 1 0.505483
22 2 0.533704
22 3 0.520896
22 5 0.514848
22 6 0.690703
22 7 0.513040
22 8 0.514352
22 9 0.510286
22 10 0.503779
22 11 0.531879
22 12 0.518677
22 13 0.512038
22 14 0.519133
22 15 0.513033
22 16 0.502626
22 17 0.518945
22 18 0.512876
22 19 0.500001
22 20 0.529343
22 21 0.575014
22 22 0.515677
22 23 0.539496
22 24 0.510181
22 25 0.511830
22 26 0.540371
23 1 0.522391
23 2 0.495228
23 3 0.543819
23 4 0.552061
23 5 0.532138
23 6 0.743856
23 7 0.471539
23 8 0.610292
23 9 0.601753
23 10 0.518470
23 11 0.559623
23 12 0.656499
23 13 0.581405
23 14 0.575365
23 15 0.731035
23 16 0.513598
23 17 0.529357
23 18 0.626827
23 19 0.500002
23 20 0.850049
23 21 0.963901
23 22 0.539496
23 23 0.980958
23 24 0.591807
23 25 0.539026
23 26 0.631938
24 1 0.511014
24 2 0.344976
24 3 0.498016
24 4 0.488727
24 5 0.465548
24 6 0.423895
24 7 0.516610
24 8 0.521991
24 9 0.506807
24 10 0.513237
24 11 0.473468
24 12 0.525002
24 13 0.517577
24 14 0.453273
24 15 0.563185
24 16 0.483942
24 17 0.521548
24 18 0.481036
24 19 0.500003
24 20 0.628520
24 21 0.305494
24 22 0.510181
24 23 0.591807
24 24 0.601342
24 25 0.460065
25 1 0.504149
25 2 0.828238
25 3 0.562450
25 4 0.552473
25 5 0.579831
25 6 0.859747
25 7 0.517166
25 8 0.504318
25 9 0.526371
25 10 0.495751
25 11 0.596321
25 12 0.520453
25 13 0.532398
25 14 0.648075
25 15 0.548351
25 16 0.552425
25 17 0.524196
25 18 0.599399
25 19 0.500001
25 20 0.452252
25 21 0.770702
25 22 0.511830
25 23 0.539026
25 24 0.460065
25 25 0.577595
26 2 0.959031
26 6 0.987150
26 7 0.551707
26 8 0.516141
26 10 0.502501
26 12 0.540766
26 15 0.672145
26 16 0.600399
26 17 0.559499
26 19 0.500003
26 20 0.477463
26 21 0.933544
26 22 0.540371
26 23 0.631938
26 26 0.838304
