1 26 0.539944
3 17 0.771723
3 26 0.677388
4 22 0.518685
4 26 0.645312
5 26 0.650765
9 26 0.633547
11 26 0.825477
13 26 0.653271
14 26 0.856854
17 3 0.771723
18 26 0.685748
22 4 0.518685
24 26 0.614615
25 26 0.642945
26 1 0.539944
26 3 0.677388
26 4 0.645312
26 5 0.650765
26 9 0.633547
26 11 0.825477
26 13 0.653271
26 14 0.856854
26 18 0.685748
26 24 0.614615
26 25 0.642945
1 1 0.506389
1 2 0.559509
1 3 0.513453
1 4 0.512477
1 5 0.513482
1 6 0.617376
1 7 0.498930
1 8 0.511240
1 9 0.512753
1 10 0.503817
1 11 0.529517
1 12 0.514923
1 13 0.514924
1 14 0.546494
1 15 0.530640
1 16 0.520558
1 17 0.513453
1 18 0.513793
1 19 0.500001
1 20 0.521988
1 21 0.511752
1 22 0.510388
1 23 0.526133
1 24 0.511596
1 25 0.513950
2 1 0.559509
2 2 0.998868
2 3 0.704326
2 4 0.726596
2 5 0.749958
2 6 0.999915
2 7 0.469208
2 8 0.683212
2 9 0.735052
2 10 0.517082
2 11 0.898939
2 12 0.816454
2 13 0.730590
2 14 0.945179
2 15 0.981036
2 16 0.860346
2 17 0.704326
2 18 0.769812
2 19 0.500009
2 20 0.713681
2 21 0.999785
2 22 0.652205
2 23 0.961770
2 24 0.665452
2 25 0.727551
2 26 0.936740
3 1 0.513453
3 2 0.704326
3 3 0.771723
3 4 0.569521
3 5 0.561140
3 6 0.922912
3 7 0.530939
3 8 0.620825
3 9 0.558224
3 10 0.535072
3 11 0.847724
3 12 0.627242
3 13 0.563448
3 14 0.660517
3 15 0.600866
3 16 0.735845
3 18 0.596890
3 19 0.500005
3 20 0.655456
3 21 0.882547
3 22 0.606222
3 23 0.841449
3 24 0.551980
3 25 0.556367
4 1 0.512477
4 2 0.726596
4 3 0.569521
4 4 0.556306
4 5 0.555876
4 6 0.853599
4 7 0.490026
4 8 0.540403
4 9 0.549478
4 10 0.501538
4 11 0.617999
4 12 0.564605
4 13 0.556753
4 14 0.649096
4 15 0.606303
4 16 0.596028
4 17 0.569521
4 18 0.577247
4 19 0.500001
4 20 0.528713
4 21 0.771422
4 23 0.666928
4 24 0.541683
4 25 0.554735
5 1 0.513482
5 2 0.749958
5 3 0.561140
5 4 0.555876
5 5 0.559696
5 6 0.875707
5 7 0.493760
5 8 0.540468
5 9 0.551575
5 10 0.505531
5 11 0.629693
5 12 0.566300
5 13 0.557940
5 14 0.656873
5 15 0.626640
5 16 0.592039
5 17 0.561140
5 18 0.573626
5 19 0.500002
5 20 0.533831
5 21 0.784102
5 22 0.527472
5 23 0.663870
5 24 0.542034
5 25 0.554222
6 1 0.617376
6 2 0.999915
6 3 0.922912
6 4 0.853599
6 5 0.875707
6 6 1.000000
6 7 0.583959
6 8 0.884643
6 9 0.857541
6 10 0.577476
6 11 0.999483
6 12 0.889957
6 13 0.872315
6 14 0.998090
6 15 0.994498
6 16 0.978605
6 17 0.922912
6 18 0.874344
6 19 0.500030
6 20 0.897830
6 21 0.999888
6 22 0.900202
6 23 0.996887
6 24 0.796132
6 25 0.850562
6 26 0.995182
7 1 0.498930
7 2 0.469208
7 3 0.530939
7 4 0.490026
7 5 0.493760
7 6 0.583959
7 7 0.533642
7 8 0.526288
7 9 0.492449
7 10 0.517233
7 11 0.572215
7 12 0.499609
7 13 0.493487
7 14 0.478040
7 15 0.509556
7 16 0.558533
7 17 0.530939
7 18 0.488713
7 19 0.500002
7 20 0.569219
7 21 0.540258
7 22 0.543884
7 23 0.518276
7 24 0.496875
7 25 0.490402
7 26 0.486747
8 1 0.511240
8 2 0.683212
8 3 0.620825
8 4 0.540403
8 5 0.540468
8 6 0.884643
8 7 0.526288
8 8 0.588953
8 9 0.540896
8 10 0.512638
8 11 0.687105
8 12 0.551023
8 13 0.541654
8 14 0.620898
8 15 0.610241
8 16 0.670558
8 17 0.620825
8 18 0.552697
8 19 0.500002
8 20 0.609989
8 21 0.771456
8 22 0.560994
8 23 0.684017
8 24 0.534378
8 25 0.542824
8 26 0.614088
9 1 0.512753
9 2 0.735052
9 3 0.558224
9 4 0.549478
9 5 0.551575
9 6 0.857541
9 7 0.492449
9 8 0.540896
9 9 0.548754
9 10 0.500604
9 11 0.616458
9 12 0.555855
9 13 0.550389
9 14 0.647870
9 15 0.632898
9 16 0.580984
9 17 0.558224
9 18 0.561445
9 19 0.500002
9 20 0.531050
9 21 0.751812
9 22 0.523373
9 23 0.640565
9 24 0.536881
9 25 0.549458
10 1 0.503817
10 2 0.517082
10 3 0.535072
10 4 0.501538
10 5 0.505531
10 6 0.577476
10 7 0.517233
10 8 0.512638
10 9 0.500604
10 10 0.522853
10 11 0.571761
10 12 0.528251
10 13 0.505493
10 14 0.504424
10 15 0.510151
10 16 0.543893
10 17 0.535072
10 18 0.502127
10 19 0.500002
10 20 0.562656
10 21 0.536527
10 22 0.537821
10 23 0.550462
10 24 0.504587
10 25 0.499053
10 26 0.517364
11 1 0.529517
11 2 0.898939
11 3 0.847724
11 4 0.617999
11 5 0.629693
11 6 0.999483
11 7 0.572215
11 8 0.687105
11 9 0.616458
11 10 0.571761
11 11 0.991861
11 12 0.724442
11 13 0.622830
11 14 0.864794
11 15 0.784439
11 16 0.793399
11 17 0.847724
11 18 0.577058
11 19 0.500017
11 20 0.762976
11 21 0.897133
11 22 0.798534
11 23 0.928197
11 24 0.581857
11 25 0.588878
12 1 0.514923
12 2 0.816454
12 3 0.627242
12 4 0.564605
12 5 0.566300
12 6 0.889957
12 7 0.499609
12 8 0.551023
12 9 0.555855
12 10 0.528251
12 11 0.724442
12 12 0.653013
12 13 0.566304
12 14 0.637776
12 15 0.686308
12 16 0.659794
12 17 0.627242
12 18 0.583529
12 19 0.500003
12 20 0.634341
12 21 0.893185
12 22 0.583596
12 23 0.770779
12 24 0.545471
12 25 0.556816
12 26 0.666718
13 1 0.514924
13 2 0.730590
13 3 0.563448
13 4 0.556753
13 5 0.557940
13 6 0.872315
13 7 0.493487
13 8 0.541654
13 9 0.550389
13 10 0.505493
13 11 0.622830
13 12 0.566304
13 13 0.560819
13 14 0.656417
13 15 0.609095
13 16 0.595471
13 17 0.563448
13 18 0.576296
13 19 0.500001
13 20 0.543799
13 21 0.740443
13 22 0.531921
13 23 0.660037
13 24 0.545238
13 25 0.556675
14 1 0.546494
14 2 0.945179
14 3 0.660517
14 4 0.649096
14 5 0.656873
14 6 0.998090
14 7 0.478040
14 8 0.620898
14 9 0.647870
14 10 0.504424
14 11 0.864794
14 12 0.637776
14 13 0.656417
14 14 0.898936
14 15 0.805510
14 16 0.694506
14 17 0.660517
14 18 0.665460
14 19 0.500006
14 20 0.572126
14 21 0.882979
14 22 0.585043
14 23 0.822837
14 24 0.615352
14 25 0.649049
15 1 0.530640
15 2 0.981036
15 3 0.600866
15 4 0.606303
15 5 0.626640
15 6 0.994498
15 7 0.509556
15 8 0.610241
15 9 0.632898
15 10 0.510151
15 11 0.784439
15 12 0.686308
15 13 0.609095
15 14 0.805510
15 15 0.955829
15 16 0.747543
15 17 0.600866
15 18 0.609609
15 19 0.500007
15 20 0.693028
15 21 0.994729
15 22 0.612798
15 23 0.782726
15 24 0.567937
15 25 0.611884
15 26 0.779995
16 1 0.520558
16 2 0.860346
16 3 0.735845
16 4 0.596028
16 5 0.592039
16 6 0.978605
16 7 0.558533
16 8 0.670558
16 9 0.580984
16 10 0.543893
16 11 0.793399
16 12 0.659794
16 13 0.595471
16 14 0.694506
16 15 0.747543
16 16 0.890334
16 17 0.735845
16 18 0.652705
16 19 0.500003
16 20 0.769926
16 21 0.987402
16 22 0.594153
16 23 0.878471
16 24 0.572833
16 25 0.597610
16 26 0.735441
17 1 0.513453
17 2 0.704326
17 4 0.569521
17 5 0.561140
17 6 0.922912
17 7 0.530939
17 8 0.620825
17 9 0.558224
17 10 0.535072
17 11 0.847724
17 12 0.627242
17 13 0.563448
17 14 0.660517
17 15 0.600866
17 16 0.735845
17 17 0.771723
17 18 0.596890
17 19 0.500005
17 20 0.655456
17 21 0.882547
17 22 0.606222
17 23 0.841449
17 24 0.551980
17 25 0.556367
17 26 0.677388
18 1 0.513793
18 2 0.769812
18 3 0.596890
18 4 0.577247
18 5 0.573626
18 6 0.874344
18 7 0.488713
18 8 0.552697
18 9 0.561445
18 10 0.502127
18 11 0.577058
18 12 0.583529
18 13 0.576296
18 14 0.665460
18 15 0.609609
18 16 0.652705
18 17 0.596890
18 18 0.628324
18 19 0.500000
18 20 0.533041
18 21 0.891379
18 22 0.499732
18 23 0.735807
18 24 0.558875
18 25 0.575530
19 1 0.500001
19 2 0.500009
19 3 0.500005
19 4 0.500001
19 5 0.500002
19 6 0.500030
19 7 0.500002
19 8 0.500002
19 9 0.500002
19 10 0.500002
19 11 0.500017
19 12 0.500003
19 13 0.500001
19 14 0.500006
19 15 0.500007
19 16 0.500003
19 17 0.500005
19 18 0.500000
19 19 0.500000
19 20 0.500005
19 21 0.500005
19 22 0.500006
19 23 0.500006
19 24 0.500001
19 25 0.500001
19 26 0.500005
20 1 0.521988
20 2 0.713681
20 3 0.655456
20 4 0.528713
20 5 0.533831
20 6 0.897830
20 7 0.569219
20 8 0.609989
20 9 0.531050
20 10 0.562656
20 11 0.762976
20 12 0.634341
20 13 0.543799
20 14 0.572126
20 15 0.693028
20 16 0.769926
20 17 0.655456
20 18 0.533041
20 19 0.500005
20 20 0.808700
20 21 0.793171
20 22 0.664663
20 23 0.718924
20 24 0.537300
20 25 0.535066
20 26 0.612889
21 1 0.511752
21 2 0.999785
21 3 0.882547
21 4 0.771422
21 5 0.784102
21 6 0.999888
21 7 0.540258
21 8 0.771456
21 9 0.751812
21 10 0.536527
21 11 0.897133
21 12 0.893185
21 13 0.740443
21 14 0.882979
21 15 0.994729
21 16 0.987402
21 17 0.882547
21 18 0.891379
21 19 0.500005
21 20 0.793171
21 21 1.000000
21 22 0.578237
21 23 0.997644
21 24 0.671550
21 25 0.751202
21 26 0.945889
22 1 0.510388
22 2 0.652205
22 3 0.606222
22 5 0.527472
22 6 0.900202
22 7 0.543884
22 8 0.560994
22 9 0.523373
22 10 0.537821
22 11 0.798534
22 12 0.583596
22 13 0.531921
22 14 0.585043
22 15 0.612798
22 16 0.594153
22 17 0.606222
22 18 0.499732
22 19 0.500006
22 20 0.664663
22 21 0.578237
22 22 0.668611
22 23 0.674419
22 24 0.526522
22 25 0.515579
22 26 0.589142
23 1 0.526133
23 2 0.961770
23 3 0.841449
23 4 0.666928
23 5 0.663870
23 6 0.996887
23 7 0.518276
23 8 0.684017
23 9 0.640565
23 10 0.550462
23 11 0.928197
23 12 0.770779
23 13 0.660037
23 14 0.822837
23 15 0.782726
23 16 0.878471
23 17 0.841449
23 18 0.735807
23 19 0.500006
23 20 0.718924
23 21 0.997644
23 22 0.674419
23 23 0.976336
23 24 0.629106
23 25 0.647518
23 26 0.856143
24 1 0.511596
24 2 0.665452
24 3 0.551980
24 4 0.541683
24 5 0.542034
24 6 0.796132
24 7 0.496875
24 8 0.534378
24 9 0.536881
24 10 0.504587
24 11 0.581857
24 12 0.545471
24 13 0.545238
24 14 0.615352
24 15 0.567937
24 16 0.572833
24 17 0.551980
24 18 0.558875
24 19 0.500001
24 20 0.537300
24 21 0.671550
24 22 0.526522
24 23 0.629106
24 24 0.536771
24 25 0.542549
25 1 0.513950
25 2 0.727551
25 3 0.556367
25 4 0.554735
25 5 0.554222
25 6 0.850562
25 7 0.490402
25 8 0.542824
25 9 0.549458
25 10 0.499053
25 11 0.588878
25 12 0.556816
25 13 0.556675
25 14 0.649049
25 15 0.611884
25 16 0.597610
25 17 0.556367
25 18 0.575530
25 19 0.500001
25 20 0.535066
25 21 0.751202
25 22 0.515579
25 23 0.647518
25 24 0.542549
25 25 0.556602
26 2 0.936740
26 6 0.995182
26 7 0.486747
26 8 0.614088
26 10 0.517364
26 12 0.666718
26 15 0.779995
26 16 0.735441
26 17 0.677388
26 19 0.500005
26 20 0.612889
26 21 0.945889
26 22 0.589142
26 23 0.856143
26 26 0.844637
