1 26 0.590319
3 17 0.945474
3 26 0.753871
4 22 0.532519
4 26 0.588075
5 26 0.601292
9 26 0.643858
11 26 0.618394
13 26 0.609155
14 26 0.673971
17 3 0.945474
18 26 0.637859
22 4 0.532519
24 26 0.605179
25 26 0.496983
26 1 0.590319
26 3 0.753871
26 4 0.588075
26 5 0.601292
26 9 0.643858
26 11 0.618394
26 13 0.609155
26 14 0.673971
26 18 0.637859
26 24 0.605179
26 25 0.496983
1 1 0.536416
1 2 0.773591
1 3 0.587608
1 4 0.533725
1 5 0.541536
1 6 0.646765
1 7 0.540817
1 8 0.559231
1 9 0.551820
1 10 0.517068
1 11 0.549258
1 12 0.532358
1 13 0.544339
1 14 0.558097
1 15 0.631925
1 16 0.594440
1 17 0.587608
1 18 0.550890
1 19 0.500001
1 20 0.655642
1 21 0.534532
1 22 0.537770
1 23 0.680853
1 24 0.543274
1 25 0.498354
2 1 0.773591
2 2 1.000000
2 3 0.997137
2 4 0.771523
2 5 0.794760
2 6 0.954643
2 7 0.844144
2 8 0.924081
2 9 0.877490
2 10 0.690721
2 11 0.825157
2 12 0.896868
2 13 0.818219
2 14 0.873757
2 15 0.999182
2 16 0.994105
2 17 0.997137
2 18 0.776971
2 19 0.500009
2 20 0.993866
2 21 0.983249
2 22 0.559657
2 23 0.999983
2 24 0.816495
2 25 0.481524
2 26 0.977235
3 1 0.587608
3 2 0.997137
3 3 0.945474
3 4 0.597877
3 5 0.598651
3 6 0.496234
3 7 0.578000
3 8 0.687018
3 9 0.660082
3 10 0.554923
3 11 0.611398
3 12 0.636879
3 13 0.600408
3 14 0.679287
3 15 0.819765
3 16 0.825795
3 18 0.627827
3 19 0.500001
3 20 0.802655
3 21 0.932723
3 22 0.514525
3 23 0.990036
3 24 0.597111
3 25 0.471737
4 1 0.533725
4 2 0.771523
4 3 0.597877
4 4 0.532889
4 5 0.538258
4 6 0.630973
4 7 0.535988
4 8 0.555245
4 9 0.550844
4 10 0.515492
4 11 0.546303
4 12 0.531266
4 13 0.540633
4 14 0.560259
4 15 0.626314
4 16 0.595721
4 17 0.597877
4 18 0.548371
4 19 0.500001
4 20 0.634257
4 21 0.558701
4 23 0.684934
4 24 0.539785
4 25 0.497342
5 1 0.541536
5 2 0.794760
5 3 0.598651
5 4 0.538258
5 5 0.550123
5 6 0.652900
5 7 0.546167
5 8 0.570464
5 9 0.563415
5 10 0.516236
5 11 0.555522
5 12 0.538925
5 13 0.550597
5 14 0.563621
5 15 0.653658
5 16 0.598472
5 17 0.598651
5 18 0.550178
5 19 0.500001
5 20 0.664163
5 21 0.549512
5 22 0.541087
5 23 0.700486
5 24 0.549561
5 25 0.497839
6 1 0.646765
6 2 0.954643
6 3 0.496234
6 4 0.630973
6 5 0.652900
6 6 0.999228
6 7 0.674586
6 8 0.720114
6 9 0.744862
6 10 0.598177
6 11 0.718047
6 12 0.594281
6 13 0.678845
6 14 0.691444
6 15 0.946441
6 16 0.858820
6 17 0.496234
6 18 0.731896
6 19 0.500016
6 20 0.967383
6 21 0.321135
6 22 0.647970
6 23 0.838315
6 24 0.676951
6 25 0.513713
6 26 0.814463
7 1 0.540817
7 2 0.844144
7 3 0.578000
7 4 0.535988
7 5 0.546167
7 6 0.674586
7 7 0.572131
7 8 0.576387
7 9 0.573809
7 10 0.520531
7 11 0.559487
7 12 0.549444
7 13 0.551710
7 14 0.548028
7 15 0.669914
7 16 0.631492
7 17 0.578000
7 18 0.545845
7 19 0.500001
7 20 0.696020
7 21 0.524681
7 22 0.549876
7 23 0.680510
7 24 0.550597
7 25 0.501770
7 26 0.599621
8 1 0.559231
8 2 0.924081
8 3 0.687018
8 4 0.555245
8 5 0.570464
8 6 0.720114
8 7 0.576387
8 8 0.647927
8 9 0.625868
8 10 0.543615
8 11 0.575357
8 12 0.569140
8 13 0.572210
8 14 0.612373
8 15 0.749129
8 16 0.716104
8 17 0.687018
8 18 0.592938
8 19 0.500003
8 20 0.754523
8 21 0.573683
8 22 0.558933
8 23 0.865917
8 24 0.569543
8 25 0.490601
8 26 0.660099
9 1 0.551820
9 2 0.877490
9 3 0.660082
9 4 0.550844
9 5 0.563415
9 6 0.744862
9 7 0.573809
9 8 0.625868
9 9 0.634488
9 10 0.529825
9 11 0.573871
9 12 0.564069
9 13 0.562835
9 14 0.595721
9 15 0.733023
9 16 0.687815
9 17 0.660082
9 18 0.571245
9 19 0.500003
9 20 0.721235
9 21 0.642483
9 22 0.547321
9 23 0.822836
9 24 0.560238
9 25 0.497458
10 1 0.517068
10 2 0.690721
10 3 0.554923
10 4 0.515492
10 5 0.516236
10 6 0.598177
10 7 0.520531
10 8 0.543615
10 9 0.529825
10 10 0.523354
10 11 0.522709
10 12 0.513086
10 13 0.520668
10 14 0.534908
10 15 0.563147
10 16 0.586317
10 17 0.554923
10 18 0.549204
10 19 0.500002
10 20 0.597083
10 21 0.479339
10 22 0.521768
10 23 0.646363
10 24 0.519576
10 25 0.500557
10 26 0.550994
11 1 0.549258
11 2 0.825157
11 3 0.611398
11 4 0.546303
11 5 0.555522
11 6 0.718047
11 7 0.559487
11 8 0.575357
11 9 0.573871
11 10 0.522709
11 11 0.577187
11 12 0.538478
11 13 0.560945
11 14 0.564029
11 15 0.663807
11 16 0.632927
11 17 0.611398
11 18 0.570398
11 19 0.500001
11 20 0.703283
11 21 0.528361
11 22 0.556412
11 23 0.720233
11 24 0.559214
11 25 0.507690
12 1 0.532358
12 2 0.896868
12 3 0.636879
12 4 0.531266
12 5 0.538925
12 6 0.594281
12 7 0.549444
12 8 0.569140
12 9 0.564069
12 10 0.513086
12 11 0.538478
12 12 0.571303
12 13 0.541873
12 14 0.557715
12 15 0.695449
12 16 0.624927
12 17 0.636879
12 18 0.505703
12 19 0.500001
12 20 0.652353
12 21 0.678036
12 22 0.510743
12 23 0.725607
12 24 0.540169
12 25 0.495989
12 26 0.595357
13 1 0.544339
13 2 0.818219
13 3 0.600408
13 4 0.540633
13 5 0.550597
13 6 0.678845
13 7 0.551710
13 8 0.572210
13 9 0.562835
13 10 0.520668
13 11 0.560945
13 12 0.541873
13 13 0.555095
13 14 0.569279
13 15 0.658784
13 16 0.614618
13 17 0.600408
13 18 0.558022
13 19 0.500001
13 20 0.693078
13 21 0.538909
13 22 0.548761
13 23 0.705730
13 24 0.553107
13 25 0.501656
14 1 0.558097
14 2 0.873757
14 3 0.679287
14 4 0.560259
14 5 0.563621
14 6 0.691444
14 7 0.548028
14 8 0.612373
14 9 0.595721
14 10 0.534908
14 11 0.564029
14 12 0.557715
14 13 0.569279
14 14 0.682317
14 15 0.709567
14 16 0.691335
14 17 0.679287
14 18 0.605203
14 19 0.500003
14 20 0.718152
14 21 0.659651
14 22 0.574167
14 23 0.820698
14 24 0.564375
14 25 0.482736
15 1 0.631925
15 2 0.999182
15 3 0.819765
15 4 0.626314
15 5 0.653658
15 6 0.946441
15 7 0.669914
15 8 0.749129
15 9 0.733023
15 10 0.563147
15 11 0.663807
15 12 0.695449
15 13 0.658784
15 14 0.709567
15 15 0.967670
15 16 0.879679
15 17 0.819765
15 18 0.597943
15 19 0.500007
15 20 0.909308
15 21 0.782970
15 22 0.555014
15 23 0.965084
15 24 0.661271
15 25 0.458368
15 26 0.816308
16 1 0.594440
16 2 0.994105
16 3 0.825795
16 4 0.595721
16 5 0.598472
16 6 0.858820
16 7 0.631492
16 8 0.716104
16 9 0.687815
16 10 0.586317
16 11 0.632927
16 12 0.624927
16 13 0.614618
16 14 0.691335
16 15 0.879679
16 16 0.890225
16 17 0.825795
16 18 0.661261
16 19 0.500006
16 20 0.855854
16 21 0.713786
16 22 0.593820
16 23 0.957722
16 24 0.613407
16 25 0.474794
16 26 0.762092
17 1 0.587608
17 2 0.997137
17 4 0.597877
17 5 0.598651
17 6 0.496234
17 7 0.578000
17 8 0.687018
17 9 0.660082
17 10 0.554923
17 11 0.611398
17 12 0.636879
17 13 0.600408
17 14 0.679287
17 15 0.819765
17 16 0.825795
17 17 0.945474
17 18 0.627827
17 19 0.500001
17 20 0.802655
17 21 0.932723
17 22 0.514525
17 23 0.990036
17 24 0.597111
17 25 0.471737
17 26 0.753871
18 1 0.550890
18 2 0.776971
18 3 0.627827
18 4 0.548371
18 5 0.550178
18 6 0.731896
18 7 0.545845
18 8 0.592938
18 9 0.571245
18 10 0.549204
18 11 0.570398
18 12 0.505703
18 13 0.558022
18 14 0.605203
18 15 0.597943
18 16 0.661261
18 17 0.627827
18 18 0.660755
18 19 0.500004
18 20 0.734201
18 21 0.428774
18 22 0.571629
18 23 0.804900
18 24 0.555663
18 25 0.500214
19 1 0.500001
19 2 0.500009
19 3 0.500001
19 4 0.500001
19 5 0.500001
19 6 0.500016
19 7 0.500001
19 8 0.500003
19 9 0.500003
19 10 0.500002
19 11 0.500001
19 12 0.500001
19 13 0.500001
19 14 0.500003
19 15 0.500007
19 16 0.500006
19 17 0.500001
19 18 0.500004
19 19 0.500000
19 20 0.500007
19 21 0.500000
19 22 0.500000
19 23 0.500009
19 24 0.500001
19 25 0.500000
19 26 0.500004
20 1 0.655642
20 2 0.993866
20 3 0.802655
20 4 0.634257
20 5 0.664163
20 6 0.967383
20 7 0.696020
20 8 0.754523
20 9 0.721235
20 10 0.597083
20 11 0.703283
20 12 0.652353
20 13 0.693078
20 14 0.718152
20 15 0.909308
20 16 0.855854
20 17 0.802655
20 18 0.734201
20 19 0.500007
20 20 0.986526
20 21 0.657674
20 22 0.685437
20 23 0.970390
20 24 0.678277
20 25 0.513345
20 26 0.827397
21 1 0.534532
21 2 0.983249
21 3 0.932723
21 4 0.558701
21 5 0.549512
21 6 0.321135
21 7 0.524681
21 8 0.573683
21 9 0.642483
21 10 0.479339
21 11 0.528361
21 12 0.678036
21 13 0.538909
21 14 0.659651
21 15 0.782970
21 16 0.713786
21 17 0.932723
21 18 0.428774
21 19 0.500000
21 20 0.657674
21 21 0.996842
21 22 0.438039
21 23 0.950334
21 24 0.528835
21 25 0.462846
21 26 0.670385
22 1 0.537770
22 2 0.559657
22 3 0.514525
22 5 0.541087
22 6 0.647970
22 7 0.549876
22 8 0.558933
22 9 0.547321
22 10 0.521768
22 11 0.556412
22 12 0.510743
22 13 0.548761
22 14 0.574167
22 15 0.555014
22 16 0.593820
22 17 0.514525
22 18 0.571629
22 19 0.500000
22 20 0.685437
22 21 0.438039
22 22 0.603138
22 23 0.563836
22 24 0.543128
22 25 0.507535
22 26 0.582692
23 1 0.680853
23 2 0.999983
23 3 0.990036
23 4 0.684934
23 5 0.700486
23 6 0.838315
23 7 0.680510
23 8 0.865917
23 9 0.822836
23 10 0.646363
23 11 0.720233
23 12 0.725607
23 13 0.705730
23 14 0.820698
23 15 0.965084
23 16 0.957722
23 17 0.990036
23 18 0.804900
23 19 0.500009
23 20 0.970390
23 21 0.950334
23 22 0.563836
23 23 0.999873
23 24 0.698233
23 25 0.462625
23 26 0.910533
24 1 0.543274
24 2 0.816495
24 3 0.597111
24 4 0.539785
24 5 0.549561
24 6 0.676951
24 7 0.550597
24 8 0.569543
24 9 0.560238
24 10 0.519576
24 11 0.559214
24 12 0.540169
24 13 0.553107
24 14 0.564375
24 15 0.661271
24 16 0.613407
24 17 0.597111
24 18 0.555663
24 19 0.500001
24 20 0.678277
24 21 0.528835
24 22 0.543128
24 23 0.698233
24 24 0.552684
24 25 0.497595
25 1 0.498354
25 2 0.481524
25 3 0.471737
25 4 0.497342
25 5 0.497839
25 6 0.513713
25 7 0.501770
25 8 0.490601
25 9 0.497458
25 10 0.500557
25 11 0.507690
25 12 0.495989
25 13 0.501656
25 14 0.482736
25 15 0.458368
25 16 0.474794
25 17 0.471737
25 18 0.500214
25 19 0.500000
25 20 0.513345
25 21 0.462846
25 22 0.507535
25 23 0.462625
25 24 0.497595
25 25 0.529874
26 2 0.977235
26 6 0.814463
26 7 0.599621
26 8 0.660099
26 10 0.550994
26 12 0.595357
26 15 0.816308
26 16 0.762092
26 17 0.753871
26 19 0.500004
26 20 0.827397
26 21 0.670385
26 22 0.582692
26 23 0.910533
26 26 0.736783
