1 26 0.592264
3 17 0.720086
3 26 0.665292
4 22 0.517148
4 26 0.565387
5 26 0.592882
9 26 0.609034
11 26 0.621379
13 26 0.611572
14 26 0.991073
17 3 0.720086
18 26 0.708564
22 4 0.517148
24 26 0.599816
25 26 0.568109
26 1 0.592264
26 3 0.665292
26 4 0.565387
26 5 0.592882
26 9 0.609034
26 11 0.621379
26 13 0.611572
26 14 0.991073
26 18 0.708564
26 24 0.599816
26 25 0.568109
1 1 0.535366
1 2 0.756232
1 3 0.558350
1 4 0.522429
1 5 0.535780
1 6 0.729390
1 7 0.523371
1 8 0.526795
1 9 0.542562
1 10 0.506073
1 11 0.546410
1 12 0.591716
1 13 0.542638
1 14 0.851470
1 15 0.586118
1 16 0.582497
1 17 0.548723
1 18 0.583234
1 19 0.500003
1 20 0.611829
1 21 0.800311
1 22 0.505409
1 23 0.545375
1 24 0.538293
1 25 0.527192
2 1 0.756232
2 2 0.999994
2 3 0.749368
2 4 0.649746
2 5 0.747397
2 6 0.999985
2 7 0.681343
2 8 0.748872
2 9 0.786437
2 10 0.477579
2 11 0.815440
2 12 0.941315
2 13 0.780647
2 14 1.000000
2 15 0.954751
2 16 0.968105
2 17 0.854387
2 18 0.914874
2 19 0.500024
2 20 0.920507
2 21 0.999993
2 22 0.529834
2 23 0.786492
2 24 0.777331
2 25 0.737685
2 26 0.949301
3 1 0.558350
3 2 0.749368
3 3 0.989375
3 4 0.567403
3 5 0.559993
3 6 0.987602
3 7 0.473668
3 8 0.653516
3 9 0.559479
3 10 0.558965
3 11 0.651903
3 12 0.862790
3 13 0.563493
3 14 0.599582
3 15 0.571477
3 16 0.692848
3 18 0.665185
3 19 0.500009
3 20 0.737685
3 21 0.930251
3 22 0.534325
3 23 0.849514
3 24 0.567388
3 25 0.422961
4 1 0.522429
4 2 0.649746
4 3 0.567403
4 4 0.525676
4 5 0.523291
4 6 0.730849
4 7 0.517022
4 8 0.531944
4 9 0.524743
4 10 0.510330
4 11 0.535996
4 12 0.566215
4 13 0.527329
4 14 0.799771
4 15 0.541134
4 16 0.577968
4 17 0.548443
4 18 0.557389
4 19 0.500002
4 20 0.635746
4 21 0.690721
4 23 0.559609
4 24 0.525277
4 25 0.515626
5 1 0.535780
5 2 0.747397
5 3 0.559993
5 4 0.523291
5 5 0.538387
5 6 0.726650
5 7 0.527573
5 8 0.529575
5 9 0.543851
5 10 0.508597
5 11 0.545617
5 12 0.595964
5 13 0.543977
5 14 0.873099
5 15 0.597609
5 16 0.589611
5 17 0.556256
5 18 0.583823
5 19 0.500003
5 20 0.627986
5 21 0.795336
5 22 0.505616
5 23 0.544499
5 24 0.539299
5 25 0.532307
6 1 0.729390
6 2 0.999985
6 3 0.987602
6 4 0.730849
6 5 0.726650
6 6 1.000000
6 7 0.701418
6 8 0.883833
6 9 0.725231
6 10 0.540251
6 11 0.843400
6 12 0.980340
6 13 0.749292
6 14 1.000000
6 15 0.935921
6 16 0.993926
6 17 0.952530
6 18 0.869564
6 19 0.500029
6 20 0.988818
6 21 0.999976
6 22 0.673954
6 23 0.973340
6 24 0.771159
6 25 0.675023
6 26 0.949942
7 1 0.523371
7 2 0.681343
7 3 0.473668
7 4 0.517022
7 5 0.527573
7 6 0.701418
7 7 0.537524
7 8 0.517321
7 9 0.529549
7 10 0.508260
7 11 0.524822
7 12 0.550013
7 13 0.531890
7 14 0.873677
7 15 0.580077
7 16 0.574238
7 17 0.547427
7 18 0.542548
7 19 0.500002
7 20 0.630325
7 21 0.709098
7 22 0.508076
7 23 0.525224
7 24 0.527549
7 25 0.544569
7 26 0.563937
8 1 0.526795
8 2 0.748872
8 3 0.653516
8 4 0.531944
8 5 0.529575
8 6 0.883833
8 7 0.517321
8 8 0.638687
8 9 0.525854
8 10 0.507046
8 11 0.536834
8 12 0.602843
8 13 0.524577
8 14 0.824966
8 15 0.544960
8 16 0.805678
8 17 0.656597
8 18 0.568260
8 19 0.500004
8 20 0.698840
8 21 0.805710
8 22 0.525426
8 23 0.598123
8 24 0.532908
8 25 0.497294
8 26 0.581702
9 1 0.542562
9 2 0.786437
9 3 0.559479
9 4 0.524743
9 5 0.543851
9 6 0.725231
9 7 0.529549
9 8 0.525854
9 9 0.553005
9 10 0.508346
9 11 0.553342
9 12 0.610621
9 13 0.552187
9 14 0.889535
9 15 0.606187
9 16 0.588094
9 17 0.557719
9 18 0.599918
9 19 0.500003
9 20 0.626362
9 21 0.844442
9 22 0.503263
9 23 0.542884
9 24 0.545878
9 25 0.534824
10 1 0.506073
10 2 0.477579
10 3 0.558965
10 4 0.510330
10 5 0.508597
10 6 0.540251
10 7 0.508260
10 8 0.507046
10 9 0.508346
10 10 0.520968
10 11 0.507722
10 12 0.536908
10 13 0.511421
10 14 0.613179
10 15 0.516187
10 16 0.527026
10 17 0.525742
10 18 0.518803
10 19 0.500002
10 20 0.607727
10 21 0.543272
10 22 0.508680
10 23 0.537108
10 24 0.505631
10 25 0.505525
10 26 0.522375
11 1 0.546410
11 2 0.815440
11 3 0.651903
11 4 0.535996
11 5 0.545617
11 6 0.843400
11 7 0.524822
11 8 0.536834
11 9 0.553342
11 10 0.507722
11 11 0.577977
11 12 0.633999
11 13 0.554680
11 14 0.907874
11 15 0.592047
11 16 0.562159
11 17 0.562428
11 18 0.613081
11 19 0.500003
11 20 0.641296
11 21 0.845279
11 22 0.512372
11 23 0.589739
11 24 0.550996
11 25 0.529683
12 1 0.591716
12 2 0.941315
12 3 0.862790
12 4 0.566215
12 5 0.595964
12 6 0.980340
12 7 0.550013
12 8 0.602843
12 9 0.610621
12 10 0.536908
12 11 0.633999
12 12 0.838500
12 13 0.610440
12 14 0.990614
12 15 0.734791
12 16 0.739664
12 17 0.700500
12 18 0.705366
12 19 0.500010
12 20 0.760853
12 21 0.982100
12 22 0.523193
12 23 0.716015
12 24 0.600346
12 25 0.536710
12 26 0.734154
13 1 0.542638
13 2 0.780647
13 3 0.563493
13 4 0.527329
13 5 0.543977
13 6 0.749292
13 7 0.531890
13 8 0.524577
13 9 0.552187
13 10 0.511421
13 11 0.554680
13 12 0.610440
13 13 0.553710
13 14 0.892111
13 15 0.607748
13 16 0.581145
13 17 0.551854
13 18 0.599251
13 19 0.500003
13 20 0.650567
13 21 0.834498
13 22 0.506854
13 23 0.556068
13 24 0.545586
13 25 0.537324
14 1 0.851470
14 2 1.000000
14 3 0.599582
14 4 0.799771
14 5 0.873099
14 6 1.000000
14 7 0.873677
14 8 0.824966
14 9 0.889535
14 10 0.613179
14 11 0.907874
14 12 0.990614
14 13 0.892111
14 14 1.000000
14 15 0.995473
14 16 0.995553
14 17 0.982837
14 18 0.976577
14 19 0.500042
14 20 0.999664
14 21 1.000000
14 22 0.655069
14 23 0.845538
14 24 0.884725
14 25 0.914841
15 1 0.586118
15 2 0.954751
15 3 0.571477
15 4 0.541134
15 5 0.597609
15 6 0.935921
15 7 0.580077
15 8 0.544960
15 9 0.606187
15 10 0.516187
15 11 0.592047
15 12 0.734791
15 13 0.607748
15 14 0.995473
15 15 0.821098
15 16 0.687472
15 17 0.602603
15 18 0.665006
15 19 0.500009
15 20 0.729236
15 21 0.959153
15 22 0.500022
15 23 0.599460
15 24 0.592475
15 25 0.614750
15 26 0.706658
16 1 0.582497
16 2 0.968105
16 3 0.692848
16 4 0.577968
16 5 0.589611
16 6 0.993926
16 7 0.574238
16 8 0.805678
16 9 0.588094
16 10 0.527026
16 11 0.562159
16 12 0.739664
16 13 0.581145
16 14 0.995553
16 15 0.687472
16 16 0.989203
16 17 0.865049
16 18 0.675883
16 19 0.500012
16 20 0.922311
16 21 0.993366
16 22 0.564533
16 23 0.702652
16 24 0.600528
16 25 0.519092
16 26 0.734173
17 1 0.548723
17 2 0.854387
17 4 0.548443
17 5 0.556256
17 6 0.952530
17 7 0.547427
17 8 0.656597
17 9 0.557719
17 10 0.525742
17 11 0.562428
17 12 0.700500
17 13 0.551854
17 14 0.982837
17 15 0.602603
17 16 0.865049
17 17 0.753101
17 18 0.609158
17 19 0.500007
17 20 0.773677
17 21 0.936641
17 22 0.532003
17 23 0.622407
17 24 0.562398
17 25 0.523653
17 26 0.638994
18 1 0.583234
18 2 0.914874
18 3 0.665185
18 4 0.557389
18 5 0.583823
18 6 0.869564
18 7 0.542548
18 8 0.568260
18 9 0.599918
18 10 0.518803
18 11 0.613081
18 12 0.705366
18 13 0.599251
18 14 0.976577
18 15 0.665006
18 16 0.675883
18 17 0.609158
18 18 0.709424
18 19 0.500006
18 20 0.761244
18 21 0.958090
18 22 0.514193
18 23 0.598409
18 24 0.588699
18 25 0.544974
19 1 0.500003
19 2 0.500024
19 3 0.500009
19 4 0.500002
19 5 0.500003
19 6 0.500029
19 7 0.500002
19 8 0.500004
19 9 0.500003
19 10 0.500002
19 11 0.500003
19 12 0.500010
19 13 0.500003
19 14 0.500042
19 15 0.500009
19 16 0.500012
19 17 0.500007
19 18 0.500006
19 19 0.500000
19 20 0.500014
19 21 0.500030
19 22 0.500001
19 23 0.500007
19 24 0.500003
19 25 0.500002
19 26 0.500008
20 1 0.611829
20 2 0.920507
20 3 0.737685
20 4 0.635746
20 5 0.627986
20 6 0.988818
20 7 0.630325
20 8 0.698840
20 9 0.626362
20 10 0.607727
20 11 0.641296
20 12 0.760853
20 13 0.650567
20 14 0.999664
20 15 0.729236
20 16 0.922311
20 17 0.773677
20 18 0.761244
20 19 0.500014
20 20 0.990339
20 21 0.979000
20 22 0.603572
20 23 0.784994
20 24 0.619869
20 25 0.612958
20 26 0.804106
21 1 0.800311
21 2 0.999993
21 3 0.930251
21 4 0.690721
21 5 0.795336
21 6 0.999976
21 7 0.709098
21 8 0.805710
21 9 0.844442
21 10 0.543272
21 11 0.845279
21 12 0.982100
21 13 0.834498
21 14 1.000000
21 15 0.959153
21 16 0.993366
21 17 0.936641
21 18 0.958090
21 19 0.500030
21 20 0.979000
21 21 1.000000
21 22 0.548217
21 23 0.871940
21 24 0.821855
21 25 0.690104
21 26 0.975953
22 1 0.505409
22 2 0.529834
22 3 0.534325
22 5 0.505616
22 6 0.673954
22 7 0.508076
22 8 0.525426
22 9 0.503263
22 10 0.508680
22 11 0.512372
22 12 0.523193
22 13 0.506854
22 14 0.655069
22 15 0.500022
22 16 0.564533
22 17 0.532003
22 18 0.514193
22 19 0.500001
22 20 0.603572
22 21 0.548217
22 22 0.518984
22 23 0.549214
22 24 0.506918
22 25 0.503140
22 26 0.524010
23 1 0.545375
23 2 0.786492
23 3 0.849514
23 4 0.559609
23 5 0.544499
23 6 0.973340
23 7 0.525224
23 8 0.598123
23 9 0.542884
23 10 0.537108
23 11 0.589739
23 12 0.716015
23 13 0.556068
23 14 0.845538
23 15 0.599460
23 16 0.702652
23 17 0.622407
23 18 0.598409
23 19 0.500007
23 20 0.784994
23 21 0.871940
23 22 0.549214
23 23 0.762075
23 24 0.550629
23 25 0.508399
23 26 0.643233
24 1 0.538293
24 2 0.777331
24 3 0.567388
24 4 0.525277
24 5 0.539299
24 6 0.771159
24 7 0.527549
24 8 0.532908
24 9 0.545878
24 10 0.505631
24 11 0.550996
24 12 0.600346
24 13 0.545586
24 14 0.884725
24 15 0.592475
24 16 0.600528
24 17 0.562398
24 18 0.588699
24 19 0.500003
24 20 0.619869
24 21 0.821855
24 22 0.506918
24 23 0.550629
24 24 0.543112
24 25 0.531141
25 1 0.527192
25 2 0.737685
25 3 0.422961
25 4 0.515626
25 5 0.532307
25 6 0.675023
25 7 0.544569
25 8 0.497294
25 9 0.534824
25 10 0.505525
25 11 0.529683
25 12 0.536710
25 13 0.537324
25 14 0.914841
25 15 0.614750
25 16 0.519092
25 17 0.523653
25 18 0.544974
25 19 0.500002
25 20 0.612958
25 21 0.690104
25 22 0.503140
25 23 0.508399
25 24 0.531141
25 25 0.572020
26 2 0.949301
26 6 0.949942
26 7 0.563937
26 8 0.581702
26 10 0.522375
26 12 0.734154
26 15 0.706658
26 16 0.734173
26 17 0.638994
26 19 0.500008
26 20 0.804106
26 21 0.975953
26 22 0.524010
26 23 0.643233
26 26 0.733528
