1 26 0.637613
3 17 0.938694
3 26 0.728371
4 22 0.578163
4 26 0.563680
5 26 0.525832
9 26 0.640963
11 26 0.704710
13 26 0.657980
14 26 0.788434
17 3 0.938694
18 26 0.754357
22 4 0.578163
24 26 0.645405
25 26 0.578129
26 1 0.637613
26 3 0.728371
26 4 0.563680
26 5 0.525832
26 9 0.640963
26 11 0.704710
26 13 0.657980
26 14 0.788434
26 18 0.754357
26 24 0.645405
26 25 0.578129
1 1 0.561908
1 2 0.612863
1 3 0.600988
1 4 0.522566
1 5 0.500741
1 6 0.735721
1 7 0.513071
1 8 0.538695
1 9 0.562419
1 10 0.512289
1 11 0.591782
1 12 0.586222
1 13 0.570596
1 14 0.627846
1 15 0.606157
1 16 0.657030
1 17 0.600988
1 18 0.623348
1 19 0.500000
1 20 0.647680
1 21 0.747592
1 22 0.522566
1 23 0.651940
1 24 0.565321
1 25 0.531121
2 1 0.612863
2 2 0.999571
2 3 0.454359
2 4 0.558765
2 5 0.514012
2 6 0.591622
2 7 0.577842
2 8 0.556505
2 9 0.604925
2 10 0.545845
2 11 0.445017
2 12 0.680456
2 13 0.666662
2 14 0.335295
2 15 0.633442
2 16 0.656721
2 17 0.454359
2 18 0.730814
2 19 0.500006
2 20 0.963470
2 21 0.967752
2 22 0.558765
2 23 0.641073
2 24 0.660949
2 25 0.616332
2 26 0.749977
3 1 0.600988
3 2 0.454359
3 3 0.938694
3 4 0.629542
3 5 0.632288
3 6 0.910385
3 7 0.569721
3 8 0.732028
3 9 0.604899
3 10 0.514786
3 11 0.848782
3 12 0.704434
3 13 0.629805
3 14 0.710327
3 15 0.560290
3 16 0.822548
3 18 0.725075
3 19 0.500000
3 20 0.857301
3 21 0.753149
3 22 0.629542
3 23 0.979294
3 24 0.627038
3 25 0.605883
4 1 0.522566
4 2 0.558765
4 3 0.629542
4 4 0.578163
4 5 0.562159
4 6 0.677785
4 7 0.516218
4 8 0.553047
4 9 0.527419
4 10 0.511630
4 11 0.619424
4 12 0.559278
4 13 0.528979
4 14 0.586605
4 15 0.502628
4 16 0.543873
4 17 0.629542
4 18 0.533111
4 19 0.500001
4 20 0.626482
4 21 0.530434
4 23 0.696795
4 24 0.529086
4 25 0.545601
5 1 0.500741
5 2 0.514012
5 3 0.632288
5 4 0.562159
5 5 0.628028
5 6 0.555157
5 7 0.514703
5 8 0.557158
5 9 0.503608
5 10 0.507228
5 11 0.628755
5 12 0.540787
5 13 0.507923
5 14 0.550175
5 15 0.496863
5 16 0.485616
5 17 0.632288
5 18 0.496456
5 19 0.500003
5 20 0.554171
5 21 0.395298
5 22 0.562159
5 23 0.680725
5 24 0.503922
5 25 0.521242
6 1 0.735721
6 2 0.591622
6 3 0.910385
6 4 0.677785
6 5 0.555157
6 6 0.999951
6 7 0.583100
6 8 0.598991
6 9 0.759871
6 10 0.518200
6 11 0.954639
6 12 0.807178
6 13 0.758354
6 14 0.928164
6 15 0.891752
6 16 0.957258
6 17 0.910385
6 18 0.857703
6 19 0.499993
6 20 0.782907
6 21 0.883305
6 22 0.677785
6 23 0.714691
6 24 0.755258
6 25 0.717471
6 26 0.897875
7 1 0.513071
7 2 0.577842
7 3 0.569721
7 4 0.516218
7 5 0.514703
7 6 0.583100
7 7 0.515928
7 8 0.522506
7 9 0.513615
7 10 0.503030
7 11 0.554562
7 12 0.531083
7 13 0.521682
7 14 0.503545
7 15 0.515202
7 16 0.547386
7 17 0.569721
7 18 0.529536
7 19 0.500000
7 20 0.580447
7 21 0.538726
7 22 0.516218
7 23 0.589025
7 24 0.520157
7 25 0.521636
7 26 0.529677
8 1 0.538695
8 2 0.556505
8 3 0.732028
8 4 0.553047
8 5 0.557158
8 6 0.598991
8 7 0.522506
8 8 0.630772
8 9 0.535349
8 10 0.509544
8 11 0.653868
8 12 0.574494
8 13 0.547288
8 14 0.556296
8 15 0.503785
8 16 0.622092
8 17 0.732028
8 18 0.617187
8 19 0.500003
8 20 0.701840
8 21 0.705692
8 22 0.553047
8 23 0.885698
8 24 0.545683
8 25 0.540459
8 26 0.595699
9 1 0.562419
9 2 0.604925
9 3 0.604899
9 4 0.527419
9 5 0.503608
9 6 0.759871
9 7 0.513615
9 8 0.535349
9 9 0.565209
9 10 0.511439
9 11 0.598693
9 12 0.589483
9 13 0.571800
9 14 0.640832
9 15 0.610340
9 16 0.660893
9 17 0.604899
9 18 0.619295
9 19 0.500000
9 20 0.636822
9 21 0.735710
9 22 0.527419
9 23 0.642542
9 24 0.566178
9 25 0.535144
10 1 0.512289
10 2 0.545845
10 3 0.514786
10 4 0.511630
10 5 0.507228
10 6 0.518200
10 7 0.503030
10 8 0.509544
10 9 0.511439
10 10 0.507511
10 11 0.519386
10 12 0.522689
10 13 0.514234
10 14 0.525294
10 15 0.519147
10 16 0.521881
10 17 0.514786
10 18 0.524242
10 19 0.500001
10 20 0.547682
10 21 0.570029
10 22 0.511630
10 23 0.544345
10 24 0.513159
10 25 0.507398
10 26 0.530203
11 1 0.591782
11 2 0.445017
11 3 0.848782
11 4 0.619424
11 5 0.628755
11 6 0.954639
11 7 0.554562
11 8 0.653868
11 9 0.598693
11 10 0.519386
11 11 0.903167
11 12 0.651990
11 13 0.610371
11 14 0.720472
11 15 0.634099
11 16 0.746119
11 17 0.848782
11 18 0.698900
11 19 0.500004
11 20 0.795956
11 21 0.642266
11 22 0.619424
11 23 0.924059
11 24 0.603964
11 25 0.615143
12 1 0.586222
12 2 0.680456
12 3 0.704434
12 4 0.559278
12 5 0.540787
12 6 0.807178
12 7 0.531083
12 8 0.574494
12 9 0.589483
12 10 0.522689
12 11 0.651990
12 12 0.688014
12 13 0.604200
12 14 0.700859
12 15 0.661661
12 16 0.736214
12 17 0.704434
12 18 0.672317
12 19 0.500001
12 20 0.772050
12 21 0.860364
12 22 0.559278
12 23 0.753312
12 24 0.596850
12 25 0.567022
12 26 0.703823
13 1 0.570596
13 2 0.666662
13 3 0.629805
13 4 0.528979
13 5 0.507923
13 6 0.758354
13 7 0.521682
13 8 0.547288
13 9 0.571800
13 10 0.514234
13 11 0.610371
13 12 0.604200
13 13 0.585708
13 14 0.634789
13 15 0.621534
13 16 0.682302
13 17 0.629805
13 18 0.639149
13 19 0.500000
13 20 0.685089
13 21 0.773396
13 22 0.528979
13 23 0.692019
13 24 0.577556
13 25 0.540956
14 1 0.627846
14 2 0.335295
14 3 0.710327
14 4 0.586605
14 5 0.550175
14 6 0.928164
14 7 0.503545
14 8 0.556296
14 9 0.640832
14 10 0.525294
14 11 0.720472
14 12 0.700859
14 13 0.634789
14 14 0.882571
14 15 0.741379
14 16 0.788025
14 17 0.710327
14 18 0.704787
14 19 0.500000
14 20 0.652057
14 21 0.851379
14 22 0.586605
14 23 0.750064
14 24 0.619881
14 25 0.564809
15 1 0.606157
15 2 0.633442
15 3 0.560290
15 4 0.502628
15 5 0.496863
15 6 0.891752
15 7 0.515202
15 8 0.503785
15 9 0.610340
15 10 0.519147
15 11 0.634099
15 12 0.661661
15 13 0.621534
15 14 0.741379
15 15 0.778983
15 16 0.771658
15 17 0.560290
15 18 0.702522
15 19 0.500000
15 20 0.629985
15 21 0.892825
15 22 0.502628
15 23 0.499539
15 24 0.603915
15 25 0.534371
15 26 0.727727
16 1 0.657030
16 2 0.656721
16 3 0.822548
16 4 0.543873
16 5 0.485616
16 6 0.957258
16 7 0.547386
16 8 0.622092
16 9 0.660893
16 10 0.521881
16 11 0.746119
16 12 0.736214
16 13 0.682302
16 14 0.788025
16 15 0.771658
16 16 0.891602
16 17 0.822548
16 18 0.802297
16 19 0.499998
16 20 0.811401
16 21 0.951940
16 22 0.543873
16 23 0.865604
16 24 0.669303
16 25 0.585179
16 26 0.807238
17 1 0.600988
17 2 0.454359
17 4 0.629542
17 5 0.632288
17 6 0.910385
17 7 0.569721
17 8 0.732028
17 9 0.604899
17 10 0.514786
17 11 0.848782
17 12 0.704434
17 13 0.629805
17 14 0.710327
17 15 0.560290
17 16 0.822548
17 17 0.938694
17 18 0.725075
17 19 0.500000
17 20 0.857301
17 21 0.753149
17 22 0.629542
17 23 0.979294
17 24 0.627038
17 25 0.605883
17 26 0.728371
18 1 0.623348
18 2 0.730814
18 3 0.725075
18 4 0.533111
18 5 0.496456
18 6 0.857703
18 7 0.529536
18 8 0.617187
18 9 0.619295
18 10 0.524242
18 11 0.698900
18 12 0.672317
18 13 0.639149
18 14 0.704787
18 15 0.702522
18 16 0.802297
18 17 0.725075
18 18 0.764510
18 19 0.500002
18 20 0.810166
18 21 0.934254
18 22 0.533111
18 23 0.860122
18 24 0.629443
18 25 0.561682
19 1 0.500000
19 2 0.500006
19 3 0.500000
19 4 0.500001
19 5 0.500003
19 6 0.499993
19 7 0.500000
19 8 0.500003
19 9 0.500000
19 10 0.500001
19 11 0.500004
19 12 0.500001
19 13 0.500000
19 14 0.500000
19 15 0.500000
19 16 0.499998
19 17 0.500000
19 18 0.500002
19 19 0.500000
19 20 0.500006
19 21 0.500006
19 22 0.500001
19 23 0.500009
19 24 0.500000
19 25 0.500000
19 26 0.500001
20 1 0.647680
20 2 0.963470
20 3 0.857301
20 4 0.626482
20 5 0.554171
20 6 0.782907
20 7 0.580447
20 8 0.701840
20 9 0.636822
20 10 0.547682
20 11 0.795956
20 12 0.772050
20 13 0.685089
20 14 0.652057
20 15 0.629985
20 16 0.811401
20 17 0.857301
20 18 0.810166
20 19 0.500006
20 20 0.984637
20 21 0.970114
20 22 0.626482
20 23 0.967545
20 24 0.682828
20 25 0.631232
20 26 0.807032
21 1 0.747592
21 2 0.967752
21 3 0.753149
21 4 0.530434
21 5 0.395298
21 6 0.883305
21 7 0.538726
21 8 0.705692
21 9 0.735710
21 10 0.570029
21 11 0.642266
21 12 0.860364
21 13 0.773396
21 14 0.851379
21 15 0.892825
21 16 0.951940
21 17 0.753149
21 18 0.934254
21 19 0.500006
21 20 0.970114
21 21 0.999735
21 22 0.530434
21 23 0.966029
21 24 0.750888
21 25 0.598440
21 26 0.923059
22 1 0.522566
22 2 0.558765
22 3 0.629542
22 5 0.562159
22 6 0.677785
22 7 0.516218
22 8 0.553047
22 9 0.527419
22 10 0.511630
22 11 0.619424
22 12 0.559278
22 13 0.528979
22 14 0.586605
22 15 0.502628
22 16 0.543873
22 17 0.629542
22 18 0.533111
22 19 0.500001
22 20 0.626482
22 21 0.530434
22 22 0.578163
22 23 0.696795
22 24 0.529086
22 25 0.545601
22 26 0.563680
23 1 0.651940
23 2 0.641073
23 3 0.979294
23 4 0.696795
23 5 0.680725
23 6 0.714691
23 7 0.589025
23 8 0.885698
23 9 0.642542
23 10 0.544345
23 11 0.924059
23 12 0.753312
23 13 0.692019
23 14 0.750064
23 15 0.499539
23 16 0.865604
23 17 0.979294
23 18 0.860122
23 19 0.500009
23 20 0.967545
23 21 0.966029
23 22 0.696795
23 23 0.999835
23 24 0.677778
23 25 0.663924
23 26 0.840232
24 1 0.565321
24 2 0.660949
24 3 0.627038
24 4 0.529086
24 5 0.503922
24 6 0.755258
24 7 0.520157
24 8 0.545683
24 9 0.566178
24 10 0.513159
24 11 0.603964
24 12 0.596850
24 13 0.577556
24 14 0.619881
24 15 0.603915
24 16 0.669303
24 17 0.627038
24 18 0.629443
24 19 0.500000
24 20 0.682828
24 21 0.750888
24 22 0.529086
24 23 0.677778
24 24 0.573198
24 25 0.540311
25 1 0.531121
25 2 0.616332
25 3 0.605883
25 4 0.545601
25 5 0.521242
25 6 0.717471
25 7 0.521636
25 8 0.540459
25 9 0.535144
25 10 0.507398
25 11 0.615143
25 12 0.567022
25 13 0.540956
25 14 0.564809
25 15 0.534371
25 16 0.585179
25 17 0.605883
25 18 0.561682
25 19 0.500000
25 20 0.631232
25 21 0.598440
25 22 0.545601
25 23 0.663924
25 24 0.540311
25 25 0.556793
26 2 0.749977
26 6 0.897875
26 7 0.529677
26 8 0.595699
26 10 0.530203
26 12 0.703823
26 15 0.727727
26 16 0.807238
26 17 0.728371
26 19 0.500001
26 20 0.807032
26 21 0.923059
26 22 0.563680
26 23 0.840232
26 26 0.795300
