1 26 0.673281
3 17 0.628491
3 26 0.827704
4 22 0.548809
4 26 0.663466
5 26 0.692998
9 26 0.636346
11 26 0.860361
13 26 0.697658
14 26 0.989186
17 3 0.628491
18 26 0.992801
22 4 0.548809
24 26 0.680565
25 26 0.672807
26 1 0.673281
26 3 0.827704
26 4 0.663466
26 5 0.692998
26 9 0.636346
26 11 0.860361
26 13 0.697658
26 14 0.989186
26 18 0.992801
26 24 0.680565
26 25 0.672807
1 1 0.565396
1 2 0.903243
1 3 0.640214
1 4 0.560731
1 5 0.573534
1 6 0.929474
1 7 0.533583
1 8 0.593201
1 9 0.551531
1 10 0.511966
1 11 0.656437
1 12 0.575681
1 13 0.575579
1 14 0.836409
1 15 0.639358
1 16 0.653928
1 17 0.554273
1 18 0.860597
1 19 0.500001
1 20 0.605185
1 21 0.800763
1 22 0.542694
1 23 0.564614
1 24 0.568496
1 25 0.565289
2 1 0.903243
2 2 1.000000
2 3 0.993048
2 4 0.886510
2 5 0.925218
2 6 1.000000
2 7 0.783618
2 8 0.978854
2 9 0.872924
2 10 0.605189
2 11 0.990840
2 12 0.927852
2 13 0.929390
2 14 0.999999
2 15 0.993333
2 16 0.994116
2 17 0.808848
2 18 1.000000
2 19 0.500014
2 20 0.974225
2 21 0.999977
2 22 0.807058
2 23 0.730178
2 24 0.910600
2 25 0.893968
2 26 0.997767
3 1 0.640214
3 2 0.993048
3 3 0.799583
3 4 0.624127
3 5 0.656129
3 6 0.994787
3 7 0.573843
3 8 0.690803
3 9 0.614657
3 10 0.513755
3 11 0.779177
3 12 0.669608
3 13 0.661807
3 14 0.972582
3 15 0.787226
3 16 0.810268
3 18 0.984385
3 19 0.500002
3 20 0.727607
3 21 0.944525
3 22 0.577442
3 23 0.583559
3 24 0.650659
3 25 0.642017
4 1 0.560731
4 2 0.886510
4 3 0.624127
4 4 0.562962
4 5 0.568827
4 6 0.929145
4 7 0.531657
4 8 0.587233
4 9 0.549175
4 10 0.516132
4 11 0.674768
4 12 0.578614
4 13 0.570160
4 14 0.829630
4 15 0.624840
4 16 0.653502
4 17 0.554838
4 18 0.842072
4 19 0.500001
4 20 0.606083
4 21 0.829603
4 23 0.578543
4 24 0.563761
4 25 0.561448
5 1 0.573534
5 2 0.925218
5 3 0.656129
5 4 0.568827
5 5 0.585087
5 6 0.945286
5 7 0.539876
5 8 0.594726
5 9 0.564021
5 10 0.512837
5 11 0.665798
5 12 0.589001
5 13 0.585388
5 14 0.869794
5 15 0.659934
5 16 0.662027
5 17 0.558572
5 18 0.878052
5 19 0.500001
5 20 0.616284
5 21 0.823419
5 22 0.547491
5 23 0.576470
5 24 0.578842
5 25 0.575649
6 1 0.929474
6 2 1.000000
6 3 0.994787
6 4 0.929145
6 5 0.945286
6 6 1.000000
6 7 0.753114
6 8 0.975331
6 9 0.858075
6 10 0.648728
6 11 0.999810
6 12 0.952613
6 13 0.952101
6 14 1.000000
6 15 0.994883
6 16 0.999113
6 17 0.945812
6 18 1.000000
6 19 0.500016
6 20 0.984685
6 21 1.000000
6 22 0.881753
6 23 0.987164
6 24 0.938571
6 25 0.932947
6 26 0.999290
7 1 0.533583
7 2 0.783618
7 3 0.573843
7 4 0.531657
7 5 0.539876
7 6 0.753114
7 7 0.523782
7 8 0.543398
7 9 0.536389
7 10 0.505287
7 11 0.565870
7 12 0.542521
7 13 0.539570
7 14 0.704586
7 15 0.576657
7 16 0.569927
7 17 0.522462
7 18 0.723639
7 19 0.500001
7 20 0.546970
7 21 0.651196
7 22 0.520601
7 23 0.519570
7 24 0.536734
7 25 0.535666
7 26 0.589910
8 1 0.593201
8 2 0.978854
8 3 0.690803
8 4 0.587233
8 5 0.594726
8 6 0.975331
8 7 0.543398
8 8 0.755309
8 9 0.586567
8 10 0.528998
8 11 0.702276
8 12 0.590915
8 13 0.604596
8 14 0.859429
8 15 0.690242
8 16 0.746452
8 17 0.533420
8 18 0.953983
8 19 0.500003
8 20 0.683903
8 21 0.871781
8 22 0.571570
8 23 0.643546
8 24 0.584711
8 25 0.573174
8 26 0.739781
9 1 0.551531
9 2 0.872924
9 3 0.614657
9 4 0.549175
9 5 0.564021
9 6 0.858075
9 7 0.536389
9 8 0.586567
9 9 0.600949
9 10 0.509584
9 11 0.601971
9 12 0.584110
9 13 0.559408
9 14 0.816869
9 15 0.652784
9 16 0.616206
9 17 0.536060
9 18 0.816798
9 19 0.500001
9 20 0.603214
9 21 0.759558
9 22 0.530752
9 23 0.648195
9 24 0.559044
9 25 0.557550
10 1 0.511966
10 2 0.605189
10 3 0.513755
10 4 0.516132
10 5 0.512837
10 6 0.648728
10 7 0.505287
10 8 0.528998
10 9 0.509584
10 10 0.513159
10 11 0.566570
10 12 0.514288
10 13 0.512520
10 14 0.580434
10 15 0.529466
10 16 0.539409
10 17 0.507730
10 18 0.605097
10 19 0.500001
10 20 0.535402
10 21 0.620449
10 22 0.517743
10 23 0.536708
10 24 0.509438
10 25 0.509048
10 26 0.534451
11 1 0.656437
11 2 0.990840
11 3 0.779177
11 4 0.674768
11 5 0.665798
11 6 0.999810
11 7 0.565870
11 8 0.702276
11 9 0.601971
11 10 0.566570
11 11 0.959313
11 12 0.703720
11 13 0.677656
11 14 0.992810
11 15 0.791334
11 16 0.902735
11 17 0.734497
11 18 0.992418
11 19 0.500005
11 20 0.784686
11 21 0.996734
11 22 0.650272
11 23 0.799246
11 24 0.659455
11 25 0.661057
12 1 0.575681
12 2 0.927852
12 3 0.669608
12 4 0.578614
12 5 0.589001
12 6 0.952613
12 7 0.542521
12 8 0.590915
12 9 0.584110
12 10 0.514288
12 11 0.703720
12 12 0.624158
12 13 0.587703
12 14 0.896992
12 15 0.677550
12 16 0.701126
12 17 0.584304
12 18 0.891637
12 19 0.500001
12 20 0.653803
12 21 0.894523
12 22 0.554298
12 23 0.607002
12 24 0.586378
12 25 0.582745
12 26 0.698577
13 1 0.575579
13 2 0.929390
13 3 0.661807
13 4 0.570160
13 5 0.585388
13 6 0.952101
13 7 0.539570
13 8 0.604596
13 9 0.559408
13 10 0.512520
13 11 0.677656
13 12 0.587703
13 13 0.588703
13 14 0.870950
13 15 0.657914
13 16 0.674936
13 17 0.563602
13 18 0.892528
13 19 0.500001
13 20 0.616833
13 21 0.819782
13 22 0.548354
13 23 0.575911
13 24 0.580159
13 25 0.576505
14 1 0.836409
14 2 0.999999
14 3 0.972582
14 4 0.829630
14 5 0.869794
14 6 1.000000
14 7 0.704586
14 8 0.859429
14 9 0.816869
14 10 0.580434
14 11 0.992810
14 12 0.896992
14 13 0.870950
14 14 0.999998
14 15 0.977430
14 16 0.985237
14 17 0.873351
14 18 0.999990
14 19 0.500008
14 20 0.937581
14 21 0.999953
14 22 0.748753
14 23 0.871203
14 24 0.863381
14 25 0.854693
15 1 0.639358
15 2 0.993333
15 3 0.787226
15 4 0.624840
15 5 0.659934
15 6 0.994883
15 7 0.576657
15 8 0.690242
15 9 0.652784
15 10 0.529466
15 11 0.791334
15 12 0.677550
15 13 0.657914
15 14 0.977430
15 15 0.863151
15 16 0.768852
15 17 0.604628
15 18 0.987565
15 19 0.500004
15 20 0.735528
15 21 0.952012
15 22 0.582651
15 23 0.680427
15 24 0.647526
15 25 0.640023
15 26 0.827125
16 1 0.653928
16 2 0.994116
16 3 0.810268
16 4 0.653502
16 5 0.662027
16 6 0.999113
16 7 0.569927
16 8 0.746452
16 9 0.616206
16 10 0.539409
16 11 0.902735
16 12 0.701126
16 13 0.674936
16 14 0.985237
16 15 0.768852
16 16 0.906446
16 17 0.699917
16 18 0.991464
16 19 0.500003
16 20 0.800933
16 21 0.990259
16 22 0.614357
16 23 0.703531
16 24 0.660730
16 25 0.653339
16 26 0.852161
17 1 0.554273
17 2 0.808848
17 4 0.554838
17 5 0.558572
17 6 0.945812
17 7 0.522462
17 8 0.533420
17 9 0.536060
17 10 0.507730
17 11 0.734497
17 12 0.584304
17 13 0.563602
17 14 0.873351
17 15 0.604628
17 16 0.699917
17 17 0.620395
17 18 0.840740
17 19 0.500001
17 20 0.607775
17 21 0.867120
17 22 0.535814
17 23 0.573981
17 24 0.563781
17 25 0.564040
17 26 0.644919
18 1 0.860597
18 2 1.000000
18 3 0.984385
18 4 0.842072
18 5 0.878052
18 6 1.000000
18 7 0.723639
18 8 0.953983
18 9 0.816798
18 10 0.605097
18 11 0.992418
18 12 0.891637
18 13 0.892528
18 14 0.999990
18 15 0.987565
18 16 0.991464
18 17 0.840740
18 18 1.000000
18 19 0.500017
18 20 0.970525
18 21 0.999723
18 22 0.760147
18 23 0.766175
18 24 0.867914
18 25 0.846621
19 1 0.500001
19 2 0.500014
19 3 0.500002
19 4 0.500001
19 5 0.500001
19 6 0.500016
19 7 0.500001
19 8 0.500003
19 9 0.500001
19 10 0.500001
19 11 0.500005
19 12 0.500001
19 13 0.500001
19 14 0.500008
19 15 0.500004
19 16 0.500003
19 17 0.500001
19 18 0.500017
19 19 0.500000
19 20 0.500004
19 21 0.500007
19 22 0.500001
19 23 0.500000
19 24 0.500001
19 25 0.500001
19 26 0.500004
20 1 0.605185
20 2 0.974225
20 3 0.727607
20 4 0.606083
20 5 0.616284
20 6 0.984685
20 7 0.546970
20 8 0.683903
20 9 0.603214
20 10 0.535402
20 11 0.784686
20 12 0.653803
20 13 0.616833
20 14 0.937581
20 15 0.735528
20 16 0.800933
20 17 0.607775
20 18 0.970525
20 19 0.500004
20 20 0.763416
20 21 0.952773
20 22 0.579161
20 23 0.646032
20 24 0.609848
20 25 0.599854
20 26 0.764285
21 1 0.800763
21 2 0.999977
21 3 0.944525
21 4 0.829603
21 5 0.823419
21 6 1.000000
21 7 0.651196
21 8 0.871781
21 9 0.759558
21 10 0.620449
21 11 0.996734
21 12 0.894523
21 13 0.819782
21 14 0.999953
21 15 0.952012
21 16 0.990259
21 17 0.867120
21 18 0.999723
21 19 0.500007
21 20 0.952773
21 21 0.999999
21 22 0.790588
21 23 0.927554
21 24 0.809835
21 25 0.810514
21 26 0.980770
22 1 0.542694
22 2 0.807058
22 3 0.577442
22 5 0.547491
22 6 0.881753
22 7 0.520601
22 8 0.571570
22 9 0.530752
22 10 0.517743
22 11 0.650272
22 12 0.554298
22 13 0.548354
22 14 0.748753
22 15 0.582651
22 16 0.614357
22 17 0.535814
22 18 0.760147
22 19 0.500001
22 20 0.579161
22 21 0.790588
22 22 0.543346
22 23 0.574681
22 24 0.542261
22 25 0.541000
22 26 0.618939
23 1 0.564614
23 2 0.730178
23 3 0.583559
23 4 0.578543
23 5 0.576470
23 6 0.987164
23 7 0.519570
23 8 0.643546
23 9 0.648195
23 10 0.536708
23 11 0.799246
23 12 0.607002
23 13 0.575911
23 14 0.871203
23 15 0.680427
23 16 0.703531
23 17 0.573981
23 18 0.766175
23 19 0.500000
23 20 0.646032
23 21 0.927554
23 22 0.574681
23 23 0.934872
23 24 0.565824
23 25 0.574730
23 26 0.680014
24 1 0.568496
24 2 0.910600
24 3 0.650659
24 4 0.563761
24 5 0.578842
24 6 0.938571
24 7 0.536734
24 8 0.584711
24 9 0.559044
24 10 0.509438
24 11 0.659455
24 12 0.586378
24 13 0.580159
24 14 0.863381
24 15 0.647526
24 16 0.660730
24 17 0.563781
24 18 0.867914
24 19 0.500001
24 20 0.609848
24 21 0.809835
24 22 0.542261
24 23 0.565824
24 24 0.575179
24 25 0.571750
25 1 0.565289
25 2 0.893968
25 3 0.642017
25 4 0.561448
25 5 0.575649
25 6 0.932947
25 7 0.535666
25 8 0.573174
25 9 0.557550
25 10 0.509048
25 11 0.661057
25 12 0.582745
25 13 0.576505
25 14 0.854693
25 15 0.640023
25 16 0.653339
25 17 0.564040
25 18 0.846621
25 19 0.500001
25 20 0.599854
25 21 0.810514
25 22 0.541000
25 23 0.574730
25 24 0.571750
25 25 0.570249
26 2 0.997767
26 6 0.999290
26 7 0.589910
26 8 0.739781
26 10 0.534451
26 12 0.698577
26 15 0.827125
26 16 0.852161
26 17 0.644919
26 19 0.500004
26 20 0.764285
26 21 0.980770
26 22 0.618939
26 23 0.680014
26 26 0.880212
