1 26 0.839286
3 17 0.836838
3 26 0.852063
4 22 0.539257
4 26 0.791258
5 26 0.846101
9 26 0.873909
11 26 0.887681
13 26 0.686255
14 26 0.989917
17 3 0.836838
18 26 0.951044
22 4 0.539257
24 26 0.863007
25 26 0.725792
26 1 0.839286
26 3 0.852063
26 4 0.791258
26 5 0.846101
26 9 0.873909
26 11 0.887681
26 13 0.686255
26 14 0.989917
26 18 0.951044
26 24 0.863007
26 25 0.725792
1 1 0.655896
1 2 0.958750
1 3 0.663448
1 4 0.627384
1 5 0.659632
1 6 0.941074
1 7 0.543482
1 8 0.587561
1 9 0.680392
1 10 0.524314
1 11 0.688169
1 12 0.497897
1 13 0.571476
1 14 0.854593
1 15 0.671068
1 16 0.741112
1 17 0.663448
1 18 0.757827
1 19 0.500003
1 20 0.696594
1 21 0.862994
1 22 0.535357
1 23 0.656940
1 24 0.670613
1 25 0.592792
2 1 0.958750
2 2 1.000000
2 3 0.993032
2 4 0.920096
2 5 0.966873
2 6 1.000000
2 7 0.731853
2 8 0.955221
2 9 0.971551
2 10 0.570592
2 11 0.999311
2 12 0.453691
2 13 0.948952
2 14 0.998906
2 15 0.985896
2 16 0.999190
2 17 0.993032
2 18 0.995522
2 19 0.500013
2 20 0.993953
2 21 0.999918
2 22 0.734051
2 23 0.840911
2 24 0.971510
2 25 0.831667
2 26 0.999758
3 1 0.663448
3 2 0.993032
3 3 0.836838
3 4 0.638928
3 5 0.680006
3 6 0.984311
3 7 0.531377
3 8 0.632172
3 9 0.681654
3 10 0.511196
3 11 0.812256
3 12 0.510809
3 13 0.616467
3 14 0.784239
3 15 0.614579
3 16 0.873211
3 18 0.806923
3 19 0.500000
3 20 0.718892
3 21 0.917772
3 22 0.557132
3 23 0.582608
3 24 0.686392
3 25 0.566844
4 1 0.627384
4 2 0.920096
4 3 0.638928
4 4 0.611914
4 5 0.630520
4 6 0.924518
4 7 0.533973
4 8 0.574043
4 9 0.648730
4 10 0.522690
4 11 0.655779
4 12 0.502013
4 13 0.560635
4 14 0.798171
4 15 0.615717
4 16 0.697044
4 17 0.638928
4 18 0.718825
4 19 0.500002
4 20 0.669382
4 21 0.803469
4 23 0.609812
4 24 0.641927
4 25 0.575216
5 1 0.659632
5 2 0.966873
5 3 0.680006
5 4 0.630520
5 5 0.665331
5 6 0.942875
5 7 0.543542
5 8 0.594732
5 9 0.684606
5 10 0.523339
5 11 0.695588
5 12 0.500487
5 13 0.579310
5 14 0.854858
5 15 0.671725
5 16 0.759378
5 17 0.680006
5 18 0.766758
5 19 0.500003
5 20 0.701424
5 21 0.869071
5 22 0.537421
5 23 0.659022
5 24 0.675969
5 25 0.594363
6 1 0.941074
6 2 1.000000
6 3 0.984311
6 4 0.924518
6 5 0.942875
6 6 1.000000
6 7 0.748211
6 8 0.901507
6 9 0.954129
6 10 0.620850
6 11 0.998334
6 12 0.419769
6 13 0.866168
6 14 0.998108
6 15 0.879843
6 16 0.996097
6 17 0.984311
6 18 0.991734
6 19 0.500007
6 20 0.982747
6 21 0.998024
6 22 0.765688
6 23 0.366349
6 24 0.960273
6 25 0.792222
6 26 0.999164
7 1 0.543482
7 2 0.731853
7 3 0.531377
7 4 0.533973
7 5 0.543542
7 6 0.748211
7 7 0.529126
7 8 0.527386
7 9 0.547436
7 10 0.510243
7 11 0.559999
7 12 0.504618
7 13 0.521933
7 14 0.636844
7 15 0.554623
7 16 0.566976
7 17 0.531377
7 18 0.573491
7 19 0.500001
7 20 0.565541
7 21 0.610942
7 22 0.507860
7 23 0.544829
7 24 0.550763
7 25 0.536484
7 26 0.616782
8 1 0.587561
8 2 0.955221
8 3 0.632172
8 4 0.574043
8 5 0.594732
8 6 0.901507
8 7 0.527386
8 8 0.615908
8 9 0.604725
8 10 0.508160
8 11 0.660205
8 12 0.511458
8 13 0.577822
8 14 0.683473
8 15 0.642677
8 16 0.708733
8 17 0.632172
8 18 0.650078
8 19 0.500001
8 20 0.623832
8 21 0.747467
8 22 0.533696
8 23 0.542304
8 24 0.607315
8 25 0.545643
8 26 0.723901
9 1 0.680392
9 2 0.971551
9 3 0.681654
9 4 0.648730
9 5 0.684606
9 6 0.954129
9 7 0.547436
9 8 0.604725
9 9 0.710680
9 10 0.528018
9 11 0.704796
9 12 0.498488
9 13 0.582531
9 14 0.888328
9 15 0.700944
9 16 0.771386
9 17 0.681654
9 18 0.790986
9 19 0.500003
9 20 0.724910
9 21 0.900631
9 22 0.541774
9 23 0.694827
9 24 0.697790
9 25 0.609073
10 1 0.524314
10 2 0.570592
10 3 0.511196
10 4 0.522690
10 5 0.523339
10 6 0.620850
10 7 0.510243
10 8 0.508160
10 9 0.528018
10 10 0.510599
10 11 0.521462
10 12 0.503608
10 13 0.504573
10 14 0.572758
10 15 0.548982
10 16 0.548629
10 17 0.511196
10 18 0.549564
10 19 0.500001
10 20 0.552642
10 21 0.569652
10 22 0.507879
10 23 0.530836
10 24 0.524752
10 25 0.518314
10 26 0.563626
11 1 0.688169
11 2 0.999311
11 3 0.812256
11 4 0.655779
11 5 0.695588
11 6 0.998334
11 7 0.559999
11 8 0.660205
11 9 0.704796
11 10 0.521462
11 11 0.906112
11 12 0.485801
11 13 0.619201
11 14 0.845190
11 15 0.708281
11 16 0.872952
11 17 0.812256
11 18 0.816245
11 19 0.500003
11 20 0.767678
11 21 0.909647
11 22 0.566196
11 23 0.530400
11 24 0.708959
11 25 0.570745
12 1 0.497897
12 2 0.453691
12 3 0.510809
12 4 0.502013
12 5 0.500487
12 6 0.419769
12 7 0.504618
12 8 0.511458
12 9 0.498488
12 10 0.503608
12 11 0.485801
12 12 0.525722
12 13 0.499230
12 14 0.493787
12 15 0.516378
12 16 0.530693
12 17 0.510809
12 18 0.516596
12 19 0.500000
12 20 0.523554
12 21 0.542374
12 22 0.502103
12 23 0.530735
12 24 0.502401
12 25 0.510568
12 26 0.503938
13 1 0.571476
13 2 0.948952
13 3 0.616467
13 4 0.560635
13 5 0.579310
13 6 0.866168
13 7 0.521933
13 8 0.577822
13 9 0.582531
13 10 0.504573
13 11 0.619201
13 12 0.499230
13 13 0.590378
13 14 0.643625
13 15 0.559842
13 16 0.671111
13 17 0.616467
13 18 0.621693
13 19 0.500000
13 20 0.616439
13 21 0.678416
13 22 0.529731
13 23 0.524004
13 24 0.586856
13 25 0.542981
14 1 0.854593
14 2 0.998906
14 3 0.784239
14 4 0.798171
14 5 0.854858
14 6 0.998108
14 7 0.636844
14 8 0.683473
14 9 0.888328
14 10 0.572758
14 11 0.845190
14 12 0.493787
14 13 0.643625
14 14 0.996129
14 15 0.905054
14 16 0.911723
14 17 0.784239
14 18 0.951511
14 19 0.500008
14 20 0.884120
14 21 0.992244
14 22 0.564913
14 23 0.881619
14 24 0.872793
14 25 0.755822
15 1 0.671068
15 2 0.985896
15 3 0.614579
15 4 0.615717
15 5 0.671725
15 6 0.879843
15 7 0.554623
15 8 0.642677
15 9 0.700944
15 10 0.548982
15 11 0.708281
15 12 0.516378
15 13 0.559842
15 14 0.905054
15 15 0.953822
15 16 0.909963
15 17 0.614579
15 18 0.799825
15 19 0.500004
15 20 0.782793
15 21 0.930526
15 22 0.514837
15 23 0.748717
15 24 0.666219
15 25 0.588645
15 26 0.884800
16 1 0.741112
16 2 0.999190
16 3 0.873211
16 4 0.697044
16 5 0.759378
16 6 0.996097
16 7 0.566976
16 8 0.708733
16 9 0.771386
16 10 0.548629
16 11 0.872952
16 12 0.530693
16 13 0.671111
16 14 0.911723
16 15 0.909963
16 16 0.986021
16 17 0.873211
16 18 0.918213
16 19 0.500002
16 20 0.874944
16 21 0.963843
16 22 0.572632
16 23 0.636454
16 24 0.767460
16 25 0.621969
16 26 0.950863
17 1 0.663448
17 2 0.993032
17 4 0.638928
17 5 0.680006
17 6 0.984311
17 7 0.531377
17 8 0.632172
17 9 0.681654
17 10 0.511196
17 11 0.812256
17 12 0.510809
17 13 0.616467
17 14 0.784239
17 15 0.614579
17 16 0.873211
17 17 0.836838
17 18 0.806923
17 19 0.500000
17 20 0.718892
17 21 0.917772
17 22 0.557132
17 23 0.582608
17 24 0.686392
17 25 0.566844
17 26 0.852063
18 1 0.757827
18 2 0.995522
18 3 0.806923
18 4 0.718825
18 5 0.766758
18 6 0.991734
18 7 0.573491
18 8 0.650078
18 9 0.790986
18 10 0.549564
18 11 0.816245
18 12 0.516596
18 13 0.621693
18 14 0.951511
18 15 0.799825
18 16 0.918213
18 17 0.806923
18 18 0.904953
18 19 0.500005
18 20 0.846041
18 21 0.965695
18 22 0.566726
18 23 0.777663
18 24 0.779199
18 25 0.659874
19 1 0.500003
19 2 0.500013
19 3 0.500000
19 4 0.500002
19 5 0.500003
19 6 0.500007
19 7 0.500001
19 8 0.500001
19 9 0.500003
19 10 0.500001
19 11 0.500003
19 12 0.500000
19 13 0.500000
19 14 0.500008
19 15 0.500004
19 16 0.500002
19 17 0.500000
19 18 0.500005
19 19 0.500000
19 20 0.500004
19 21 0.500006
19 22 0.500000
19 23 0.500008
19 24 0.500003
19 25 0.500002
19 26 0.500007
20 1 0.696594
20 2 0.993953
20 3 0.718892
20 4 0.669382
20 5 0.701424
20 6 0.982747
20 7 0.565541
20 8 0.623832
20 9 0.724910
20 10 0.552642
20 11 0.767678
20 12 0.523554
20 13 0.616439
20 14 0.884120
20 15 0.782793
20 16 0.874944
20 17 0.718892
20 18 0.846041
20 19 0.500004
20 20 0.869834
20 21 0.951990
20 22 0.559443
20 23 0.798002
20 24 0.709471
20 25 0.635608
20 26 0.896061
21 1 0.862994
21 2 0.999918
21 3 0.917772
21 4 0.803469
21 5 0.869071
21 6 0.998024
21 7 0.610942
21 8 0.747467
21 9 0.900631
21 10 0.569652
21 11 0.909647
21 12 0.542374
21 13 0.678416
21 14 0.992244
21 15 0.930526
21 16 0.963843
21 17 0.917772
21 18 0.965695
21 19 0.500006
21 20 0.951990
21 21 0.999887
21 22 0.574565
21 23 0.970663
21 24 0.876589
21 25 0.756776
21 26 0.989969
22 1 0.535357
22 2 0.734051
22 3 0.557132
22 5 0.537421
22 6 0.765688
22 7 0.507860
22 8 0.533696
22 9 0.541774
22 10 0.507879
22 11 0.566196
22 12 0.502103
22 13 0.529731
22 14 0.564913
22 15 0.514837
22 16 0.572632
22 17 0.557132
22 18 0.566726
22 19 0.500000
22 20 0.559443
22 21 0.574565
22 22 0.524465
22 23 0.491355
22 24 0.542541
22 25 0.516555
22 26 0.591260
23 1 0.656940
23 2 0.840911
23 3 0.582608
23 4 0.609812
23 5 0.659022
23 6 0.366349
23 7 0.544829
23 8 0.542304
23 9 0.694827
23 10 0.530836
23 11 0.530400
23 12 0.530735
23 13 0.524004
23 14 0.881619
23 15 0.748717
23 16 0.636454
23 17 0.582608
23 18 0.777663
23 19 0.500008
23 20 0.798002
23 21 0.970663
23 22 0.491355
23 23 0.955444
23 24 0.654821
23 25 0.638415
23 26 0.826833
24 1 0.670613
24 2 0.971510
24 3 0.686392
24 4 0.641927
24 5 0.675969
24 6 0.960273
24 7 0.550763
24 8 0.607315
24 9 0.697790
24 10 0.524752
24 11 0.708959
24 12 0.502401
24 13 0.586856
24 14 0.872793
24 15 0.666219
24 16 0.767460
24 17 0.686392
24 18 0.779199
24 19 0.500003
24 20 0.709471
24 21 0.876589
24 22 0.542541
24 23 0.654821
24 24 0.691990
24 25 0.605129
25 1 0.592792
25 2 0.831667
25 3 0.566844
25 4 0.575216
25 5 0.594363
25 6 0.792222
25 7 0.536484
25 8 0.545643
25 9 0.609073
25 10 0.518314
25 11 0.570745
25 12 0.510568
25 13 0.542981
25 14 0.755822
25 15 0.588645
25 16 0.621969
25 17 0.566844
25 18 0.659874
25 19 0.500002
25 20 0.635608
25 21 0.756776
25 22 0.516555
25 23 0.638415
25 24 0.605129
25 25 0.578932
26 2 0.999758
26 6 0.999164
26 7 0.616782
26 8 0.723901
26 10 0.563626
26 12 0.503938
26 15 0.884800
26 16 0.950863
26 17 0.852063
26 19 0.500007
26 20 0.896061
26 21 0.989969
26 22 0.591260
26 23 0.826833
26 26 0.986888
