1 26 0.515896
3 17 0.556035
3 26 0.565550
4 22 0.525238
4 26 0.571349
5 26 0.557143
9 26 0.568695
11 26 0.583843
13 26 0.574848
14 26 0.713305
17 3 0.556035
18 26 0.561831
22 4 0.525238
24 26 0.552140
25 26 0.552905
26 1 0.515896
26 3 0.565550
26 4 0.571349
26 5 0.557143
26 9 0.568695
26 11 0.583843
26 13 0.574848
26 14 0.713305
26 18 0.561831
26 24 0.552140
26 25 0.552905
1 1 0.503818
1 2 0.553003
1 3 0.502189
1 4 0.505312
1 5 0.505140
1 6 0.535453
1 7 0.505025
1 8 0.502176
1 9 0.503992
1 10 0.502719
1 11 0.507370
1 12 0.508166
1 13 0.504278
1 14 0.514025
1 15 0.519005
1 16 0.511393
1 17 0.505270
1 18 0.506849
1 19 0.500000
1 20 0.514651
1 21 0.523006
1 22 0.504543
1 23 0.490467
1 24 0.504081
1 25 0.503771
2 1 0.553003
2 2 0.998824
2 3 0.547960
2 4 0.584767
2 5 0.579360
2 6 0.811495
2 7 0.567404
2 8 0.603995
2 9 0.547525
2 10 0.524715
2 11 0.631574
2 12 0.677017
2 13 0.518973
2 14 0.593149
2 15 0.632758
2 16 0.656807
2 17 0.498579
2 18 0.701896
2 19 0.500009
2 20 0.842918
2 21 0.866867
2 22 0.581509
2 23 0.405282
2 24 0.571479
2 25 0.545950
2 26 0.752202
3 1 0.502189
3 2 0.547960
3 3 0.544792
3 4 0.529811
3 5 0.518389
3 6 0.552287
3 7 0.500665
3 8 0.538118
3 9 0.532242
3 10 0.493272
3 11 0.529964
3 12 0.538068
3 13 0.518365
3 14 0.545377
3 15 0.628889
3 16 0.531728
3 18 0.529355
3 19 0.500001
3 20 0.554286
3 21 0.741875
3 22 0.522351
3 23 0.648600
3 24 0.518021
3 25 0.517542
4 1 0.505312
4 2 0.584767
4 3 0.529811
4 4 0.532528
4 5 0.519258
4 6 0.712646
4 7 0.509695
4 8 0.525606
4 9 0.527091
4 10 0.501659
4 11 0.529578
4 12 0.545659
4 13 0.532521
4 14 0.585259
4 15 0.618678
4 16 0.545345
4 17 0.558504
4 18 0.522446
4 19 0.500002
4 20 0.541868
4 21 0.693045
4 23 0.574593
4 24 0.520228
4 25 0.518668
5 1 0.505140
5 2 0.579360
5 3 0.518389
5 4 0.519258
5 5 0.521807
5 6 0.634863
5 7 0.505404
5 8 0.513710
5 9 0.525445
5 10 0.502283
5 11 0.526799
5 12 0.538881
5 13 0.524063
5 14 0.560123
5 15 0.596671
5 16 0.526314
5 17 0.535964
5 18 0.509700
5 19 0.500001
5 20 0.524829
5 21 0.656711
5 22 0.513127
5 23 0.567848
5 24 0.515117
5 25 0.517627
6 1 0.535453
6 2 0.811495
6 3 0.552287
6 4 0.712646
6 5 0.634863
6 6 1.000000
6 7 0.593275
6 8 0.570113
6 9 0.602836
6 10 0.587411
6 11 0.634104
6 12 0.924318
6 13 0.827757
6 14 0.995043
6 15 0.957295
6 16 0.889441
6 17 0.954459
6 18 0.455452
6 19 0.500029
6 20 0.487581
6 21 0.986828
6 22 0.659931
6 23 0.344088
6 24 0.619889
6 25 0.625873
6 26 0.897859
7 1 0.505025
7 2 0.567404
7 3 0.500665
7 4 0.509695
7 5 0.505404
7 6 0.593275
7 7 0.516731
7 8 0.502772
7 9 0.501159
7 10 0.504823
7 11 0.516854
7 12 0.512050
7 13 0.510449
7 14 0.531128
7 15 0.516547
7 16 0.511059
7 17 0.499412
7 18 0.512173
7 19 0.500001
7 20 0.518729
7 21 0.481394
7 22 0.506498
7 23 0.463785
7 24 0.511507
7 25 0.509328
7 26 0.523570
8 1 0.502176
8 2 0.603995
8 3 0.538118
8 4 0.525606
8 5 0.513710
8 6 0.570113
8 7 0.502772
8 8 0.563511
8 9 0.518728
8 10 0.491881
8 11 0.529095
8 12 0.553095
8 13 0.498743
8 14 0.554743
8 15 0.580561
8 16 0.534636
8 17 0.529490
8 18 0.546474
8 19 0.500001
8 20 0.567135
8 21 0.690008
8 22 0.517259
8 23 0.615459
8 24 0.517463
8 25 0.517248
8 26 0.565187
9 1 0.503992
9 2 0.547525
9 3 0.532242
9 4 0.527091
9 5 0.525445
9 6 0.602836
9 7 0.501159
9 8 0.518728
9 9 0.539200
9 10 0.498429
9 11 0.530583
9 12 0.539948
9 13 0.536513
9 14 0.560036
9 15 0.630033
9 16 0.524145
9 17 0.550118
9 18 0.511346
9 19 0.500001
9 20 0.536025
9 21 0.728634
9 22 0.519576
9 23 0.622206
9 24 0.519763
9 25 0.521355
10 1 0.502719
10 2 0.524715
10 3 0.493272
10 4 0.501659
10 5 0.502283
10 6 0.587411
10 7 0.504823
10 8 0.491881
10 9 0.498429
10 10 0.506771
10 11 0.499631
10 12 0.498505
10 13 0.504792
10 14 0.516306
10 15 0.503032
10 16 0.517425
10 17 0.507680
10 18 0.495561
10 19 0.500000
10 20 0.494464
10 21 0.481033
10 22 0.501949
10 23 0.475848
10 24 0.500214
10 25 0.500349
10 26 0.502182
11 1 0.507370
11 2 0.631574
11 3 0.529964
11 4 0.529578
11 5 0.526799
11 6 0.634104
11 7 0.516854
11 8 0.529095
11 9 0.530583
11 10 0.499631
11 11 0.550542
11 12 0.555783
11 13 0.531719
11 14 0.571677
11 15 0.614097
11 16 0.522556
11 17 0.527238
11 18 0.533133
11 19 0.500002
11 20 0.553465
11 21 0.662312
11 22 0.518954
11 23 0.576762
11 24 0.528322
11 25 0.528709
12 1 0.508166
12 2 0.677017
12 3 0.538068
12 4 0.545659
12 5 0.538881
12 6 0.924318
12 7 0.512050
12 8 0.553095
12 9 0.539948
12 10 0.498505
12 11 0.555783
12 12 0.670407
12 13 0.563591
12 14 0.698042
12 15 0.651508
12 16 0.523043
12 17 0.588062
12 18 0.544477
12 19 0.500006
12 20 0.559959
12 21 0.779893
12 22 0.529977
12 23 0.506773
12 24 0.537121
12 25 0.537374
12 26 0.645199
13 1 0.504278
13 2 0.518973
13 3 0.518365
13 4 0.532521
13 5 0.524063
13 6 0.827757
13 7 0.510449
13 8 0.498743
13 9 0.536513
13 10 0.504792
13 11 0.531719
13 12 0.563591
13 13 0.579482
13 14 0.617317
13 15 0.616398
13 16 0.523952
13 17 0.573493
13 18 0.493415
13 19 0.500003
13 20 0.518599
13 21 0.667396
13 22 0.523463
13 23 0.528851
13 24 0.526547
13 25 0.524629
14 1 0.514025
14 2 0.593149
14 3 0.545377
14 4 0.585259
14 5 0.560123
14 6 0.995043
14 7 0.531128
14 8 0.554743
14 9 0.560036
14 10 0.516306
14 11 0.571677
14 12 0.698042
14 13 0.617317
14 14 0.863560
14 15 0.820414
14 16 0.654973
14 17 0.709648
14 18 0.504717
14 19 0.500009
14 20 0.487650
14 21 0.879605
14 22 0.559517
14 23 0.582065
14 24 0.548612
14 25 0.558231
15 1 0.519005
15 2 0.632758
15 3 0.628889
15 4 0.618678
15 5 0.596671
15 6 0.957295
15 7 0.516547
15 8 0.580561
15 9 0.630033
15 10 0.503032
15 11 0.614097
15 12 0.651508
15 13 0.616398
15 14 0.820414
15 15 0.944883
15 16 0.716964
15 17 0.794583
15 18 0.508427
15 19 0.500007
15 20 0.570679
15 21 0.986221
15 22 0.590818
15 23 0.881811
15 24 0.556310
15 25 0.574957
15 26 0.758165
16 1 0.511393
16 2 0.656807
16 3 0.531728
16 4 0.545345
16 5 0.526314
16 6 0.889441
16 7 0.511059
16 8 0.534636
16 9 0.524145
16 10 0.517425
16 11 0.522556
16 12 0.523043
16 13 0.523952
16 14 0.654973
16 15 0.716964
16 16 0.679408
16 17 0.654537
16 18 0.499867
16 19 0.500002
16 20 0.532072
16 21 0.783452
16 22 0.539649
16 23 0.656828
16 24 0.507375
16 25 0.513518
16 26 0.581200
17 1 0.505270
17 2 0.498579
17 4 0.558504
17 5 0.535964
17 6 0.954459
17 7 0.499412
17 8 0.529490
17 9 0.550118
17 10 0.507680
17 11 0.527238
17 12 0.588062
17 13 0.573493
17 14 0.709648
17 15 0.794583
17 16 0.654537
17 17 0.737836
17 18 0.469107
17 19 0.500004
17 20 0.521184
17 21 0.896465
17 22 0.548841
17 23 0.684651
17 24 0.513385
17 25 0.521258
17 26 0.609824
18 1 0.506849
18 2 0.701896
18 3 0.529355
18 4 0.522446
18 5 0.509700
18 6 0.455452
18 7 0.512173
18 8 0.546474
18 9 0.511346
18 10 0.495561
18 11 0.533133
18 12 0.544477
18 13 0.493415
18 14 0.504717
18 15 0.508427
18 16 0.499867
18 17 0.469107
18 18 0.575954
18 19 0.500001
18 20 0.589008
18 21 0.585300
18 22 0.517115
18 23 0.526120
18 24 0.522174
18 25 0.513996
19 1 0.500000
19 2 0.500009
19 3 0.500001
19 4 0.500002
19 5 0.500001
19 6 0.500029
19 7 0.500001
19 8 0.500001
19 9 0.500001
19 10 0.500000
19 11 0.500002
19 12 0.500006
19 13 0.500003
19 14 0.500009
19 15 0.500007
19 16 0.500002
19 17 0.500004
19 18 0.500001
19 19 0.500000
19 20 0.500001
19 21 0.500010
19 22 0.500001
19 23 0.499999
19 24 0.500001
19 25 0.500001
19 26 0.500005
20 1 0.514651
20 2 0.842918
20 3 0.554286
20 4 0.541868
20 5 0.524829
20 6 0.487581
20 7 0.518729
20 8 0.567135
20 9 0.536025
20 10 0.494464
20 11 0.553465
20 12 0.559959
20 13 0.518599
20 14 0.487650
20 15 0.570679
20 16 0.532072
20 17 0.521184
20 18 0.589008
20 19 0.500001
20 20 0.705475
20 21 0.758174
20 22 0.535201
20 23 0.565680
20 24 0.539705
20 25 0.525155
20 26 0.596816
21 1 0.523006
21 2 0.866867
21 3 0.741875
21 4 0.693045
21 5 0.656711
21 6 0.986828
21 7 0.481394
21 8 0.690008
21 9 0.728634
21 10 0.481033
21 11 0.662312
21 12 0.779893
21 13 0.667396
21 14 0.879605
21 15 0.986221
21 16 0.783452
21 17 0.896465
21 18 0.585300
21 19 0.500010
21 20 0.758174
21 21 0.999780
21 22 0.655520
21 23 0.980148
21 24 0.597280
21 25 0.611791
21 26 0.874984
22 1 0.504543
22 2 0.581509
22 3 0.522351
22 5 0.513127
22 6 0.659931
22 7 0.506498
22 8 0.517259
22 9 0.519576
22 10 0.501949
22 11 0.518954
22 12 0.529977
22 13 0.523463
22 14 0.559517
22 15 0.590818
22 16 0.539649
22 17 0.548841
22 18 0.517115
22 19 0.500001
22 20 0.535201
22 21 0.655520
22 22 0.521316
22 23 0.549104
22 24 0.513171
22 25 0.511076
22 26 0.551617
23 1 0.490467
23 2 0.405282
23 3 0.648600
23 4 0.574593
23 5 0.567848
23 6 0.344088
23 7 0.463785
23 8 0.615459
23 9 0.622206
23 10 0.475848
23 11 0.576762
23 12 0.506773
23 13 0.528851
23 14 0.582065
23 15 0.881811
23 16 0.656828
23 17 0.684651
23 18 0.526120
23 19 0.499999
23 20 0.565680
23 21 0.980148
23 22 0.549104
23 23 0.979929
23 24 0.534317
23 25 0.553635
23 26 0.649391
24 1 0.504081
24 2 0.571479
24 3 0.518021
24 4 0.520228
24 5 0.515117
24 6 0.619889
24 7 0.511507
24 8 0.517463
24 9 0.519763
24 10 0.500214
24 11 0.528322
24 12 0.537121
24 13 0.526547
24 14 0.548612
24 15 0.556310
24 16 0.507375
24 17 0.513385
24 18 0.522174
24 19 0.500001
24 20 0.539705
24 21 0.597280
24 22 0.513171
24 23 0.534317
24 24 0.520976
24 25 0.518483
25 1 0.503771
25 2 0.545950
25 3 0.517542
25 4 0.518668
25 5 0.517627
25 6 0.625873
25 7 0.509328
25 8 0.517248
25 9 0.521355
25 10 0.500349
25 11 0.528709
25 12 0.537374
25 13 0.524629
25 14 0.558231
25 15 0.574957
25 16 0.513518
25 17 0.521258
25 18 0.513996
25 19 0.500001
25 20 0.525155
25 21 0.611791
25 22 0.511076
25 23 0.553635
25 24 0.518483
25 25 0.519444
26 2 0.752202
26 6 0.897859
26 7 0.523570
26 8 0.565187
26 10 0.502182
26 12 0.645199
26 15 0.758165
26 16 0.581200
26 17 0.609824
26 19 0.500005
26 20 0.596816
26 21 0.874984
26 22 0.551617
26 23 0.649391
26 26 0.688084
