1 26 0.798076
3 17 0.988524
3 26 0.998997
4 22 0.540421
4 26 0.739468
5 26 0.827795
9 26 0.823319
11 26 0.858281
13 26 0.826968
14 26 0.960974
17 3 0.988524
18 26 0.996558
22 4 0.540421
24 26 0.822925
25 26 0.683851
26 1 0.798076
26 3 0.998997
26 4 0.739468
26 5 0.827795
26 9 0.823319
26 11 0.858281
26 13 0.826968
26 14 0.960974
26 18 0.996558
26 24 0.822925
26 25 0.683851
1 1 0.623914
1 2 0.968691
1 3 0.928354
1 4 0.594370
1 5 0.639951
1 6 0.898483
1 7 0.539783
1 8 0.553248
1 9 0.638500
1 10 0.530727
1 11 0.658728
1 12 0.599615
1 13 0.638637
1 14 0.763775
1 15 0.817223
1 16 0.713538
1 17 0.662579
1 18 0.893072
1 19 0.500002
1 20 0.724430
1 21 0.948419
1 22 0.541128
1 23 0.803365
1 24 0.637937
1 25 0.569211
2 1 0.968691
2 2 1.000000
2 3 1.000000
2 4 0.884522
2 5 0.978608
2 6 0.999487
2 7 0.658011
2 8 0.987513
2 9 0.983617
2 10 0.772856
2 11 0.983316
2 12 0.665824
2 13 0.972521
2 14 0.999427
2 15 0.999992
2 16 0.999845
2 17 0.997443
2 18 1.000000
2 19 0.500004
2 20 0.999996
2 21 1.000000
2 22 0.638347
2 23 1.000000
2 24 0.978347
2 25 0.895014
2 26 0.999885
3 1 0.928354
3 2 1.000000
3 3 1.000000
3 4 0.874965
3 5 0.940917
3 6 0.999573
3 7 0.561123
3 8 0.825977
3 9 0.955092
3 10 0.599896
3 11 0.965050
3 12 0.861443
3 13 0.942469
3 14 0.997668
3 15 0.999592
3 16 0.977198
3 18 1.000000
3 19 0.500011
3 20 0.999428
3 21 1.000000
3 22 0.692953
3 23 0.999993
3 24 0.951386
3 25 0.874158
4 1 0.594370
4 2 0.884522
4 3 0.874965
4 4 0.582628
4 5 0.607211
4 6 0.877022
4 7 0.524477
4 8 0.503846
4 9 0.605889
4 10 0.515345
4 11 0.622847
4 12 0.595183
4 13 0.606888
4 14 0.727259
4 15 0.751207
4 16 0.622225
4 17 0.614594
4 18 0.802849
4 19 0.500002
4 20 0.635999
4 21 0.880975
4 23 0.728753
4 24 0.605435
4 25 0.553272
5 1 0.639951
5 2 0.978608
5 3 0.940917
5 4 0.607211
5 5 0.663444
5 6 0.921124
5 7 0.549437
5 8 0.545460
5 9 0.655114
5 10 0.535140
5 11 0.673746
5 12 0.598146
5 13 0.658357
5 14 0.792047
5 15 0.846379
5 16 0.730897
5 17 0.653409
5 18 0.917717
5 19 0.500001
5 20 0.728446
5 21 0.953574
5 22 0.547261
5 23 0.808840
5 24 0.656150
5 25 0.576769
6 1 0.898483
6 2 0.999487
6 3 0.999573
6 4 0.877022
6 5 0.921124
6 6 1.000000
6 7 0.727183
6 8 0.756939
6 9 0.917931
6 10 0.677627
6 11 0.959851
6 12 0.963975
6 13 0.919744
6 14 0.996711
6 15 0.998728
6 16 0.997789
6 17 0.979669
6 18 0.998350
6 19 0.500009
6 20 0.992842
6 21 0.999999
6 22 0.708184
6 23 0.971752
6 24 0.914590
6 25 0.723137
6 26 0.996776
7 1 0.539783
7 2 0.658011
7 3 0.561123
7 4 0.524477
7 5 0.549437
7 6 0.727183
7 7 0.546352
7 8 0.535345
7 9 0.539067
7 10 0.524525
7 11 0.549719
7 12 0.536222
7 13 0.548303
7 14 0.568319
7 15 0.658702
7 16 0.663305
7 17 0.555768
7 18 0.542321
7 19 0.500000
7 20 0.560019
7 21 0.711662
7 22 0.508200
7 23 0.508113
7 24 0.545638
7 25 0.509963
7 26 0.601144
8 1 0.553248
8 2 0.987513
8 3 0.825977
8 4 0.503846
8 5 0.545460
8 6 0.756939
8 7 0.535345
8 8 0.837266
8 9 0.573981
8 10 0.586391
8 11 0.584970
8 12 0.519863
8 13 0.540550
8 14 0.573627
8 15 0.770210
8 16 0.933226
8 17 0.800751
8 18 0.923795
8 19 0.500001
8 20 0.929095
8 21 0.972195
8 22 0.477508
8 23 0.866304
8 24 0.544964
8 25 0.521728
8 26 0.614665
9 1 0.638500
9 2 0.983617
9 3 0.955092
9 4 0.605889
9 5 0.655114
9 6 0.917931
9 7 0.539067
9 8 0.573981
9 9 0.657943
9 10 0.535225
9 11 0.676583
9 12 0.614469
9 13 0.652667
9 14 0.791124
9 15 0.849076
9 16 0.747766
9 17 0.695355
9 18 0.927498
9 19 0.500002
9 20 0.767738
9 21 0.968247
9 22 0.545635
9 23 0.847563
9 24 0.653504
9 25 0.579001
10 1 0.530727
10 2 0.772856
10 3 0.599896
10 4 0.515345
10 5 0.535140
10 6 0.677627
10 7 0.524525
10 8 0.586391
10 9 0.535225
10 10 0.530605
10 11 0.537786
10 12 0.517315
10 13 0.530902
10 14 0.561724
10 15 0.639347
10 16 0.684680
10 17 0.578041
10 18 0.669930
10 19 0.500000
10 20 0.655110
10 21 0.738014
10 22 0.501104
10 23 0.581665
10 24 0.531587
10 25 0.506459
10 26 0.574655
11 1 0.658728
11 2 0.983316
11 3 0.965050
11 4 0.622847
11 5 0.673746
11 6 0.959851
11 7 0.549719
11 8 0.584970
11 9 0.676583
11 10 0.537786
11 11 0.717579
11 12 0.656232
11 13 0.677955
11 14 0.821995
11 15 0.853344
11 16 0.764517
11 17 0.738206
11 18 0.929479
11 19 0.500002
11 20 0.789124
11 21 0.984419
11 22 0.553703
11 23 0.879861
11 24 0.674382
11 25 0.592136
12 1 0.599615
12 2 0.665824
12 3 0.861443
12 4 0.595183
12 5 0.598146
12 6 0.963975
12 7 0.536222
12 8 0.519863
12 9 0.614469
12 10 0.517315
12 11 0.656232
12 12 0.750856
12 13 0.614746
12 14 0.741578
12 15 0.706630
12 16 0.674632
12 17 0.735173
12 18 0.665071
12 19 0.500003
12 20 0.678049
12 21 0.969273
12 22 0.545735
12 23 0.756029
12 24 0.615660
12 25 0.561187
12 26 0.745719
13 1 0.638637
13 2 0.972521
13 3 0.942469
13 4 0.606888
13 5 0.658357
13 6 0.919744
13 7 0.548303
13 8 0.540550
13 9 0.652667
13 10 0.530902
13 11 0.677955
13 12 0.614746
13 13 0.658556
13 14 0.788059
13 15 0.831405
13 16 0.707849
13 17 0.665358
13 18 0.902753
13 19 0.500002
13 20 0.718971
13 21 0.957999
13 22 0.548110
13 23 0.823743
13 24 0.655411
13 25 0.580602
14 1 0.763775
14 2 0.999427
14 3 0.997668
14 4 0.727259
14 5 0.792047
14 6 0.996711
14 7 0.568319
14 8 0.573627
14 9 0.791124
14 10 0.561724
14 11 0.821995
14 12 0.741578
14 13 0.788059
14 14 0.955343
14 15 0.964396
14 16 0.838952
14 17 0.823275
14 18 0.994166
14 19 0.500004
14 20 0.898951
14 21 0.998345
14 22 0.609475
14 23 0.967371
14 24 0.785828
14 25 0.655499
15 1 0.817223
15 2 0.999992
15 3 0.999592
15 4 0.751207
15 5 0.846379
15 6 0.998728
15 7 0.658702
15 8 0.770210
15 9 0.849076
15 10 0.639347
15 11 0.853344
15 12 0.706630
15 13 0.831405
15 14 0.964396
15 15 0.998778
15 16 0.990023
15 17 0.895780
15 18 0.997951
15 19 0.500007
15 20 0.974513
15 21 0.999797
15 22 0.613058
15 23 0.969990
15 24 0.840043
15 25 0.661680
15 26 0.979160
16 1 0.713538
16 2 0.999845
16 3 0.977198
16 4 0.622225
16 5 0.730897
16 6 0.997789
16 7 0.663305
16 8 0.933226
16 9 0.747766
16 10 0.684680
16 11 0.764517
16 12 0.674632
16 13 0.707849
16 14 0.838952
16 15 0.990023
16 16 0.998664
16 17 0.943867
16 18 0.991456
16 19 0.500003
16 20 0.990929
16 21 0.999753
16 22 0.519159
16 23 0.906168
16 24 0.719250
16 25 0.571249
16 26 0.893439
17 1 0.662579
17 2 0.997443
17 4 0.614594
17 5 0.653409
17 6 0.979669
17 7 0.555768
17 8 0.800751
17 9 0.695355
17 10 0.578041
17 11 0.738206
17 12 0.735173
17 13 0.665358
17 14 0.823275
17 15 0.895780
17 16 0.943867
17 17 0.915829
17 18 0.974016
17 19 0.500004
17 20 0.956080
17 21 0.998832
17 22 0.534313
17 23 0.965622
17 24 0.675190
17 25 0.601803
17 26 0.846300
18 1 0.893072
18 2 1.000000
18 3 1.000000
18 4 0.802849
18 5 0.917717
18 6 0.998350
18 7 0.542321
18 8 0.923795
18 9 0.927498
18 10 0.669930
18 11 0.929479
18 12 0.665071
18 13 0.902753
18 14 0.994166
18 15 0.997951
18 16 0.991456
18 17 0.974016
18 18 1.000000
18 19 0.500003
18 20 0.999835
18 21 0.999999
18 22 0.606292
18 23 0.999941
18 24 0.915073
18 25 0.818640
19 1 0.500002
19 2 0.500004
19 3 0.500011
19 4 0.500002
19 5 0.500001
19 6 0.500009
19 7 0.500000
19 8 0.500001
19 9 0.500002
19 10 0.500000
19 11 0.500002
19 12 0.500003
19 13 0.500002
19 14 0.500004
19 15 0.500007
19 16 0.500003
19 17 0.500004
19 18 0.500003
19 19 0.500000
19 20 0.500003
19 21 0.500010
19 22 0.500001
19 23 0.500008
19 24 0.500002
19 25 0.500001
19 26 0.500004
20 1 0.724430
20 2 0.999996
20 3 0.999428
20 4 0.635999
20 5 0.728446
20 6 0.992842
20 7 0.560019
20 8 0.929095
20 9 0.767738
20 10 0.655110
20 11 0.789124
20 12 0.678049
20 13 0.718971
20 14 0.898951
20 15 0.974513
20 16 0.990929
20 17 0.956080
20 18 0.999835
20 19 0.500003
20 20 0.998927
20 21 0.999900
20 22 0.516414
20 23 0.995337
20 24 0.745792
20 25 0.671034
20 26 0.914581
21 1 0.948419
21 2 1.000000
21 3 1.000000
21 4 0.880975
21 5 0.953574
21 6 0.999999
21 7 0.711662
21 8 0.972195
21 9 0.968247
21 10 0.738014
21 11 0.984419
21 12 0.969273
21 13 0.957999
21 14 0.998345
21 15 0.999797
21 16 0.999753
21 17 0.998832
21 18 0.999999
21 19 0.500010
21 20 0.999900
21 21 1.000000
21 22 0.669145
21 23 0.999986
21 24 0.961810
21 25 0.837742
21 26 0.999544
22 1 0.541128
22 2 0.638347
22 3 0.692953
22 5 0.547261
22 6 0.708184
22 7 0.508200
22 8 0.477508
22 9 0.545635
22 10 0.501104
22 11 0.553703
22 12 0.545735
22 13 0.548110
22 14 0.609475
22 15 0.613058
22 16 0.519159
22 17 0.534313
22 18 0.606292
22 19 0.500001
22 20 0.516414
22 21 0.669145
22 22 0.522413
22 23 0.589101
22 24 0.546164
22 25 0.523525
22 26 0.613009
23 1 0.803365
23 2 1.000000
23 3 0.999993
23 4 0.728753
23 5 0.808840
23 6 0.971752
23 7 0.508113
23 8 0.866304
23 9 0.847563
23 10 0.581665
23 11 0.879861
23 12 0.756029
23 13 0.823743
23 14 0.967371
23 15 0.969990
23 16 0.906168
23 17 0.965622
23 18 0.999941
23 19 0.500008
23 20 0.995337
23 21 0.999986
23 22 0.589101
23 23 0.999889
23 24 0.830585
23 25 0.762559
23 26 0.979857
24 1 0.637937
24 2 0.978347
24 3 0.951386
24 4 0.605435
24 5 0.656150
24 6 0.914590
24 7 0.545638
24 8 0.544964
24 9 0.653504
24 10 0.531587
24 11 0.674382
24 12 0.615660
24 13 0.655411
24 14 0.785828
24 15 0.840043
24 16 0.719250
24 17 0.675190
24 18 0.915073
24 19 0.500002
24 20 0.745792
24 21 0.961810
24 22 0.546164
24 23 0.830585
24 24 0.656246
24 25 0.581532
25 1 0.569211
25 2 0.895014
25 3 0.874158
25 4 0.553272
25 5 0.576769
25 6 0.723137
25 7 0.509963
25 8 0.521728
25 9 0.579001
25 10 0.506459
25 11 0.592136
25 12 0.561187
25 13 0.580602
25 14 0.655499
25 15 0.661680
25 16 0.571249
25 17 0.601803
25 18 0.818640
25 19 0.500001
25 20 0.671034
25 21 0.837742
25 22 0.523525
25 23 0.762559
25 24 0.581532
25 25 0.560455
26 2 0.999885
26 6 0.996776
26 7 0.601144
26 8 0.614665
26 10 0.574655
26 12 0.745719
26 15 0.979160
26 16 0.893439
26 17 0.846300
26 19 0.500004
26 20 0.914581
26 21 0.999544
26 22 0.613009
26 23 0.979857
26 26 0.977627
