1 26 0.827002
3 17 0.888774
3 26 0.940063
4 22 0.549094
4 26 0.618712
5 26 0.826703
9 26 0.834554
11 26 0.949036
13 26 0.643264
14 26 0.984351
17 3 0.888774
18 26 0.935192
22 4 0.549094
24 26 0.717372
25 26 0.819706
26 1 0.827002
26 3 0.940063
26 4 0.618712
26 5 0.826703
26 9 0.834554
26 11 0.949036
26 13 0.643264
26 14 0.984351
26 18 0.935192
26 24 0.717372
26 25 0.819706
1 1 0.649954
1 2 0.938669
1 3 0.745292
1 4 0.543841
1 5 0.650151
1 6 0.987363
1 7 0.575635
1 8 0.604683
1 9 0.654861
1 10 0.506232
1 11 0.756016
1 12 0.603341
1 13 0.553066
1 14 0.836101
1 15 0.651887
1 16 0.784137
1 17 0.697329
1 18 0.740565
1 19 0.500003
1 20 0.664538
1 21 0.967906
1 22 0.543841
1 23 0.764664
1 24 0.592653
1 25 0.645308
2 1 0.938669
2 2 1.000000
2 3 0.993274
2 4 0.685321
2 5 0.939364
2 6 1.000000
2 7 0.789834
2 8 0.902639
2 9 0.947558
2 10 0.619847
2 11 0.973438
2 12 0.837807
2 13 0.684183
2 14 0.998195
2 15 0.892104
2 16 0.998833
2 17 0.984712
2 18 0.990231
2 19 0.500026
2 20 0.944804
2 21 1.000000
2 22 0.685321
2 23 0.995285
2 24 0.833712
2 25 0.925373
2 26 0.999056
3 1 0.745292
3 2 0.993274
3 3 0.915875
3 4 0.585819
3 5 0.751459
3 6 0.999797
3 7 0.627443
3 8 0.740200
3 9 0.757354
3 10 0.519570
3 11 0.874358
3 12 0.752619
3 13 0.622991
3 14 0.927466
3 15 0.771732
3 16 0.944644
3 18 0.875672
3 19 0.500006
3 20 0.824192
3 21 0.996913
3 22 0.585819
3 23 0.973817
3 24 0.699079
3 25 0.733548
4 1 0.543841
4 2 0.685321
4 3 0.585819
4 4 0.549094
4 5 0.543311
4 6 0.807123
4 7 0.519329
4 8 0.535911
4 9 0.544353
4 10 0.496747
4 11 0.627861
4 12 0.550052
4 13 0.546961
4 14 0.626571
4 15 0.528114
4 16 0.574268
4 17 0.571197
4 18 0.579831
4 19 0.500001
4 20 0.574487
4 21 0.796311
4 23 0.735882
4 24 0.519152
4 25 0.540720
5 1 0.650151
5 2 0.939364
5 3 0.751459
5 4 0.543311
5 5 0.653268
5 6 0.986209
5 7 0.574966
5 8 0.609198
5 9 0.656284
5 10 0.507840
5 11 0.750411
5 12 0.614682
5 13 0.552026
5 14 0.833656
5 15 0.669729
5 16 0.800828
5 17 0.705980
5 18 0.734892
5 19 0.500003
5 20 0.678596
5 21 0.967204
5 22 0.543311
5 23 0.790462
5 24 0.597425
5 25 0.645241
6 1 0.987363
6 2 1.000000
6 3 0.999797
6 4 0.807123
6 5 0.986209
6 6 1.000000
6 7 0.876388
6 8 0.981722
6 9 0.988008
6 10 0.564258
6 11 0.999861
6 12 0.915012
6 13 0.798558
6 14 0.999948
6 15 0.940505
6 16 0.999986
6 17 0.999191
6 18 0.999843
6 19 0.500030
6 20 0.988099
6 21 1.000000
6 22 0.807123
6 23 0.999949
6 24 0.921004
6 25 0.982652
6 26 0.999986
7 1 0.575635
7 2 0.789834
7 3 0.627443
7 4 0.519329
7 5 0.574966
7 6 0.876388
7 7 0.557323
7 8 0.554011
7 9 0.578843
7 10 0.511866
7 11 0.601206
7 12 0.570622
7 13 0.530425
7 14 0.691491
7 15 0.549453
7 16 0.626828
7 17 0.595058
7 18 0.639847
7 19 0.500001
7 20 0.607190
7 21 0.817937
7 22 0.519329
7 23 0.644408
7 24 0.553387
7 25 0.574947
7 26 0.679602
8 1 0.604683
8 2 0.902639
8 3 0.740200
8 4 0.535911
8 5 0.609198
8 6 0.981722
8 7 0.554011
8 8 0.661354
8 9 0.608013
8 10 0.526032
8 11 0.706381
8 12 0.605312
8 13 0.534584
8 14 0.664168
8 15 0.619575
8 16 0.836757
8 17 0.725896
8 18 0.720711
8 19 0.500003
8 20 0.666335
8 21 0.947482
8 22 0.535911
8 23 0.855571
8 24 0.588223
8 25 0.593871
8 26 0.749936
9 1 0.654861
9 2 0.947558
9 3 0.757354
9 4 0.544353
9 5 0.656284
9 6 0.988008
9 7 0.578843
9 8 0.608013
9 9 0.662317
9 10 0.506322
9 11 0.749941
9 12 0.613599
9 13 0.554414
9 14 0.843022
9 15 0.660048
9 16 0.789514
9 17 0.709715
9 18 0.745363
9 19 0.500003
9 20 0.675668
9 21 0.969490
9 22 0.544353
9 23 0.782589
9 24 0.601442
9 25 0.650746
10 1 0.506232
10 2 0.619847
10 3 0.519570
10 4 0.496747
10 5 0.507840
10 6 0.564258
10 7 0.511866
10 8 0.526032
10 9 0.506322
10 10 0.520162
10 11 0.468849
10 12 0.516198
10 13 0.494089
10 14 0.483026
10 15 0.491069
10 16 0.564728
10 17 0.521195
10 18 0.526496
10 19 0.500001
10 20 0.530379
10 21 0.550928
10 22 0.496747
10 23 0.542729
10 24 0.510281
10 25 0.503963
10 26 0.514083
11 1 0.756016
11 2 0.973438
11 3 0.874358
11 4 0.627861
11 5 0.750411
11 6 0.999861
11 7 0.601206
11 8 0.706381
11 9 0.749941
11 10 0.468849
11 11 0.973917
11 12 0.665489
11 13 0.656977
11 14 0.955743
11 15 0.835415
11 16 0.922461
11 17 0.821890
11 18 0.868426
11 19 0.500004
11 20 0.748955
11 21 0.999378
11 22 0.627861
11 23 0.950354
11 24 0.651281
11 25 0.745533
12 1 0.603341
12 2 0.837807
12 3 0.752619
12 4 0.550052
12 5 0.614682
12 6 0.915012
12 7 0.570622
12 8 0.605312
12 9 0.613599
12 10 0.516198
12 11 0.665489
12 12 0.764304
12 13 0.631288
12 14 0.785110
12 15 0.715406
12 16 0.733767
12 17 0.728999
12 18 0.642968
12 19 0.500000
12 20 0.769750
12 21 0.785088
12 22 0.550052
12 23 0.937557
12 24 0.637312
12 25 0.602714
12 26 0.749941
13 1 0.553066
13 2 0.684183
13 3 0.622991
13 4 0.546961
13 5 0.552026
13 6 0.798558
13 7 0.530425
13 8 0.534584
13 9 0.554414
13 10 0.494089
13 11 0.656977
13 12 0.631288
13 13 0.603960
13 14 0.695694
13 15 0.593979
13 16 0.548860
13 17 0.604847
13 18 0.564816
13 19 0.500001
13 20 0.623697
13 21 0.713485
13 22 0.546961
13 23 0.820527
13 24 0.553531
13 25 0.552805
14 1 0.836101
14 2 0.998195
14 3 0.927466
14 4 0.626571
14 5 0.833656
14 6 0.999948
14 7 0.691491
14 8 0.664168
14 9 0.843022
14 10 0.483026
14 11 0.955743
14 12 0.785110
14 13 0.695694
14 14 0.993909
14 15 0.869423
14 16 0.913480
14 17 0.859073
14 18 0.915009
14 19 0.500007
14 20 0.854343
14 21 0.999597
14 22 0.626571
14 23 0.936829
14 24 0.714843
14 25 0.835960
15 1 0.651887
15 2 0.892104
15 3 0.771732
15 4 0.528114
15 5 0.669729
15 6 0.940505
15 7 0.549453
15 8 0.619575
15 9 0.660048
15 10 0.491069
15 11 0.835415
15 12 0.715406
15 13 0.593979
15 14 0.869423
15 15 0.901644
15 16 0.869535
15 17 0.739068
15 18 0.603156
15 19 0.500000
15 20 0.724603
15 21 0.904150
15 22 0.528114
15 23 0.853509
15 24 0.645709
15 25 0.649551
15 26 0.829021
16 1 0.784137
16 2 0.998833
16 3 0.944644
16 4 0.574268
16 5 0.800828
16 6 0.999986
16 7 0.626828
16 8 0.836757
16 9 0.789514
16 10 0.564728
16 11 0.922461
16 12 0.733767
16 13 0.548860
16 14 0.913480
16 15 0.869535
16 16 0.994254
16 17 0.929953
16 18 0.911866
16 19 0.500007
16 20 0.859444
16 21 0.999693
16 22 0.574268
16 23 0.980591
16 24 0.707271
16 25 0.759625
16 26 0.963611
17 1 0.697329
17 2 0.984712
17 4 0.571197
17 5 0.705980
17 6 0.999191
17 7 0.595058
17 8 0.725896
17 9 0.709715
17 10 0.521195
17 11 0.821890
17 12 0.728999
17 13 0.604847
17 14 0.859073
17 15 0.739068
17 16 0.929953
17 17 0.869566
17 18 0.826131
17 19 0.500005
17 20 0.789855
17 21 0.989640
17 22 0.571197
17 23 0.969325
17 24 0.673219
17 25 0.683286
17 26 0.896500
18 1 0.740565
18 2 0.990231
18 3 0.875672
18 4 0.579831
18 5 0.734892
18 6 0.999843
18 7 0.639847
18 8 0.720711
18 9 0.745363
18 10 0.526496
18 11 0.868426
18 12 0.642968
18 13 0.564816
18 14 0.915009
18 15 0.603156
18 16 0.911866
18 17 0.826131
18 18 0.908600
18 19 0.500007
18 20 0.763543
18 21 0.998668
18 22 0.579831
18 23 0.903800
18 24 0.654464
18 25 0.731700
19 1 0.500003
19 2 0.500026
19 3 0.500006
19 4 0.500001
19 5 0.500003
19 6 0.500030
19 7 0.500001
19 8 0.500003
19 9 0.500003
19 10 0.500001
19 11 0.500004
19 12 0.500000
19 13 0.500001
19 14 0.500007
19 15 0.500000
19 16 0.500007
19 17 0.500005
19 18 0.500007
19 19 0.500000
19 20 0.500002
19 21 0.500022
19 22 0.500001
19 23 0.500004
19 24 0.500001
19 25 0.500003
19 26 0.500009
20 1 0.664538
20 2 0.944804
20 3 0.824192
20 4 0.574487
20 5 0.678596
20 6 0.988099
20 7 0.607190
20 8 0.666335
20 9 0.675668
20 10 0.530379
20 11 0.748955
20 12 0.769750
20 13 0.623697
20 14 0.854343
20 15 0.724603
20 16 0.859444
20 17 0.789855
20 18 0.763543
20 19 0.500002
20 20 0.829311
20 21 0.971342
20 22 0.574487
20 23 0.968143
20 24 0.660094
20 25 0.659891
20 26 0.850989
21 1 0.967906
21 2 1.000000
21 3 0.996913
21 4 0.796311
21 5 0.967204
21 6 1.000000
21 7 0.817937
21 8 0.947482
21 9 0.969490
21 10 0.550928
21 11 0.999378
21 12 0.785088
21 13 0.713485
21 14 0.999597
21 15 0.904150
21 16 0.999693
21 17 0.989640
21 18 0.998668
21 19 0.500022
21 20 0.971342
21 21 1.000000
21 22 0.796311
21 23 0.999713
21 24 0.844689
21 25 0.960861
21 26 0.999832
22 1 0.543841
22 2 0.685321
22 3 0.585819
22 5 0.543311
22 6 0.807123
22 7 0.519329
22 8 0.535911
22 9 0.544353
22 10 0.496747
22 11 0.627861
22 12 0.550052
22 13 0.546961
22 14 0.626571
22 15 0.528114
22 16 0.574268
22 17 0.571197
22 18 0.579831
22 19 0.500001
22 20 0.574487
22 21 0.796311
22 22 0.549094
22 23 0.735882
22 24 0.519152
22 25 0.540720
22 26 0.618712
23 1 0.764664
23 2 0.995285
23 3 0.973817
23 4 0.735882
23 5 0.790462
23 6 0.999949
23 7 0.644408
23 8 0.855571
23 9 0.782589
23 10 0.542729
23 11 0.950354
23 12 0.937557
23 13 0.820527
23 14 0.936829
23 15 0.853509
23 16 0.980591
23 17 0.969325
23 18 0.903800
23 19 0.500004
23 20 0.968143
23 21 0.999713
23 22 0.735882
23 23 0.999985
23 24 0.790557
23 25 0.744817
23 26 0.960254
24 1 0.592653
24 2 0.833712
24 3 0.699079
24 4 0.519152
24 5 0.597425
24 6 0.921004
24 7 0.553387
24 8 0.588223
24 9 0.601442
24 10 0.510281
24 11 0.651281
24 12 0.637312
24 13 0.553531
24 14 0.714843
24 15 0.645709
24 16 0.707271
24 17 0.673219
24 18 0.654464
24 19 0.500001
24 20 0.660094
24 21 0.844689
24 22 0.519152
24 23 0.790557
24 24 0.609162
24 25 0.590073
25 1 0.645308
25 2 0.925373
25 3 0.733548
25 4 0.540720
25 5 0.645241
25 6 0.982652
25 7 0.574947
25 8 0.593871
25 9 0.650746
25 10 0.503963
25 11 0.745533
25 12 0.602714
25 13 0.552805
25 14 0.835960
25 15 0.649551
25 16 0.759625
25 17 0.683286
25 18 0.731700
25 19 0.500003
25 20 0.659891
25 21 0.960861
25 22 0.540720
25 23 0.744817
25 24 0.590073
25 25 0.643179
26 2 0.999056
26 6 0.999986
26 7 0.679602
26 8 0.749936
26 10 0.514083
26 12 0.749941
26 15 0.829021
26 16 0.963611
26 17 0.896500
26 19 0.500009
26 20 0.850989
26 21 0.999832
26 22 0.618712
26 23 0.960254
26 26 0.981841
