1 26 0.787695
3 17 0.619979
3 26 0.919149
4 22 0.538025
4 26 0.770343
5 26 0.471820
9 26 0.833934
11 26 0.787982
13 26 0.816235
14 26 0.956268
17 3 0.619979
18 26 0.934394
22 4 0.538025
24 26 0.796631
25 26 0.794261
26 1 0.787695
26 3 0.919149
26 4 0.770343
26 5 0.471820
26 9 0.833934
26 11 0.787982
26 13 0.816235
26 14 0.956268
26 18 0.934394
26 24 0.796631
26 25 0.794261
1 1 0.621680
1 2 0.734364
1 3 0.709136
1 4 0.609192
1 5 0.494466
1 6 0.908922
1 7 0.532810
1 8 0.613715
1 9 0.642434
1 10 0.507906
1 11 0.619518
1 12 0.551056
1 13 0.633582
1 14 0.756904
1 15 0.654768
1 16 0.712130
1 17 0.557471
1 18 0.733818
1 19 0.500001
1 20 0.823647
1 21 0.914028
1 22 0.534437
1 23 0.851804
1 24 0.620392
1 25 0.621576
2 1 0.734364
2 2 1.000000
2 3 0.777663
2 4 0.681959
2 5 0.670611
2 6 0.999491
2 7 0.560794
2 8 0.979179
2 9 0.639757
2 10 0.672459
2 11 0.800900
2 12 0.898424
2 13 0.632203
2 14 0.741503
2 15 0.984489
2 16 0.968877
2 17 0.978997
2 18 0.827351
2 19 0.500018
2 20 0.940787
2 21 0.999991
2 22 0.623393
2 23 0.999221
2 24 0.561158
2 25 0.596882
2 26 0.877437
3 1 0.709136
3 2 0.777663
3 3 0.862473
3 4 0.700610
3 5 0.479453
3 6 0.991690
3 7 0.569794
3 8 0.674648
3 9 0.729226
3 10 0.493528
3 11 0.716340
3 12 0.626878
3 13 0.729265
3 14 0.885083
3 15 0.720323
3 16 0.833155
3 18 0.849360
3 19 0.500002
3 20 0.931999
3 21 0.990472
3 22 0.575782
3 23 0.974507
3 24 0.735082
3 25 0.710544
4 1 0.609192
4 2 0.681959
4 3 0.700610
4 4 0.604034
4 5 0.490153
4 6 0.890579
4 7 0.532338
4 8 0.596607
4 9 0.633619
4 10 0.506341
4 11 0.610725
4 12 0.551387
4 13 0.624058
4 14 0.737245
4 15 0.626181
4 16 0.690791
4 17 0.550694
4 18 0.706727
4 19 0.500001
4 20 0.790763
4 21 0.896966
4 23 0.842594
4 24 0.619434
4 25 0.612418
5 1 0.494466
5 2 0.670611
5 3 0.479453
5 4 0.490153
5 5 0.535609
5 6 0.573844
5 7 0.494706
5 8 0.510178
5 9 0.494315
5 10 0.509078
5 11 0.508101
5 12 0.532762
5 13 0.485938
5 14 0.460130
5 15 0.539701
5 16 0.482780
5 17 0.484053
5 18 0.494360
5 19 0.500000
5 20 0.499500
5 21 0.577402
5 22 0.496981
5 23 0.480268
5 24 0.487129
5 25 0.485802
6 1 0.908922
6 2 0.999491
6 3 0.991690
6 4 0.890579
6 5 0.573844
6 6 1.000000
6 7 0.684217
6 8 0.907584
6 9 0.794298
6 10 0.486831
6 11 0.929499
6 12 0.927633
6 13 0.903372
6 14 0.987357
6 15 0.937384
6 16 0.985232
6 17 0.756226
6 18 0.989515
6 19 0.500006
6 20 0.999344
6 21 1.000000
6 22 0.688280
6 23 0.999967
6 24 0.915732
6 25 0.888327
6 26 0.997355
7 1 0.532810
7 2 0.560794
7 3 0.569794
7 4 0.532338
7 5 0.494706
7 6 0.684217
7 7 0.516955
7 8 0.533675
7 9 0.522083
7 10 0.500532
7 11 0.531632
7 12 0.514613
7 13 0.536337
7 14 0.583577
7 15 0.532466
7 16 0.564617
7 17 0.530770
7 18 0.563930
7 19 0.500000
7 20 0.608282
7 21 0.664042
7 22 0.511469
7 23 0.627693
7 24 0.533208
7 25 0.534308
7 26 0.592663
8 1 0.613715
8 2 0.979179
8 3 0.674648
8 4 0.596607
8 5 0.510178
8 6 0.907584
8 7 0.533675
8 8 0.728130
8 9 0.614902
8 10 0.532310
8 11 0.672301
8 12 0.592613
8 13 0.616666
8 14 0.724336
8 15 0.666653
8 16 0.732841
8 17 0.664492
8 18 0.716140
8 19 0.500004
8 20 0.840552
8 21 0.957107
8 22 0.533891
8 23 0.860607
8 24 0.579900
8 25 0.600578
8 26 0.760821
9 1 0.642434
9 2 0.639757
9 3 0.729226
9 4 0.633619
9 5 0.494315
9 6 0.794298
9 7 0.522083
9 8 0.614902
9 9 0.786982
9 10 0.522545
9 11 0.735652
9 12 0.551671
9 13 0.674372
9 14 0.811570
9 15 0.733149
9 16 0.711964
9 17 0.500511
9 18 0.761240
9 19 0.500002
9 20 0.820020
9 21 0.921616
9 22 0.547203
9 23 0.826658
9 24 0.649265
9 25 0.652161
10 1 0.507906
10 2 0.672459
10 3 0.493528
10 4 0.506341
10 5 0.509078
10 6 0.486831
10 7 0.500532
10 8 0.532310
10 9 0.522545
10 10 0.521297
10 11 0.512870
10 12 0.497440
10 13 0.510497
10 14 0.517248
10 15 0.538023
10 16 0.515657
10 17 0.498031
10 18 0.516665
10 19 0.500001
10 20 0.551828
10 21 0.520158
10 22 0.504106
10 23 0.487025
10 24 0.498244
10 25 0.508736
10 26 0.519056
11 1 0.619518
11 2 0.800900
11 3 0.716340
11 4 0.610725
11 5 0.508101
11 6 0.929499
11 7 0.531632
11 8 0.672301
11 9 0.735652
11 10 0.512870
11 11 0.912944
11 12 0.709399
11 13 0.634120
11 14 0.800884
11 15 0.814373
11 16 0.648221
11 17 0.700660
11 18 0.709827
11 19 0.500001
11 20 0.827249
11 21 0.979805
11 22 0.531526
11 23 0.830549
11 24 0.579455
11 25 0.617422
12 1 0.551056
12 2 0.898424
12 3 0.626878
12 4 0.551387
12 5 0.532762
12 6 0.927633
12 7 0.514613
12 8 0.592613
12 9 0.551671
12 10 0.497440
12 11 0.709399
12 12 0.691815
12 13 0.540296
12 14 0.579056
12 15 0.667716
12 16 0.565125
12 17 0.648202
12 18 0.592204
12 19 0.500001
12 20 0.645600
12 21 0.945918
12 22 0.526168
12 23 0.821923
12 24 0.561527
12 25 0.532278
12 26 0.622673
13 1 0.633582
13 2 0.632203
13 3 0.729265
13 4 0.624058
13 5 0.485938
13 6 0.903372
13 7 0.536337
13 8 0.616666
13 9 0.674372
13 10 0.510497
13 11 0.634120
13 12 0.540296
13 13 0.655472
13 14 0.785674
13 15 0.654153
13 16 0.728592
13 17 0.535683
13 18 0.754138
13 19 0.500002
13 20 0.845297
13 21 0.907801
13 22 0.541089
13 23 0.861885
13 24 0.640638
13 25 0.640879
14 1 0.756904
14 2 0.741503
14 3 0.885083
14 4 0.737245
14 5 0.460130
14 6 0.987357
14 7 0.583577
14 8 0.724336
14 9 0.811570
14 10 0.517248
14 11 0.800884
14 12 0.579056
14 13 0.785674
14 14 0.948457
14 15 0.830115
14 16 0.881233
14 17 0.648116
14 18 0.910944
14 19 0.500003
14 20 0.972630
14 21 0.991102
14 22 0.571887
14 23 0.974266
14 24 0.744526
14 25 0.766943
15 1 0.654768
15 2 0.984489
15 3 0.720323
15 4 0.626181
15 5 0.539701
15 6 0.937384
15 7 0.532466
15 8 0.666653
15 9 0.733149
15 10 0.538023
15 11 0.814373
15 12 0.667716
15 13 0.654153
15 14 0.830115
15 15 0.921205
15 16 0.761425
15 17 0.675450
15 18 0.796127
15 19 0.500003
15 20 0.881208
15 21 0.949296
15 22 0.527871
15 23 0.892736
15 24 0.600760
15 25 0.641770
15 26 0.831134
16 1 0.712130
16 2 0.968877
16 3 0.833155
16 4 0.690791
16 5 0.482780
16 6 0.985232
16 7 0.564617
16 8 0.732841
16 9 0.711964
16 10 0.515657
16 11 0.648221
16 12 0.565125
16 13 0.728592
16 14 0.881233
16 15 0.761425
16 16 0.886728
16 17 0.631291
16 18 0.857150
16 19 0.500004
16 20 0.938016
16 21 0.985941
16 22 0.566847
16 23 0.968257
16 24 0.700148
16 25 0.710888
16 26 0.915597
17 1 0.557471
17 2 0.978997
17 4 0.550694
17 5 0.484053
17 6 0.756226
17 7 0.530770
17 8 0.664492
17 9 0.500511
17 10 0.498031
17 11 0.700660
17 12 0.648202
17 13 0.535683
17 14 0.648116
17 15 0.675450
17 16 0.631291
17 17 0.823346
17 18 0.595977
17 19 0.500001
17 20 0.682479
17 21 0.927716
17 22 0.516105
17 23 0.848471
17 24 0.524245
17 25 0.532800
17 26 0.631275
18 1 0.733818
18 2 0.827351
18 3 0.849360
18 4 0.706727
18 5 0.494360
18 6 0.989515
18 7 0.563930
18 8 0.716140
18 9 0.761240
18 10 0.516665
18 11 0.709827
18 12 0.592204
18 13 0.754138
18 14 0.910944
18 15 0.796127
18 16 0.857150
18 17 0.595977
18 18 0.901546
18 19 0.500003
18 20 0.965160
18 21 0.989045
18 22 0.557965
18 23 0.965024
18 24 0.726873
18 25 0.734137
19 1 0.500001
19 2 0.500018
19 3 0.500002
19 4 0.500001
19 5 0.500000
19 6 0.500006
19 7 0.500000
19 8 0.500004
19 9 0.500002
19 10 0.500001
19 11 0.500001
19 12 0.500001
19 13 0.500002
19 14 0.500003
19 15 0.500003
19 16 0.500004
19 17 0.500001
19 18 0.500003
19 19 0.500000
19 20 0.500006
19 21 0.500011
19 22 0.500001
19 23 0.500004
19 24 0.500001
19 25 0.500001
19 26 0.500004
20 1 0.823647
20 2 0.940787
20 3 0.931999
20 4 0.790763
20 5 0.499500
20 6 0.999344
20 7 0.608282
20 8 0.840552
20 9 0.820020
20 10 0.551828
20 11 0.827249
20 12 0.645600
20 13 0.845297
20 14 0.972630
20 15 0.881208
20 16 0.938016
20 17 0.682479
20 18 0.965160
20 19 0.500006
20 20 0.996762
20 21 0.998568
20 22 0.584927
20 23 0.993273
20 24 0.803721
20 25 0.824836
20 26 0.982360
21 1 0.914028
21 2 0.999991
21 3 0.990472
21 4 0.896966
21 5 0.577402
21 6 1.000000
21 7 0.664042
21 8 0.957107
21 9 0.921616
21 10 0.520158
21 11 0.979805
21 12 0.945918
21 13 0.907801
21 14 0.991102
21 15 0.949296
21 16 0.985941
21 17 0.927716
21 18 0.989045
21 19 0.500011
21 20 0.998568
21 21 1.000000
21 22 0.706052
21 23 0.999955
21 24 0.900868
21 25 0.884488
21 26 0.997653
22 1 0.534437
22 2 0.623393
22 3 0.575782
22 5 0.496981
22 6 0.688280
22 7 0.511469
22 8 0.533891
22 9 0.547203
22 10 0.504106
22 11 0.531526
22 12 0.526168
22 13 0.541089
22 14 0.571887
22 15 0.527871
22 16 0.566847
22 17 0.516105
22 18 0.557965
22 19 0.500001
22 20 0.584927
22 21 0.706052
22 22 0.520544
22 23 0.661352
22 24 0.548076
22 25 0.536125
22 26 0.598047
23 1 0.851804
23 2 0.999221
23 3 0.974507
23 4 0.842594
23 5 0.480268
23 6 0.999967
23 7 0.627693
23 8 0.860607
23 9 0.826658
23 10 0.487025
23 11 0.830549
23 12 0.821923
23 13 0.861885
23 14 0.974266
23 15 0.892736
23 16 0.968257
23 17 0.848471
23 18 0.965024
23 19 0.500004
23 20 0.993273
23 21 0.999955
23 22 0.661352
23 23 0.999871
23 24 0.886416
23 25 0.837451
23 26 0.990137
24 1 0.620392
24 2 0.561158
24 3 0.735082
24 4 0.619434
24 5 0.487129
24 6 0.915732
24 7 0.533208
24 8 0.579900
24 9 0.649265
24 10 0.498244
24 11 0.579455
24 12 0.561527
24 13 0.640638
24 14 0.744526
24 15 0.600760
24 16 0.700148
24 17 0.524245
24 18 0.726873
24 19 0.500001
24 20 0.803721
24 21 0.900868
24 22 0.548076
24 23 0.886416
24 24 0.660257
24 25 0.625835
25 1 0.621576
25 2 0.596882
25 3 0.710544
25 4 0.612418
25 5 0.485802
25 6 0.888327
25 7 0.534308
25 8 0.600578
25 9 0.652161
25 10 0.508736
25 11 0.617422
25 12 0.532278
25 13 0.640879
25 14 0.766943
25 15 0.641770
25 16 0.710888
25 17 0.532800
25 18 0.734137
25 19 0.500001
25 20 0.824836
25 21 0.884488
25 22 0.536125
25 23 0.837451
25 24 0.625835
25 25 0.628757
26 2 0.877437
26 6 0.997355
26 7 0.592663
26 8 0.760821
26 10 0.519056
26 12 0.622673
26 15 0.831134
26 16 0.915597
26 17 0.631275
26 19 0.500004
26 20 0.982360
26 21 0.997653
26 22 0.598047
26 23 0.990137
26 26 0.972056
