1 26 0.585724
3 17 0.826419
3 26 0.950998
4 22 0.520135
4 26 0.585045
5 26 0.870778
9 26 0.898412
11 26 0.916902
13 26 0.881531
14 26 0.989577
17 3 0.826419
18 26 0.949966
22 4 0.520135
24 26 0.738556
25 26 0.884203
26 1 0.585724
26 3 0.950998
26 4 0.585045
26 5 0.870778
26 9 0.898412
26 11 0.916902
26 13 0.881531
26 14 0.989577
26 18 0.949966
26 24 0.738556
26 25 0.884203
1 1 0.516291
1 2 0.740025
1 3 0.557174
1 4 0.507200
1 5 0.533604
1 6 0.718050
1 7 0.516834
1 8 0.525219
1 9 0.539041
1 10 0.509714
1 11 0.544297
1 12 0.512357
1 13 0.529635
1 14 0.572914
1 15 0.572112
1 16 0.527010
1 17 0.546769
1 18 0.546240
1 19 0.499999
1 20 0.573314
1 21 0.632605
1 22 0.523158
1 23 0.597590
1 24 0.522291
1 25 0.536059
2 1 0.740025
2 2 1.000000
2 3 0.995410
2 4 0.613520
2 5 0.964770
2 6 1.000000
2 7 0.795218
2 8 0.908632
2 9 0.979066
2 10 0.648940
2 11 0.984238
2 12 0.657686
2 13 0.961793
2 14 0.999499
2 15 0.994109
2 16 0.981976
2 17 0.983816
2 18 0.994387
2 19 0.499990
2 20 0.997874
2 21 0.999938
2 22 0.914176
2 23 0.999055
2 24 0.887176
2 25 0.974461
2 26 0.999787
3 1 0.557174
3 2 0.995410
3 3 0.878768
3 4 0.556768
3 5 0.764962
3 6 0.999177
3 7 0.576492
3 8 0.682596
3 9 0.793508
3 10 0.524657
3 11 0.821426
3 12 0.656969
3 13 0.767624
3 14 0.928171
3 15 0.813248
3 16 0.877760
3 18 0.846434
3 19 0.499997
3 20 0.820351
3 21 0.988777
3 22 0.717145
3 23 0.915123
3 24 0.660173
3 25 0.777263
4 1 0.507200
4 2 0.613520
4 3 0.556768
4 4 0.526616
4 5 0.533111
4 6 0.776705
4 7 0.512074
4 8 0.519139
4 9 0.531195
4 10 0.503727
4 11 0.555459
4 12 0.555428
4 13 0.529203
4 14 0.558961
4 15 0.568231
4 16 0.597317
4 17 0.548949
4 18 0.541305
4 19 0.500000
4 20 0.550784
4 21 0.698595
4 23 0.585835
4 24 0.514647
4 25 0.533182
5 1 0.533604
5 2 0.964770
5 3 0.764962
5 4 0.533111
5 5 0.682251
5 6 0.991075
5 7 0.553489
5 8 0.603945
5 9 0.703424
5 10 0.512718
5 11 0.723583
5 12 0.591461
5 13 0.686033
5 14 0.854524
5 15 0.696132
5 16 0.765676
5 17 0.706192
5 18 0.751971
5 19 0.499998
5 20 0.706133
5 21 0.925390
5 22 0.648331
5 23 0.784673
5 24 0.598968
5 25 0.688511
6 1 0.718050
6 2 1.000000
6 3 0.999177
6 4 0.776705
6 5 0.991075
6 6 1.000000
6 7 0.811367
6 8 0.956642
6 9 0.994739
6 10 0.590068
6 11 0.998182
6 12 0.981394
6 13 0.992327
6 14 0.999991
6 15 0.995546
6 16 0.999198
6 17 0.994977
6 18 0.998386
6 19 0.499980
6 20 0.993469
6 21 1.000000
6 22 0.992585
6 23 0.999630
6 24 0.926370
6 25 0.992699
6 26 0.999996
7 1 0.516834
7 2 0.795218
7 3 0.576492
7 4 0.512074
7 5 0.553489
7 6 0.811367
7 7 0.529744
7 8 0.529232
7 9 0.558820
7 10 0.511003
7 11 0.570409
7 12 0.519343
7 13 0.551908
7 14 0.634961
7 15 0.571151
7 16 0.565558
7 17 0.553137
7 18 0.582834
7 19 0.499999
7 20 0.612796
7 21 0.610732
7 22 0.543348
7 23 0.579054
7 24 0.536004
7 25 0.557700
7 26 0.634910
8 1 0.525219
8 2 0.908632
8 3 0.682596
8 4 0.519139
8 5 0.603945
8 6 0.956642
8 7 0.529232
8 8 0.659294
8 9 0.623272
8 10 0.511670
8 11 0.644863
8 12 0.586153
8 13 0.626992
8 14 0.710490
8 15 0.587129
8 16 0.645617
8 17 0.649620
8 18 0.687589
8 19 0.500000
8 20 0.713161
8 21 0.859675
8 22 0.642772
8 23 0.733242
8 24 0.580348
8 25 0.627455
8 26 0.774598
9 1 0.539041
9 2 0.979066
9 3 0.793508
9 4 0.531195
9 5 0.703424
9 6 0.994739
9 7 0.558820
9 8 0.623272
9 9 0.730029
9 10 0.516206
9 11 0.744331
9 12 0.596782
9 13 0.709568
9 14 0.883195
9 15 0.719199
9 16 0.784937
9 17 0.731504
9 18 0.782887
9 19 0.499998
9 20 0.738191
9 21 0.949157
9 22 0.668424
9 23 0.813058
9 24 0.611898
9 25 0.712137
10 1 0.509714
10 2 0.648940
10 3 0.524657
10 4 0.503727
10 5 0.512718
10 6 0.590068
10 7 0.511003
10 8 0.511670
10 9 0.516206
10 10 0.509746
10 11 0.518861
10 12 0.504273
10 13 0.510619
10 14 0.533232
10 15 0.540418
10 16 0.511244
10 17 0.520071
10 18 0.525301
10 19 0.500000
10 20 0.562410
10 21 0.562756
10 22 0.509958
10 23 0.547433
10 24 0.510801
10 25 0.517089
10 26 0.538369
11 1 0.544297
11 2 0.984238
11 3 0.821426
11 4 0.555459
11 5 0.723583
11 6 0.998182
11 7 0.570409
11 8 0.644863
11 9 0.744331
11 10 0.518861
11 11 0.789573
11 12 0.650587
11 13 0.727609
11 14 0.891632
11 15 0.746839
11 16 0.834824
11 17 0.762018
11 18 0.790330
11 19 0.499997
11 20 0.776762
11 21 0.968061
11 22 0.703398
11 23 0.851205
11 24 0.627810
11 25 0.733316
12 1 0.512357
12 2 0.657686
12 3 0.656969
12 4 0.555428
12 5 0.591461
12 6 0.981394
12 7 0.519343
12 8 0.586153
12 9 0.596782
12 10 0.504273
12 11 0.650587
12 12 0.680438
12 13 0.596674
12 14 0.668714
12 15 0.618670
12 16 0.723375
12 17 0.635954
12 18 0.612961
12 19 0.499999
12 20 0.624069
12 21 0.943584
12 22 0.614245
12 23 0.690853
12 24 0.548251
12 25 0.595884
12 26 0.735034
13 1 0.529635
13 2 0.961793
13 3 0.767624
13 4 0.529203
13 5 0.686033
13 6 0.992327
13 7 0.551908
13 8 0.626992
13 9 0.709568
13 10 0.510619
13 11 0.727609
13 12 0.596674
13 13 0.700970
13 14 0.864774
13 15 0.658620
13 16 0.765228
13 17 0.703853
13 18 0.773891
13 19 0.499998
13 20 0.725106
13 21 0.918557
13 22 0.671593
13 23 0.774487
13 24 0.605890
13 25 0.697966
14 1 0.572914
14 2 0.999499
14 3 0.928171
14 4 0.558961
14 5 0.854524
14 6 0.999991
14 7 0.634961
14 8 0.710490
14 9 0.883195
14 10 0.533232
14 11 0.891632
14 12 0.668714
14 13 0.864774
14 14 0.990981
14 15 0.845387
14 16 0.926883
14 17 0.853689
14 18 0.938492
14 19 0.499996
14 20 0.875582
14 21 0.994754
14 22 0.820375
14 23 0.913280
14 24 0.716247
14 25 0.865018
15 1 0.572112
15 2 0.994109
15 3 0.813248
15 4 0.568231
15 5 0.696132
15 6 0.995546
15 7 0.571151
15 8 0.587129
15 9 0.719199
15 10 0.540418
15 11 0.746839
15 12 0.618670
15 13 0.658620
15 14 0.845387
15 15 0.894213
15 16 0.824297
15 17 0.779825
15 18 0.717503
15 19 0.499996
15 20 0.749053
15 21 0.989975
15 22 0.567927
15 23 0.902960
15 24 0.585227
15 25 0.692171
15 26 0.884058
16 1 0.527010
16 2 0.981976
16 3 0.877760
16 4 0.597317
16 5 0.765676
16 6 0.999198
16 7 0.565558
16 8 0.645617
16 9 0.784937
16 10 0.511244
16 11 0.834824
16 12 0.723375
16 13 0.765228
16 14 0.926883
16 15 0.824297
16 16 0.953264
16 17 0.826096
16 18 0.841354
16 19 0.499999
16 20 0.781781
16 21 0.994110
16 22 0.691785
16 23 0.877885
16 24 0.625897
16 25 0.771615
16 26 0.950993
17 1 0.546769
17 2 0.983816
17 4 0.548949
17 5 0.706192
17 6 0.994977
17 7 0.553137
17 8 0.649620
17 9 0.731504
17 10 0.520071
17 11 0.762018
17 12 0.635954
17 13 0.703853
17 14 0.853689
17 15 0.779825
17 16 0.826096
17 17 0.783668
17 18 0.770995
17 19 0.499998
17 20 0.761159
17 21 0.978355
17 22 0.659278
17 23 0.882995
17 24 0.622774
17 25 0.716469
17 26 0.899972
18 1 0.546240
18 2 0.994387
18 3 0.846434
18 4 0.541305
18 5 0.751971
18 6 0.998386
18 7 0.582834
18 8 0.687589
18 9 0.782887
18 10 0.525301
18 11 0.790330
18 12 0.612961
18 13 0.773891
18 14 0.938492
18 15 0.717503
18 16 0.841354
18 17 0.770995
18 18 0.883023
18 19 0.500000
18 20 0.852057
18 21 0.960462
18 22 0.720978
18 23 0.860390
18 24 0.658922
18 25 0.774888
19 1 0.499999
19 2 0.499990
19 3 0.499997
19 4 0.500000
19 5 0.499998
19 6 0.499980
19 7 0.499999
19 8 0.500000
19 9 0.499998
19 10 0.500000
19 11 0.499997
19 12 0.499999
19 13 0.499998
19 14 0.499996
19 15 0.499996
19 16 0.499999
19 17 0.499998
19 18 0.500000
19 19 0.500000
19 20 0.500002
19 21 0.499994
19 22 0.499998
19 23 0.499995
19 24 0.499999
19 25 0.499998
19 26 0.499996
20 1 0.573314
20 2 0.997874
20 3 0.820351
20 4 0.550784
20 5 0.706133
20 6 0.993469
20 7 0.612796
20 8 0.713161
20 9 0.738191
20 10 0.562410
20 11 0.776762
20 12 0.624069
20 13 0.725106
20 14 0.875582
20 15 0.749053
20 16 0.781781
20 17 0.761159
20 18 0.852057
20 19 0.500002
20 20 0.951806
20 21 0.932742
20 22 0.694186
20 23 0.861482
20 24 0.671397
20 25 0.748171
20 26 0.921491
21 1 0.632605
21 2 0.999938
21 3 0.988777
21 4 0.698595
21 5 0.925390
21 6 1.000000
21 7 0.610732
21 8 0.859675
21 9 0.949157
21 10 0.562756
21 11 0.968061
21 12 0.943584
21 13 0.918557
21 14 0.994754
21 15 0.989975
21 16 0.994110
21 17 0.978355
21 18 0.960462
21 19 0.499994
21 20 0.932742
21 21 1.000000
21 22 0.879953
21 23 0.998009
21 24 0.738454
21 25 0.929138
21 26 0.998673
22 1 0.523158
22 2 0.914176
22 3 0.717145
22 5 0.648331
22 6 0.992585
22 7 0.543348
22 8 0.642772
22 9 0.668424
22 10 0.509958
22 11 0.703398
22 12 0.614245
22 13 0.671593
22 14 0.820375
22 15 0.567927
22 16 0.691785
22 17 0.659278
22 18 0.720978
22 19 0.499998
22 20 0.694186
22 21 0.879953
22 22 0.717830
22 23 0.714720
22 24 0.602216
22 25 0.668301
22 26 0.838716
23 1 0.597590
23 2 0.999055
23 3 0.915123
23 4 0.585835
23 5 0.784673
23 6 0.999630
23 7 0.579054
23 8 0.733242
23 9 0.813058
23 10 0.547433
23 11 0.851205
23 12 0.690853
23 13 0.774487
23 14 0.913280
23 15 0.902960
23 16 0.877885
23 17 0.882995
23 18 0.860390
23 19 0.499995
23 20 0.861482
23 21 0.998009
23 22 0.714720
23 23 0.984569
23 24 0.672226
23 25 0.797164
23 26 0.962263
24 1 0.522291
24 2 0.887176
24 3 0.660173
24 4 0.514647
24 5 0.598968
24 6 0.926370
24 7 0.536004
24 8 0.580348
24 9 0.611898
24 10 0.510801
24 11 0.627810
24 12 0.548251
24 13 0.605890
24 14 0.716247
24 15 0.585227
24 16 0.625897
24 17 0.622774
24 18 0.658922
24 19 0.499999
24 20 0.671397
24 21 0.738454
24 22 0.602216
24 23 0.672226
24 24 0.578449
24 25 0.611709
25 1 0.536059
25 2 0.974461
25 3 0.777263
25 4 0.533182
25 5 0.688511
25 6 0.992699
25 7 0.557700
25 8 0.627455
25 9 0.712137
25 10 0.517089
25 11 0.733316
25 12 0.595884
25 13 0.697966
25 14 0.865018
25 15 0.692171
25 16 0.771615
25 17 0.716469
25 18 0.774888
25 19 0.499998
25 20 0.748171
25 21 0.929138
25 22 0.668301
25 23 0.797164
25 24 0.611709
25 25 0.702428
26 2 0.999787
26 6 0.999996
26 7 0.634910
26 8 0.774598
26 10 0.538369
26 12 0.735034
26 15 0.884058
26 16 0.950993
26 17 0.899972
26 19 0.499996
26 20 0.921491
26 21 0.998673
26 22 0.838716
26 23 0.962263
26 26 0.992806
