1 26 0.888496
3 17 0.927448
3 26 0.922392
4 22 0.537913
4 26 0.662929
5 26 0.872569
9 26 0.735726
11 26 0.948704
13 26 0.916389
14 26 0.998694
17 3 0.927448
18 26 0.975208
22 4 0.537913
24 26 0.908255
25 26 0.898002
26 1 0.888496
26 3 0.922392
26 4 0.662929
26 5 0.872569
26 9 0.735726
26 11 0.948704
26 13 0.916389
26 14 0.998694
26 18 0.975208
26 24 0.908255
26 25 0.898002
1 1 0.701962
1 2 0.968818
1 3 0.738383
1 4 0.568654
1 5 0.688382
1 6 0.986155
1 7 0.533092
1 8 0.577543
1 9 0.605751
1 10 0.524029
1 11 0.767901
1 12 0.597685
1 13 0.728313
1 14 0.938324
1 15 0.702007
1 16 0.528079
1 17 0.738383
1 18 0.819334
1 19 0.500002
1 20 0.726594
1 21 0.976934
1 22 0.568654
1 23 0.787403
1 24 0.720071
1 25 0.710243
2 1 0.968818
2 2 1.000000
2 3 0.989698
2 4 0.832690
2 5 0.964491
2 6 1.000000
2 7 0.636174
2 8 0.950932
2 9 0.926141
2 10 0.644235
2 11 0.995622
2 12 0.886886
2 13 0.979424
2 14 0.999974
2 15 0.996307
2 16 0.958118
2 17 0.989698
2 18 0.996200
2 19 0.500004
2 20 0.997436
2 21 1.000000
2 22 0.832690
2 23 0.999004
2 24 0.975703
2 25 0.963948
2 26 0.999745
3 1 0.738383
3 2 0.989698
3 3 0.927448
3 4 0.574915
3 5 0.718772
3 6 0.986767
3 7 0.548538
3 8 0.621353
3 9 0.725966
3 10 0.490124
3 11 0.741656
3 12 0.672415
3 13 0.768659
3 14 0.957111
3 15 0.760615
3 16 0.650198
3 18 0.950646
3 19 0.500000
3 20 0.622498
3 21 0.998089
3 22 0.574915
3 23 0.935451
3 24 0.756500
3 25 0.754283
4 1 0.568654
4 2 0.832690
4 3 0.574915
4 4 0.537913
4 5 0.566785
4 6 0.863762
4 7 0.513493
4 8 0.525261
4 9 0.533394
4 10 0.509315
4 11 0.609939
4 12 0.528478
4 13 0.577932
4 14 0.714618
4 15 0.584697
4 16 0.536767
4 17 0.574915
4 18 0.580689
4 19 0.500001
4 20 0.577781
4 21 0.756206
4 23 0.620462
4 24 0.575224
4 25 0.568672
5 1 0.688382
5 2 0.964491
5 3 0.718772
5 4 0.566785
5 5 0.678167
5 6 0.985638
5 7 0.530648
5 8 0.579249
5 9 0.597776
5 10 0.520243
5 11 0.749791
5 12 0.590056
5 13 0.713884
5 14 0.928039
5 15 0.697258
5 16 0.532670
5 17 0.718772
5 18 0.786255
5 19 0.500002
5 20 0.713286
5 21 0.966915
5 22 0.566785
5 23 0.764230
5 24 0.706824
5 25 0.694838
6 1 0.986155
6 2 1.000000
6 3 0.986767
6 4 0.863762
6 5 0.985638
6 6 1.000000
6 7 0.676003
6 8 0.929921
6 9 0.923601
6 10 0.618869
6 11 0.999024
6 12 0.905891
6 13 0.992735
6 14 1.000000
6 15 0.998125
6 16 0.859815
6 17 0.986767
6 18 0.990734
6 19 0.500010
6 20 0.996123
6 21 1.000000
6 22 0.863762
6 23 0.997043
6 24 0.992219
6 25 0.985191
6 26 0.999970
7 1 0.533092
7 2 0.636174
7 3 0.548538
7 4 0.513493
7 5 0.530648
7 6 0.676003
7 7 0.510656
7 8 0.503168
7 9 0.525138
7 10 0.506161
7 11 0.561247
7 12 0.519356
7 13 0.536782
7 14 0.601627
7 15 0.540481
7 16 0.508362
7 17 0.548538
7 18 0.555242
7 19 0.500001
7 20 0.528452
7 21 0.666091
7 22 0.513493
7 23 0.562347
7 24 0.536080
7 25 0.534973
7 26 0.579419
8 1 0.577543
8 2 0.950932
8 3 0.621353
8 4 0.525261
8 5 0.579249
8 6 0.929921
8 7 0.503168
8 8 0.708446
8 9 0.571626
8 10 0.513346
8 11 0.592241
8 12 0.558019
8 13 0.587499
8 14 0.695423
8 15 0.687442
8 16 0.591816
8 17 0.621353
8 18 0.695382
8 19 0.499998
8 20 0.714421
8 21 0.745751
8 22 0.525261
8 23 0.687444
8 24 0.584623
8 25 0.566207
8 26 0.674695
9 1 0.605751
9 2 0.926141
9 3 0.725966
9 4 0.533394
9 5 0.597776
9 6 0.923601
9 7 0.525138
9 8 0.571626
9 9 0.643266
9 10 0.506355
9 11 0.632080
9 12 0.594922
9 13 0.618415
9 14 0.790836
9 15 0.692088
9 16 0.583053
9 17 0.725966
9 18 0.726532
9 19 0.500000
9 20 0.639280
9 21 0.940345
9 22 0.533394
9 23 0.737000
9 24 0.617147
9 25 0.610804
10 1 0.524029
10 2 0.644235
10 3 0.490124
10 4 0.509315
10 5 0.520243
10 6 0.618869
10 7 0.506161
10 8 0.513346
10 9 0.506355
10 10 0.523948
10 11 0.547828
10 12 0.508128
10 13 0.524810
10 14 0.560675
10 15 0.534535
10 16 0.508625
10 17 0.490124
10 18 0.497833
10 19 0.500001
10 20 0.616385
10 21 0.545710
10 22 0.509315
10 23 0.561958
10 24 0.524391
10 25 0.523364
10 26 0.557361
11 1 0.767901
11 2 0.995622
11 3 0.741656
11 4 0.609939
11 5 0.749791
11 6 0.999024
11 7 0.561247
11 8 0.592241
11 9 0.632080
11 10 0.547828
11 11 0.930265
11 12 0.643588
11 13 0.795903
11 14 0.977586
11 15 0.800925
11 16 0.513235
11 17 0.741656
11 18 0.923333
11 19 0.500007
11 20 0.744488
11 21 0.996076
11 22 0.609939
11 23 0.795378
11 24 0.783978
11 25 0.773087
12 1 0.597685
12 2 0.886886
12 3 0.672415
12 4 0.528478
12 5 0.590056
12 6 0.905891
12 7 0.519356
12 8 0.558019
12 9 0.594922
12 10 0.508128
12 11 0.643588
12 12 0.581278
12 13 0.612475
12 14 0.777853
12 15 0.650245
12 16 0.548894
12 17 0.672415
12 18 0.713912
12 19 0.500000
12 20 0.599923
12 21 0.901928
12 22 0.528478
12 23 0.684223
12 24 0.607351
12 25 0.601679
12 26 0.721988
13 1 0.728313
13 2 0.979424
13 3 0.768659
13 4 0.577932
13 5 0.713884
13 6 0.992735
13 7 0.536782
13 8 0.587499
13 9 0.618415
13 10 0.524810
13 11 0.795903
13 12 0.612475
13 13 0.758125
13 14 0.959622
13 15 0.728434
13 16 0.528244
13 17 0.768659
13 18 0.854876
13 19 0.500002
13 20 0.746189
13 21 0.986688
13 22 0.577932
13 23 0.818563
13 24 0.748655
13 25 0.738045
14 1 0.938324
14 2 0.999974
14 3 0.957111
14 4 0.714618
14 5 0.928039
14 6 1.000000
14 7 0.601627
14 8 0.695423
14 9 0.790836
14 10 0.560675
14 11 0.977586
14 12 0.777853
14 13 0.959622
14 14 0.999886
14 15 0.942660
14 16 0.560032
14 17 0.957111
14 18 0.986200
14 19 0.500006
14 20 0.946004
14 21 0.999989
14 22 0.714618
14 23 0.978377
14 24 0.955022
14 25 0.945916
15 1 0.702007
15 2 0.996307
15 3 0.760615
15 4 0.584697
15 5 0.697258
15 6 0.998125
15 7 0.540481
15 8 0.687442
15 9 0.692088
15 10 0.534535
15 11 0.800925
15 12 0.650245
15 13 0.728434
15 14 0.942660
15 15 0.866481
15 16 0.626754
15 17 0.760615
15 18 0.798669
15 19 0.500001
15 20 0.843715
15 21 0.987102
15 22 0.584697
15 23 0.871526
15 24 0.721925
15 25 0.700150
15 26 0.889067
16 1 0.528079
16 2 0.958118
16 3 0.650198
16 4 0.536767
16 5 0.532670
16 6 0.859815
16 7 0.508362
16 8 0.591816
16 9 0.583053
16 10 0.508625
16 11 0.513235
16 12 0.548894
16 13 0.528244
16 14 0.560032
16 15 0.626754
16 16 0.736154
16 17 0.650198
16 18 0.599081
16 19 0.499999
16 20 0.615711
16 21 0.658641
16 22 0.536767
16 23 0.731203
16 24 0.528934
16 25 0.515664
16 26 0.566255
17 1 0.738383
17 2 0.989698
17 4 0.574915
17 5 0.718772
17 6 0.986767
17 7 0.548538
17 8 0.621353
17 9 0.725966
17 10 0.490124
17 11 0.741656
17 12 0.672415
17 13 0.768659
17 14 0.957111
17 15 0.760615
17 16 0.650198
17 17 0.927448
17 18 0.950646
17 19 0.500000
17 20 0.622498
17 21 0.998089
17 22 0.574915
17 23 0.935451
17 24 0.756500
17 25 0.754283
17 26 0.922392
18 1 0.819334
18 2 0.996200
18 3 0.950646
18 4 0.580689
18 5 0.786255
18 6 0.990734
18 7 0.555242
18 8 0.695382
18 9 0.726532
18 10 0.497833
18 11 0.923333
18 12 0.713912
18 13 0.854876
18 14 0.986200
18 15 0.798669
18 16 0.599081
18 17 0.950646
18 18 0.998931
18 19 0.500002
18 20 0.622525
18 21 0.999931
18 22 0.580689
18 23 0.930644
18 24 0.829240
18 25 0.842262
19 1 0.500002
19 2 0.500004
19 3 0.500000
19 4 0.500001
19 5 0.500002
19 6 0.500010
19 7 0.500001
19 8 0.499998
19 9 0.500000
19 10 0.500001
19 11 0.500007
19 12 0.500000
19 13 0.500002
19 14 0.500006
19 15 0.500001
19 16 0.499999
19 17 0.500000
19 18 0.500002
19 19 0.500000
19 20 0.500000
19 21 0.500006
19 22 0.500001
19 23 0.500003
19 24 0.500002
19 25 0.500002
19 26 0.500005
20 1 0.726594
20 2 0.997436
20 3 0.622498
20 4 0.577781
20 5 0.713286
20 6 0.996123
20 7 0.528452
20 8 0.714421
20 9 0.639280
20 10 0.616385
20 11 0.744488
20 12 0.599923
20 13 0.746189
20 14 0.946004
20 15 0.843715
20 16 0.615711
20 17 0.622498
20 18 0.622525
20 19 0.500000
20 20 0.979235
20 21 0.957054
20 22 0.577781
20 23 0.900207
20 24 0.743838
20 25 0.722614
20 26 0.912541
21 1 0.976934
21 2 1.000000
21 3 0.998089
21 4 0.756206
21 5 0.966915
21 6 1.000000
21 7 0.666091
21 8 0.745751
21 9 0.940345
21 10 0.545710
21 11 0.996076
21 12 0.901928
21 13 0.986688
21 14 0.999989
21 15 0.987102
21 16 0.658641
21 17 0.998089
21 18 0.999931
21 19 0.500006
21 20 0.957054
21 21 1.000000
21 22 0.756206
21 23 0.998634
21 24 0.981851
21 25 0.982230
21 26 0.999882
22 1 0.568654
22 2 0.832690
22 3 0.574915
22 5 0.566785
22 6 0.863762
22 7 0.513493
22 8 0.525261
22 9 0.533394
22 10 0.509315
22 11 0.609939
22 12 0.528478
22 13 0.577932
22 14 0.714618
22 15 0.584697
22 16 0.536767
22 17 0.574915
22 18 0.580689
22 19 0.500001
22 20 0.577781
22 21 0.756206
22 22 0.537913
22 23 0.620462
22 24 0.575224
22 25 0.568672
22 26 0.662929
23 1 0.787403
23 2 0.999004
23 3 0.935451
23 4 0.620462
23 5 0.764230
23 6 0.997043
23 7 0.562347
23 8 0.687444
23 9 0.737000
23 10 0.561958
23 11 0.795378
23 12 0.684223
23 13 0.818563
23 14 0.978377
23 15 0.871526
23 16 0.731203
23 17 0.935451
23 18 0.930644
23 19 0.500003
23 20 0.900207
23 21 0.998634
23 22 0.620462
23 23 0.992403
23 24 0.804040
23 25 0.798163
23 26 0.957930
24 1 0.720071
24 2 0.975703
24 3 0.756500
24 4 0.575224
24 5 0.706824
24 6 0.992219
24 7 0.536080
24 8 0.584623
24 9 0.617147
24 10 0.524391
24 11 0.783978
24 12 0.607351
24 13 0.748655
24 14 0.955022
24 15 0.721925
24 16 0.528934
24 17 0.756500
24 18 0.829240
24 19 0.500002
24 20 0.743838
24 21 0.981851
24 22 0.575224
24 23 0.804040
24 24 0.741385
24 25 0.729176
25 1 0.710243
25 2 0.963948
25 3 0.754283
25 4 0.568672
25 5 0.694838
25 6 0.985191
25 7 0.534973
25 8 0.566207
25 9 0.610804
25 10 0.523364
25 11 0.773087
25 12 0.601679
25 13 0.738045
25 14 0.945916
25 15 0.700150
25 16 0.515664
25 17 0.754283
25 18 0.842262
25 19 0.500002
25 20 0.722614
25 21 0.982230
25 22 0.568672
25 23 0.798163
25 24 0.729176
25 25 0.721678
26 2 0.999745
26 6 0.999970
26 7 0.579419
26 8 0.674695
26 10 0.557361
26 12 0.721988
26 15 0.889067
26 16 0.566255
26 17 0.922392
26 19 0.500005
26 20 0.912541
26 21 0.999882
26 22 0.662929
26 23 0.957930
26 26 0.993554
