1 26 0.688981
3 17 0.997703
3 26 0.966549
4 22 0.561709
4 26 0.629194
5 26 0.736602
9 26 0.746958
11 26 0.752625
13 26 0.577832
14 26 0.894265
17 3 0.997703
18 26 0.722437
22 4 0.561709
24 26 0.726712
25 26 0.669526
26 1 0.688981
26 3 0.966549
26 4 0.629194
26 5 0.736602
26 9 0.746958
26 11 0.752625
26 13 0.577832
26 14 0.894265
26 18 0.722437
26 24 0.726712
26 25 0.669526
1 1 0.569473
1 2 0.890291
1 3 0.752967
1 4 0.543548
1 5 0.587874
1 6 0.866488
1 7 0.533491
1 8 0.596046
1 9 0.591926
1 10 0.519785
1 11 0.592888
1 12 0.536168
1 13 0.519697
1 14 0.677903
1 15 0.647442
1 16 0.721833
1 17 0.752967
1 18 0.584823
1 19 0.500003
1 20 0.673237
1 21 0.811577
1 22 0.567502
1 23 0.814838
1 24 0.583118
1 25 0.560577
2 1 0.890291
2 2 1.000000
2 3 0.999968
2 4 0.822162
2 5 0.936568
2 6 0.999997
2 7 0.764738
2 8 0.966254
2 9 0.957290
2 10 0.609361
2 11 0.964464
2 12 0.835584
2 13 0.774954
2 14 0.996306
2 15 0.994058
2 16 0.999265
2 17 0.999968
2 18 0.921804
2 19 0.500020
2 20 0.997376
2 21 0.999995
2 22 0.888509
2 23 0.999988
2 24 0.932719
2 25 0.856369
2 26 0.998211
3 1 0.752967
3 2 0.999968
3 3 0.997703
3 4 0.704491
3 5 0.821858
3 6 0.999422
3 7 0.668005
3 8 0.893851
3 9 0.835052
3 10 0.556391
3 11 0.851262
3 12 0.788542
3 13 0.700375
3 14 0.949818
3 15 0.939904
3 16 0.982962
3 18 0.789250
3 19 0.500011
3 20 0.969634
3 21 0.998475
3 22 0.846921
3 23 0.998839
3 24 0.812614
3 25 0.731259
4 1 0.543548
4 2 0.822162
4 3 0.704491
4 4 0.541805
4 5 0.557501
4 6 0.771925
4 7 0.524126
4 8 0.574654
4 9 0.557235
4 10 0.512061
4 11 0.573133
4 12 0.546427
4 13 0.526053
4 14 0.602583
4 15 0.606756
4 16 0.679941
4 17 0.704491
4 18 0.547972
4 19 0.500002
4 20 0.630681
4 21 0.747522
4 23 0.743611
4 24 0.553981
4 25 0.539453
5 1 0.587874
5 2 0.936568
5 3 0.821858
5 4 0.557501
5 5 0.618398
5 6 0.926662
5 7 0.547903
5 8 0.634736
5 9 0.617445
5 10 0.522918
5 11 0.612573
5 12 0.568647
5 13 0.528649
5 14 0.723829
5 15 0.684758
5 16 0.778551
5 17 0.821858
5 18 0.604733
5 19 0.500003
5 20 0.730968
5 21 0.866911
5 22 0.615844
5 23 0.870782
5 24 0.607506
5 25 0.578219
6 1 0.866488
6 2 0.999997
6 3 0.999422
6 4 0.771925
6 5 0.926662
6 6 1.000000
6 7 0.735462
6 8 0.940304
6 9 0.912755
6 10 0.640732
6 11 0.901901
6 12 0.835960
6 13 0.610908
6 14 0.992329
6 15 0.975041
6 16 0.998899
6 17 0.999422
6 18 0.900581
6 19 0.500019
6 20 0.993071
6 21 0.999952
6 22 0.933928
6 23 0.999944
6 24 0.900363
6 25 0.831909
6 26 0.994913
7 1 0.533491
7 2 0.764738
7 3 0.668005
7 4 0.524126
7 5 0.547903
7 6 0.735462
7 7 0.532043
7 8 0.559799
7 9 0.545715
7 10 0.513097
7 11 0.552440
7 12 0.548597
7 13 0.508809
7 14 0.584774
7 15 0.598941
7 16 0.612246
7 17 0.668005
7 18 0.535037
7 19 0.500001
7 20 0.601754
7 21 0.684547
7 22 0.553465
7 23 0.660395
7 24 0.539096
7 25 0.526725
7 26 0.597509
8 1 0.596046
8 2 0.966254
8 3 0.893851
8 4 0.574654
8 5 0.634736
8 6 0.940304
8 7 0.559799
8 8 0.732958
8 9 0.638808
8 10 0.517624
8 11 0.644402
8 12 0.662405
8 13 0.596107
8 14 0.746346
8 15 0.647492
8 16 0.831282
8 17 0.893851
8 18 0.593984
8 19 0.500004
8 20 0.830755
8 21 0.871284
8 22 0.685801
8 23 0.916068
8 24 0.638292
8 25 0.590794
8 26 0.765840
9 1 0.591926
9 2 0.957290
9 3 0.835052
9 4 0.557235
9 5 0.617445
9 6 0.912755
9 7 0.545715
9 8 0.638808
9 9 0.630260
9 10 0.519049
9 11 0.625630
9 12 0.560668
9 13 0.539137
9 14 0.738066
9 15 0.679761
9 16 0.765506
9 17 0.835052
9 18 0.613560
9 19 0.500004
9 20 0.729860
9 21 0.865031
9 22 0.597201
9 23 0.874638
9 24 0.615438
9 25 0.582489
10 1 0.519785
10 2 0.609361
10 3 0.556391
10 4 0.512061
10 5 0.522918
10 6 0.640732
10 7 0.513097
10 8 0.517624
10 9 0.519049
10 10 0.518165
10 11 0.526011
10 12 0.494441
10 13 0.485389
10 14 0.538790
10 15 0.561729
10 16 0.576282
10 17 0.556391
10 18 0.520975
10 19 0.500001
10 20 0.541511
10 21 0.632883
10 22 0.505292
10 23 0.626385
10 24 0.516312
10 25 0.512439
10 26 0.548910
11 1 0.592888
11 2 0.964464
11 3 0.851262
11 4 0.573133
11 5 0.612573
11 6 0.901901
11 7 0.552440
11 8 0.644402
11 9 0.625630
11 10 0.526011
11 11 0.664635
11 12 0.585529
11 13 0.558915
11 14 0.718524
11 15 0.729381
11 16 0.797387
11 17 0.851262
11 18 0.603790
11 19 0.500004
11 20 0.746528
11 21 0.888747
11 22 0.588259
11 23 0.880652
11 24 0.614085
11 25 0.583121
12 1 0.536168
12 2 0.835584
12 3 0.788542
12 4 0.546427
12 5 0.568647
12 6 0.835960
12 7 0.548597
12 8 0.662405
12 9 0.560668
12 10 0.494441
12 11 0.585529
12 12 0.720881
12 13 0.598067
12 14 0.603331
12 15 0.584429
12 16 0.703267
12 17 0.788542
12 18 0.512183
12 19 0.500002
12 20 0.724976
12 21 0.661906
12 22 0.668902
12 23 0.680995
12 24 0.565833
12 25 0.544826
12 26 0.635195
13 1 0.519697
13 2 0.774954
13 3 0.700375
13 4 0.526053
13 5 0.528649
13 6 0.610908
13 7 0.508809
13 8 0.596107
13 9 0.539137
13 10 0.485389
13 11 0.558915
13 12 0.598067
13 13 0.605209
13 14 0.558755
13 15 0.552432
13 16 0.625320
13 17 0.700375
13 18 0.515652
13 19 0.500001
13 20 0.631621
13 21 0.619135
13 22 0.567869
13 23 0.664192
13 24 0.545492
13 25 0.524070
14 1 0.677903
14 2 0.996306
14 3 0.949818
14 4 0.602583
14 5 0.723829
14 6 0.992329
14 7 0.584774
14 8 0.746346
14 9 0.738066
14 10 0.538790
14 11 0.718524
14 12 0.603331
14 13 0.558755
14 14 0.893908
14 15 0.800433
14 16 0.915458
14 17 0.949818
14 18 0.717096
14 19 0.500007
14 20 0.874825
14 21 0.968403
14 22 0.687126
14 23 0.975877
14 24 0.718087
14 25 0.660623
15 1 0.647442
15 2 0.994058
15 3 0.939904
15 4 0.606756
15 5 0.684758
15 6 0.975041
15 7 0.598941
15 8 0.647492
15 9 0.679761
15 10 0.561729
15 11 0.729381
15 12 0.584429
15 13 0.552432
15 14 0.800433
15 15 0.944700
15 16 0.911857
15 17 0.939904
15 18 0.685108
15 19 0.500007
15 20 0.796585
15 21 0.989456
15 22 0.599390
15 23 0.973555
15 24 0.649108
15 25 0.620999
15 26 0.853728
16 1 0.721833
16 2 0.999265
16 3 0.982962
16 4 0.679941
16 5 0.778551
16 6 0.998899
16 7 0.612246
16 8 0.831282
16 9 0.765506
16 10 0.576282
16 11 0.797387
16 12 0.703267
16 13 0.625320
16 14 0.915458
16 15 0.911857
16 16 0.987681
16 17 0.982962
16 18 0.735575
16 19 0.500009
16 20 0.952008
16 21 0.996337
16 22 0.769189
16 23 0.996951
16 24 0.760787
16 25 0.698551
16 26 0.942600
17 1 0.752967
17 2 0.999968
17 4 0.704491
17 5 0.821858
17 6 0.999422
17 7 0.668005
17 8 0.893851
17 9 0.835052
17 10 0.556391
17 11 0.851262
17 12 0.788542
17 13 0.700375
17 14 0.949818
17 15 0.939904
17 16 0.982962
17 17 0.997703
17 18 0.789250
17 19 0.500011
17 20 0.969634
17 21 0.998475
17 22 0.846921
17 23 0.998839
17 24 0.812614
17 25 0.731259
17 26 0.966549
18 1 0.584823
18 2 0.921804
18 3 0.789250
18 4 0.547972
18 5 0.604733
18 6 0.900581
18 7 0.535037
18 8 0.593984
18 9 0.613560
18 10 0.520975
18 11 0.603790
18 12 0.512183
18 13 0.515652
18 14 0.717096
18 15 0.685108
18 16 0.735575
18 17 0.789250
18 18 0.618223
18 19 0.500003
18 20 0.668082
18 21 0.855348
18 22 0.565649
18 23 0.866005
18 24 0.599632
18 25 0.574660
19 1 0.500003
19 2 0.500020
19 3 0.500011
19 4 0.500002
19 5 0.500003
19 6 0.500019
19 7 0.500001
19 8 0.500004
19 9 0.500004
19 10 0.500001
19 11 0.500004
19 12 0.500002
19 13 0.500001
19 14 0.500007
19 15 0.500007
19 16 0.500009
19 17 0.500011
19 18 0.500003
19 19 0.500000
19 20 0.500006
19 21 0.500016
19 22 0.500002
19 23 0.500017
19 24 0.500003
19 25 0.500002
19 26 0.500008
20 1 0.673237
20 2 0.997376
20 3 0.969634
20 4 0.630681
20 5 0.730968
20 6 0.993071
20 7 0.601754
20 8 0.830755
20 9 0.729860
20 10 0.541511
20 11 0.746528
20 12 0.724976
20 13 0.631621
20 14 0.874825
20 15 0.796585
20 16 0.952008
20 17 0.969634
20 18 0.668082
20 19 0.500006
20 20 0.943995
20 21 0.977740
20 22 0.766934
20 23 0.981697
20 24 0.727280
20 25 0.658803
20 26 0.897311
21 1 0.811577
21 2 0.999995
21 3 0.998475
21 4 0.747522
21 5 0.866911
21 6 0.999952
21 7 0.684547
21 8 0.871284
21 9 0.865031
21 10 0.632883
21 11 0.888747
21 12 0.661906
21 13 0.619135
21 14 0.968403
21 15 0.989456
21 16 0.996337
21 17 0.998475
21 18 0.855348
21 19 0.500016
21 20 0.977740
21 21 0.999964
21 22 0.789228
21 23 0.999883
21 24 0.834653
21 25 0.765059
21 26 0.985078
22 1 0.567502
22 2 0.888509
22 3 0.846921
22 5 0.615844
22 6 0.933928
22 7 0.553465
22 8 0.685801
22 9 0.597201
22 10 0.505292
22 11 0.588259
22 12 0.668902
22 13 0.567869
22 14 0.687126
22 15 0.599390
22 16 0.769189
22 17 0.846921
22 18 0.565649
22 19 0.500002
22 20 0.766934
22 21 0.789228
22 22 0.715364
22 23 0.842359
22 24 0.602213
22 25 0.570480
22 26 0.703574
23 1 0.814838
23 2 0.999988
23 3 0.998839
23 4 0.743611
23 5 0.870782
23 6 0.999944
23 7 0.660395
23 8 0.916068
23 9 0.874638
23 10 0.626385
23 11 0.880652
23 12 0.680995
23 13 0.664192
23 14 0.975877
23 15 0.973555
23 16 0.996951
23 17 0.998839
23 18 0.866005
23 19 0.500017
23 20 0.981697
23 21 0.999883
23 22 0.842359
23 23 0.999970
23 24 0.859269
23 25 0.783615
23 26 0.985413
24 1 0.583118
24 2 0.932719
24 3 0.812614
24 4 0.553981
24 5 0.607506
24 6 0.900363
24 7 0.539096
24 8 0.638292
24 9 0.615438
24 10 0.516312
24 11 0.614085
24 12 0.565833
24 13 0.545492
24 14 0.718087
24 15 0.649108
24 16 0.760787
24 17 0.812614
24 18 0.599632
24 19 0.500003
24 20 0.727280
24 21 0.834653
24 22 0.602213
24 23 0.859269
24 24 0.608105
24 25 0.575814
25 1 0.560577
25 2 0.856369
25 3 0.731259
25 4 0.539453
25 5 0.578219
25 6 0.831909
25 7 0.526725
25 8 0.590794
25 9 0.582489
25 10 0.512439
25 11 0.583121
25 12 0.544826
25 13 0.524070
25 14 0.660623
25 15 0.620999
25 16 0.698551
25 17 0.731259
25 18 0.574660
25 19 0.500002
25 20 0.658803
25 21 0.765059
25 22 0.570480
25 23 0.783615
25 24 0.575814
25 25 0.558011
26 2 0.998211
26 6 0.994913
26 7 0.597509
26 8 0.765840
26 10 0.548910
26 12 0.635195
26 15 0.853728
26 16 0.942600
26 17 0.966549
26 19 0.500008
26 20 0.897311
26 21 0.985078
26 22 0.703574
26 23 0.985413
26 26 0.909844
