1 26 0.581774
3 17 0.669653
3 26 0.624045
4 22 0.528891
4 26 0.540676
5 26 0.591575
9 26 0.565543
11 26 0.631852
13 26 0.604720
14 26 0.898347
17 3 0.669653
18 26 0.629616
22 4 0.528891
24 26 0.590131
25 26 0.595427
26 1 0.581774
26 3 0.624045
26 4 0.540676
26 5 0.591575
26 9 0.565543
26 11 0.631852
26 13 0.604720
26 14 0.898347
26 18 0.629616
26 24 0.590131
26 25 0.595427
1 1 0.534443
1 2 0.759944
1 3 0.561844
1 4 0.510481
1 5 0.540098
1 6 0.708124
1 7 0.524389
1 8 0.539153
1 9 0.531995
1 10 0.513356
1 11 0.551813
1 12 0.533256
1 13 0.539250
1 14 0.682866
1 15 0.597738
1 16 0.594314
1 17 0.553339
1 18 0.551807
1 19 0.500001
1 20 0.589761
1 21 0.637035
1 22 0.510481
1 23 0.605154
1 24 0.535959
1 25 0.538859
2 1 0.759944
2 2 1.000000
2 3 0.788302
2 4 0.600237
2 5 0.742872
2 6 0.999985
2 7 0.733669
2 8 0.743619
2 9 0.588308
2 10 0.644076
2 11 0.873067
2 12 0.827256
2 13 0.879954
2 14 0.999996
2 15 0.994788
2 16 0.992396
2 17 0.762131
2 18 0.803084
2 19 0.500012
2 20 0.994795
2 21 0.999780
2 22 0.600237
2 23 0.986040
2 24 0.719848
2 25 0.804787
2 26 0.959505
3 1 0.561844
3 2 0.788302
3 3 0.676413
3 4 0.509807
3 5 0.573057
3 6 0.677985
3 7 0.540671
3 8 0.592626
3 9 0.611121
3 10 0.530720
3 11 0.572930
3 12 0.499682
3 13 0.536125
3 14 0.778980
3 15 0.640232
3 16 0.619467
3 18 0.590539
3 19 0.500000
3 20 0.611275
3 21 0.625858
3 22 0.509807
3 23 0.676979
3 24 0.565497
3 25 0.559346
4 1 0.510481
4 2 0.600237
4 3 0.509807
4 4 0.528891
4 5 0.512692
4 6 0.795259
4 7 0.505581
4 8 0.525204
4 9 0.501140
4 10 0.498488
4 11 0.523467
4 12 0.549915
4 13 0.516703
4 14 0.618955
4 15 0.545268
4 16 0.554210
4 17 0.507676
4 18 0.519380
4 19 0.500001
4 20 0.548036
4 21 0.667868
4 23 0.554786
4 24 0.520681
4 25 0.511571
5 1 0.540098
5 2 0.742872
5 3 0.573057
5 4 0.512692
5 5 0.551480
5 6 0.707309
5 7 0.528165
5 8 0.543827
5 9 0.538111
5 10 0.514301
5 11 0.560380
5 12 0.542564
5 13 0.544444
5 14 0.688764
5 15 0.600537
5 16 0.604426
5 17 0.561520
5 18 0.558947
5 19 0.500001
5 20 0.586272
5 21 0.657055
5 22 0.512692
5 23 0.631614
5 24 0.541791
5 25 0.545029
6 1 0.708124
6 2 0.999985
6 3 0.677985
6 4 0.795259
6 5 0.707309
6 6 1.000000
6 7 0.625984
6 8 0.804507
6 9 0.520715
6 10 0.517486
6 11 0.853259
6 12 0.957482
6 13 0.780405
6 14 0.999905
6 15 0.983170
6 16 0.973349
6 17 0.635509
6 18 0.847450
6 19 0.500007
6 20 0.980789
6 21 0.999753
6 22 0.795259
6 23 0.960183
6 24 0.805546
6 25 0.726778
6 26 0.957477
7 1 0.524389
7 2 0.733669
7 3 0.540671
7 4 0.505581
7 5 0.528165
7 6 0.625984
7 7 0.528637
7 8 0.527190
7 9 0.529470
7 10 0.512729
7 11 0.542379
7 12 0.531738
7 13 0.549834
7 14 0.705398
7 15 0.601889
7 16 0.565826
7 17 0.534510
7 18 0.532263
7 19 0.500002
7 20 0.607477
7 21 0.606982
7 22 0.505581
7 23 0.575061
7 24 0.520895
7 25 0.531634
7 26 0.558662
8 1 0.539153
8 2 0.743619
8 3 0.592626
8 4 0.525204
8 5 0.543827
8 6 0.804507
8 7 0.527190
8 8 0.588972
8 9 0.548825
8 10 0.518402
8 11 0.561745
8 12 0.537808
8 13 0.555883
8 14 0.688270
8 15 0.596220
8 16 0.609664
8 17 0.586131
8 18 0.555904
8 19 0.500001
8 20 0.612619
8 21 0.666076
8 22 0.525204
8 23 0.651999
8 24 0.549006
8 25 0.542856
8 26 0.594481
9 1 0.531995
9 2 0.588308
9 3 0.611121
9 4 0.501140
9 5 0.538111
9 6 0.520715
9 7 0.529470
9 8 0.548825
9 9 0.668360
9 10 0.517651
9 11 0.540997
9 12 0.517892
9 13 0.528023
9 14 0.754586
9 15 0.652155
9 16 0.517080
9 17 0.612971
9 18 0.539323
9 19 0.500003
9 20 0.583651
9 21 0.659045
9 22 0.501140
9 23 0.523270
9 24 0.526069
9 25 0.527317
10 1 0.513356
10 2 0.644076
10 3 0.530720
10 4 0.498488
10 5 0.514301
10 6 0.517486
10 7 0.512729
10 8 0.518402
10 9 0.517651
10 10 0.513828
10 11 0.518952
10 12 0.502627
10 13 0.519200
10 14 0.622885
10 15 0.561877
10 16 0.557462
10 17 0.529699
10 18 0.512432
10 19 0.500001
10 20 0.554111
10 21 0.551920
10 22 0.498488
10 23 0.541622
10 24 0.508219
10 25 0.516133
10 26 0.527866
11 1 0.551813
11 2 0.873067
11 3 0.572930
11 4 0.523467
11 5 0.560380
11 6 0.853259
11 7 0.542379
11 8 0.561745
11 9 0.540997
11 10 0.518952
11 11 0.593901
11 12 0.587847
11 13 0.586186
11 14 0.797356
11 15 0.659767
11 16 0.648503
11 17 0.557953
11 18 0.575152
11 19 0.500002
11 20 0.658314
11 21 0.742026
11 22 0.523467
11 23 0.670260
11 24 0.553845
11 25 0.563013
12 1 0.533256
12 2 0.827256
12 3 0.499682
12 4 0.549915
12 5 0.542564
12 6 0.957482
12 7 0.531738
12 8 0.537808
12 9 0.517892
12 10 0.502627
12 11 0.587847
12 12 0.691245
12 13 0.590525
12 14 0.871358
12 15 0.688537
12 16 0.617893
12 17 0.488892
12 18 0.554168
12 19 0.500003
12 20 0.655975
12 21 0.791145
12 22 0.549915
12 23 0.609292
12 24 0.542077
12 25 0.544415
12 26 0.623895
13 1 0.539250
13 2 0.879954
13 3 0.536125
13 4 0.516703
13 5 0.544444
13 6 0.780405
13 7 0.549834
13 8 0.555883
13 9 0.528023
13 10 0.519200
13 11 0.586186
13 12 0.590525
13 13 0.617746
13 14 0.798518
13 15 0.660019
13 16 0.616952
13 17 0.523258
13 18 0.544614
13 19 0.500004
13 20 0.689134
13 21 0.709855
13 22 0.516703
13 23 0.639472
13 24 0.532818
13 25 0.556904
14 1 0.682866
14 2 0.999996
14 3 0.778980
14 4 0.618955
14 5 0.688764
14 6 0.999905
14 7 0.705398
14 8 0.688270
14 9 0.754586
14 10 0.622885
14 11 0.797356
14 12 0.871358
14 13 0.798518
14 14 0.999998
14 15 0.992750
14 16 0.955359
14 17 0.773393
14 18 0.713246
14 19 0.500025
14 20 0.987347
14 21 0.997060
14 22 0.618955
14 23 0.899931
14 24 0.656372
14 25 0.710952
15 1 0.597738
15 2 0.994788
15 3 0.640232
15 4 0.545268
15 5 0.600537
15 6 0.983170
15 7 0.601889
15 8 0.596220
15 9 0.652155
15 10 0.561877
15 11 0.659767
15 12 0.688537
15 13 0.660019
15 14 0.992750
15 15 0.929886
15 16 0.831999
15 17 0.630040
15 18 0.634426
15 19 0.500010
15 20 0.896961
15 21 0.953261
15 22 0.545268
15 23 0.727340
15 24 0.585949
15 25 0.619966
15 26 0.752270
16 1 0.594314
16 2 0.992396
16 3 0.619467
16 4 0.554210
16 5 0.604426
16 6 0.973349
16 7 0.565826
16 8 0.609664
16 9 0.517080
16 10 0.557462
16 11 0.648503
16 12 0.617893
16 13 0.616952
16 14 0.955359
16 15 0.831999
16 16 0.896656
16 17 0.599250
16 18 0.631549
16 19 0.500003
16 20 0.818654
16 21 0.971970
16 22 0.554210
16 23 0.844449
16 24 0.590235
16 25 0.623695
16 26 0.736168
17 1 0.553339
17 2 0.762131
17 4 0.507676
17 5 0.561520
17 6 0.635509
17 7 0.534510
17 8 0.586131
17 9 0.612971
17 10 0.529699
17 11 0.557953
17 12 0.488892
17 13 0.523258
17 14 0.773393
17 15 0.630040
17 16 0.599250
17 17 0.667264
17 18 0.575738
17 19 0.500000
17 20 0.595049
17 21 0.602137
17 22 0.507676
17 23 0.647206
17 24 0.555606
17 25 0.548131
17 26 0.604876
18 1 0.551807
18 2 0.803084
18 3 0.590539
18 4 0.519380
18 5 0.558947
18 6 0.847450
18 7 0.532263
18 8 0.555904
18 9 0.539323
18 10 0.512432
18 11 0.575152
18 12 0.554168
18 13 0.544614
18 14 0.713246
18 15 0.634426
18 16 0.631549
18 17 0.575738
18 18 0.598815
18 19 0.500000
18 20 0.624980
18 21 0.678706
18 22 0.519380
18 23 0.652206
18 24 0.563030
18 25 0.559012
19 1 0.500001
19 2 0.500012
19 3 0.500000
19 4 0.500001
19 5 0.500001
19 6 0.500007
19 7 0.500002
19 8 0.500001
19 9 0.500003
19 10 0.500001
19 11 0.500002
19 12 0.500003
19 13 0.500004
19 14 0.500025
19 15 0.500010
19 16 0.500003
19 17 0.500000
19 18 0.500000
19 19 0.500000
19 20 0.500011
19 21 0.500014
19 22 0.500001
19 23 0.500002
19 24 0.500000
19 25 0.500001
19 26 0.500002
20 1 0.589761
20 2 0.994795
20 3 0.611275
20 4 0.548036
20 5 0.586272
20 6 0.980789
20 7 0.607477
20 8 0.612619
20 9 0.583651
20 10 0.554111
20 11 0.658314
20 12 0.655975
20 13 0.689134
20 14 0.987347
20 15 0.896961
20 16 0.818654
20 17 0.595049
20 18 0.624980
20 19 0.500011
20 20 0.908541
20 21 0.937658
20 22 0.548036
20 23 0.757471
20 24 0.584869
20 25 0.622255
20 26 0.735157
21 1 0.637035
21 2 0.999780
21 3 0.625858
21 4 0.667868
21 5 0.657055
21 6 0.999753
21 7 0.606982
21 8 0.666076
21 9 0.659045
21 10 0.551920
21 11 0.742026
21 12 0.791145
21 13 0.709855
21 14 0.997060
21 15 0.953261
21 16 0.971970
21 17 0.602137
21 18 0.678706
21 19 0.500014
21 20 0.937658
21 21 0.999934
21 22 0.667868
21 23 0.940090
21 24 0.640282
21 25 0.685519
21 26 0.854235
22 1 0.510481
22 2 0.600237
22 3 0.509807
22 5 0.512692
22 6 0.795259
22 7 0.505581
22 8 0.525204
22 9 0.501140
22 10 0.498488
22 11 0.523467
22 12 0.549915
22 13 0.516703
22 14 0.618955
22 15 0.545268
22 16 0.554210
22 17 0.507676
22 18 0.519380
22 19 0.500001
22 20 0.548036
22 21 0.667868
22 22 0.528891
22 23 0.554786
22 24 0.520681
22 25 0.511571
22 26 0.540676
23 1 0.605154
23 2 0.986040
23 3 0.676979
23 4 0.554786
23 5 0.631614
23 6 0.960183
23 7 0.575061
23 8 0.651999
23 9 0.523270
23 10 0.541622
23 11 0.670260
23 12 0.609292
23 13 0.639472
23 14 0.899931
23 15 0.727340
23 16 0.844449
23 17 0.647206
23 18 0.652206
23 19 0.500002
23 20 0.757471
23 21 0.940090
23 22 0.554786
23 23 0.916404
23 24 0.616590
23 25 0.629760
23 26 0.739842
24 1 0.535959
24 2 0.719848
24 3 0.565497
24 4 0.520681
24 5 0.541791
24 6 0.805546
24 7 0.520895
24 8 0.549006
24 9 0.526069
24 10 0.508219
24 11 0.553845
24 12 0.542077
24 13 0.532818
24 14 0.656372
24 15 0.585949
24 16 0.590235
24 17 0.555606
24 18 0.563030
24 19 0.500000
24 20 0.584869
24 21 0.640282
24 22 0.520681
24 23 0.616590
24 24 0.547046
24 25 0.538348
25 1 0.538859
25 2 0.804787
25 3 0.559346
25 4 0.511571
25 5 0.545029
25 6 0.726778
25 7 0.531634
25 8 0.542856
25 9 0.527317
25 10 0.516133
25 11 0.563013
25 12 0.544415
25 13 0.556904
25 14 0.710952
25 15 0.619966
25 16 0.623695
25 17 0.548131
25 18 0.559012
25 19 0.500001
25 20 0.622255
25 21 0.685519
25 22 0.511571
25 23 0.629760
25 24 0.538348
25 25 0.549386
26 2 0.959505
26 6 0.957477
26 7 0.558662
26 8 0.594481
26 10 0.527866
26 12 0.623895
26 15 0.752270
26 16 0.736168
26 17 0.604876
26 19 0.500002
26 20 0.735157
26 21 0.854235
26 22 0.540676
26 23 0.739842
26 26 0.705926
