1 26 0.845147
3 17 0.954226
3 26 0.952214
4 22 0.549128
4 26 0.831480
5 26 0.881678
9 26 0.880965
11 26 0.930849
13 26 0.855113
14 26 0.990993
17 3 0.954226
18 26 0.926842
22 4 0.549128
24 26 0.853525
25 26 0.665550
26 1 0.845147
26 3 0.952214
26 4 0.831480
26 5 0.881678
26 9 0.880965
26 11 0.930849
26 13 0.855113
26 14 0.990993
26 18 0.926842
26 24 0.853525
26 25 0.665550
1 1 0.652977
1 2 0.978012
1 3 0.760628
1 4 0.642559
1 5 0.676619
1 6 0.918130
1 7 0.600649
1 8 0.648945
1 9 0.678153
1 10 0.520699
1 11 0.736105
1 12 0.695003
1 13 0.659657
1 14 0.843131
1 15 0.783898
1 16 0.782590
1 17 0.760628
1 18 0.725369
1 19 0.500003
1 20 0.754157
1 21 0.938265
1 22 0.554636
1 23 0.717957
1 24 0.657852
1 25 0.569036
2 1 0.978012
2 2 1.000000
2 3 0.999622
2 4 0.968930
2 5 0.988641
2 6 0.999997
2 7 0.948143
2 8 0.981034
2 9 0.987827
2 10 0.697296
2 11 0.998359
2 12 0.993179
2 13 0.981124
2 14 0.999902
2 15 0.999801
2 16 0.999198
2 17 0.999622
2 18 0.998239
2 19 0.500017
2 20 0.999094
2 21 1.000000
2 22 0.865881
2 23 0.999237
2 24 0.979440
2 25 0.916257
2 26 0.999953
3 1 0.760628
3 2 0.999622
3 3 0.954226
3 4 0.745133
3 5 0.790837
3 6 0.993670
3 7 0.702830
3 8 0.816559
3 9 0.796531
3 10 0.538253
3 11 0.933206
3 12 0.818392
3 13 0.776317
3 14 0.945654
3 15 0.949186
3 16 0.951107
3 18 0.878951
3 19 0.500005
3 20 0.927941
3 21 0.992650
3 22 0.633481
3 23 0.951141
3 24 0.772629
3 25 0.720690
4 1 0.642559
4 2 0.968930
4 3 0.745133
4 4 0.634512
4 5 0.665646
4 6 0.905940
4 7 0.589962
4 8 0.636503
4 9 0.665359
4 10 0.516129
4 11 0.722964
4 12 0.679940
4 13 0.649143
4 14 0.832758
4 15 0.763507
4 16 0.770742
4 17 0.745133
4 18 0.709817
4 19 0.500002
4 20 0.737330
4 21 0.931136
4 23 0.699339
4 24 0.647839
4 25 0.563034
5 1 0.676619
5 2 0.988641
5 3 0.790837
5 4 0.665646
5 5 0.706845
5 6 0.940200
5 7 0.619445
5 8 0.674550
5 9 0.706915
5 10 0.524146
5 11 0.764474
5 12 0.727198
5 13 0.685174
5 14 0.877837
5 15 0.820617
5 16 0.812850
5 17 0.790837
5 18 0.756550
5 19 0.500003
5 20 0.785029
5 21 0.956883
5 22 0.567488
5 23 0.758398
5 24 0.684021
5 25 0.583180
6 1 0.918130
6 2 0.999997
6 3 0.993670
6 4 0.905940
6 5 0.940200
6 6 1.000000
6 7 0.872132
6 8 0.937441
6 9 0.938687
6 10 0.537446
6 11 0.995038
6 12 0.942709
6 13 0.927338
6 14 0.998418
6 15 0.993987
6 16 0.996234
6 17 0.993670
6 18 0.987113
6 19 0.499999
6 20 0.990527
6 21 0.999271
6 22 0.594918
6 23 0.952351
6 24 0.928426
6 25 0.910849
6 26 0.997969
7 1 0.600649
7 2 0.948143
7 3 0.702830
7 4 0.589962
7 5 0.619445
7 6 0.872132
7 7 0.610036
7 8 0.616202
7 9 0.614448
7 10 0.521052
7 11 0.696707
7 12 0.641547
7 13 0.607762
7 14 0.718503
7 15 0.719028
7 16 0.676846
7 17 0.702830
7 18 0.676484
7 19 0.500000
7 20 0.680896
7 21 0.766056
7 22 0.537000
7 23 0.657741
7 24 0.605803
7 25 0.590709
7 26 0.740769
8 1 0.648945
8 2 0.981034
8 3 0.816559
8 4 0.636503
8 5 0.674550
8 6 0.937441
8 7 0.616202
8 8 0.707339
8 9 0.686255
8 10 0.521086
8 11 0.787370
8 12 0.713473
8 13 0.661469
8 14 0.807554
8 15 0.844611
8 16 0.807691
8 17 0.816559
8 18 0.744781
8 19 0.500003
8 20 0.791805
8 21 0.873305
8 22 0.585196
8 23 0.851761
8 24 0.662248
8 25 0.624446
8 26 0.828785
9 1 0.678153
9 2 0.987827
9 3 0.796531
9 4 0.665359
9 5 0.706915
9 6 0.938687
9 7 0.614448
9 8 0.686255
9 9 0.714659
9 10 0.526524
9 11 0.760780
9 12 0.736699
9 13 0.686878
9 14 0.875143
9 15 0.836278
9 16 0.820303
9 17 0.796531
9 18 0.757759
9 19 0.500004
9 20 0.799593
9 21 0.953122
9 22 0.578171
9 23 0.790614
9 24 0.686371
9 25 0.580346
10 1 0.520699
10 2 0.697296
10 3 0.538253
10 4 0.516129
10 5 0.524146
10 6 0.537446
10 7 0.521052
10 8 0.521086
10 9 0.526524
10 10 0.513249
10 11 0.519282
10 12 0.532054
10 13 0.520311
10 14 0.539053
10 15 0.554307
10 16 0.539049
10 17 0.538253
10 18 0.534003
10 19 0.500000
10 20 0.554467
10 21 0.568760
10 22 0.520982
10 23 0.547850
10 24 0.519992
10 25 0.514949
10 26 0.550371
11 1 0.736105
11 2 0.998359
11 3 0.933206
11 4 0.722964
11 5 0.764474
11 6 0.995038
11 7 0.696707
11 8 0.787370
11 9 0.760780
11 10 0.519282
11 11 0.940624
11 12 0.782398
11 13 0.754282
11 14 0.921384
11 15 0.912483
11 16 0.929354
11 17 0.933206
11 18 0.856615
11 19 0.500003
11 20 0.894295
11 21 0.982581
11 22 0.564445
11 23 0.882514
11 24 0.748177
11 25 0.710942
12 1 0.695003
12 2 0.993179
12 3 0.818392
12 4 0.679940
12 5 0.727198
12 6 0.942709
12 7 0.641547
12 8 0.713473
12 9 0.736699
12 10 0.532054
12 11 0.782398
12 12 0.784410
12 13 0.708054
12 14 0.886424
12 15 0.863773
12 16 0.816652
12 17 0.818392
12 18 0.787410
12 19 0.500003
12 20 0.833017
12 21 0.945742
12 22 0.595859
12 23 0.821127
12 24 0.707385
12 25 0.583619
12 26 0.900103
13 1 0.659657
13 2 0.981124
13 3 0.776317
13 4 0.649143
13 5 0.685174
13 6 0.927338
13 7 0.607762
13 8 0.661469
13 9 0.686878
13 10 0.520311
13 11 0.754282
13 12 0.708054
13 13 0.668359
13 14 0.850735
13 15 0.797149
13 16 0.792805
13 17 0.776317
13 18 0.737018
13 19 0.500003
13 20 0.768855
13 21 0.940172
13 22 0.556183
13 23 0.736812
13 24 0.666218
13 25 0.575380
14 1 0.843131
14 2 0.999902
14 3 0.945654
14 4 0.832758
14 5 0.877837
14 6 0.998418
14 7 0.718503
14 8 0.807554
14 9 0.875143
14 10 0.539053
14 11 0.921384
14 12 0.886424
14 13 0.850735
14 14 0.992726
14 15 0.959579
14 16 0.972053
14 17 0.945654
14 18 0.921478
14 19 0.500008
14 20 0.944670
14 21 0.999718
14 22 0.637616
14 23 0.885890
14 24 0.849843
14 25 0.647842
15 1 0.783898
15 2 0.999801
15 3 0.949186
15 4 0.763507
15 5 0.820617
15 6 0.993987
15 7 0.719028
15 8 0.844611
15 9 0.836278
15 10 0.554307
15 11 0.912483
15 12 0.863773
15 13 0.797149
15 14 0.959579
15 15 0.970368
15 16 0.951554
15 17 0.949186
15 18 0.895669
15 19 0.500008
15 20 0.937789
15 21 0.991853
15 22 0.692488
15 23 0.971289
15 24 0.799160
15 25 0.721212
15 26 0.967381
16 1 0.782590
16 2 0.999198
16 3 0.951107
16 4 0.770742
16 5 0.812850
16 6 0.996234
16 7 0.676846
16 8 0.807691
16 9 0.820303
16 10 0.539049
16 11 0.929354
16 12 0.816652
16 13 0.792805
16 14 0.972053
16 15 0.951554
16 16 0.975726
16 17 0.951107
16 18 0.879784
16 19 0.500008
16 20 0.946599
16 21 0.998483
16 22 0.649402
16 23 0.939091
16 24 0.791246
16 25 0.706026
16 26 0.969149
17 1 0.760628
17 2 0.999622
17 4 0.745133
17 5 0.790837
17 6 0.993670
17 7 0.702830
17 8 0.816559
17 9 0.796531
17 10 0.538253
17 11 0.933206
17 12 0.818392
17 13 0.776317
17 14 0.945654
17 15 0.949186
17 16 0.951107
17 17 0.954226
17 18 0.878951
17 19 0.500005
17 20 0.927941
17 21 0.992650
17 22 0.633481
17 23 0.951141
17 24 0.772629
17 25 0.720690
17 26 0.952214
18 1 0.725369
18 2 0.998239
18 3 0.878951
18 4 0.709817
18 5 0.756550
18 6 0.987113
18 7 0.676484
18 8 0.744781
18 9 0.757759
18 10 0.534003
18 11 0.856615
18 12 0.787410
18 13 0.737018
18 14 0.921478
18 15 0.895669
18 16 0.879784
18 17 0.878951
18 18 0.840709
18 19 0.500003
18 20 0.869710
18 21 0.968837
18 22 0.589416
18 23 0.840892
18 24 0.734847
18 25 0.659908
19 1 0.500003
19 2 0.500017
19 3 0.500005
19 4 0.500002
19 5 0.500003
19 6 0.499999
19 7 0.500000
19 8 0.500003
19 9 0.500004
19 10 0.500000
19 11 0.500003
19 12 0.500003
19 13 0.500003
19 14 0.500008
19 15 0.500008
19 16 0.500008
19 17 0.500005
19 18 0.500003
19 19 0.500000
19 20 0.500005
19 21 0.500023
19 22 0.500003
19 23 0.500011
19 24 0.500003
19 25 0.500000
19 26 0.500008
20 1 0.754157
20 2 0.999094
20 3 0.927941
20 4 0.737330
20 5 0.785029
20 6 0.990527
20 7 0.680896
20 8 0.791805
20 9 0.799593
20 10 0.554467
20 11 0.894295
20 12 0.833017
20 13 0.768855
20 14 0.944670
20 15 0.937789
20 16 0.946599
20 17 0.927941
20 18 0.869710
20 19 0.500005
20 20 0.952508
20 21 0.989610
20 22 0.658155
20 23 0.932801
20 24 0.767306
20 25 0.697099
20 26 0.950967
21 1 0.938265
21 2 1.000000
21 3 0.992650
21 4 0.931136
21 5 0.956883
21 6 0.999271
21 7 0.766056
21 8 0.873305
21 9 0.953122
21 10 0.568760
21 11 0.982581
21 12 0.945742
21 13 0.940172
21 14 0.999718
21 15 0.991853
21 16 0.998483
21 17 0.992650
21 18 0.968837
21 19 0.500023
21 20 0.989610
21 21 1.000000
21 22 0.713102
21 23 0.979130
21 24 0.934430
21 25 0.602983
21 26 0.999598
22 1 0.554636
22 2 0.865881
22 3 0.633481
22 5 0.567488
22 6 0.594918
22 7 0.537000
22 8 0.585196
22 9 0.578171
22 10 0.520982
22 11 0.564445
22 12 0.595859
22 13 0.556183
22 14 0.637616
22 15 0.692488
22 16 0.649402
22 17 0.633481
22 18 0.589416
22 19 0.500003
22 20 0.658155
22 21 0.713102
22 22 0.599709
22 23 0.739947
22 24 0.560635
22 25 0.551946
22 26 0.652525
23 1 0.717957
23 2 0.999237
23 3 0.951141
23 4 0.699339
23 5 0.758398
23 6 0.952351
23 7 0.657741
23 8 0.851761
23 9 0.790614
23 10 0.547850
23 11 0.882514
23 12 0.821127
23 13 0.736812
23 14 0.885890
23 15 0.971289
23 16 0.939091
23 17 0.951141
23 18 0.840892
23 19 0.500011
23 20 0.932801
23 21 0.979130
23 22 0.739947
23 23 0.994600
23 24 0.744362
23 25 0.732117
23 26 0.922462
24 1 0.657852
24 2 0.979440
24 3 0.772629
24 4 0.647839
24 5 0.684021
24 6 0.928426
24 7 0.605803
24 8 0.662248
24 9 0.686371
24 10 0.519992
24 11 0.748177
24 12 0.707385
24 13 0.666218
24 14 0.849843
24 15 0.799160
24 16 0.791246
24 17 0.772629
24 18 0.734847
24 19 0.500003
24 20 0.767306
24 21 0.934430
24 22 0.560635
24 23 0.744362
24 24 0.665538
24 25 0.578077
25 1 0.569036
25 2 0.916257
25 3 0.720690
25 4 0.563034
25 5 0.583180
25 6 0.910849
25 7 0.590709
25 8 0.624446
25 9 0.580346
25 10 0.514949
25 11 0.710942
25 12 0.583619
25 13 0.575380
25 14 0.647842
25 15 0.721212
25 16 0.706026
25 17 0.720690
25 18 0.659908
25 19 0.500000
25 20 0.697099
25 21 0.602983
25 22 0.551946
25 23 0.732117
25 24 0.578077
25 25 0.655515
26 2 0.999953
26 6 0.997969
26 7 0.740769
26 8 0.828785
26 10 0.550371
26 12 0.900103
26 15 0.967381
26 16 0.969149
26 17 0.952214
26 19 0.500008
26 20 0.950967
26 21 0.999598
26 22 0.652525
26 23 0.922462
26 26 0.990891
