1 26 0.707649
3 17 0.950796
3 26 0.847183
4 22 0.532797
4 26 0.617771
5 26 0.639340
9 26 0.723191
11 26 0.820648
13 26 0.717658
14 26 0.875707
17 3 0.950796
18 26 0.827494
22 4 0.532797
24 26 0.714069
25 26 0.651908
26 1 0.707649
26 3 0.847183
26 4 0.617771
26 5 0.639340
26 9 0.723191
26 11 0.820648
26 13 0.717658
26 14 0.875707
26 18 0.827494
26 24 0.714069
26 25 0.651908
1 1 0.587826
1 2 0.630623
1 3 0.674328
1 4 0.546941
1 5 0.557730
1 6 0.914647
1 7 0.537321
1 8 0.559383
1 9 0.595163
1 10 0.520164
1 11 0.647487
1 12 0.587869
1 13 0.592286
1 14 0.680233
1 15 0.663477
1 16 0.679327
1 17 0.674328
1 18 0.652450
1 19 0.500003
1 20 0.627211
1 21 0.840101
1 22 0.546941
1 23 0.719766
1 24 0.591224
1 25 0.555134
2 1 0.630623
2 2 0.956240
2 3 0.752878
2 4 0.583302
2 5 0.609896
2 6 0.986985
2 7 0.590317
2 8 0.673609
2 9 0.623309
2 10 0.536700
2 11 0.771675
2 12 0.722006
2 13 0.632179
2 14 0.568425
2 15 0.776771
2 16 0.820097
2 17 0.752878
2 18 0.796662
2 19 0.500011
2 20 0.533624
2 21 0.965808
2 22 0.583302
2 23 0.953988
2 24 0.626171
2 25 0.611289
2 26 0.781431
3 1 0.674328
3 2 0.752878
3 3 0.950796
3 4 0.606138
3 5 0.626284
3 6 0.996786
3 7 0.584874
3 8 0.710596
3 9 0.691169
3 10 0.593270
3 11 0.766675
3 12 0.734510
3 13 0.673811
3 14 0.855121
3 15 0.816600
3 16 0.940192
3 18 0.796116
3 19 0.500008
3 20 0.936998
3 21 0.990024
3 22 0.606138
3 23 0.945178
3 24 0.691450
3 25 0.530744
4 1 0.546941
4 2 0.583302
4 3 0.606138
4 4 0.532797
4 5 0.535690
4 6 0.823949
4 7 0.520720
4 8 0.537362
4 9 0.551761
4 10 0.513199
4 11 0.584241
4 12 0.547498
4 13 0.549875
4 14 0.606095
4 15 0.587630
4 16 0.606884
4 17 0.606138
4 18 0.581701
4 19 0.500002
4 20 0.571845
4 21 0.700747
4 23 0.639116
4 24 0.549026
4 25 0.535836
5 1 0.557730
5 2 0.609896
5 3 0.626284
5 4 0.535690
5 5 0.601555
5 6 0.890448
5 7 0.537898
5 8 0.565085
5 9 0.565115
5 10 0.523314
5 11 0.599396
5 12 0.561617
5 13 0.563270
5 14 0.620848
5 15 0.584533
5 16 0.687455
5 17 0.626284
5 18 0.599991
5 19 0.500005
5 20 0.614446
5 21 0.725314
5 22 0.535690
5 23 0.727040
5 24 0.562914
5 25 0.540580
6 1 0.914647
6 2 0.986985
6 3 0.996786
6 4 0.823949
6 5 0.890448
6 6 1.000000
6 7 0.760965
6 8 0.875699
6 9 0.931394
6 10 0.649241
6 11 0.987605
6 12 0.907427
6 13 0.927225
6 14 0.992998
6 15 0.984380
6 16 0.997935
6 17 0.996786
6 18 0.984056
6 19 0.500029
6 20 0.960435
6 21 0.999984
6 22 0.823949
6 23 0.999366
6 24 0.925415
6 25 0.854599
6 26 0.997275
7 1 0.537321
7 2 0.590317
7 3 0.584874
7 4 0.520720
7 5 0.537898
7 6 0.760965
7 7 0.522935
7 8 0.533156
7 9 0.540096
7 10 0.514937
7 11 0.567295
7 12 0.538944
7 13 0.538710
7 14 0.568879
7 15 0.578217
7 16 0.608060
7 17 0.584874
7 18 0.568434
7 19 0.500002
7 20 0.553176
7 21 0.652466
7 22 0.520720
7 23 0.627395
7 24 0.538883
7 25 0.522139
7 26 0.588989
8 1 0.559383
8 2 0.673609
8 3 0.710596
8 4 0.537362
8 5 0.565085
8 6 0.875699
8 7 0.533156
8 8 0.600159
8 9 0.562431
8 10 0.531904
8 11 0.604954
8 12 0.607315
8 13 0.559481
8 14 0.616893
8 15 0.606530
8 16 0.724515
8 17 0.710596
8 18 0.634233
8 19 0.500005
8 20 0.716825
8 21 0.840063
8 22 0.537362
8 23 0.804804
8 24 0.564525
8 25 0.525511
8 26 0.641662
9 1 0.595163
9 2 0.623309
9 3 0.691169
9 4 0.551761
9 5 0.565115
9 6 0.931394
9 7 0.540096
9 8 0.562431
9 9 0.605615
9 10 0.520538
9 11 0.655865
9 12 0.587175
9 13 0.600082
9 14 0.704757
9 15 0.684256
9 16 0.697504
9 17 0.691169
9 18 0.658212
9 19 0.500003
9 20 0.644320
9 21 0.852445
9 22 0.551761
9 23 0.730393
9 24 0.599636
9 25 0.558019
10 1 0.520164
10 2 0.536700
10 3 0.593270
10 4 0.513199
10 5 0.523314
10 6 0.649241
10 7 0.514937
10 8 0.531904
10 9 0.520538
10 10 0.528777
10 11 0.531549
10 12 0.538489
10 13 0.518767
10 14 0.560594
10 15 0.544664
10 16 0.599486
10 17 0.593270
10 18 0.540329
10 19 0.500002
10 20 0.614900
10 21 0.587241
10 22 0.513199
10 23 0.586875
10 24 0.522240
10 25 0.501043
10 26 0.549278
11 1 0.647487
11 2 0.771675
11 3 0.766675
11 4 0.584241
11 5 0.599396
11 6 0.987605
11 7 0.567295
11 8 0.604954
11 9 0.655865
11 10 0.531549
11 11 0.758275
11 12 0.667662
11 13 0.655513
11 14 0.752224
11 15 0.755594
11 16 0.770720
11 17 0.766675
11 18 0.753530
11 19 0.500006
11 20 0.630009
11 21 0.953324
11 22 0.584241
11 23 0.857082
11 24 0.648694
11 25 0.610797
12 1 0.587869
12 2 0.722006
12 3 0.734510
12 4 0.547498
12 5 0.561617
12 6 0.907427
12 7 0.538944
12 8 0.607315
12 9 0.587175
12 10 0.538489
12 11 0.667662
12 12 0.685345
12 13 0.588903
12 14 0.639735
12 15 0.645761
12 16 0.706100
12 17 0.734510
12 18 0.687844
12 19 0.500006
12 20 0.682482
12 21 0.934474
12 22 0.547498
12 23 0.840301
12 24 0.584760
12 25 0.546073
12 26 0.708052
13 1 0.592286
13 2 0.632179
13 3 0.673811
13 4 0.549875
13 5 0.563270
13 6 0.927225
13 7 0.538710
13 8 0.559481
13 9 0.600082
13 10 0.518767
13 11 0.655513
13 12 0.588903
13 13 0.598172
13 14 0.686603
13 15 0.666546
13 16 0.682121
13 17 0.673811
13 18 0.658852
13 19 0.500003
13 20 0.619547
13 21 0.847195
13 22 0.549875
13 23 0.720751
13 24 0.595890
13 25 0.563022
14 1 0.680233
14 2 0.568425
14 3 0.855121
14 4 0.606095
14 5 0.620848
14 6 0.992998
14 7 0.568879
14 8 0.616893
14 9 0.704757
14 10 0.560594
14 11 0.752224
14 12 0.639735
14 13 0.686603
14 14 0.908106
14 15 0.811714
14 16 0.843384
14 17 0.855121
14 18 0.760607
14 19 0.500007
14 20 0.878998
14 21 0.951522
14 22 0.606095
14 23 0.840261
14 24 0.693886
14 25 0.602563
15 1 0.663477
15 2 0.776771
15 3 0.816600
15 4 0.587630
15 5 0.584533
15 6 0.984380
15 7 0.578217
15 8 0.606530
15 9 0.684256
15 10 0.544664
15 11 0.755594
15 12 0.645761
15 13 0.666546
15 14 0.811714
15 15 0.882171
15 16 0.837242
15 17 0.816600
15 18 0.767710
15 19 0.500006
15 20 0.735334
15 21 0.952867
15 22 0.587630
15 23 0.852025
15 24 0.668890
15 25 0.591921
15 26 0.840592
16 1 0.679327
16 2 0.820097
16 3 0.940192
16 4 0.606884
16 5 0.687455
16 6 0.997935
16 7 0.608060
16 8 0.724515
16 9 0.697504
16 10 0.599486
16 11 0.770720
16 12 0.706100
16 13 0.682121
16 14 0.843384
16 15 0.837242
16 16 0.958498
16 17 0.940192
16 18 0.808487
16 19 0.500010
16 20 0.933229
16 21 0.982625
16 22 0.606884
16 23 0.957236
16 24 0.701238
16 25 0.551141
16 26 0.851635
17 1 0.674328
17 2 0.752878
17 4 0.606138
17 5 0.626284
17 6 0.996786
17 7 0.584874
17 8 0.710596
17 9 0.691169
17 10 0.593270
17 11 0.766675
17 12 0.734510
17 13 0.673811
17 14 0.855121
17 15 0.816600
17 16 0.940192
17 17 0.950796
17 18 0.796116
17 19 0.500008
17 20 0.936998
17 21 0.990024
17 22 0.606138
17 23 0.945178
17 24 0.691450
17 25 0.530744
17 26 0.847183
18 1 0.652450
18 2 0.796662
18 3 0.796116
18 4 0.581701
18 5 0.599991
18 6 0.984056
18 7 0.568434
18 8 0.634233
18 9 0.658212
18 10 0.540329
18 11 0.753530
18 12 0.687844
18 13 0.658852
18 14 0.760607
18 15 0.767710
18 16 0.808487
18 17 0.796116
18 18 0.785370
18 19 0.500006
18 20 0.745018
18 21 0.965240
18 22 0.581701
18 23 0.893672
18 24 0.656903
18 25 0.604719
19 1 0.500003
19 2 0.500011
19 3 0.500008
19 4 0.500002
19 5 0.500005
19 6 0.500029
19 7 0.500002
19 8 0.500005
19 9 0.500003
19 10 0.500002
19 11 0.500006
19 12 0.500006
19 13 0.500003
19 14 0.500007
19 15 0.500006
19 16 0.500010
19 17 0.500008
19 18 0.500006
19 19 0.500000
19 20 0.500008
19 21 0.500017
19 22 0.500002
19 23 0.500018
19 24 0.500003
19 25 0.500003
19 26 0.500008
20 1 0.627211
20 2 0.533624
20 3 0.936998
20 4 0.571845
20 5 0.614446
20 6 0.960435
20 7 0.553176
20 8 0.716825
20 9 0.644320
20 10 0.614900
20 11 0.630009
20 12 0.682482
20 13 0.619547
20 14 0.878998
20 15 0.735334
20 16 0.933229
20 17 0.936998
20 18 0.745018
20 19 0.500008
20 20 0.985556
20 21 0.962155
20 22 0.571845
20 23 0.922954
20 24 0.657258
20 25 0.476421
20 26 0.784173
21 1 0.840101
21 2 0.965808
21 3 0.990024
21 4 0.700747
21 5 0.725314
21 6 0.999984
21 7 0.652466
21 8 0.840063
21 9 0.852445
21 10 0.587241
21 11 0.953324
21 12 0.934474
21 13 0.847195
21 14 0.951522
21 15 0.952867
21 16 0.982625
21 17 0.990024
21 18 0.965240
21 19 0.500017
21 20 0.962155
21 21 0.999991
21 22 0.700747
21 23 0.998028
21 24 0.845893
21 25 0.687201
21 26 0.982812
22 1 0.546941
22 2 0.583302
22 3 0.606138
22 5 0.535690
22 6 0.823949
22 7 0.520720
22 8 0.537362
22 9 0.551761
22 10 0.513199
22 11 0.584241
22 12 0.547498
22 13 0.549875
22 14 0.606095
22 15 0.587630
22 16 0.606884
22 17 0.606138
22 18 0.581701
22 19 0.500002
22 20 0.571845
22 21 0.700747
22 22 0.532797
22 23 0.639116
22 24 0.549026
22 25 0.535836
22 26 0.617771
23 1 0.719766
23 2 0.953988
23 3 0.945178
23 4 0.639116
23 5 0.727040
23 6 0.999366
23 7 0.627395
23 8 0.804804
23 9 0.730393
23 10 0.586875
23 11 0.857082
23 12 0.840301
23 13 0.720751
23 14 0.840261
23 15 0.852025
23 16 0.957236
23 17 0.945178
23 18 0.893672
23 19 0.500018
23 20 0.922954
23 21 0.998028
23 22 0.639116
23 23 0.996879
23 24 0.720674
23 25 0.634668
23 26 0.911538
24 1 0.591224
24 2 0.626171
24 3 0.691450
24 4 0.549026
24 5 0.562914
24 6 0.925415
24 7 0.538883
24 8 0.564525
24 9 0.599636
24 10 0.522240
24 11 0.648694
24 12 0.584760
24 13 0.595890
24 14 0.693886
24 15 0.668890
24 16 0.701238
24 17 0.691450
24 18 0.656903
24 19 0.500003
24 20 0.657258
24 21 0.845893
24 22 0.549026
24 23 0.720674
24 24 0.597493
24 25 0.553241
25 1 0.555134
25 2 0.611289
25 3 0.530744
25 4 0.535836
25 5 0.540580
25 6 0.854599
25 7 0.522139
25 8 0.525511
25 9 0.558019
25 10 0.501043
25 11 0.610797
25 12 0.546073
25 13 0.563022
25 14 0.602563
25 15 0.591921
25 16 0.551141
25 17 0.530744
25 18 0.604719
25 19 0.500003
25 20 0.476421
25 21 0.687201
25 22 0.535836
25 23 0.634668
25 24 0.553241
25 25 0.592421
26 2 0.781431
26 6 0.997275
26 7 0.588989
26 8 0.641662
26 10 0.549278
26 12 0.708052
26 15 0.840592
26 16 0.851635
26 17 0.847183
26 19 0.500008
26 20 0.784173
26 21 0.982812
26 22 0.617771
26 23 0.911538
26 26 0.904568
