1 26 0.561039
3 17 0.645341
3 26 0.598622
4 22 0.509972
4 26 0.565684
5 26 0.490395
9 26 0.563436
11 26 0.579671
13 26 0.576521
14 26 0.777466
17 3 0.645341
18 26 0.559645
22 4 0.509972
24 26 0.515257
25 26 0.557068
26 1 0.561039
26 3 0.598622
26 4 0.565684
26 5 0.490395
26 9 0.563436
26 11 0.579671
26 13 0.576521
26 14 0.777466
26 18 0.559645
26 24 0.515257
26 25 0.557068
1 1 0.523977
1 2 0.601742
1 3 0.536756
1 4 0.526013
1 5 0.494467
1 6 0.661276
1 7 0.501750
1 8 0.487954
1 9 0.523637
1 10 0.494544
1 11 0.532701
1 12 0.513519
1 13 0.529531
1 14 0.587684
1 15 0.540937
1 16 0.537947
1 17 0.533929
1 18 0.518811
1 19 0.500000
1 20 0.488510
1 21 0.727460
1 22 0.508432
1 23 0.563936
1 24 0.508048
1 25 0.522710
2 1 0.601742
2 2 0.999999
2 3 0.699956
2 4 0.566063
2 5 0.801093
2 6 0.671523
2 7 0.698319
2 8 0.756384
2 9 0.620375
2 10 0.563704
2 11 0.544724
2 12 0.796037
2 13 0.617718
2 14 0.809812
2 15 0.634635
2 16 0.905682
2 17 0.714462
2 18 0.739015
2 19 0.500017
2 20 0.917818
2 21 0.999687
2 22 0.685953
2 23 0.123968
2 24 0.680129
2 25 0.574884
2 26 0.801884
3 1 0.536756
3 2 0.699956
3 3 0.638875
3 4 0.543382
3 5 0.498484
3 6 0.807993
3 7 0.497930
3 8 0.539120
3 9 0.545460
3 10 0.483326
3 11 0.545360
3 12 0.484600
3 13 0.546214
3 14 0.543632
3 15 0.633085
3 16 0.608310
3 18 0.552772
3 19 0.500001
3 20 0.444558
3 21 0.834043
3 22 0.539634
3 23 0.671295
3 24 0.515881
3 25 0.527798
4 1 0.526013
4 2 0.566063
4 3 0.543382
4 4 0.530896
4 5 0.484077
4 6 0.684088
4 7 0.493553
4 8 0.484389
4 9 0.525514
4 10 0.491011
4 11 0.537946
4 12 0.508990
4 13 0.532336
4 14 0.595008
4 15 0.551553
4 16 0.537143
4 17 0.540741
4 18 0.515435
4 19 0.500000
4 20 0.451992
4 21 0.749382
4 23 0.602690
4 24 0.500279
4 25 0.524101
5 1 0.494467
5 2 0.801093
5 3 0.498484
5 4 0.484077
5 5 0.612121
5 6 0.454425
5 7 0.547682
5 8 0.561694
5 9 0.508955
5 10 0.516554
5 11 0.475617
5 12 0.546697
5 13 0.490627
5 14 0.480329
5 15 0.514572
5 16 0.574179
5 17 0.497567
5 18 0.543291
5 19 0.500000
5 20 0.667721
5 21 0.540987
5 22 0.497258
5 23 0.383406
5 24 0.517603
5 25 0.488602
6 1 0.661276
6 2 0.671523
6 3 0.807993
6 4 0.684088
6 5 0.454425
6 6 1.000000
6 7 0.553429
6 8 0.350196
6 9 0.610681
6 10 0.369269
6 11 0.754946
6 12 0.533857
6 13 0.727122
6 14 0.986808
6 15 0.951546
6 16 0.523595
6 17 0.796487
6 18 0.700455
6 19 0.500001
6 20 0.406212
6 21 0.961161
6 22 0.792364
6 23 0.937859
6 24 0.626846
6 25 0.654625
6 26 0.852540
7 1 0.501750
7 2 0.698319
7 3 0.497930
7 4 0.493553
7 5 0.547682
7 6 0.553429
7 7 0.535677
7 8 0.518913
7 9 0.502563
7 10 0.511604
7 11 0.495952
7 12 0.530392
7 13 0.501283
7 14 0.519391
7 15 0.481552
7 16 0.522549
7 17 0.496472
7 18 0.526395
7 19 0.500001
7 20 0.631411
7 21 0.472132
7 22 0.510614
7 23 0.403637
7 24 0.526851
7 25 0.501949
7 26 0.507952
8 1 0.487954
8 2 0.756384
8 3 0.539120
8 4 0.484389
8 5 0.561694
8 6 0.350196
8 7 0.518913
8 8 0.605598
8 9 0.503278
8 10 0.504961
8 11 0.469464
8 12 0.511934
8 13 0.487067
8 14 0.325245
8 15 0.528068
8 16 0.599733
8 17 0.545636
8 18 0.536813
8 19 0.500000
8 20 0.550321
8 21 0.423493
8 22 0.509302
8 23 0.469521
8 24 0.490140
8 25 0.479842
8 26 0.475259
9 1 0.523637
9 2 0.620375
9 3 0.545460
9 4 0.525514
9 5 0.508955
9 6 0.610681
9 7 0.502563
9 8 0.503278
9 9 0.532409
9 10 0.494956
9 11 0.526604
9 12 0.509389
9 13 0.528960
9 14 0.608318
9 15 0.577546
9 16 0.559851
9 17 0.543290
9 18 0.530909
9 19 0.500000
9 20 0.491188
9 21 0.789459
9 22 0.501479
9 23 0.580823
9 24 0.493603
9 25 0.519124
10 1 0.494544
10 2 0.563704
10 3 0.483326
10 4 0.491011
10 5 0.516554
10 6 0.369269
10 7 0.511604
10 8 0.504961
10 9 0.494956
10 10 0.516475
10 11 0.491748
10 12 0.509086
10 13 0.490928
10 14 0.500337
10 15 0.439019
10 16 0.489985
10 17 0.483877
10 18 0.497104
10 19 0.500001
10 20 0.567558
10 21 0.479084
10 22 0.490398
10 23 0.443681
10 24 0.507141
10 25 0.496479
10 26 0.488925
11 1 0.532701
11 2 0.544724
11 3 0.545360
11 4 0.537946
11 5 0.475617
11 6 0.754946
11 7 0.495952
11 8 0.469464
11 9 0.526604
11 10 0.491748
11 11 0.556470
11 12 0.515845
11 13 0.540931
11 14 0.638134
11 15 0.518412
11 16 0.527412
11 17 0.538970
11 18 0.517167
11 19 0.500000
11 20 0.447935
11 21 0.685169
11 22 0.515417
11 23 0.585120
11 24 0.512288
11 25 0.535487
12 1 0.513519
12 2 0.796037
12 3 0.484600
12 4 0.508990
12 5 0.546697
12 6 0.533857
12 7 0.530392
12 8 0.511934
12 9 0.509389
12 10 0.509086
12 11 0.515845
12 12 0.589691
12 13 0.515726
12 14 0.465493
12 15 0.439797
12 16 0.551195
12 17 0.476552
12 18 0.516926
12 19 0.500001
12 20 0.559706
12 21 0.511907
12 22 0.520712
12 23 0.402059
12 24 0.534895
12 25 0.512045
12 26 0.528948
13 1 0.529531
13 2 0.617718
13 3 0.546214
13 4 0.532336
13 5 0.490627
13 6 0.727122
13 7 0.501283
13 8 0.487067
13 9 0.528960
13 10 0.490928
13 11 0.540931
13 12 0.515726
13 13 0.539010
13 14 0.623438
13 15 0.568540
13 16 0.542725
13 17 0.542370
13 18 0.526667
13 19 0.500001
13 20 0.483961
13 21 0.758412
13 22 0.516984
13 23 0.577630
13 24 0.508834
13 25 0.528310
14 1 0.587684
14 2 0.809812
14 3 0.543632
14 4 0.595008
14 5 0.480329
14 6 0.986808
14 7 0.519391
14 8 0.325245
14 9 0.608318
14 10 0.500337
14 11 0.638134
14 12 0.465493
14 13 0.623438
14 14 0.999954
14 15 0.936586
14 16 0.309132
14 17 0.522725
14 18 0.635434
14 19 0.500006
14 20 0.546188
14 21 0.998091
14 22 0.565291
14 23 0.592746
14 24 0.364744
14 25 0.616283
15 1 0.540937
15 2 0.634635
15 3 0.633085
15 4 0.551553
15 5 0.514572
15 6 0.951546
15 7 0.481552
15 8 0.528068
15 9 0.577546
15 10 0.439019
15 11 0.518412
15 12 0.439797
15 13 0.568540
15 14 0.936586
15 15 0.940000
15 16 0.579518
15 17 0.638984
15 18 0.596657
15 19 0.500000
15 20 0.402455
15 21 0.987561
15 22 0.541720
15 23 0.837631
15 24 0.393813
15 25 0.518794
15 26 0.632338
16 1 0.537947
16 2 0.905682
16 3 0.608310
16 4 0.537143
16 5 0.574179
16 6 0.523595
16 7 0.522549
16 8 0.599733
16 9 0.559851
16 10 0.489985
16 11 0.527412
16 12 0.551195
16 13 0.542725
16 14 0.309132
16 15 0.579518
16 16 0.741450
16 17 0.608182
16 18 0.576417
16 19 0.500001
16 20 0.497537
16 21 0.898717
16 22 0.492930
16 23 0.643429
16 24 0.498314
16 25 0.519124
16 26 0.595118
17 1 0.533929
17 2 0.714462
17 4 0.540741
17 5 0.497567
17 6 0.796487
17 7 0.496472
17 8 0.545636
17 9 0.543290
17 10 0.483877
17 11 0.538970
17 12 0.476552
17 13 0.542370
17 14 0.522725
17 15 0.638984
17 16 0.608182
17 17 0.654954
17 18 0.550164
17 19 0.500001
17 20 0.445310
17 21 0.847702
17 22 0.542909
17 23 0.680392
17 24 0.517170
17 25 0.523311
17 26 0.594189
18 1 0.518811
18 2 0.739015
18 3 0.552772
18 4 0.515435
18 5 0.543291
18 6 0.700455
18 7 0.526395
18 8 0.536813
18 9 0.530909
18 10 0.497104
18 11 0.517167
18 12 0.516926
18 13 0.526667
18 14 0.635434
18 15 0.596657
18 16 0.576417
18 17 0.550164
18 18 0.567402
18 19 0.500001
18 20 0.567615
18 21 0.700157
18 22 0.527619
18 23 0.477580
18 24 0.502204
18 25 0.515842
19 1 0.500000
19 2 0.500017
19 3 0.500001
19 4 0.500000
19 5 0.500000
19 6 0.500001
19 7 0.500001
19 8 0.500000
19 9 0.500000
19 10 0.500001
19 11 0.500000
19 12 0.500001
19 13 0.500001
19 14 0.500006
19 15 0.500000
19 16 0.500001
19 17 0.500001
19 18 0.500001
19 19 0.500000
19 20 0.500003
19 21 0.500012
19 22 0.500002
19 23 0.499996
19 24 0.500001
19 25 0.500001
19 26 0.500002
20 1 0.488510
20 2 0.917818
20 3 0.444558
20 4 0.451992
20 5 0.667721
20 6 0.406212
20 7 0.631411
20 8 0.550321
20 9 0.491188
20 10 0.567558
20 11 0.447935
20 12 0.559706
20 13 0.483961
20 14 0.546188
20 15 0.402455
20 16 0.497537
20 17 0.445310
20 18 0.567615
20 19 0.500003
20 20 0.953275
20 21 0.508498
20 22 0.499246
20 23 0.150187
20 24 0.597922
20 25 0.494836
20 26 0.493391
21 1 0.727460
21 2 0.999687
21 3 0.834043
21 4 0.749382
21 5 0.540987
21 6 0.961161
21 7 0.472132
21 8 0.423493
21 9 0.789459
21 10 0.479084
21 11 0.685169
21 12 0.511907
21 13 0.758412
21 14 0.998091
21 15 0.987561
21 16 0.898717
21 17 0.847702
21 18 0.700157
21 19 0.500012
21 20 0.508498
21 21 1.000000
21 22 0.442790
21 23 0.997331
21 24 0.306918
21 25 0.659244
21 26 0.950913
22 1 0.508432
22 2 0.685953
22 3 0.539634
22 5 0.497258
22 6 0.792364
22 7 0.510614
22 8 0.509302
22 9 0.501479
22 10 0.490398
22 11 0.515417
22 12 0.520712
22 13 0.516984
22 14 0.565291
22 15 0.541720
22 16 0.492930
22 17 0.542909
22 18 0.527619
22 19 0.500002
22 20 0.499246
22 21 0.442790
22 22 0.584648
22 23 0.412441
22 24 0.541595
22 25 0.508593
22 26 0.533848
23 1 0.563936
23 2 0.123968
23 3 0.671295
23 4 0.602690
23 5 0.383406
23 6 0.937859
23 7 0.403637
23 8 0.469521
23 9 0.580823
23 10 0.443681
23 11 0.585120
23 12 0.402059
23 13 0.577630
23 14 0.592746
23 15 0.837631
23 16 0.643429
23 17 0.680392
23 18 0.477580
23 19 0.499996
23 20 0.150187
23 21 0.997331
23 22 0.412441
23 23 0.995030
23 24 0.304228
23 25 0.521338
23 26 0.648514
24 1 0.508048
24 2 0.680129
24 3 0.515881
24 4 0.500279
24 5 0.517603
24 6 0.626846
24 7 0.526851
24 8 0.490140
24 9 0.493603
24 10 0.507141
24 11 0.512288
24 12 0.534895
24 13 0.508834
24 14 0.364744
24 15 0.393813
24 16 0.498314
24 17 0.517170
24 18 0.502204
24 19 0.500001
24 20 0.597922
24 21 0.306918
24 22 0.541595
24 23 0.304228
24 24 0.609132
24 25 0.512073
25 1 0.522710
25 2 0.574884
25 3 0.527798
25 4 0.524101
25 5 0.488602
25 6 0.654625
25 7 0.501949
25 8 0.479842
25 9 0.519124
25 10 0.496479
25 11 0.535487
25 12 0.512045
25 13 0.528310
25 14 0.616283
25 15 0.518794
25 16 0.519124
25 17 0.523311
25 18 0.515842
25 19 0.500001
25 20 0.494836
25 21 0.659244
25 22 0.508593
25 23 0.521338
25 24 0.512073
25 25 0.525910
26 2 0.801884
26 6 0.852540
26 7 0.507952
26 8 0.475259
26 10 0.488925
26 12 0.528948
26 15 0.632338
26 16 0.595118
26 17 0.594189
26 19 0.500002
26 20 0.493391
26 21 0.950913
26 22 0.533848
26 23 0.648514
26 26 0.662056
