1 26 0.575389
3 17 0.845917
3 26 0.989114
4 22 0.570992
4 26 0.913635
5 26 0.947313
9 26 0.958645
11 26 0.959006
13 26 0.952910
14 26 0.998767
17 3 0.845917
18 26 0.982267
22 4 0.570992
24 26 0.856518
25 26 0.556110
26 1 0.575389
26 3 0.989114
26 4 0.913635
26 5 0.947313
26 9 0.958645
26 11 0.959006
26 13 0.952910
26 14 0.998767
26 18 0.982267
26 24 0.856518
26 25 0.556110
1 1 0.505190
1 2 0.655234
1 3 0.550787
1 4 0.522722
1 5 0.531181
1 6 0.597804
1 7 0.515251
1 8 0.525538
1 9 0.532776
1 10 0.503455
1 11 0.532579
1 12 0.513916
1 13 0.530708
1 14 0.559196
1 15 0.550246
1 16 0.543693
1 17 0.521383
1 18 0.546166
1 19 0.500001
1 20 0.536285
1 21 0.596793
1 22 0.506499
1 23 0.545304
1 24 0.522803
1 25 0.502020
2 1 0.655234
2 2 1.000000
2 3 0.999208
2 4 0.972342
2 5 0.990623
2 6 0.999998
2 7 0.910450
2 8 0.985433
2 9 0.992418
2 10 0.616166
2 11 0.992568
2 12 0.869119
2 13 0.991118
2 14 0.999926
2 15 0.998655
2 16 0.999196
2 17 0.956942
2 18 0.998744
2 19 0.500016
2 20 0.996678
2 21 1.000000
2 22 0.756288
2 23 0.999671
2 24 0.936900
2 25 0.513834
2 26 0.999987
3 1 0.550787
3 2 0.999208
3 3 0.957224
3 4 0.817912
3 5 0.857185
3 6 0.999821
3 7 0.657586
3 8 0.740013
3 9 0.875278
3 10 0.533630
3 11 0.886243
3 12 0.723044
3 13 0.856544
3 14 0.979435
3 15 0.930171
3 16 0.881060
3 18 0.927648
3 19 0.500009
3 20 0.853732
3 21 0.999009
3 22 0.629019
3 23 0.961378
3 24 0.759660
3 25 0.506188
4 1 0.522722
4 2 0.972342
4 3 0.817912
4 4 0.690084
4 5 0.717562
4 6 0.991993
4 7 0.578816
4 8 0.627869
4 9 0.735301
4 10 0.515149
4 11 0.740465
4 12 0.631314
4 13 0.725823
4 14 0.900422
4 15 0.789867
4 16 0.747749
4 17 0.715080
4 18 0.789103
4 19 0.500004
4 20 0.715727
4 21 0.970812
4 23 0.822078
4 24 0.632826
4 25 0.515632
5 1 0.531181
5 2 0.990623
5 3 0.857185
5 4 0.717562
5 5 0.762035
5 6 0.995571
5 7 0.605957
5 8 0.668599
5 9 0.778165
5 10 0.521204
5 11 0.777438
5 12 0.664262
5 13 0.768569
5 14 0.934005
5 15 0.856583
5 16 0.805098
5 17 0.733068
5 18 0.830241
5 19 0.500004
5 20 0.773246
5 21 0.986972
5 22 0.577469
5 23 0.850817
5 24 0.670712
5 25 0.521590
6 1 0.597804
6 2 0.999998
6 3 0.999821
6 4 0.991993
6 5 0.995571
6 6 1.000000
6 7 0.773932
6 8 0.839182
6 9 0.997648
6 10 0.557336
6 11 0.997706
6 12 0.989715
6 13 0.996743
6 14 0.999999
6 15 0.999803
6 16 0.992462
6 17 0.998398
6 18 0.999638
6 19 0.500023
6 20 0.992431
6 21 1.000000
6 22 0.857277
6 23 0.999628
6 24 0.969071
6 25 0.763000
6 26 0.999999
7 1 0.515251
7 2 0.910450
7 3 0.657586
7 4 0.578816
7 5 0.605957
7 6 0.773932
7 7 0.559909
7 8 0.593501
7 9 0.608423
7 10 0.512337
7 11 0.608652
7 12 0.549988
7 13 0.604745
7 14 0.699233
7 15 0.657559
7 16 0.659219
7 17 0.564593
7 18 0.648622
7 19 0.500001
7 20 0.639827
7 21 0.821218
7 22 0.524421
7 23 0.679742
7 24 0.567905
7 25 0.505522
7 26 0.735639
8 1 0.525538
8 2 0.985433
8 3 0.740013
8 4 0.627869
8 5 0.668599
8 6 0.839182
8 7 0.593501
8 8 0.743947
8 9 0.667796
8 10 0.525204
8 11 0.664036
8 12 0.587113
8 13 0.665081
8 14 0.774098
8 15 0.740180
8 16 0.764639
8 17 0.636186
8 18 0.773506
8 19 0.500002
8 20 0.715221
8 21 0.956576
8 22 0.543130
8 23 0.862660
8 24 0.633174
8 25 0.527988
8 26 0.844360
9 1 0.532776
9 2 0.992418
9 3 0.875278
9 4 0.735301
9 5 0.778165
9 6 0.997648
9 7 0.608423
9 8 0.667796
9 9 0.797452
9 10 0.520509
9 11 0.797898
9 12 0.670686
9 13 0.787979
9 14 0.949185
9 15 0.871702
9 16 0.818656
9 17 0.759056
9 18 0.845720
9 19 0.500005
9 20 0.785180
9 21 0.990414
9 22 0.585122
9 23 0.856576
9 24 0.681420
9 25 0.519574
10 1 0.503455
10 2 0.616166
10 3 0.533630
10 4 0.515149
10 5 0.521204
10 6 0.557336
10 7 0.512337
10 8 0.525204
10 9 0.520509
10 10 0.504580
10 11 0.519079
10 12 0.510640
10 13 0.519167
10 14 0.539696
10 15 0.528310
10 16 0.528166
10 17 0.509910
10 18 0.535224
10 19 0.500000
10 20 0.526582
10 21 0.574839
10 22 0.504514
10 23 0.564244
10 24 0.518101
10 25 0.501628
10 26 0.550757
11 1 0.532579
11 2 0.992568
11 3 0.886243
11 4 0.740465
11 5 0.777438
11 6 0.997706
11 7 0.608652
11 8 0.664036
11 9 0.797898
11 10 0.519079
11 11 0.806373
11 12 0.662001
11 13 0.784906
11 14 0.945481
11 15 0.862617
11 16 0.813767
11 17 0.768709
11 18 0.847632
11 19 0.500006
11 20 0.780573
11 21 0.991601
11 22 0.590387
11 23 0.872505
11 24 0.679112
11 25 0.509187
12 1 0.513916
12 2 0.869119
12 3 0.723044
12 4 0.631314
12 5 0.664262
12 6 0.989715
12 7 0.549988
12 8 0.587113
12 9 0.670686
12 10 0.510640
12 11 0.662001
12 12 0.688938
12 13 0.661092
12 14 0.820514
12 15 0.771020
12 16 0.668154
12 17 0.665253
12 18 0.728252
12 19 0.500001
12 20 0.658112
12 21 0.952959
12 22 0.549745
12 23 0.711249
12 24 0.606854
12 25 0.565139
12 26 0.843227
13 1 0.530708
13 2 0.991118
13 3 0.856544
13 4 0.725823
13 5 0.768569
13 6 0.996743
13 7 0.604745
13 8 0.665081
13 9 0.787979
13 10 0.519167
13 11 0.784906
13 12 0.661092
13 13 0.783872
13 14 0.947778
13 15 0.862701
13 16 0.819630
13 17 0.747096
13 18 0.834964
13 19 0.500004
13 20 0.783252
13 21 0.985764
13 22 0.579462
13 23 0.829954
13 24 0.672285
13 25 0.528217
14 1 0.559196
14 2 0.999926
14 3 0.979435
14 4 0.900422
14 5 0.934005
14 6 0.999999
14 7 0.699233
14 8 0.774098
14 9 0.949185
14 10 0.539696
14 11 0.945481
14 12 0.820514
14 13 0.947778
14 14 0.999058
14 15 0.979245
14 16 0.956923
14 17 0.920411
14 18 0.970147
14 19 0.500009
14 20 0.940056
14 21 0.999861
14 22 0.671878
14 23 0.963681
14 24 0.821405
14 25 0.558941
15 1 0.550246
15 2 0.998655
15 3 0.930171
15 4 0.789867
15 5 0.856583
15 6 0.999803
15 7 0.657559
15 8 0.740180
15 9 0.871702
15 10 0.528310
15 11 0.862617
15 12 0.771020
15 13 0.862701
15 14 0.979245
15 15 0.966446
15 16 0.906032
15 17 0.828365
15 18 0.910411
15 19 0.500004
15 20 0.873254
15 21 0.999232
15 22 0.603256
15 23 0.886424
15 24 0.776209
15 25 0.555576
15 26 0.987319
16 1 0.543693
16 2 0.999196
16 3 0.881060
16 4 0.747749
16 5 0.805098
16 6 0.992462
16 7 0.659219
16 8 0.764639
16 9 0.818656
16 10 0.528166
16 11 0.813767
16 12 0.668154
16 13 0.819630
16 14 0.956923
16 15 0.906032
16 16 0.910566
16 17 0.758922
16 18 0.879491
16 19 0.500004
16 20 0.859104
16 21 0.994923
16 22 0.585876
16 23 0.876177
16 24 0.702334
16 25 0.533132
16 26 0.969552
17 1 0.521383
17 2 0.956942
17 4 0.715080
17 5 0.733068
17 6 0.998398
17 7 0.564593
17 8 0.636186
17 9 0.759056
17 10 0.509910
17 11 0.768709
17 12 0.665253
17 13 0.747096
17 14 0.920411
17 15 0.828365
17 16 0.758922
17 17 0.809798
17 18 0.824597
17 19 0.500005
17 20 0.721723
17 21 0.991103
17 22 0.585167
17 23 0.840286
17 24 0.673292
17 25 0.527347
17 26 0.934292
18 1 0.546166
18 2 0.998744
18 3 0.927648
18 4 0.789103
18 5 0.830241
18 6 0.999638
18 7 0.648622
18 8 0.773506
18 9 0.845720
18 10 0.535224
18 11 0.847632
18 12 0.728252
18 13 0.834964
18 14 0.970147
18 15 0.910411
18 16 0.879491
18 17 0.824597
18 18 0.926435
18 19 0.500007
18 20 0.853070
18 21 0.998037
18 22 0.612209
18 23 0.950710
18 24 0.746025
18 25 0.559854
19 1 0.500001
19 2 0.500016
19 3 0.500009
19 4 0.500004
19 5 0.500004
19 6 0.500023
19 7 0.500001
19 8 0.500002
19 9 0.500005
19 10 0.500000
19 11 0.500006
19 12 0.500001
19 13 0.500004
19 14 0.500009
19 15 0.500004
19 16 0.500004
19 17 0.500005
19 18 0.500007
19 19 0.500000
19 20 0.500002
19 21 0.500008
19 22 0.500002
19 23 0.500010
19 24 0.500003
19 25 0.500001
19 26 0.500011
20 1 0.536285
20 2 0.996678
20 3 0.853732
20 4 0.715727
20 5 0.773246
20 6 0.992431
20 7 0.639827
20 8 0.715221
20 9 0.785180
20 10 0.526582
20 11 0.780573
20 12 0.658112
20 13 0.783252
20 14 0.940056
20 15 0.873254
20 16 0.859104
20 17 0.721723
20 18 0.853070
20 19 0.500002
20 20 0.852661
20 21 0.992122
20 22 0.566953
20 23 0.866640
20 24 0.695545
20 25 0.529812
20 26 0.952993
21 1 0.596793
21 2 1.000000
21 3 0.999009
21 4 0.970812
21 5 0.986972
21 6 1.000000
21 7 0.821218
21 8 0.956576
21 9 0.990414
21 10 0.574839
21 11 0.991601
21 12 0.952959
21 13 0.985764
21 14 0.999861
21 15 0.999232
21 16 0.994923
21 17 0.991103
21 18 0.998037
21 19 0.500008
21 20 0.992122
21 21 1.000000
21 22 0.788032
21 23 0.999871
21 24 0.952366
21 25 0.507292
21 26 0.999981
22 1 0.506499
22 2 0.756288
22 3 0.629019
22 5 0.577469
22 6 0.857277
22 7 0.524421
22 8 0.543130
22 9 0.585122
22 10 0.504514
22 11 0.590387
22 12 0.549745
22 13 0.579462
22 14 0.671878
22 15 0.603256
22 16 0.585876
22 17 0.585167
22 18 0.612209
22 19 0.500002
22 20 0.566953
22 21 0.788032
22 22 0.528726
22 23 0.648960
22 24 0.540663
22 25 0.504933
22 26 0.689951
23 1 0.545304
23 2 0.999671
23 3 0.961378
23 4 0.822078
23 5 0.850817
23 6 0.999628
23 7 0.679742
23 8 0.862660
23 9 0.856576
23 10 0.564244
23 11 0.872505
23 12 0.711249
23 13 0.829954
23 14 0.963681
23 15 0.886424
23 16 0.876177
23 17 0.840286
23 18 0.950710
23 19 0.500010
23 20 0.866640
23 21 0.999871
23 22 0.648960
23 23 0.998523
23 24 0.781540
23 25 0.481001
23 26 0.987675
24 1 0.522803
24 2 0.936900
24 3 0.759660
24 4 0.632826
24 5 0.670712
24 6 0.969071
24 7 0.567905
24 8 0.633174
24 9 0.681420
24 10 0.518101
24 11 0.679112
24 12 0.606854
24 13 0.672285
24 14 0.821405
24 15 0.776209
24 16 0.702334
24 17 0.673292
24 18 0.746025
24 19 0.500003
24 20 0.695545
24 21 0.952366
24 22 0.540663
24 23 0.781540
24 24 0.656593
24 25 0.522545
25 1 0.502020
25 2 0.513834
25 3 0.506188
25 4 0.515632
25 5 0.521590
25 6 0.763000
25 7 0.505522
25 8 0.527988
25 9 0.519574
25 10 0.501628
25 11 0.509187
25 12 0.565139
25 13 0.528217
25 14 0.558941
25 15 0.555576
25 16 0.533132
25 17 0.527347
25 18 0.559854
25 19 0.500001
25 20 0.529812
25 21 0.507292
25 22 0.504933
25 23 0.481001
25 24 0.522545
25 25 0.564023
26 2 0.999987
26 6 0.999999
26 7 0.735639
26 8 0.844360
26 10 0.550757
26 12 0.843227
26 15 0.987319
26 16 0.969552
26 17 0.934292
26 19 0.500011
26 20 0.952993
26 21 0.999981
26 22 0.689951
26 23 0.987675
26 26 0.999296
