1 26 0.600637
3 17 0.542496
3 26 0.608284
4 22 0.519975
4 26 0.558010
5 26 0.605660
9 26 0.597818
11 26 0.691590
13 26 0.605267
14 26 0.738097
17 3 0.542496
18 26 0.665895
22 4 0.519975
24 26 0.600607
25 26 0.604251
26 1 0.600637
26 3 0.608284
26 4 0.558010
26 5 0.605660
26 9 0.597818
26 11 0.691590
26 13 0.605267
26 14 0.738097
26 18 0.665895
26 24 0.600607
26 25 0.604251
1 1 0.536781
1 2 0.743315
1 3 0.538121
1 4 0.518171
1 5 0.539140
1 6 0.692443
1 7 0.507074
1 8 0.553059
1 9 0.536496
1 10 0.505603
1 11 0.563423
1 12 0.532153
1 13 0.537143
1 14 0.579061
1 15 0.581070
1 16 0.598482
1 17 0.525697
1 18 0.562444
1 19 0.500001
1 20 0.563002
1 21 0.686340
1 22 0.518171
1 23 0.586122
1 24 0.536275
1 25 0.534969
2 1 0.743315
2 2 1.000000
2 3 0.725553
2 4 0.530869
2 5 0.808182
2 6 0.856970
2 7 0.697884
2 8 0.904980
2 9 0.676548
2 10 0.619000
2 11 0.875559
2 12 0.674939
2 13 0.746206
2 14 0.333373
2 15 0.871989
2 16 0.899091
2 17 0.712682
2 18 0.942026
2 19 0.500013
2 20 0.987217
2 21 0.999928
2 22 0.530869
2 23 0.972703
2 24 0.745354
2 25 0.860189
2 26 0.952617
3 1 0.538121
3 2 0.725553
3 3 0.552816
3 4 0.518881
3 5 0.543406
3 6 0.708384
3 7 0.504559
3 8 0.569793
3 9 0.539781
3 10 0.512120
3 11 0.542085
3 12 0.541212
3 13 0.537604
3 14 0.587981
3 15 0.600670
3 16 0.605057
3 18 0.560693
3 19 0.500002
3 20 0.599706
3 21 0.677880
3 22 0.518881
3 23 0.607691
3 24 0.537546
3 25 0.531984
4 1 0.518171
4 2 0.530869
4 3 0.518881
4 4 0.519975
4 5 0.514935
4 6 0.698030
4 7 0.502174
4 8 0.532416
4 9 0.519259
4 10 0.505784
4 11 0.563187
4 12 0.521137
4 13 0.520023
4 14 0.588456
4 15 0.547435
4 16 0.566083
4 17 0.510158
4 18 0.517143
4 19 0.500001
4 20 0.550838
4 21 0.573896
4 23 0.571969
4 24 0.517554
4 25 0.515405
5 1 0.539140
5 2 0.808182
5 3 0.543406
5 4 0.514935
5 5 0.547684
5 6 0.656567
5 7 0.511409
5 8 0.563476
5 9 0.536943
5 10 0.508794
5 11 0.549976
5 12 0.537498
5 13 0.538419
5 14 0.551540
5 15 0.589092
5 16 0.591646
5 17 0.533427
5 18 0.574553
5 19 0.500002
5 20 0.577965
5 21 0.698926
5 22 0.514935
5 23 0.597080
5 24 0.539013
5 25 0.536787
6 1 0.692443
6 2 0.856970
6 3 0.708384
6 4 0.698030
6 5 0.656567
6 6 0.999998
6 7 0.485979
6 8 0.909371
6 9 0.723492
6 10 0.564125
6 11 0.944386
6 12 0.716100
6 13 0.703765
6 14 0.982356
6 15 0.892005
6 16 0.962072
6 17 0.629839
6 18 0.618658
6 19 0.500011
6 20 0.885278
6 21 0.987162
6 22 0.698030
6 23 0.979014
6 24 0.674845
6 25 0.660703
6 26 0.928507
7 1 0.507074
7 2 0.697884
7 3 0.504559
7 4 0.502174
7 5 0.511409
7 6 0.485979
7 7 0.518576
7 8 0.523773
7 9 0.500891
7 10 0.512416
7 11 0.526907
7 12 0.500409
7 13 0.508835
7 14 0.483527
7 15 0.516027
7 16 0.517254
7 17 0.506399
7 18 0.526949
7 19 0.500001
7 20 0.598329
7 21 0.591955
7 22 0.502174
7 23 0.554762
7 24 0.507879
7 25 0.524022
7 26 0.526554
8 1 0.553059
8 2 0.904980
8 3 0.569793
8 4 0.532416
8 5 0.563476
8 6 0.909371
8 7 0.523773
8 8 0.726282
8 9 0.553696
8 10 0.540103
8 11 0.617156
8 12 0.546394
8 13 0.554354
8 14 0.591170
8 15 0.631558
8 16 0.661709
8 17 0.565392
8 18 0.574477
8 19 0.500005
8 20 0.767084
8 21 0.801357
8 22 0.532416
8 23 0.792659
8 24 0.546486
8 25 0.552791
8 26 0.659240
9 1 0.536496
9 2 0.676548
9 3 0.539781
9 4 0.519259
9 5 0.536943
9 6 0.723492
9 7 0.500891
9 8 0.553696
9 9 0.539878
9 10 0.501485
9 11 0.557471
9 12 0.531088
9 13 0.535956
9 14 0.593622
9 15 0.581694
9 16 0.604348
9 17 0.525960
9 18 0.554026
9 19 0.500001
9 20 0.530680
9 21 0.664628
9 22 0.519259
9 23 0.575951
9 24 0.535066
9 25 0.525930
10 1 0.505603
10 2 0.619000
10 3 0.512120
10 4 0.505784
10 5 0.508794
10 6 0.564125
10 7 0.512416
10 8 0.540103
10 9 0.501485
10 10 0.525053
10 11 0.507683
10 12 0.508592
10 13 0.506947
10 14 0.511943
10 15 0.521386
10 16 0.524775
10 17 0.515233
10 18 0.511151
10 19 0.500002
10 20 0.639066
10 21 0.554492
10 22 0.505784
10 23 0.582576
10 24 0.504807
10 25 0.519534
10 26 0.528467
11 1 0.563423
11 2 0.875559
11 3 0.542085
11 4 0.563187
11 5 0.549976
11 6 0.944386
11 7 0.526907
11 8 0.617156
11 9 0.557471
11 10 0.507683
11 11 0.786772
11 12 0.560586
11 13 0.573403
11 14 0.727540
11 15 0.636041
11 16 0.698684
11 17 0.513887
11 18 0.587286
11 19 0.500000
11 20 0.673211
11 21 0.856274
11 22 0.563187
11 23 0.745925
11 24 0.563975
11 25 0.580967
12 1 0.532153
12 2 0.674939
12 3 0.541212
12 4 0.521137
12 5 0.537498
12 6 0.716100
12 7 0.500409
12 8 0.546394
12 9 0.531088
12 10 0.508592
12 11 0.560586
12 12 0.566568
12 13 0.534065
12 14 0.589393
12 15 0.607531
12 16 0.555585
12 17 0.529126
12 18 0.555558
12 19 0.500002
12 20 0.553963
12 21 0.601086
12 22 0.521137
12 23 0.574127
12 24 0.535989
12 25 0.516100
12 26 0.594016
13 1 0.537143
13 2 0.746206
13 3 0.537604
13 4 0.520023
13 5 0.538419
13 6 0.703765
13 7 0.508835
13 8 0.554354
13 9 0.535956
13 10 0.506947
13 11 0.573403
13 12 0.534065
13 13 0.539406
13 14 0.589697
13 15 0.586178
13 16 0.600376
13 17 0.524237
13 18 0.564468
13 19 0.500001
13 20 0.583599
13 21 0.692405
13 22 0.520023
13 23 0.593661
13 24 0.537790
13 25 0.539801
14 1 0.579061
14 2 0.333373
14 3 0.587981
14 4 0.588456
14 5 0.551540
14 6 0.982356
14 7 0.483527
14 8 0.591170
14 9 0.593622
14 10 0.511943
14 11 0.727540
14 12 0.589393
14 13 0.589697
14 14 0.880385
14 15 0.703632
14 16 0.787568
14 17 0.539475
14 18 0.553579
14 19 0.500002
14 20 0.640262
14 21 0.752963
14 22 0.588456
14 23 0.717061
14 24 0.577765
14 25 0.561678
15 1 0.581070
15 2 0.871989
15 3 0.600670
15 4 0.547435
15 5 0.589092
15 6 0.892005
15 7 0.516027
15 8 0.631558
15 9 0.581694
15 10 0.521386
15 11 0.636041
15 12 0.607531
15 13 0.586178
15 14 0.703632
15 15 0.738948
15 16 0.692785
15 17 0.572863
15 18 0.641561
15 19 0.500004
15 20 0.690096
15 21 0.816035
15 22 0.547435
15 23 0.685499
15 24 0.586969
15 25 0.559175
15 26 0.726236
16 1 0.598482
16 2 0.899091
16 3 0.605057
16 4 0.566083
16 5 0.591646
16 6 0.962072
16 7 0.517254
16 8 0.661709
16 9 0.604348
16 10 0.524775
16 11 0.698684
16 12 0.555585
16 13 0.600376
16 14 0.787568
16 15 0.692785
16 16 0.817562
16 17 0.570315
16 18 0.625382
16 19 0.500002
16 20 0.733707
16 21 0.916903
16 22 0.566083
16 23 0.776933
16 24 0.589919
16 25 0.616298
16 26 0.765312
17 1 0.525697
17 2 0.712682
17 4 0.510158
17 5 0.533427
17 6 0.629839
17 7 0.506399
17 8 0.565392
17 9 0.525960
17 10 0.515233
17 11 0.513887
17 12 0.529126
17 13 0.524237
17 14 0.539475
17 15 0.572863
17 16 0.570315
17 17 0.539635
17 18 0.543629
17 19 0.500002
17 20 0.608169
17 21 0.638205
17 22 0.510158
17 23 0.597684
17 24 0.524642
17 25 0.524211
17 26 0.575544
18 1 0.562444
18 2 0.942026
18 3 0.560693
18 4 0.517143
18 5 0.574553
18 6 0.618658
18 7 0.526949
18 8 0.574477
18 9 0.554026
18 10 0.511151
18 11 0.587286
18 12 0.555558
18 13 0.564468
18 14 0.553579
18 15 0.641561
18 16 0.625382
18 17 0.543629
18 18 0.643747
18 19 0.500002
18 20 0.618232
18 21 0.815171
18 22 0.517143
18 23 0.603812
18 24 0.566478
18 25 0.563768
19 1 0.500001
19 2 0.500013
19 3 0.500002
19 4 0.500001
19 5 0.500002
19 6 0.500011
19 7 0.500001
19 8 0.500005
19 9 0.500001
19 10 0.500002
19 11 0.500000
19 12 0.500002
19 13 0.500001
19 14 0.500002
19 15 0.500004
19 16 0.500002
19 17 0.500002
19 18 0.500002
19 19 0.500000
19 20 0.500005
19 21 0.500002
19 22 0.500001
19 23 0.500007
19 24 0.500001
19 25 0.499999
19 26 0.500004
20 1 0.563002
20 2 0.987217
20 3 0.599706
20 4 0.550838
20 5 0.577965
20 6 0.885278
20 7 0.598329
20 8 0.767084
20 9 0.530680
20 10 0.639066
20 11 0.673211
20 12 0.553963
20 13 0.583599
20 14 0.640262
20 15 0.690096
20 16 0.733707
20 17 0.608169
20 18 0.618232
20 19 0.500005
20 20 0.990583
20 21 0.947893
20 22 0.550838
20 23 0.939882
20 24 0.564017
20 25 0.732373
20 26 0.741556
21 1 0.686340
21 2 0.999928
21 3 0.677880
21 4 0.573896
21 5 0.698926
21 6 0.987162
21 7 0.591955
21 8 0.801357
21 9 0.664628
21 10 0.554492
21 11 0.856274
21 12 0.601086
21 13 0.692405
21 14 0.752963
21 15 0.816035
21 16 0.916903
21 17 0.638205
21 18 0.815171
21 19 0.500002
21 20 0.947893
21 21 0.998925
21 22 0.573896
21 23 0.931799
21 24 0.681313
21 25 0.802193
21 26 0.904525
22 1 0.518171
22 2 0.530869
22 3 0.518881
22 5 0.514935
22 6 0.698030
22 7 0.502174
22 8 0.532416
22 9 0.519259
22 10 0.505784
22 11 0.563187
22 12 0.521137
22 13 0.520023
22 14 0.588456
22 15 0.547435
22 16 0.566083
22 17 0.510158
22 18 0.517143
22 19 0.500001
22 20 0.550838
22 21 0.573896
22 22 0.519975
22 23 0.571969
22 24 0.517554
22 25 0.515405
22 26 0.558010
23 1 0.586122
23 2 0.972703
23 3 0.607691
23 4 0.571969
23 5 0.597080
23 6 0.979014
23 7 0.554762
23 8 0.792659
23 9 0.575951
23 10 0.582576
23 11 0.745925
23 12 0.574127
23 13 0.593661
23 14 0.717061
23 15 0.685499
23 16 0.776933
23 17 0.597684
23 18 0.603812
23 19 0.500007
23 20 0.939882
23 21 0.931799
23 22 0.571969
23 23 0.935009
23 24 0.577482
23 25 0.656758
23 26 0.760112
24 1 0.536275
24 2 0.745354
24 3 0.537546
24 4 0.517554
24 5 0.539013
24 6 0.674845
24 7 0.507879
24 8 0.546486
24 9 0.535066
24 10 0.504807
24 11 0.563975
24 12 0.535989
24 13 0.537790
24 14 0.577765
24 15 0.586969
24 16 0.589919
24 17 0.524642
24 18 0.566478
24 19 0.500001
24 20 0.564017
24 21 0.681313
24 22 0.517554
24 23 0.577482
24 24 0.537552
24 25 0.534675
25 1 0.534969
25 2 0.860189
25 3 0.531984
25 4 0.515405
25 5 0.536787
25 6 0.660703
25 7 0.524022
25 8 0.552791
25 9 0.525930
25 10 0.519534
25 11 0.580967
25 12 0.516100
25 13 0.539801
25 14 0.561678
25 15 0.559175
25 16 0.616298
25 17 0.524211
25 18 0.563768
25 19 0.499999
25 20 0.732373
25 21 0.802193
25 22 0.515405
25 23 0.656758
25 24 0.534675
25 25 0.606724
26 2 0.952617
26 6 0.928507
26 7 0.526554
26 8 0.659240
26 10 0.528467
26 12 0.594016
26 15 0.726236
26 16 0.765312
26 17 0.575544
26 19 0.500004
26 20 0.741556
26 21 0.904525
26 22 0.558010
26 23 0.760112
26 26 0.769050
