1 26 0.604718
3 17 0.754267
3 26 0.729422
4 22 0.535855
4 26 0.602664
5 26 0.560444
9 26 0.628519
11 26 0.638930
13 26 0.540080
14 26 0.686442
17 3 0.754267
18 26 0.693401
22 4 0.535855
24 26 0.621616
25 26 0.619728
26 1 0.604718
26 3 0.729422
26 4 0.602664
26 5 0.560444
26 9 0.628519
26 11 0.638930
26 13 0.540080
26 14 0.686442
26 18 0.693401
26 24 0.621616
26 25 0.619728
1 1 0.538416
1 2 0.725983
1 3 0.587091
1 4 0.537888
1 5 0.518866
1 6 0.567327
1 7 0.514075
1 8 0.572115
1 9 0.547787
1 10 0.499990
1 11 0.552410
1 12 0.501031
1 13 0.513146
1 14 0.568376
1 15 0.575115
1 16 0.559285
1 17 0.578997
1 18 0.569244
1 19 0.500002
1 20 0.605203
1 21 0.621234
1 22 0.531738
1 23 0.699528
1 24 0.545668
1 25 0.537387
2 1 0.725983
2 2 0.999964
2 3 0.832144
2 4 0.716830
2 5 0.721384
2 6 0.972083
2 7 0.585315
2 8 0.909574
2 9 0.772544
2 10 0.481507
2 11 0.766912
2 12 0.431294
2 13 0.621545
2 14 0.824781
2 15 0.968231
2 16 0.874409
2 17 0.801328
2 18 0.891988
2 19 0.500012
2 20 0.961086
2 21 0.994496
2 22 0.688032
2 23 0.991698
2 24 0.750678
2 25 0.755939
2 26 0.951710
3 1 0.587091
3 2 0.832144
3 3 0.759332
3 4 0.589723
3 5 0.529019
3 6 0.506462
3 7 0.536344
3 8 0.685524
3 9 0.608957
3 10 0.512088
3 11 0.628573
3 12 0.523651
3 13 0.535445
3 14 0.658556
3 15 0.600164
3 16 0.613811
3 18 0.645987
3 19 0.500004
3 20 0.756590
3 21 0.726184
3 22 0.594605
3 23 0.934006
3 24 0.608367
3 25 0.593965
4 1 0.537888
4 2 0.716830
4 3 0.589723
4 4 0.539133
4 5 0.520300
4 6 0.554509
4 7 0.515560
4 8 0.571824
4 9 0.547374
4 10 0.499845
4 11 0.554414
4 12 0.506659
4 13 0.515019
4 14 0.561523
4 15 0.574268
4 16 0.558361
4 17 0.581518
4 18 0.571797
4 19 0.500002
4 20 0.613709
4 21 0.598116
4 23 0.712902
4 24 0.546855
4 25 0.535624
5 1 0.518866
5 2 0.721384
5 3 0.529019
5 4 0.520300
5 5 0.594421
5 6 0.562269
5 7 0.518592
5 8 0.598896
5 9 0.532817
5 10 0.497285
5 11 0.527044
5 12 0.511175
5 13 0.507694
5 14 0.475706
5 15 0.647146
5 16 0.505396
5 17 0.525572
5 18 0.578431
5 19 0.500003
5 20 0.611045
5 21 0.661492
5 22 0.539537
5 23 0.684966
5 24 0.524812
5 25 0.532276
6 1 0.567327
6 2 0.972083
6 3 0.506462
6 4 0.554509
6 5 0.562269
6 6 0.966311
6 7 0.524845
6 8 0.551338
6 9 0.578954
6 10 0.449187
6 11 0.585623
6 12 0.421808
6 13 0.505143
6 14 0.655698
6 15 0.786851
6 16 0.588112
6 17 0.473996
6 18 0.611137
6 19 0.500003
6 20 0.329155
6 21 0.837967
6 22 0.493613
6 23 0.602433
6 24 0.565637
6 25 0.549555
6 26 0.689900
7 1 0.514075
7 2 0.585315
7 3 0.536344
7 4 0.515560
7 5 0.518592
7 6 0.524845
7 7 0.512821
7 8 0.527405
7 9 0.518452
7 10 0.499018
7 11 0.523041
7 12 0.511604
7 13 0.508224
7 14 0.514671
7 15 0.534336
7 16 0.502040
7 17 0.532659
7 18 0.532614
7 19 0.500001
7 20 0.540310
7 21 0.520492
7 22 0.522221
7 23 0.603323
7 24 0.519496
7 25 0.511779
7 26 0.537414
8 1 0.572115
8 2 0.909574
8 3 0.685524
8 4 0.571824
8 5 0.598896
8 6 0.551338
8 7 0.527405
8 8 0.764361
8 9 0.603185
8 10 0.501428
8 11 0.600396
8 12 0.499919
8 13 0.533217
8 14 0.595983
8 15 0.686462
8 16 0.611654
8 17 0.682719
8 18 0.651989
8 19 0.500004
8 20 0.796210
8 21 0.848104
8 22 0.587420
8 23 0.918569
8 24 0.586343
8 25 0.614922
8 26 0.714942
9 1 0.547787
9 2 0.772544
9 3 0.608957
9 4 0.547374
9 5 0.532817
9 6 0.578954
9 7 0.518452
9 8 0.603185
9 9 0.563504
9 10 0.495655
9 11 0.566266
9 12 0.499150
9 13 0.516216
9 14 0.579044
9 15 0.591897
9 16 0.566824
9 17 0.598820
9 18 0.585561
9 19 0.500002
9 20 0.626038
9 21 0.659765
9 22 0.544623
9 23 0.754507
9 24 0.558252
9 25 0.547279
10 1 0.499990
10 2 0.481507
10 3 0.512088
10 4 0.499845
10 5 0.497285
10 6 0.449187
10 7 0.499018
10 8 0.501428
10 9 0.495655
10 10 0.514463
10 11 0.495770
10 12 0.510702
10 13 0.499326
10 14 0.499898
10 15 0.513595
10 16 0.514159
10 17 0.516435
10 18 0.507557
10 19 0.500000
10 20 0.554404
10 21 0.507053
10 22 0.500377
10 23 0.511714
10 24 0.497829
10 25 0.503729
10 26 0.505620
11 1 0.552410
11 2 0.766912
11 3 0.628573
11 4 0.554414
11 5 0.527044
11 6 0.585623
11 7 0.523041
11 8 0.600396
11 9 0.566266
11 10 0.495770
11 11 0.581192
11 12 0.507735
11 13 0.520216
11 14 0.589027
11 15 0.584423
11 16 0.569315
11 17 0.616849
11 18 0.593968
11 19 0.500002
11 20 0.633417
11 21 0.625611
11 22 0.547629
11 23 0.791887
11 24 0.565619
11 25 0.552561
12 1 0.501031
12 2 0.431294
12 3 0.523651
12 4 0.506659
12 5 0.511175
12 6 0.421808
12 7 0.511604
12 8 0.499919
12 9 0.499150
12 10 0.510702
12 11 0.507735
12 12 0.557672
12 13 0.506129
12 14 0.463077
12 15 0.529241
12 16 0.487422
12 17 0.524545
12 18 0.521474
12 19 0.500001
12 20 0.551432
12 21 0.409662
12 22 0.508610
12 23 0.574295
12 24 0.506650
12 25 0.481095
12 26 0.494006
13 1 0.513146
13 2 0.621545
13 3 0.535445
13 4 0.515019
13 5 0.507694
13 6 0.505143
13 7 0.508224
13 8 0.533217
13 9 0.516216
13 10 0.499326
13 11 0.520216
13 12 0.506129
13 13 0.520890
13 14 0.518676
13 15 0.509313
13 16 0.515683
13 17 0.532642
13 18 0.532147
13 19 0.500001
13 20 0.574680
13 21 0.545833
13 22 0.524500
13 23 0.600876
13 24 0.519998
13 25 0.517877
14 1 0.568376
14 2 0.824781
14 3 0.658556
14 4 0.561523
14 5 0.475706
14 6 0.655698
14 7 0.514671
14 8 0.595983
14 9 0.579044
14 10 0.499898
14 11 0.589027
14 12 0.463077
14 13 0.518676
14 14 0.685894
14 15 0.533715
14 16 0.607911
14 17 0.646406
14 18 0.582542
14 19 0.500001
14 20 0.620546
14 21 0.717074
14 22 0.539137
14 23 0.767611
14 24 0.575453
14 25 0.579690
15 1 0.575115
15 2 0.968231
15 3 0.600164
15 4 0.574268
15 5 0.647146
15 6 0.786851
15 7 0.534336
15 8 0.686462
15 9 0.591897
15 10 0.513595
15 11 0.584423
15 12 0.529241
15 13 0.509313
15 14 0.533715
15 15 0.897750
15 16 0.670975
15 17 0.589416
15 18 0.713401
15 19 0.500006
15 20 0.768404
15 21 0.843255
15 22 0.542618
15 23 0.837384
15 24 0.576779
15 25 0.558989
15 26 0.720829
16 1 0.559285
16 2 0.874409
16 3 0.613811
16 4 0.558361
16 5 0.505396
16 6 0.588112
16 7 0.502040
16 8 0.611654
16 9 0.566824
16 10 0.514159
16 11 0.569315
16 12 0.487422
16 13 0.515683
16 14 0.607911
16 15 0.670975
16 16 0.690406
16 17 0.604982
16 18 0.608308
16 19 0.500003
16 20 0.733075
16 21 0.712872
16 22 0.527573
16 23 0.739534
16 24 0.562837
16 25 0.557578
16 26 0.668647
17 1 0.578997
17 2 0.801328
17 4 0.581518
17 5 0.525572
17 6 0.473996
17 7 0.532659
17 8 0.682719
17 9 0.598820
17 10 0.516435
17 11 0.616849
17 12 0.524545
17 13 0.532642
17 14 0.646406
17 15 0.589416
17 16 0.604982
17 17 0.753167
17 18 0.633122
17 19 0.500004
17 20 0.752452
17 21 0.721416
17 22 0.589718
17 23 0.929304
17 24 0.598029
17 25 0.590368
17 26 0.715105
18 1 0.569244
18 2 0.891988
18 3 0.645987
18 4 0.571797
18 5 0.578431
18 6 0.611137
18 7 0.532614
18 8 0.651989
18 9 0.585561
18 10 0.507557
18 11 0.593968
18 12 0.521474
18 13 0.532147
18 14 0.582542
18 15 0.713401
18 16 0.608308
18 17 0.633122
18 18 0.665044
18 19 0.500004
18 20 0.761002
18 21 0.735372
18 22 0.569278
18 23 0.849865
18 24 0.583898
18 25 0.575330
19 1 0.500002
19 2 0.500012
19 3 0.500004
19 4 0.500002
19 5 0.500003
19 6 0.500003
19 7 0.500001
19 8 0.500004
19 9 0.500002
19 10 0.500000
19 11 0.500002
19 12 0.500001
19 13 0.500001
19 14 0.500001
19 15 0.500006
19 16 0.500003
19 17 0.500004
19 18 0.500004
19 19 0.500000
19 20 0.500007
19 21 0.500004
19 22 0.500003
19 23 0.500014
19 24 0.500002
19 25 0.500002
19 26 0.500005
20 1 0.605203
20 2 0.961086
20 3 0.756590
20 4 0.613709
20 5 0.611045
20 6 0.329155
20 7 0.540310
20 8 0.796210
20 9 0.626038
20 10 0.554404
20 11 0.633417
20 12 0.551432
20 13 0.574680
20 14 0.620546
20 15 0.768404
20 16 0.733075
20 17 0.752452
20 18 0.761002
20 19 0.500007
20 20 0.963517
20 21 0.844157
20 22 0.646079
20 23 0.959747
20 24 0.628355
20 25 0.661772
20 26 0.798064
21 1 0.621234
21 2 0.994496
21 3 0.726184
21 4 0.598116
21 5 0.661492
21 6 0.837967
21 7 0.520492
21 8 0.848104
21 9 0.659765
21 10 0.507053
21 11 0.625611
21 12 0.409662
21 13 0.545833
21 14 0.717074
21 15 0.843255
21 16 0.712872
21 17 0.721416
21 18 0.735372
21 19 0.500004
21 20 0.844157
21 21 0.990746
21 22 0.585295
21 23 0.947202
21 24 0.623050
21 25 0.698986
21 26 0.837568
22 1 0.531738
22 2 0.688032
22 3 0.594605
22 5 0.539537
22 6 0.493613
22 7 0.522221
22 8 0.587420
22 9 0.544623
22 10 0.500377
22 11 0.547629
22 12 0.508610
22 13 0.524500
22 14 0.539137
22 15 0.542618
22 16 0.527573
22 17 0.589718
22 18 0.569278
22 19 0.500003
22 20 0.646079
22 21 0.585295
22 22 0.574121
22 23 0.753917
22 24 0.546360
22 25 0.539794
22 26 0.589354
23 1 0.699528
23 2 0.991698
23 3 0.934006
23 4 0.712902
23 5 0.684966
23 6 0.602433
23 7 0.603323
23 8 0.918569
23 9 0.754507
23 10 0.511714
23 11 0.791887
23 12 0.574295
23 13 0.600876
23 14 0.767611
23 15 0.837384
23 16 0.739534
23 17 0.929304
23 18 0.849865
23 19 0.500014
23 20 0.959747
23 21 0.947202
23 22 0.753917
23 23 0.999345
23 24 0.750159
23 25 0.739336
23 26 0.921524
24 1 0.545668
24 2 0.750678
24 3 0.608367
24 4 0.546855
24 5 0.524812
24 6 0.565637
24 7 0.519496
24 8 0.586343
24 9 0.558252
24 10 0.497829
24 11 0.565619
24 12 0.506650
24 13 0.519998
24 14 0.575453
24 15 0.576779
24 16 0.562837
24 17 0.598029
24 18 0.583898
24 19 0.500002
24 20 0.628355
24 21 0.623050
24 22 0.546360
24 23 0.750159
24 24 0.557560
24 25 0.542767
25 1 0.537387
25 2 0.755939
25 3 0.593965
25 4 0.535624
25 5 0.532276
25 6 0.549555
25 7 0.511779
25 8 0.614922
25 9 0.547279
25 10 0.503729
25 11 0.552561
25 12 0.481095
25 13 0.517877
25 14 0.579690
25 15 0.558989
25 16 0.557578
25 17 0.590368
25 18 0.575330
25 19 0.500002
25 20 0.661772
25 21 0.698986
25 22 0.539794
25 23 0.739336
25 24 0.542767
25 25 0.572801
26 2 0.951710
26 6 0.689900
26 7 0.537414
26 8 0.714942
26 10 0.505620
26 12 0.494006
26 15 0.720829
26 16 0.668647
26 17 0.715105
26 19 0.500005
26 20 0.798064
26 21 0.837568
26 22 0.589354
26 23 0.921524
26 26 0.776934
