1 26 0.559634
3 17 0.803593
3 26 0.746037
4 22 0.549782
4 26 0.634760
5 26 0.672157
9 26 0.703194
11 26 0.680863
13 26 0.683310
14 26 0.999680
17 3 0.803593
18 26 0.794246
22 4 0.549782
24 26 0.669353
25 26 0.669097
26 1 0.559634
26 3 0.746037
26 4 0.634760
26 5 0.672157
26 9 0.703194
26 11 0.680863
26 13 0.683310
26 14 0.999680
26 18 0.794246
26 24 0.669353
26 25 0.669097
1 1 0.510073
1 2 0.656877
1 3 0.527618
1 4 0.518729
1 5 0.523084
1 6 0.706293
1 7 0.517573
1 8 0.515508
1 9 0.529091
1 10 0.511649
1 11 0.525365
1 12 0.516341
1 13 0.524448
1 14 0.734641
1 15 0.573058
1 16 0.548832
1 17 0.527618
1 18 0.537632
1 19 0.500001
1 20 0.532117
1 21 0.556382
1 22 0.522081
1 23 0.479967
1 24 0.523087
1 25 0.523387
2 1 0.656877
2 2 1.000000
2 3 0.916151
2 4 0.765429
2 5 0.866859
2 6 1.000000
2 7 0.795225
2 8 0.872979
2 9 0.907901
2 10 0.743333
2 11 0.835765
2 12 0.787727
2 13 0.895373
2 14 1.000000
2 15 0.995191
2 16 0.980606
2 17 0.916151
2 18 0.968707
2 19 0.500023
2 20 0.746743
2 21 0.991285
2 22 0.644154
2 23 0.151786
2 24 0.840539
2 25 0.851835
2 26 0.992160
3 1 0.527618
3 2 0.916151
3 3 0.803593
3 4 0.579807
3 5 0.603033
3 6 0.901156
3 7 0.588843
3 8 0.661394
3 9 0.625045
3 10 0.546351
3 11 0.624586
3 12 0.532527
3 13 0.614774
3 14 0.984517
3 15 0.778805
3 16 0.728215
3 18 0.661879
3 19 0.500003
3 20 0.612287
3 21 0.837561
3 22 0.517452
3 23 0.867312
3 24 0.600484
3 25 0.598226
4 1 0.518729
4 2 0.765429
4 3 0.579807
4 4 0.546354
4 5 0.553205
4 6 0.846620
4 7 0.536803
4 8 0.555584
4 9 0.564411
4 10 0.525277
4 11 0.564089
4 12 0.530096
4 13 0.556211
4 14 0.880094
4 15 0.648902
4 16 0.614051
4 17 0.579807
4 18 0.599031
4 19 0.500002
4 20 0.585754
4 21 0.656181
4 23 0.565643
4 24 0.553850
4 25 0.554640
5 1 0.523084
5 2 0.866859
5 3 0.603033
5 4 0.553205
5 5 0.572581
5 6 0.905156
5 7 0.551096
5 8 0.581803
5 9 0.584203
5 10 0.535685
5 11 0.572543
5 12 0.536106
5 13 0.575843
5 14 0.952193
5 15 0.670839
5 16 0.633774
5 17 0.603033
5 18 0.634096
5 19 0.500003
5 20 0.591689
5 21 0.651659
5 22 0.551329
5 23 0.547694
5 24 0.569600
5 25 0.569470
6 1 0.706293
6 2 1.000000
6 3 0.901156
6 4 0.846620
6 5 0.905156
6 6 1.000000
6 7 0.871479
6 8 0.909545
6 9 0.943285
6 10 0.758419
6 11 0.911455
6 12 0.886475
6 13 0.913476
6 14 1.000000
6 15 0.998716
6 16 0.991924
6 17 0.901156
6 18 0.977975
6 19 0.500023
6 20 0.931711
6 21 0.987156
6 22 0.961842
6 23 0.096860
6 24 0.917723
6 25 0.902082
6 26 0.996952
7 1 0.517573
7 2 0.795225
7 3 0.588843
7 4 0.536803
7 5 0.551096
7 6 0.871479
7 7 0.551297
7 8 0.564718
7 9 0.562694
7 10 0.528315
7 11 0.557840
7 12 0.535117
7 13 0.553896
7 14 0.901720
7 15 0.629304
7 16 0.584368
7 17 0.588843
7 18 0.578753
7 19 0.500002
7 20 0.549746
7 21 0.574632
7 22 0.550725
7 23 0.534032
7 24 0.551813
7 25 0.548751
7 26 0.626911
8 1 0.515508
8 2 0.872979
8 3 0.661394
8 4 0.555584
8 5 0.581803
8 6 0.909545
8 7 0.564718
8 8 0.699831
8 9 0.591587
8 10 0.542858
8 11 0.575909
8 12 0.541426
8 13 0.581649
8 14 0.985504
8 15 0.666715
8 16 0.691077
8 17 0.661394
8 18 0.684914
8 19 0.500006
8 20 0.609696
8 21 0.741776
8 22 0.558855
8 23 0.815990
8 24 0.583061
8 25 0.570769
8 26 0.699830
9 1 0.529091
9 2 0.907901
9 3 0.625045
9 4 0.564411
9 5 0.584203
9 6 0.943285
9 7 0.562694
9 8 0.591587
9 9 0.601251
9 10 0.542305
9 11 0.589007
9 12 0.547177
9 13 0.589584
9 14 0.976236
9 15 0.712517
9 16 0.663867
9 17 0.625045
9 18 0.650163
9 19 0.500003
9 20 0.604842
9 21 0.691756
9 22 0.564257
9 23 0.549905
9 24 0.582742
9 25 0.582335
10 1 0.511649
10 2 0.743333
10 3 0.546351
10 4 0.525277
10 5 0.535685
10 6 0.758419
10 7 0.528315
10 8 0.542858
10 9 0.542305
10 10 0.522757
10 11 0.536372
10 12 0.517559
10 13 0.538739
10 14 0.840199
10 15 0.579384
10 16 0.565175
10 17 0.546351
10 18 0.566993
10 19 0.500002
10 20 0.527317
10 21 0.556809
10 22 0.530607
10 23 0.511312
10 24 0.534157
10 25 0.534765
10 26 0.588979
11 1 0.525365
11 2 0.835765
11 3 0.624586
11 4 0.564089
11 5 0.572543
11 6 0.911455
11 7 0.557840
11 8 0.575909
11 9 0.589007
11 10 0.536372
11 11 0.597133
11 12 0.545031
11 13 0.578660
11 14 0.932992
11 15 0.695376
11 16 0.639343
11 17 0.624586
11 18 0.626241
11 19 0.500003
11 20 0.604785
11 21 0.700010
11 22 0.572424
11 23 0.604633
11 24 0.572897
11 25 0.575640
12 1 0.516341
12 2 0.787727
12 3 0.532527
12 4 0.530096
12 5 0.536106
12 6 0.886475
12 7 0.535117
12 8 0.541426
12 9 0.547177
12 10 0.517559
12 11 0.545031
12 12 0.561706
12 13 0.539641
12 14 0.917571
12 15 0.652387
12 16 0.598978
12 17 0.532527
12 18 0.555886
12 19 0.500002
12 20 0.554695
12 21 0.671883
12 22 0.562774
12 23 0.457207
12 24 0.537245
12 25 0.536875
12 26 0.599557
13 1 0.524448
13 2 0.895373
13 3 0.614774
13 4 0.556211
13 5 0.575843
13 6 0.913476
13 7 0.553896
13 8 0.581649
13 9 0.589584
13 10 0.538739
13 11 0.578660
13 12 0.539641
13 13 0.582946
13 14 0.966864
13 15 0.687192
13 16 0.646699
13 17 0.614774
13 18 0.638113
13 19 0.500003
13 20 0.586936
13 21 0.681353
13 22 0.548386
13 23 0.550289
13 24 0.571966
13 25 0.574445
14 1 0.734641
14 2 1.000000
14 3 0.984517
14 4 0.880094
14 5 0.952193
14 6 1.000000
14 7 0.901720
14 8 0.985504
14 9 0.976236
14 10 0.840199
14 11 0.932992
14 12 0.917571
14 13 0.966864
14 14 1.000000
14 15 0.999933
14 16 0.999605
14 17 0.984517
14 18 0.997142
14 19 0.500044
14 20 0.930365
14 21 0.999984
14 22 0.809107
14 23 0.648504
14 24 0.941488
14 25 0.942430
15 1 0.573058
15 2 0.995191
15 3 0.778805
15 4 0.648902
15 5 0.670839
15 6 0.998716
15 7 0.629304
15 8 0.666715
15 9 0.712517
15 10 0.579384
15 11 0.695376
15 12 0.652387
15 13 0.687192
15 14 0.999933
15 15 0.955216
15 16 0.896697
15 17 0.778805
15 18 0.754616
15 19 0.500008
15 20 0.758011
15 21 0.971993
15 22 0.619083
15 23 0.655415
15 24 0.669903
15 25 0.674238
15 26 0.877973
16 1 0.548832
16 2 0.980606
16 3 0.728215
16 4 0.614051
16 5 0.633774
16 6 0.991924
16 7 0.584368
16 8 0.691077
16 9 0.663867
16 10 0.565175
16 11 0.639343
16 12 0.598978
16 13 0.646699
16 14 0.999605
16 15 0.896697
16 16 0.881211
16 17 0.728215
16 18 0.750015
16 19 0.500008
16 20 0.696718
16 21 0.951537
16 22 0.619325
16 23 0.801737
16 24 0.637330
16 25 0.635521
16 26 0.825278
17 1 0.527618
17 2 0.916151
17 4 0.579807
17 5 0.603033
17 6 0.901156
17 7 0.588843
17 8 0.661394
17 9 0.625045
17 10 0.546351
17 11 0.624586
17 12 0.532527
17 13 0.614774
17 14 0.984517
17 15 0.778805
17 16 0.728215
17 17 0.803593
17 18 0.661879
17 19 0.500003
17 20 0.612287
17 21 0.837561
17 22 0.517452
17 23 0.867312
17 24 0.600484
17 25 0.598226
17 26 0.746037
18 1 0.537632
18 2 0.968707
18 3 0.661879
18 4 0.599031
18 5 0.634096
18 6 0.977975
18 7 0.578753
18 8 0.684914
18 9 0.650163
18 10 0.566993
18 11 0.626241
18 12 0.555886
18 13 0.638113
18 14 0.997142
18 15 0.754616
18 16 0.750015
18 17 0.661879
18 18 0.776231
18 19 0.500007
18 20 0.688373
18 21 0.781167
18 22 0.597427
18 23 0.672153
18 24 0.627968
18 25 0.627365
19 1 0.500001
19 2 0.500023
19 3 0.500003
19 4 0.500002
19 5 0.500003
19 6 0.500023
19 7 0.500002
19 8 0.500006
19 9 0.500003
19 10 0.500002
19 11 0.500003
19 12 0.500002
19 13 0.500003
19 14 0.500044
19 15 0.500008
19 16 0.500008
19 17 0.500003
19 18 0.500007
19 19 0.500000
19 20 0.500004
19 21 0.500010
19 22 0.500001
19 23 0.500006
19 24 0.500003
19 25 0.500003
19 26 0.500008
20 1 0.532117
20 2 0.746743
20 3 0.612287
20 4 0.585754
20 5 0.591689
20 6 0.931711
20 7 0.549746
20 8 0.609696
20 9 0.604842
20 10 0.527317
20 11 0.604785
20 12 0.554695
20 13 0.586936
20 14 0.930365
20 15 0.758011
20 16 0.696718
20 17 0.612287
20 18 0.688373
20 19 0.500004
20 20 0.763805
20 21 0.804559
20 22 0.576386
20 23 0.656233
20 24 0.593655
20 25 0.592531
20 26 0.718798
21 1 0.556382
21 2 0.991285
21 3 0.837561
21 4 0.656181
21 5 0.651659
21 6 0.987156
21 7 0.574632
21 8 0.741776
21 9 0.691756
21 10 0.556809
21 11 0.700010
21 12 0.671883
21 13 0.681353
21 14 0.999984
21 15 0.971993
21 16 0.951537
21 17 0.837561
21 18 0.781167
21 19 0.500010
21 20 0.804559
21 21 0.999106
21 22 0.556576
21 23 0.961224
21 24 0.643314
21 25 0.665672
21 26 0.872039
22 1 0.522081
22 2 0.644154
22 3 0.517452
22 5 0.551329
22 6 0.961842
22 7 0.550725
22 8 0.558855
22 9 0.564257
22 10 0.530607
22 11 0.572424
22 12 0.562774
22 13 0.548386
22 14 0.809107
22 15 0.619083
22 16 0.619325
22 17 0.517452
22 18 0.597427
22 19 0.500001
22 20 0.576386
22 21 0.556576
22 22 0.688987
22 23 0.481806
22 24 0.565594
22 25 0.557535
22 26 0.629428
23 1 0.479967
23 2 0.151786
23 3 0.867312
23 4 0.565643
23 5 0.547694
23 6 0.096860
23 7 0.534032
23 8 0.815990
23 9 0.549905
23 10 0.511312
23 11 0.604633
23 12 0.457207
23 13 0.550289
23 14 0.648504
23 15 0.655415
23 16 0.801737
23 17 0.867312
23 18 0.672153
23 19 0.500006
23 20 0.656233
23 21 0.961224
23 22 0.481806
23 23 0.998923
23 24 0.563296
23 25 0.545919
23 26 0.665333
24 1 0.523087
24 2 0.840539
24 3 0.600484
24 4 0.553850
24 5 0.569600
24 6 0.917723
24 7 0.551813
24 8 0.583061
24 9 0.582742
24 10 0.534157
24 11 0.572897
24 12 0.537245
24 13 0.571966
24 14 0.941488
24 15 0.669903
24 16 0.637330
24 17 0.600484
24 18 0.627968
24 19 0.500003
24 20 0.593655
24 21 0.643314
24 22 0.565594
24 23 0.563296
24 24 0.570902
24 25 0.567740
25 1 0.523387
25 2 0.851835
25 3 0.598226
25 4 0.554640
25 5 0.569470
25 6 0.902082
25 7 0.548751
25 8 0.570769
25 9 0.582335
25 10 0.534765
25 11 0.575640
25 12 0.536875
25 13 0.574445
25 14 0.942430
25 15 0.674238
25 16 0.635521
25 17 0.598226
25 18 0.627365
25 19 0.500003
25 20 0.592531
25 21 0.665672
25 22 0.557535
25 23 0.545919
25 24 0.567740
25 25 0.569539
26 2 0.992160
26 6 0.996952
26 7 0.626911
26 8 0.699830
26 10 0.588979
26 12 0.599557
26 15 0.877973
26 16 0.825278
26 17 0.746037
26 19 0.500008
26 20 0.718798
26 21 0.872039
26 22 0.629428
26 23 0.665333
26 26 0.864183
