1 26 0.529713
3 17 0.902147
3 26 0.972907
4 22 0.609534
4 26 0.894844
5 26 0.899988
9 26 0.898833
11 26 0.962109
13 26 0.814033
14 26 0.997282
17 3 0.902147
18 26 0.937762
22 4 0.609534
24 26 0.894362
25 26 0.774453
26 1 0.529713
26 3 0.972907
26 4 0.894844
26 5 0.899988
26 9 0.898833
26 11 0.962109
26 13 0.814033
26 14 0.997282
26 18 0.937762
26 24 0.894362
26 25 0.774453
1 1 0.503873
1 2 0.559701
1 3 0.522285
1 4 0.509090
1 5 0.511084
1 6 0.567323
1 7 0.504319
1 8 0.516468
1 9 0.510810
1 10 0.504788
1 11 0.516394
1 12 0.506609
1 13 0.507343
1 14 0.523526
1 15 0.534203
1 16 0.539931
1 17 0.520174
1 18 0.518238
1 19 0.500000
1 20 0.552261
1 21 0.578467
1 22 0.504008
1 23 0.540939
1 24 0.513044
1 25 0.507147
2 1 0.559701
2 2 0.999968
2 3 0.988403
2 4 0.909549
2 5 0.921541
2 6 0.999999
2 7 0.623405
2 8 0.948280
2 9 0.917769
2 10 0.677633
2 11 0.941677
2 12 0.736546
2 13 0.817063
2 14 0.996954
2 15 0.938862
2 16 0.985063
2 17 0.978092
2 18 0.956986
2 19 0.500011
2 20 0.998310
2 21 0.999994
2 22 0.765172
2 23 0.999817
2 24 0.916160
2 25 0.762325
2 26 0.997390
3 1 0.522285
3 2 0.988403
3 3 0.936454
3 4 0.814314
3 5 0.817764
3 6 0.999924
3 7 0.573176
3 8 0.828415
3 9 0.813953
3 10 0.573258
3 11 0.888710
3 12 0.632204
3 13 0.728406
3 14 0.979281
3 15 0.719600
3 16 0.888298
3 18 0.862030
3 19 0.500005
3 20 0.939112
3 21 0.997493
3 22 0.676309
3 23 0.991581
3 24 0.810718
3 25 0.646611
4 1 0.509090
4 2 0.909549
4 3 0.814314
4 4 0.709407
4 5 0.709960
4 6 0.997482
4 7 0.540403
4 8 0.680868
4 9 0.708614
4 10 0.534593
4 11 0.783832
4 12 0.570500
4 13 0.644800
4 14 0.918586
4 15 0.626062
4 16 0.753680
4 17 0.761839
4 18 0.743652
4 19 0.500002
4 20 0.809895
4 21 0.964491
4 23 0.925175
4 24 0.702401
4 25 0.609654
5 1 0.511084
5 2 0.921541
5 3 0.817764
5 4 0.709960
5 5 0.718873
5 6 0.997127
5 7 0.544775
5 8 0.675837
5 9 0.716906
5 10 0.537903
5 11 0.790499
5 12 0.567112
5 13 0.653376
5 14 0.922305
5 15 0.643581
5 16 0.750780
5 17 0.763906
5 18 0.746027
5 19 0.500003
5 20 0.806986
5 21 0.971689
5 22 0.606332
5 23 0.919069
5 24 0.708392
5 25 0.625126
6 1 0.567323
6 2 0.999999
6 3 0.999924
6 4 0.997482
6 5 0.997127
6 6 1.000000
6 7 0.722000
6 8 0.988706
6 9 0.997108
6 10 0.665502
6 11 0.999910
6 12 0.833748
6 13 0.981954
6 14 1.000000
6 15 0.974518
6 16 0.999680
6 17 0.999315
6 18 0.999162
6 19 0.500009
6 20 0.999924
6 21 1.000000
6 22 0.952411
6 23 1.000000
6 24 0.996656
6 25 0.963278
6 26 0.999999
7 1 0.504319
7 2 0.623405
7 3 0.573176
7 4 0.540403
7 5 0.544775
7 6 0.722000
7 7 0.514776
7 8 0.540238
7 9 0.543167
7 10 0.509234
7 11 0.558211
7 12 0.518460
7 13 0.534107
7 14 0.606780
7 15 0.549950
7 16 0.571568
7 17 0.559858
7 18 0.553997
7 19 0.500001
7 20 0.599229
7 21 0.698778
7 22 0.519458
7 23 0.601357
7 24 0.544894
7 25 0.522717
7 26 0.604231
8 1 0.516468
8 2 0.948280
8 3 0.828415
8 4 0.680868
8 5 0.675837
8 6 0.988706
8 7 0.540238
8 8 0.820030
8 9 0.679197
8 10 0.553876
8 11 0.724132
8 12 0.604312
8 13 0.576780
8 14 0.840223
8 15 0.657648
8 16 0.851875
8 17 0.799175
8 18 0.780137
8 19 0.500002
8 20 0.918158
8 21 0.968352
8 22 0.594098
8 23 0.979297
8 24 0.691854
8 25 0.515892
8 26 0.871146
9 1 0.510810
9 2 0.917769
9 3 0.813953
9 4 0.708614
9 5 0.716906
9 6 0.997108
9 7 0.543167
9 8 0.679197
9 9 0.718060
9 10 0.537126
9 11 0.789939
9 12 0.565675
9 13 0.642621
9 14 0.920531
9 15 0.641835
9 16 0.761489
9 17 0.758608
9 18 0.747951
9 19 0.500003
9 20 0.803180
9 21 0.969542
9 22 0.604880
9 23 0.924182
9 24 0.707207
9 25 0.620719
10 1 0.504788
10 2 0.677633
10 3 0.573258
10 4 0.534593
10 5 0.537903
10 6 0.665502
10 7 0.509234
10 8 0.553876
10 9 0.537126
10 10 0.519485
10 11 0.537136
10 12 0.523427
10 13 0.517208
10 14 0.584080
10 15 0.552130
10 16 0.570031
10 17 0.566330
10 18 0.545234
10 19 0.500001
10 20 0.619931
10 21 0.693351
10 22 0.518777
10 23 0.655164
10 24 0.535820
10 25 0.517557
10 26 0.591145
11 1 0.516394
11 2 0.941677
11 3 0.888710
11 4 0.783832
11 5 0.790499
11 6 0.999910
11 7 0.558211
11 8 0.724132
11 9 0.789939
11 10 0.537136
11 11 0.931620
11 12 0.561503
11 13 0.740634
11 14 0.979394
11 15 0.639795
11 16 0.810486
11 17 0.824733
11 18 0.838925
11 19 0.500003
11 20 0.849046
11 21 0.989087
11 22 0.641486
11 23 0.963693
11 24 0.785247
11 25 0.723576
12 1 0.506609
12 2 0.736546
12 3 0.632204
12 4 0.570500
12 5 0.567112
12 6 0.833748
12 7 0.518460
12 8 0.604312
12 9 0.565675
12 10 0.523427
12 11 0.561503
12 12 0.551115
12 13 0.533819
12 14 0.653657
12 15 0.585946
12 16 0.639085
12 17 0.617645
12 18 0.592118
12 19 0.500001
12 20 0.709164
12 21 0.793764
12 22 0.540868
12 23 0.759017
12 24 0.569503
12 25 0.508023
12 26 0.664669
13 1 0.507343
13 2 0.817063
13 3 0.728406
13 4 0.644800
13 5 0.653376
13 6 0.981954
13 7 0.534107
13 8 0.576780
13 9 0.642621
13 10 0.517208
13 11 0.740634
13 12 0.533819
13 13 0.668061
13 14 0.859477
13 15 0.561656
13 16 0.598190
13 17 0.681558
13 18 0.657102
13 19 0.500002
13 20 0.670637
13 21 0.918985
13 22 0.570265
13 23 0.760726
13 24 0.643625
13 25 0.620048
14 1 0.523526
14 2 0.996954
14 3 0.979281
14 4 0.918586
14 5 0.922305
14 6 1.000000
14 7 0.606780
14 8 0.840223
14 9 0.920531
14 10 0.584080
14 11 0.979394
14 12 0.653657
14 13 0.859477
14 14 0.999097
14 15 0.792198
14 16 0.937010
14 17 0.948987
14 18 0.944623
14 19 0.500007
14 20 0.969774
14 21 0.999854
14 22 0.762943
14 23 0.997907
14 24 0.911956
14 25 0.830758
15 1 0.534203
15 2 0.938862
15 3 0.719600
15 4 0.626062
15 5 0.643581
15 6 0.974518
15 7 0.549950
15 8 0.657648
15 9 0.641835
15 10 0.552130
15 11 0.639795
15 12 0.585946
15 13 0.561656
15 14 0.792198
15 15 0.857083
15 16 0.863669
15 17 0.683064
15 18 0.725978
15 19 0.500005
15 20 0.940570
15 21 0.979343
15 22 0.560890
15 23 0.850958
15 24 0.659019
15 25 0.607947
15 26 0.824859
16 1 0.539931
16 2 0.985063
16 3 0.888298
16 4 0.753680
16 5 0.750780
16 6 0.999680
16 7 0.571568
16 8 0.851875
16 9 0.761489
16 10 0.570031
16 11 0.810486
16 12 0.639085
16 13 0.598190
16 14 0.937010
16 15 0.863669
16 16 0.968434
16 17 0.849739
16 18 0.864530
16 19 0.500004
16 20 0.983869
16 21 0.996060
16 22 0.637091
16 23 0.992177
16 24 0.777450
16 25 0.592622
16 26 0.951445
17 1 0.520174
17 2 0.978092
17 4 0.761839
17 5 0.763906
17 6 0.999315
17 7 0.559858
17 8 0.799175
17 9 0.758608
17 10 0.566330
17 11 0.824733
17 12 0.617645
17 13 0.681558
17 14 0.948987
17 15 0.683064
17 16 0.849739
17 17 0.868944
17 18 0.806766
17 19 0.500004
17 20 0.910935
17 21 0.992587
17 22 0.644565
17 23 0.982623
17 24 0.758060
17 25 0.592397
17 26 0.942933
18 1 0.518238
18 2 0.956986
18 3 0.862030
18 4 0.743652
18 5 0.746027
18 6 0.999162
18 7 0.553997
18 8 0.780137
18 9 0.747951
18 10 0.545234
18 11 0.838925
18 12 0.592118
18 13 0.657102
18 14 0.944623
18 15 0.725978
18 16 0.864530
18 17 0.806766
18 18 0.840771
18 19 0.500003
18 20 0.930416
18 21 0.988534
18 22 0.619986
18 23 0.973462
18 24 0.754912
18 25 0.643012
19 1 0.500000
19 2 0.500011
19 3 0.500005
19 4 0.500002
19 5 0.500003
19 6 0.500009
19 7 0.500001
19 8 0.500002
19 9 0.500003
19 10 0.500001
19 11 0.500003
19 12 0.500001
19 13 0.500002
19 14 0.500007
19 15 0.500005
19 16 0.500004
19 17 0.500004
19 18 0.500003
19 19 0.500000
19 20 0.500007
19 21 0.500015
19 22 0.500001
19 23 0.500006
19 24 0.500003
19 25 0.500003
19 26 0.500006
20 1 0.552261
20 2 0.998310
20 3 0.939112
20 4 0.809895
20 5 0.806986
20 6 0.999924
20 7 0.599229
20 8 0.918158
20 9 0.803180
20 10 0.619931
20 11 0.849046
20 12 0.709164
20 13 0.670637
20 14 0.969774
20 15 0.940570
20 16 0.983869
20 17 0.910935
20 18 0.930416
20 19 0.500007
20 20 0.998626
20 21 0.999657
20 22 0.679043
20 23 0.998148
20 24 0.838904
20 25 0.678815
20 26 0.980919
21 1 0.578467
21 2 0.999994
21 3 0.997493
21 4 0.964491
21 5 0.971689
21 6 1.000000
21 7 0.698778
21 8 0.968352
21 9 0.969542
21 10 0.693351
21 11 0.989087
21 12 0.793764
21 13 0.918985
21 14 0.999854
21 15 0.979343
21 16 0.996060
21 17 0.992587
21 18 0.988534
21 19 0.500015
21 20 0.999657
21 21 1.000000
21 22 0.833366
21 23 0.999963
21 24 0.968941
21 25 0.872325
21 26 0.999796
22 1 0.504008
22 2 0.765172
22 3 0.676309
22 5 0.606332
22 6 0.952411
22 7 0.519458
22 8 0.594098
22 9 0.604880
22 10 0.518777
22 11 0.641486
22 12 0.540868
22 13 0.570265
22 14 0.762943
22 15 0.560890
22 16 0.637091
22 17 0.644565
22 18 0.619986
22 19 0.500001
22 20 0.679043
22 21 0.833366
22 22 0.559273
22 23 0.781519
22 24 0.601620
22 25 0.544874
22 26 0.739116
23 1 0.540939
23 2 0.999817
23 3 0.991581
23 4 0.925175
23 5 0.919069
23 6 1.000000
23 7 0.601357
23 8 0.979297
23 9 0.924182
23 10 0.655164
23 11 0.963693
23 12 0.759017
23 13 0.760726
23 14 0.997907
23 15 0.850958
23 16 0.992177
23 17 0.982623
23 18 0.973462
23 19 0.500006
23 20 0.998148
23 21 0.999963
23 22 0.781519
23 23 0.999991
23 24 0.923156
23 25 0.673547
23 26 0.997947
24 1 0.513044
24 2 0.916160
24 3 0.810718
24 4 0.702401
24 5 0.708392
24 6 0.996656
24 7 0.544894
24 8 0.691854
24 9 0.707207
24 10 0.535820
24 11 0.785247
24 12 0.569503
24 13 0.643625
24 14 0.911956
24 15 0.659019
24 16 0.777450
24 17 0.758060
24 18 0.754912
24 19 0.500003
24 20 0.838904
24 21 0.968941
24 22 0.601620
24 23 0.923156
24 24 0.705824
24 25 0.616328
25 1 0.507147
25 2 0.762325
25 3 0.646611
25 4 0.609654
25 5 0.625126
25 6 0.963278
25 7 0.522717
25 8 0.515892
25 9 0.620719
25 10 0.517557
25 11 0.723576
25 12 0.508023
25 13 0.620048
25 14 0.830758
25 15 0.607947
25 16 0.592622
25 17 0.592397
25 18 0.643012
25 19 0.500003
25 20 0.678815
25 21 0.872325
25 22 0.544874
25 23 0.673547
25 24 0.616328
25 25 0.665248
26 2 0.997390
26 6 0.999999
26 7 0.604231
26 8 0.871146
26 10 0.591145
26 12 0.664669
26 15 0.824859
26 16 0.951445
26 17 0.942933
26 19 0.500006
26 20 0.980919
26 21 0.999796
26 22 0.739116
26 23 0.997947
26 26 0.995032
