1 26 0.655678
3 17 0.805506
3 26 0.809203
4 22 0.498997
4 26 0.659321
5 26 0.512932
9 26 0.670249
11 26 0.696255
13 26 0.524028
14 26 0.888931
17 3 0.805506
18 26 0.837050
22 4 0.498997
24 26 0.677038
25 26 0.601684
26 1 0.655678
26 3 0.809203
26 4 0.659321
26 5 0.512932
26 9 0.670249
26 11 0.696255
26 13 0.524028
26 14 0.888931
26 18 0.837050
26 24 0.677038
26 25 0.601684
1 1 0.566857
1 2 0.799980
1 3 0.644833
1 4 0.568311
1 5 0.511198
1 6 0.734506
1 7 0.524382
1 8 0.531226
1 9 0.574338
1 10 0.510954
1 11 0.582756
1 12 0.530920
1 13 0.517890
1 14 0.684046
1 15 0.580149
1 16 0.609372
1 17 0.621562
1 18 0.678164
1 19 0.500001
1 20 0.666748
1 21 0.726743
1 22 0.499970
1 23 0.683526
1 24 0.576655
1 25 0.540592
2 1 0.799980
2 2 0.999998
2 3 0.942976
2 4 0.814307
2 5 0.567674
2 6 0.999966
2 7 0.655745
2 8 0.700494
2 9 0.830719
2 10 0.583289
2 11 0.873069
2 12 0.603255
2 13 0.706339
2 14 0.936835
2 15 0.870861
2 16 0.900215
2 17 0.916447
2 18 0.995601
2 19 0.500005
2 20 0.996533
2 21 0.999280
2 22 0.588875
2 23 0.997524
2 24 0.828165
2 25 0.780512
2 26 0.961441
3 1 0.644833
3 2 0.942976
3 3 0.829504
3 4 0.650906
3 5 0.566137
3 6 0.820729
3 7 0.552481
3 8 0.592857
3 9 0.662590
3 10 0.516730
3 11 0.680447
3 12 0.617635
3 13 0.554874
3 14 0.826368
3 15 0.729886
3 16 0.783787
3 18 0.830230
3 19 0.500003
3 20 0.816788
3 21 0.947795
3 22 0.476552
3 23 0.890481
3 24 0.663289
3 25 0.565848
4 1 0.568311
4 2 0.814307
4 3 0.650906
4 4 0.571138
4 5 0.512486
4 6 0.729233
4 7 0.524827
4 8 0.530636
4 9 0.576152
4 10 0.510458
4 11 0.585309
4 12 0.534119
4 13 0.516201
4 14 0.683179
4 15 0.580741
4 16 0.616580
4 17 0.628358
4 18 0.675613
4 19 0.500001
4 20 0.666746
4 21 0.748537
4 23 0.707810
4 24 0.578023
4 25 0.539977
5 1 0.511198
5 2 0.567674
5 3 0.566137
5 4 0.512486
5 5 0.657712
5 6 0.540877
5 7 0.547982
5 8 0.541304
5 9 0.513700
5 10 0.512042
5 11 0.497148
5 12 0.504160
5 13 0.561291
5 14 0.438457
5 15 0.530180
5 16 0.644491
5 17 0.578562
5 18 0.627963
5 19 0.499998
5 20 0.660162
5 21 0.535112
5 22 0.437755
5 23 0.578677
5 24 0.529326
5 25 0.487534
6 1 0.734506
6 2 0.999966
6 3 0.820729
6 4 0.729233
6 5 0.540877
6 6 1.000000
6 7 0.633373
6 8 0.686899
6 9 0.772624
6 10 0.594765
6 11 0.803866
6 12 0.404921
6 13 0.603499
6 14 0.963918
6 15 0.889120
6 16 0.702823
6 17 0.730098
6 18 0.997522
6 19 0.500005
6 20 0.997874
6 21 0.800101
6 22 0.619174
6 23 0.841966
6 24 0.769211
6 25 0.827036
6 26 0.926957
7 1 0.524382
7 2 0.655745
7 3 0.552481
7 4 0.524827
7 5 0.547982
7 6 0.633373
7 7 0.528186
7 8 0.520260
7 9 0.524530
7 10 0.509208
7 11 0.524036
7 12 0.490290
7 13 0.523336
7 14 0.543301
7 15 0.508042
7 16 0.564920
7 17 0.547203
7 18 0.612827
7 19 0.499999
7 20 0.618318
7 21 0.570285
7 22 0.479041
7 23 0.576824
7 24 0.534274
7 25 0.518693
7 26 0.554451
8 1 0.531226
8 2 0.700494
8 3 0.592857
8 4 0.530636
8 5 0.541304
8 6 0.686899
8 7 0.520260
8 8 0.592402
8 9 0.532177
8 10 0.516815
8 11 0.545489
8 12 0.535568
8 13 0.549641
8 14 0.555087
8 15 0.613626
8 16 0.662372
8 17 0.592667
8 18 0.647552
8 19 0.500001
8 20 0.743545
8 21 0.716988
8 22 0.516126
8 23 0.652196
8 24 0.537044
8 25 0.524226
8 26 0.580962
9 1 0.574338
9 2 0.830719
9 3 0.662590
9 4 0.576152
9 5 0.513700
9 6 0.772624
9 7 0.524530
9 8 0.532177
9 9 0.585111
9 10 0.511399
9 11 0.592629
9 12 0.540889
9 13 0.519829
9 14 0.698425
9 15 0.600843
9 16 0.619066
9 17 0.637234
9 18 0.699854
9 19 0.500002
9 20 0.679353
9 21 0.749427
9 22 0.502561
9 23 0.701302
9 24 0.584549
9 25 0.543610
10 1 0.510954
10 2 0.583289
10 3 0.516730
10 4 0.510458
10 5 0.512042
10 6 0.594765
10 7 0.509208
10 8 0.516815
10 9 0.511399
10 10 0.508048
10 11 0.511738
10 12 0.491568
10 13 0.510414
10 14 0.523708
10 15 0.516741
10 16 0.539313
10 17 0.512223
10 18 0.560831
10 19 0.500000
10 20 0.574481
10 21 0.512157
10 22 0.502628
10 23 0.523312
10 24 0.514322
10 25 0.512311
10 26 0.522694
11 1 0.582756
11 2 0.873069
11 3 0.680447
11 4 0.585309
11 5 0.497148
11 6 0.803866
11 7 0.524036
11 8 0.545489
11 9 0.592629
11 10 0.511738
11 11 0.611900
11 12 0.552151
11 13 0.526094
11 14 0.721832
11 15 0.605494
11 16 0.631747
11 17 0.654279
11 18 0.712805
11 19 0.500002
11 20 0.721942
11 21 0.816390
11 22 0.518277
11 23 0.753951
11 24 0.593232
11 25 0.554827
12 1 0.530920
12 2 0.603255
12 3 0.617635
12 4 0.534119
12 5 0.504160
12 6 0.404921
12 7 0.490290
12 8 0.535568
12 9 0.540889
12 10 0.491568
12 11 0.552151
12 12 0.696237
12 13 0.539845
12 14 0.540875
12 15 0.626223
12 16 0.592633
12 17 0.619489
12 18 0.450045
12 19 0.500004
12 20 0.529364
12 21 0.875221
12 22 0.538007
12 23 0.721344
12 24 0.526858
12 25 0.501084
12 26 0.577823
13 1 0.517890
13 2 0.706339
13 3 0.554874
13 4 0.516201
13 5 0.561291
13 6 0.603499
13 7 0.523336
13 8 0.549641
13 9 0.519829
13 10 0.510414
13 11 0.526094
13 12 0.539845
13 13 0.596691
13 14 0.436890
13 15 0.569404
13 16 0.569595
13 17 0.562546
13 18 0.606958
13 19 0.500000
13 20 0.687775
13 21 0.733887
13 22 0.502905
13 23 0.620869
13 24 0.525624
13 25 0.513147
14 1 0.684046
14 2 0.936835
14 3 0.826368
14 4 0.683179
14 5 0.438457
14 6 0.963918
14 7 0.543301
14 8 0.555087
14 9 0.698425
14 10 0.523708
14 11 0.721832
14 12 0.540875
14 13 0.436890
14 14 0.965440
14 15 0.660546
14 16 0.717556
14 17 0.759532
14 18 0.835170
14 19 0.500006
14 20 0.825486
14 21 0.753254
14 22 0.516565
14 23 0.772739
14 24 0.705131
14 25 0.626577
15 1 0.580149
15 2 0.870861
15 3 0.729886
15 4 0.580741
15 5 0.530180
15 6 0.889120
15 7 0.508042
15 8 0.613626
15 9 0.600843
15 10 0.516741
15 11 0.605494
15 12 0.626223
15 13 0.569404
15 14 0.660546
15 15 0.834311
15 16 0.719805
15 17 0.717552
15 18 0.778743
15 19 0.500004
15 20 0.769551
15 21 0.882070
15 22 0.507038
15 23 0.745278
15 24 0.574550
15 25 0.540401
15 26 0.667840
16 1 0.609372
16 2 0.900215
16 3 0.783787
16 4 0.616580
16 5 0.644491
16 6 0.702823
16 7 0.564920
16 8 0.662372
16 9 0.619066
16 10 0.539313
16 11 0.631747
16 12 0.592633
16 13 0.569595
16 14 0.717556
16 15 0.719805
16 16 0.881478
16 17 0.772461
16 18 0.812815
16 19 0.500002
16 20 0.882266
16 21 0.908755
16 22 0.481235
16 23 0.884075
16 24 0.632865
16 25 0.541471
16 26 0.745593
17 1 0.621562
17 2 0.916447
17 4 0.628358
17 5 0.578562
17 6 0.730098
17 7 0.547203
17 8 0.592667
17 9 0.637234
17 10 0.512223
17 11 0.654279
17 12 0.619489
17 13 0.562546
17 14 0.759532
17 15 0.717552
17 16 0.772461
17 17 0.789644
17 18 0.793093
17 19 0.500003
17 20 0.788748
17 21 0.946295
17 22 0.471135
17 23 0.880947
17 24 0.637338
17 25 0.547673
17 26 0.768431
18 1 0.678164
18 2 0.995601
18 3 0.830230
18 4 0.675613
18 5 0.627963
18 6 0.997522
18 7 0.612827
18 8 0.647552
18 9 0.699854
18 10 0.560831
18 11 0.712805
18 12 0.450045
18 13 0.606958
18 14 0.835170
18 15 0.778743
18 16 0.812815
18 17 0.793093
18 18 0.983401
18 19 0.500002
18 20 0.960268
18 21 0.896299
18 22 0.474372
18 23 0.860450
18 24 0.711346
18 25 0.663760
19 1 0.500001
19 2 0.500005
19 3 0.500003
19 4 0.500001
19 5 0.499998
19 6 0.500005
19 7 0.499999
19 8 0.500001
19 9 0.500002
19 10 0.500000
19 11 0.500002
19 12 0.500004
19 13 0.500000
19 14 0.500006
19 15 0.500004
19 16 0.500002
19 17 0.500003
19 18 0.500002
19 19 0.500000
19 20 0.500002
19 21 0.500009
19 22 0.500002
19 23 0.500005
19 24 0.500001
19 25 0.500001
19 26 0.500004
20 1 0.666748
20 2 0.996533
20 3 0.816788
20 4 0.666746
20 5 0.660162
20 6 0.997874
20 7 0.618318
20 8 0.743545
20 9 0.679353
20 10 0.574481
20 11 0.721942
20 12 0.529364
20 13 0.687775
20 14 0.825486
20 15 0.769551
20 16 0.882266
20 17 0.788748
20 18 0.960268
20 19 0.500002
20 20 0.991249
20 21 0.955295
20 22 0.560401
20 23 0.927529
20 24 0.707167
20 25 0.670240
20 26 0.850614
21 1 0.726743
21 2 0.999280
21 3 0.947795
21 4 0.748537
21 5 0.535112
21 6 0.800101
21 7 0.570285
21 8 0.716988
21 9 0.749427
21 10 0.512157
21 11 0.816390
21 12 0.875221
21 13 0.733887
21 14 0.753254
21 15 0.882070
21 16 0.908755
21 17 0.946295
21 18 0.896299
21 19 0.500009
21 20 0.955295
21 21 0.999981
21 22 0.575097
21 23 0.998293
21 24 0.735533
21 25 0.657026
21 26 0.910515
22 1 0.499970
22 2 0.588875
22 3 0.476552
22 5 0.437755
22 6 0.619174
22 7 0.479041
22 8 0.516126
22 9 0.502561
22 10 0.502628
22 11 0.518277
22 12 0.538007
22 13 0.502905
22 14 0.516565
22 15 0.507038
22 16 0.481235
22 17 0.471135
22 18 0.474372
22 19 0.500002
22 20 0.560401
22 21 0.575097
22 22 0.573933
22 23 0.530483
22 24 0.495396
22 25 0.517754
22 26 0.509322
23 1 0.683526
23 2 0.997524
23 3 0.890481
23 4 0.707810
23 5 0.578677
23 6 0.841966
23 7 0.576824
23 8 0.652196
23 9 0.701302
23 10 0.523312
23 11 0.753951
23 12 0.721344
23 13 0.620869
23 14 0.772739
23 15 0.745278
23 16 0.884075
23 17 0.880947
23 18 0.860450
23 19 0.500005
23 20 0.927529
23 21 0.998293
23 22 0.530483
23 23 0.993244
23 24 0.702263
23 25 0.591597
23 26 0.867077
24 1 0.576655
24 2 0.828165
24 3 0.663289
24 4 0.578023
24 5 0.529326
24 6 0.769211
24 7 0.534274
24 8 0.537044
24 9 0.584549
24 10 0.514322
24 11 0.593232
24 12 0.526858
24 13 0.525624
24 14 0.705131
24 15 0.574550
24 16 0.632865
24 17 0.637338
24 18 0.711346
24 19 0.500001
24 20 0.707167
24 21 0.735533
24 22 0.495396
24 23 0.702263
24 24 0.591609
24 25 0.546910
25 1 0.540592
25 2 0.780512
25 3 0.565848
25 4 0.539977
25 5 0.487534
25 6 0.827036
25 7 0.518693
25 8 0.524226
25 9 0.543610
25 10 0.512311
25 11 0.554827
25 12 0.501084
25 13 0.513147
25 14 0.626577
25 15 0.540401
25 16 0.541471
25 17 0.547673
25 18 0.663760
25 19 0.500001
25 20 0.670240
25 21 0.657026
25 22 0.517754
25 23 0.591597
25 24 0.546910
25 25 0.561732
26 2 0.961441
26 6 0.926957
26 7 0.554451
26 8 0.580962
26 10 0.522694
26 12 0.577823
26 15 0.667840
26 16 0.745593
26 17 0.768431
26 19 0.500004
26 20 0.850614
26 21 0.910515
26 22 0.509322
26 23 0.867077
26 26 0.838429
