1 26 0.516844
3 17 0.504176
3 26 0.813717
4 22 0.536817
4 26 0.583027
5 26 0.617227
9 26 0.596812
11 26 0.755918
13 26 0.716930
14 26 0.711318
17 3 0.504176
18 26 0.776389
22 4 0.536817
24 26 0.693971
25 26 0.685699
26 1 0.516844
26 3 0.813717
26 4 0.583027
26 5 0.617227
26 9 0.596812
26 11 0.755918
26 13 0.716930
26 14 0.711318
26 18 0.776389
26 24 0.693971
26 25 0.685699
1 1 0.503532
1 2 0.531897
1 3 0.518831
1 4 0.502424
1 5 0.492862
1 6 0.567843
1 7 0.495911
1 8 0.504899
1 9 0.506728
1 10 0.503305
1 11 0.506003
1 12 0.502941
1 13 0.508375
1 14 0.503088
1 15 0.533476
1 16 0.506470
1 17 0.493429
1 18 0.512804
1 19 0.500000
1 20 0.528997
1 21 0.564222
1 22 0.502424
1 23 0.525110
1 24 0.507868
1 25 0.508388
2 1 0.531897
2 2 0.999999
2 3 0.955325
2 4 0.458374
2 5 0.544210
2 6 0.866799
2 7 0.495884
2 8 0.911535
2 9 0.875833
2 10 0.518551
2 11 0.603163
2 12 0.841132
2 13 0.730679
2 14 0.450058
2 15 0.995776
2 16 0.984500
2 17 0.338187
2 18 0.896777
2 19 0.499994
2 20 0.984435
2 21 0.997795
2 22 0.458374
2 23 0.993540
2 24 0.743328
2 25 0.668952
2 26 0.924286
3 1 0.518831
3 2 0.955325
3 3 0.806238
3 4 0.547326
3 5 0.566284
3 6 0.924302
3 7 0.479722
3 8 0.609597
3 9 0.637146
3 10 0.514574
3 11 0.682319
3 12 0.608621
3 13 0.670120
3 14 0.584692
3 15 0.810647
3 16 0.657600
3 18 0.742613
3 19 0.499997
3 20 0.722113
3 21 0.936642
3 22 0.547326
3 23 0.872282
3 24 0.656206
3 25 0.638281
4 1 0.502424
4 2 0.458374
4 3 0.547326
4 4 0.536817
4 5 0.546706
4 6 0.736487
4 7 0.501876
4 8 0.476332
4 9 0.497730
4 10 0.501671
4 11 0.571339
4 12 0.498615
4 13 0.542049
4 14 0.554221
4 15 0.463874
4 16 0.461241
4 17 0.539383
4 18 0.535327
4 19 0.500000
4 20 0.459982
4 21 0.546886
4 23 0.570102
4 24 0.533414
4 25 0.535650
5 1 0.492862
5 2 0.544210
5 3 0.566284
5 4 0.546706
5 5 0.694493
5 6 0.438310
5 7 0.536024
5 8 0.499788
5 9 0.491033
5 10 0.500070
5 11 0.596428
5 12 0.519995
5 13 0.549540
5 14 0.543321
5 15 0.388704
5 16 0.502311
5 17 0.573689
5 18 0.553962
5 19 0.500001
5 20 0.408970
5 21 0.427303
5 22 0.546706
5 23 0.604746
5 24 0.541200
5 25 0.541012
6 1 0.567843
6 2 0.866799
6 3 0.924302
6 4 0.736487
6 5 0.438310
6 6 1.000000
6 7 0.393938
6 8 0.304071
6 9 0.771559
6 10 0.525585
6 11 0.926674
6 12 0.555937
6 13 0.885886
6 14 0.953761
6 15 0.887324
6 16 0.400280
6 17 0.565552
6 18 0.910780
6 19 0.499997
6 20 0.594782
6 21 0.999056
6 22 0.736487
6 23 0.959806
6 24 0.853414
6 25 0.854270
6 26 0.981727
7 1 0.495911
7 2 0.495884
7 3 0.479722
7 4 0.501876
7 5 0.536024
7 6 0.393938
7 7 0.527927
7 8 0.505666
7 9 0.476812
7 10 0.498651
7 11 0.502274
7 12 0.511123
7 13 0.492732
7 14 0.517982
7 15 0.491130
7 16 0.528100
7 17 0.515324
7 18 0.491327
7 19 0.500001
7 20 0.496880
7 21 0.480953
7 22 0.501876
7 23 0.470567
7 24 0.492014
7 25 0.497576
7 26 0.502619
8 1 0.504899
8 2 0.911535
8 3 0.609597
8 4 0.476332
8 5 0.499788
8 6 0.304071
8 7 0.505666
8 8 0.667855
8 9 0.588772
8 10 0.514803
8 11 0.466110
8 12 0.565470
8 13 0.493364
8 14 0.427881
8 15 0.719686
8 16 0.696691
8 17 0.444308
8 18 0.548553
8 19 0.500000
8 20 0.732412
8 21 0.748548
8 22 0.476332
8 23 0.717174
8 24 0.505369
8 25 0.492157
8 26 0.540090
9 1 0.506728
9 2 0.875833
9 3 0.637146
9 4 0.497730
9 5 0.491033
9 6 0.771559
9 7 0.476812
9 8 0.588772
9 9 0.677098
9 10 0.505084
9 11 0.519191
9 12 0.527713
9 13 0.538471
9 14 0.491119
9 15 0.679613
9 16 0.605467
9 17 0.453507
9 18 0.594155
9 19 0.499998
9 20 0.647738
9 21 0.725531
9 22 0.497730
9 23 0.704738
9 24 0.546241
9 25 0.523608
10 1 0.503305
10 2 0.518551
10 3 0.514574
10 4 0.501671
10 5 0.500070
10 6 0.525585
10 7 0.498651
10 8 0.514803
10 9 0.505084
10 10 0.507739
10 11 0.499975
10 12 0.500418
10 13 0.499837
10 14 0.490126
10 15 0.519270
10 16 0.501821
10 17 0.487563
10 18 0.504402
10 19 0.500000
10 20 0.529960
10 21 0.547595
10 22 0.501671
10 23 0.523819
10 24 0.500343
10 25 0.501352
10 26 0.505944
11 1 0.506003
11 2 0.603163
11 3 0.682319
11 4 0.571339
11 5 0.596428
11 6 0.926674
11 7 0.502274
11 8 0.466110
11 9 0.519191
11 10 0.499975
11 11 0.699859
11 12 0.540889
11 13 0.642212
11 14 0.646825
11 15 0.550437
11 16 0.459087
11 17 0.580068
11 18 0.656410
11 19 0.500000
11 20 0.459267
11 21 0.777077
11 22 0.571339
11 23 0.715211
11 24 0.617934
11 25 0.615956
12 1 0.502941
12 2 0.841132
12 3 0.608621
12 4 0.498615
12 5 0.519995
12 6 0.555937
12 7 0.511123
12 8 0.565470
12 9 0.527713
12 10 0.500418
12 11 0.540889
12 12 0.575201
12 13 0.550311
12 14 0.526237
12 15 0.687356
12 16 0.629095
12 17 0.502155
12 18 0.588319
12 19 0.500000
12 20 0.619875
12 21 0.745303
12 22 0.498615
12 23 0.638366
12 24 0.545013
12 25 0.542321
12 26 0.613924
13 1 0.508375
13 2 0.730679
13 3 0.670120
13 4 0.542049
13 5 0.549540
13 6 0.885886
13 7 0.492732
13 8 0.493364
13 9 0.538471
13 10 0.499837
13 11 0.642212
13 12 0.550311
13 13 0.619717
13 14 0.604239
13 15 0.635009
13 16 0.532429
13 17 0.533579
13 18 0.647990
13 19 0.499999
13 20 0.538052
13 21 0.788024
13 22 0.542049
13 23 0.694685
13 24 0.603469
13 25 0.598245
14 1 0.503088
14 2 0.450058
14 3 0.584692
14 4 0.554221
14 5 0.543321
14 6 0.953761
14 7 0.517982
14 8 0.427881
14 9 0.491119
14 10 0.490126
14 11 0.646825
14 12 0.526237
14 13 0.604239
14 14 0.722789
14 15 0.548776
14 16 0.480945
14 17 0.566569
14 18 0.619028
14 19 0.500001
14 20 0.465115
14 21 0.763777
14 22 0.554221
14 23 0.564785
14 24 0.588384
14 25 0.601905
15 1 0.533476
15 2 0.995776
15 3 0.810647
15 4 0.463874
15 5 0.388704
15 6 0.887324
15 7 0.491130
15 8 0.719686
15 9 0.679613
15 10 0.519270
15 11 0.550437
15 12 0.687356
15 13 0.635009
15 14 0.548776
15 15 0.969690
15 16 0.866281
15 17 0.380546
15 18 0.758383
15 19 0.499997
15 20 0.926251
15 21 0.991438
15 22 0.463874
15 23 0.864179
15 24 0.634123
15 25 0.624978
15 26 0.784183
16 1 0.506470
16 2 0.984500
16 3 0.657600
16 4 0.461241
16 5 0.502311
16 6 0.400280
16 7 0.528100
16 8 0.696691
16 9 0.605467
16 10 0.501821
16 11 0.459087
16 12 0.629095
16 13 0.532429
16 14 0.480945
16 15 0.866281
16 16 0.860100
16 17 0.421082
16 18 0.620072
16 19 0.499999
16 20 0.829557
16 21 0.864596
16 22 0.461241
16 23 0.768566
16 24 0.549513
16 25 0.528972
16 26 0.627101
17 1 0.493429
17 2 0.338187
17 4 0.539383
17 5 0.573689
17 6 0.565552
17 7 0.515324
17 8 0.444308
17 9 0.453507
17 10 0.487563
17 11 0.580068
17 12 0.502155
17 13 0.533579
17 14 0.566569
17 15 0.380546
17 16 0.421082
17 17 0.618207
17 18 0.506113
17 19 0.500002
17 20 0.384343
17 21 0.444347
17 22 0.539383
17 23 0.491938
17 24 0.520986
17 25 0.525871
17 26 0.560081
18 1 0.512804
18 2 0.896777
18 3 0.742613
18 4 0.535327
18 5 0.553962
18 6 0.910780
18 7 0.491327
18 8 0.548553
18 9 0.594155
18 10 0.504402
18 11 0.656410
18 12 0.588319
18 13 0.647990
18 14 0.619028
18 15 0.758383
18 16 0.620072
18 17 0.506113
18 18 0.711442
18 19 0.499997
18 20 0.650691
18 21 0.893964
18 22 0.535327
18 23 0.778906
18 24 0.634989
18 25 0.624757
19 1 0.500000
19 2 0.499994
19 3 0.499997
19 4 0.500000
19 5 0.500001
19 6 0.499997
19 7 0.500001
19 8 0.500000
19 9 0.499998
19 10 0.500000
19 11 0.500000
19 12 0.500000
19 13 0.499999
19 14 0.500001
19 15 0.499997
19 16 0.499999
19 17 0.500002
19 18 0.499997
19 19 0.500000
19 20 0.499997
19 21 0.499998
19 22 0.500000
19 23 0.499998
19 24 0.499999
19 25 0.499999
19 26 0.499998
20 1 0.528997
20 2 0.984435
20 3 0.722113
20 4 0.459982
20 5 0.408970
20 6 0.594782
20 7 0.496880
20 8 0.732412
20 9 0.647738
20 10 0.529960
20 11 0.459267
20 12 0.619875
20 13 0.538052
20 14 0.465115
20 15 0.926251
20 16 0.829557
20 17 0.384343
20 18 0.650691
20 19 0.499997
20 20 0.919452
20 21 0.968773
20 22 0.459982
20 23 0.821794
20 24 0.557623
20 25 0.544272
20 26 0.650295
21 1 0.564222
21 2 0.997795
21 3 0.936642
21 4 0.546886
21 5 0.427303
21 6 0.999056
21 7 0.480953
21 8 0.748548
21 9 0.725531
21 10 0.547595
21 11 0.777077
21 12 0.745303
21 13 0.788024
21 14 0.763777
21 15 0.991438
21 16 0.864596
21 17 0.444347
21 18 0.893964
21 19 0.499998
21 20 0.968773
21 21 0.999885
21 22 0.546886
21 23 0.967058
21 24 0.766812
21 25 0.776171
21 26 0.950002
22 1 0.502424
22 2 0.458374
22 3 0.547326
22 5 0.546706
22 6 0.736487
22 7 0.501876
22 8 0.476332
22 9 0.497730
22 10 0.501671
22 11 0.571339
22 12 0.498615
22 13 0.542049
22 14 0.554221
22 15 0.463874
22 16 0.461241
22 17 0.539383
22 18 0.535327
22 19 0.500000
22 20 0.459982
22 21 0.546886
22 22 0.536817
22 23 0.570102
22 24 0.533414
22 25 0.535650
22 26 0.583027
23 1 0.525110
23 2 0.993540
23 3 0.872282
23 4 0.570102
23 5 0.604746
23 6 0.959806
23 7 0.470567
23 8 0.717174
23 9 0.704738
23 10 0.523819
23 11 0.715211
23 12 0.638366
23 13 0.694685
23 14 0.564785
23 15 0.864179
23 16 0.768566
23 17 0.491938
23 18 0.778906
23 19 0.499998
23 20 0.821794
23 21 0.967058
23 22 0.570102
23 23 0.966634
23 24 0.687581
23 25 0.648611
23 26 0.865526
24 1 0.507868
24 2 0.743328
24 3 0.656206
24 4 0.533414
24 5 0.541200
24 6 0.853414
24 7 0.492014
24 8 0.505369
24 9 0.546241
24 10 0.500343
24 11 0.617934
24 12 0.545013
24 13 0.603469
24 14 0.588384
24 15 0.634123
24 16 0.549513
24 17 0.520986
24 18 0.634989
24 19 0.499999
24 20 0.557623
24 21 0.766812
24 22 0.533414
24 23 0.687581
24 24 0.592380
24 25 0.584711
25 1 0.508388
25 2 0.668952
25 3 0.638281
25 4 0.535650
25 5 0.541012
25 6 0.854270
25 7 0.497576
25 8 0.492157
25 9 0.523608
25 10 0.501352
25 11 0.615956
25 12 0.542321
25 13 0.598245
25 14 0.601905
25 15 0.624978
25 16 0.528972
25 17 0.525871
25 18 0.624757
25 19 0.499999
25 20 0.544272
25 21 0.776171
25 22 0.535650
25 23 0.648611
25 24 0.584711
25 25 0.587050
26 2 0.924286
26 6 0.981727
26 7 0.502619
26 8 0.540090
26 10 0.505944
26 12 0.613924
26 15 0.784183
26 16 0.627101
26 17 0.560081
26 19 0.499998
26 20 0.650295
26 21 0.950002
26 22 0.583027
26 23 0.865526
26 26 0.872429
