1 26 0.751812
3 17 0.908214
3 26 0.850938
4 22 0.584065
4 26 0.652609
5 26 0.753964
9 26 0.686647
11 26 0.873544
13 26 0.805110
14 26 0.993613
17 3 0.908214
18 26 0.848572
22 4 0.584065
24 26 0.643304
25 26 0.766624
26 1 0.751812
26 3 0.850938
26 4 0.652609
26 5 0.753964
26 9 0.686647
26 11 0.873544
26 13 0.805110
26 14 0.993613
26 18 0.848572
26 24 0.643304
26 25 0.766624
1 1 0.608406
1 2 0.884985
1 3 0.674117
1 4 0.561529
1 5 0.609111
1 6 0.970331
1 7 0.541052
1 8 0.594211
1 9 0.578389
1 10 0.528942
1 11 0.678992
1 12 0.612569
1 13 0.636230
1 14 0.889325
1 15 0.665004
1 16 0.657522
1 17 0.674117
1 18 0.669539
1 19 0.500005
1 20 0.618308
1 21 0.841985
1 22 0.561529
1 23 0.732532
1 24 0.557308
1 25 0.615164
2 1 0.884985
2 2 0.999997
2 3 0.944503
2 4 0.816128
2 5 0.875550
2 6 1.000000
2 7 0.670785
2 8 0.878920
2 9 0.800070
2 10 0.653655
2 11 0.963331
2 12 0.872605
2 13 0.932552
2 14 0.999986
2 15 0.977980
2 16 0.966676
2 17 0.944503
2 18 0.965138
2 19 0.500024
2 20 0.905353
2 21 0.999785
2 22 0.816128
2 23 0.976360
2 24 0.751812
2 25 0.897215
2 26 0.993526
3 1 0.674117
3 2 0.944503
3 3 0.908214
3 4 0.578559
3 5 0.688000
3 6 0.995854
3 7 0.529087
3 8 0.677448
3 9 0.652138
3 10 0.550141
3 11 0.733590
3 12 0.624285
3 13 0.695322
3 14 0.977634
3 15 0.715384
3 16 0.854254
3 18 0.834645
3 19 0.500005
3 20 0.848528
3 21 0.954415
3 22 0.578559
3 23 0.926363
3 24 0.618195
3 25 0.681722
4 1 0.561529
4 2 0.816128
4 3 0.578559
4 4 0.584065
4 5 0.558674
4 6 0.917191
4 7 0.519926
4 8 0.567136
4 9 0.517361
4 10 0.530944
4 11 0.619884
4 12 0.599616
4 13 0.575842
4 14 0.842639
4 15 0.621860
4 16 0.580933
4 17 0.578559
4 18 0.585427
4 19 0.500004
4 20 0.600095
4 21 0.810913
4 23 0.712321
4 24 0.542489
4 25 0.566854
5 1 0.609111
5 2 0.875550
5 3 0.688000
5 4 0.558674
5 5 0.613033
5 6 0.965443
5 7 0.539355
5 8 0.595734
5 9 0.575404
5 10 0.528355
5 11 0.680356
5 12 0.618516
5 13 0.636317
5 14 0.887094
5 15 0.661517
5 16 0.668332
5 17 0.688000
5 18 0.673166
5 19 0.500005
5 20 0.631208
5 21 0.846977
5 22 0.558674
5 23 0.735579
5 24 0.557461
5 25 0.616362
6 1 0.970331
6 2 1.000000
6 3 0.995854
6 4 0.917191
6 5 0.965443
6 6 1.000000
6 7 0.750624
6 8 0.881741
6 9 0.924213
6 10 0.615314
6 11 0.997132
6 12 0.959168
6 13 0.986445
6 14 1.000000
6 15 0.988430
6 16 0.996186
6 17 0.995854
6 18 0.994427
6 19 0.500035
6 20 0.858900
6 21 0.999999
6 22 0.917191
6 23 0.999090
6 24 0.787171
6 25 0.968130
6 26 0.999802
7 1 0.541052
7 2 0.670785
7 3 0.529087
7 4 0.519926
7 5 0.539355
7 6 0.750624
7 7 0.536316
7 8 0.540927
7 9 0.528851
7 10 0.515008
7 11 0.580516
7 12 0.562858
7 13 0.557523
7 14 0.615296
7 15 0.576393
7 16 0.533475
7 17 0.529087
7 18 0.548002
7 19 0.500002
7 20 0.500873
7 21 0.610995
7 22 0.519926
7 23 0.551182
7 24 0.523851
7 25 0.546873
7 26 0.605842
8 1 0.594211
8 2 0.878920
8 3 0.677448
8 4 0.567136
8 5 0.595734
8 6 0.881741
8 7 0.540927
8 8 0.652463
8 9 0.582523
8 10 0.555798
8 11 0.642315
8 12 0.615740
8 13 0.620483
8 14 0.817152
8 15 0.715594
8 16 0.638695
8 17 0.677448
8 18 0.659533
8 19 0.500004
8 20 0.679440
8 21 0.841952
8 22 0.567136
8 23 0.817717
8 24 0.591398
8 25 0.604698
8 26 0.725758
9 1 0.578389
9 2 0.800070
9 3 0.652138
9 4 0.517361
9 5 0.575404
9 6 0.924213
9 7 0.528851
9 8 0.582523
9 9 0.630868
9 10 0.511725
9 11 0.599641
9 12 0.518967
9 13 0.600416
9 14 0.775905
9 15 0.632892
9 16 0.617689
9 17 0.652138
9 18 0.640899
9 19 0.500002
9 20 0.545794
9 21 0.704695
9 22 0.517361
9 23 0.746136
9 24 0.560116
9 25 0.578705
10 1 0.528942
10 2 0.653655
10 3 0.550141
10 4 0.530944
10 5 0.528355
10 6 0.615314
10 7 0.515008
10 8 0.555798
10 9 0.511725
10 10 0.530315
10 11 0.552836
10 12 0.557562
10 13 0.537091
10 14 0.605465
10 15 0.585966
10 16 0.519360
10 17 0.550141
10 18 0.549115
10 19 0.500002
10 20 0.577781
10 21 0.637717
10 22 0.530944
10 23 0.645545
10 24 0.535793
10 25 0.536232
10 26 0.576468
11 1 0.678992
11 2 0.963331
11 3 0.733590
11 4 0.619884
11 5 0.680356
11 6 0.997132
11 7 0.580516
11 8 0.642315
11 9 0.599641
11 10 0.552836
11 11 0.809223
11 12 0.730233
11 13 0.723927
11 14 0.965193
11 15 0.753568
11 16 0.712908
11 17 0.733590
11 18 0.745973
11 19 0.500009
11 20 0.683065
11 21 0.947024
11 22 0.619884
11 23 0.844381
11 24 0.589643
11 25 0.694014
12 1 0.612569
12 2 0.872605
12 3 0.624285
12 4 0.599616
12 5 0.618516
12 6 0.959168
12 7 0.562858
12 8 0.615740
12 9 0.518967
12 10 0.557562
12 11 0.730233
12 12 0.741527
12 13 0.644775
12 14 0.909664
12 15 0.698193
12 16 0.607862
12 17 0.624285
12 18 0.625165
12 19 0.500006
12 20 0.613841
12 21 0.887691
12 22 0.599616
12 23 0.745987
12 24 0.574932
12 25 0.629840
12 26 0.774852
13 1 0.636230
13 2 0.932552
13 3 0.695322
13 4 0.575842
13 5 0.636317
13 6 0.986445
13 7 0.557523
13 8 0.620483
13 9 0.600416
13 10 0.537091
13 11 0.723927
13 12 0.644775
13 13 0.673354
13 14 0.923088
13 15 0.713240
13 16 0.683373
13 17 0.695322
13 18 0.702067
13 19 0.500006
13 20 0.625349
13 21 0.885315
13 22 0.575842
13 23 0.767605
13 24 0.571798
13 25 0.645265
14 1 0.889325
14 2 0.999986
14 3 0.977634
14 4 0.842639
14 5 0.887094
14 6 1.000000
14 7 0.615296
14 8 0.817152
14 9 0.775905
14 10 0.605465
14 11 0.965193
14 12 0.909664
14 13 0.923088
14 14 1.000000
14 15 0.944760
14 16 0.980567
14 17 0.977634
14 18 0.964708
14 19 0.500021
14 20 0.876438
14 21 0.999936
14 22 0.842639
14 23 0.985014
14 24 0.729914
14 25 0.887815
15 1 0.665004
15 2 0.977980
15 3 0.715384
15 4 0.621860
15 5 0.661517
15 6 0.988430
15 7 0.576393
15 8 0.715594
15 9 0.632892
15 10 0.585966
15 11 0.753568
15 12 0.698193
15 13 0.713240
15 14 0.944760
15 15 0.865301
15 16 0.706112
15 17 0.715384
15 18 0.732567
15 19 0.500008
15 20 0.645654
15 21 0.950632
15 22 0.621860
15 23 0.873011
15 24 0.619643
15 25 0.682113
15 26 0.855460
16 1 0.657522
16 2 0.966676
16 3 0.854254
16 4 0.580933
16 5 0.668332
16 6 0.996186
16 7 0.533475
16 8 0.638695
16 9 0.617689
16 10 0.519360
16 11 0.712908
16 12 0.607862
16 13 0.683373
16 14 0.980567
16 15 0.706112
16 16 0.893454
16 17 0.854254
16 18 0.795908
16 19 0.500004
16 20 0.750714
16 21 0.937570
16 22 0.580933
16 23 0.720795
16 24 0.562157
16 25 0.659680
16 26 0.824478
17 1 0.674117
17 2 0.944503
17 4 0.578559
17 5 0.688000
17 6 0.995854
17 7 0.529087
17 8 0.677448
17 9 0.652138
17 10 0.550141
17 11 0.733590
17 12 0.624285
17 13 0.695322
17 14 0.977634
17 15 0.715384
17 16 0.854254
17 17 0.908214
17 18 0.834645
17 19 0.500005
17 20 0.848528
17 21 0.954415
17 22 0.578559
17 23 0.926363
17 24 0.618195
17 25 0.681722
17 26 0.850938
18 1 0.669539
18 2 0.965138
18 3 0.834645
18 4 0.585427
18 5 0.673166
18 6 0.994427
18 7 0.548002
18 8 0.659533
18 9 0.640899
18 10 0.549115
18 11 0.745973
18 12 0.625165
18 13 0.702067
18 14 0.964708
18 15 0.732567
18 16 0.795908
18 17 0.834645
18 18 0.805352
18 19 0.500007
18 20 0.788704
18 21 0.937011
18 22 0.585427
18 23 0.871483
18 24 0.602787
18 25 0.680773
19 1 0.500005
19 2 0.500024
19 3 0.500005
19 4 0.500004
19 5 0.500005
19 6 0.500035
19 7 0.500002
19 8 0.500004
19 9 0.500002
19 10 0.500002
19 11 0.500009
19 12 0.500006
19 13 0.500006
19 14 0.500021
19 15 0.500008
19 16 0.500004
19 17 0.500005
19 18 0.500007
19 19 0.500000
19 20 0.500005
19 21 0.500021
19 22 0.500004
19 23 0.500011
19 24 0.500003
19 25 0.500005
19 26 0.500012
20 1 0.618308
20 2 0.905353
20 3 0.848528
20 4 0.600095
20 5 0.631208
20 6 0.858900
20 7 0.500873
20 8 0.679440
20 9 0.545794
20 10 0.577781
20 11 0.683065
20 12 0.613841
20 13 0.625349
20 14 0.876438
20 15 0.645654
20 16 0.750714
20 17 0.848528
20 18 0.788704
20 19 0.500005
20 20 0.938692
20 21 0.934319
20 22 0.600095
20 23 0.941415
20 24 0.620049
20 25 0.636456
20 26 0.758677
21 1 0.841985
21 2 0.999785
21 3 0.954415
21 4 0.810913
21 5 0.846977
21 6 0.999999
21 7 0.610995
21 8 0.841952
21 9 0.704695
21 10 0.637717
21 11 0.947024
21 12 0.887691
21 13 0.885315
21 14 0.999936
21 15 0.950632
21 16 0.937570
21 17 0.954415
21 18 0.937011
21 19 0.500021
21 20 0.934319
21 21 0.999850
21 22 0.810913
21 23 0.991886
21 24 0.728998
21 25 0.857745
21 26 0.984701
22 1 0.561529
22 2 0.816128
22 3 0.578559
22 5 0.558674
22 6 0.917191
22 7 0.519926
22 8 0.567136
22 9 0.517361
22 10 0.530944
22 11 0.619884
22 12 0.599616
22 13 0.575842
22 14 0.842639
22 15 0.621860
22 16 0.580933
22 17 0.578559
22 18 0.585427
22 19 0.500004
22 20 0.600095
22 21 0.810913
22 22 0.584065
22 23 0.712321
22 24 0.542489
22 25 0.566854
22 26 0.652609
23 1 0.732532
23 2 0.976360
23 3 0.926363
23 4 0.712321
23 5 0.735579
23 6 0.999090
23 7 0.551182
23 8 0.817717
23 9 0.746136
23 10 0.645545
23 11 0.844381
23 12 0.745987
23 13 0.767605
23 14 0.985014
23 15 0.873011
23 16 0.720795
23 17 0.926363
23 18 0.871483
23 19 0.500011
23 20 0.941415
23 21 0.991886
23 22 0.712321
23 23 0.999198
23 24 0.758441
23 25 0.749151
23 26 0.931643
24 1 0.557308
24 2 0.751812
24 3 0.618195
24 4 0.542489
24 5 0.557461
24 6 0.787171
24 7 0.523851
24 8 0.591398
24 9 0.560116
24 10 0.535793
24 11 0.589643
24 12 0.574932
24 13 0.571798
24 14 0.729914
24 15 0.619643
24 16 0.562157
24 17 0.618195
24 18 0.602787
24 19 0.500003
24 20 0.620049
24 21 0.728998
24 22 0.542489
24 23 0.758441
24 24 0.567585
24 25 0.564903
25 1 0.615164
25 2 0.897215
25 3 0.681722
25 4 0.566854
25 5 0.616362
25 6 0.968130
25 7 0.546873
25 8 0.604698
25 9 0.578705
25 10 0.536232
25 11 0.694014
25 12 0.629840
25 13 0.645265
25 14 0.887815
25 15 0.682113
25 16 0.659680
25 17 0.681722
25 18 0.680773
25 19 0.500005
25 20 0.636456
25 21 0.857745
25 22 0.566854
25 23 0.749151
25 24 0.564903
25 25 0.625598
26 2 0.993526
26 6 0.999802
26 7 0.605842
26 8 0.725758
26 10 0.576468
26 12 0.774852
26 15 0.855460
26 16 0.824478
26 17 0.850938
26 19 0.500012
26 20 0.758677
26 21 0.984701
26 22 0.652609
26 23 0.931643
26 26 0.943858
