1 26 0.658667
3 17 0.836890
3 26 0.809572
4 22 0.549760
4 26 0.682048
5 26 0.664742
9 26 0.647857
11 26 0.918038
13 26 0.702228
14 26 0.987907
17 3 0.836890
18 26 0.744287
22 4 0.549760
24 26 0.640266
25 26 0.674910
26 1 0.658667
26 3 0.809572
26 4 0.682048
26 5 0.664742
26 9 0.647857
26 11 0.918038
26 13 0.702228
26 14 0.987907
26 18 0.744287
26 24 0.640266
26 25 0.674910
1 1 0.559502
1 2 0.837585
1 3 0.632728
1 4 0.567963
1 5 0.558960
1 6 0.954257
1 7 0.525683
1 8 0.521420
1 9 0.555297
1 10 0.527562
1 11 0.705968
1 12 0.562335
1 13 0.575259
1 14 0.813863
1 15 0.645410
1 16 0.670874
1 17 0.632517
1 18 0.589978
1 19 0.500005
1 20 0.608063
1 21 0.825093
1 22 0.541228
1 23 0.693541
1 24 0.552199
1 25 0.564064
2 1 0.837585
2 2 1.000000
2 3 0.907285
2 4 0.887776
2 5 0.921348
2 6 1.000000
2 7 0.771423
2 8 0.394138
2 9 0.834696
2 10 0.712643
2 11 0.988106
2 12 0.769922
2 13 0.914012
2 14 1.000000
2 15 0.995049
2 16 0.996587
2 17 0.881053
2 18 0.963303
2 19 0.500053
2 20 0.755292
2 21 0.999272
2 22 0.657555
2 23 0.997769
2 24 0.790313
2 25 0.839691
2 26 0.992529
3 1 0.632728
3 2 0.907285
3 3 0.828220
3 4 0.645778
3 5 0.583491
3 6 0.998369
3 7 0.530004
3 8 0.569565
3 9 0.617952
3 10 0.563104
3 11 0.901850
3 12 0.647212
3 13 0.659506
3 14 0.899167
3 15 0.757138
3 16 0.825319
3 18 0.664093
3 19 0.500008
3 20 0.787078
3 21 0.976873
3 22 0.598247
3 23 0.901601
3 24 0.622451
3 25 0.644305
4 1 0.567963
4 2 0.887776
4 3 0.645778
4 4 0.580198
4 5 0.574404
4 6 0.971928
4 7 0.533943
4 8 0.523839
4 9 0.563854
4 10 0.533429
4 11 0.739638
4 12 0.575142
4 13 0.586654
4 14 0.856687
4 15 0.666936
4 16 0.694554
4 17 0.644728
4 18 0.605645
4 19 0.500006
4 20 0.608229
4 21 0.851126
4 23 0.727193
4 24 0.558584
4 25 0.573252
5 1 0.558960
5 2 0.921348
5 3 0.583491
5 4 0.574404
5 5 0.629715
5 6 0.977280
5 7 0.560942
5 8 0.540784
5 9 0.567205
5 10 0.525004
5 11 0.752847
5 12 0.593999
5 13 0.568630
5 14 0.929278
5 15 0.680190
5 16 0.666067
5 17 0.572836
5 18 0.624598
5 19 0.500006
5 20 0.509182
5 21 0.886187
5 22 0.561366
5 23 0.691257
5 24 0.544871
5 25 0.558470
6 1 0.954257
6 2 1.000000
6 3 0.998369
6 4 0.971928
6 5 0.977280
6 6 1.000000
6 7 0.804814
6 8 0.736244
6 9 0.937770
6 10 0.832743
6 11 0.999999
6 12 0.992060
6 13 0.981818
6 14 1.000000
6 15 0.999608
6 16 0.999810
6 17 0.998260
6 18 0.993789
6 19 0.500061
6 20 0.996345
6 21 1.000000
6 22 0.963979
6 23 0.999798
6 24 0.933474
6 25 0.969913
6 26 0.999843
7 1 0.525683
7 2 0.771423
7 3 0.530004
7 4 0.533943
7 5 0.560942
7 6 0.804814
7 7 0.552020
7 8 0.515903
7 9 0.525614
7 10 0.515687
7 11 0.629670
7 12 0.539209
7 13 0.533204
7 14 0.883006
7 15 0.575617
7 16 0.611568
7 17 0.524042
7 18 0.555103
7 19 0.500004
7 20 0.507888
7 21 0.655096
7 22 0.522954
7 23 0.584632
7 24 0.516908
7 25 0.525645
7 26 0.572396
8 1 0.521420
8 2 0.394138
8 3 0.569565
8 4 0.523839
8 5 0.540784
8 6 0.736244
8 7 0.515903
8 8 0.575164
8 9 0.526263
8 10 0.502106
8 11 0.666087
8 12 0.570600
8 13 0.514885
8 14 0.537885
8 15 0.539705
8 16 0.554290
8 17 0.573028
8 18 0.523326
8 19 0.499999
8 20 0.530090
8 21 0.793472
8 22 0.542632
8 23 0.568264
8 24 0.520433
8 25 0.515028
8 26 0.548598
9 1 0.555297
9 2 0.834696
9 3 0.617952
9 4 0.563854
9 5 0.567205
9 6 0.937770
9 7 0.525614
9 8 0.526263
9 9 0.557309
9 10 0.521220
9 11 0.697493
9 12 0.553764
9 13 0.565643
9 14 0.786313
9 15 0.648577
9 16 0.654747
9 17 0.615800
9 18 0.592095
9 19 0.500004
9 20 0.574455
9 21 0.843088
9 22 0.533547
9 23 0.685967
9 24 0.547523
9 25 0.556529
10 1 0.527562
10 2 0.712643
10 3 0.563104
10 4 0.533429
10 5 0.525004
10 6 0.832743
10 7 0.515687
10 8 0.502106
10 9 0.521220
10 10 0.521828
10 11 0.602996
10 12 0.533210
10 13 0.538391
10 14 0.724832
10 15 0.557628
10 16 0.588555
10 17 0.563594
10 18 0.542806
10 19 0.500003
10 20 0.563035
10 21 0.615131
10 22 0.523684
10 23 0.604921
10 24 0.522331
10 25 0.534213
10 26 0.578818
11 1 0.705968
11 2 0.988106
11 3 0.901850
11 4 0.739638
11 5 0.752847
11 6 0.999999
11 7 0.629670
11 8 0.666087
11 9 0.697493
11 10 0.602996
11 11 0.994636
11 12 0.817427
11 13 0.733611
11 14 0.998773
11 15 0.885932
11 16 0.920677
11 17 0.905661
11 18 0.789943
11 19 0.500014
11 20 0.811262
11 21 0.999445
11 22 0.726650
11 23 0.958256
11 24 0.679488
11 25 0.718374
12 1 0.562335
12 2 0.769922
12 3 0.647212
12 4 0.575142
12 5 0.593999
12 6 0.992060
12 7 0.539209
12 8 0.570600
12 9 0.553764
12 10 0.533210
12 11 0.817427
12 12 0.699078
12 13 0.583136
12 14 0.903429
12 15 0.660554
12 16 0.644257
12 17 0.650471
12 18 0.584202
12 19 0.500003
12 20 0.642783
12 21 0.904398
12 22 0.623923
12 23 0.677393
12 24 0.561123
12 25 0.567905
12 26 0.672745
13 1 0.575259
13 2 0.914012
13 3 0.659506
13 4 0.586654
13 5 0.568630
13 6 0.981818
13 7 0.533204
13 8 0.514885
13 9 0.565643
13 10 0.538391
13 11 0.733611
13 12 0.583136
13 13 0.603319
13 14 0.891927
13 15 0.679185
13 16 0.719660
13 17 0.658425
13 18 0.614176
13 19 0.500007
13 20 0.652261
13 21 0.842349
13 22 0.553564
13 23 0.723577
13 24 0.568205
13 25 0.583814
14 1 0.813863
14 2 1.000000
14 3 0.899167
14 4 0.856687
14 5 0.929278
14 6 1.000000
14 7 0.883006
14 8 0.537885
14 9 0.786313
14 10 0.724832
14 11 0.998773
14 12 0.903429
14 13 0.891927
14 14 1.000000
14 15 0.991218
14 16 0.997635
14 17 0.874116
14 18 0.960336
14 19 0.500048
14 20 0.917433
14 21 0.999808
14 22 0.780257
14 23 0.956050
14 24 0.757632
14 25 0.843774
15 1 0.645410
15 2 0.995049
15 3 0.757138
15 4 0.666936
15 5 0.680190
15 6 0.999608
15 7 0.575617
15 8 0.539705
15 9 0.648577
15 10 0.557628
15 11 0.885932
15 12 0.660554
15 13 0.679185
15 14 0.991218
15 15 0.897813
15 16 0.847219
15 17 0.748746
15 18 0.728013
15 19 0.500010
15 20 0.689735
15 21 0.987835
15 22 0.600893
15 23 0.825738
15 24 0.628456
15 25 0.642285
15 26 0.839470
16 1 0.670874
16 2 0.996587
16 3 0.825319
16 4 0.694554
16 5 0.666067
16 6 0.999810
16 7 0.611568
16 8 0.554290
16 9 0.654747
16 10 0.588555
16 11 0.920677
16 12 0.644257
16 13 0.719660
16 14 0.997635
16 15 0.847219
16 16 0.941444
16 17 0.822099
16 18 0.764149
16 19 0.500018
16 20 0.779859
16 21 0.980105
16 22 0.587115
16 23 0.895651
16 24 0.642988
16 25 0.689856
16 26 0.879088
17 1 0.632517
17 2 0.881053
17 4 0.644728
17 5 0.572836
17 6 0.998260
17 7 0.524042
17 8 0.573028
17 9 0.615800
17 10 0.563594
17 11 0.905661
17 12 0.650471
17 13 0.658425
17 14 0.874116
17 15 0.748746
17 16 0.822099
17 17 0.847032
17 18 0.654508
17 19 0.500008
17 20 0.796738
17 21 0.976852
17 22 0.601500
17 23 0.907158
17 24 0.623466
17 25 0.644073
17 26 0.807406
18 1 0.589978
18 2 0.963303
18 3 0.664093
18 4 0.605645
18 5 0.624598
18 6 0.993789
18 7 0.555103
18 8 0.523326
18 9 0.592095
18 10 0.542806
18 11 0.789943
18 12 0.584202
18 13 0.614176
18 14 0.960336
18 15 0.728013
18 16 0.764149
18 17 0.654508
18 18 0.681811
18 19 0.500008
18 20 0.622017
18 21 0.928544
18 22 0.550491
18 23 0.749802
18 24 0.573819
18 25 0.603180
19 1 0.500005
19 2 0.500053
19 3 0.500008
19 4 0.500006
19 5 0.500006
19 6 0.500061
19 7 0.500004
19 8 0.499999
19 9 0.500004
19 10 0.500003
19 11 0.500014
19 12 0.500003
19 13 0.500007
19 14 0.500048
19 15 0.500010
19 16 0.500018
19 17 0.500008
19 18 0.500008
19 19 0.500000
19 20 0.500007
19 21 0.500013
19 22 0.500003
19 23 0.500019
19 24 0.500004
19 25 0.500006
19 26 0.500013
20 1 0.608063
20 2 0.755292
20 3 0.787078
20 4 0.608229
20 5 0.509182
20 6 0.996345
20 7 0.507888
20 8 0.530090
20 9 0.574455
20 10 0.563035
20 11 0.811262
20 12 0.642783
20 13 0.652261
20 14 0.917433
20 15 0.689735
20 16 0.779859
20 17 0.796738
20 18 0.622017
20 19 0.500007
20 20 0.865846
20 21 0.910793
20 22 0.583851
20 23 0.762980
20 24 0.611223
20 25 0.632993
20 26 0.767478
21 1 0.825093
21 2 0.999272
21 3 0.976873
21 4 0.851126
21 5 0.886187
21 6 1.000000
21 7 0.655096
21 8 0.793472
21 9 0.843088
21 10 0.615131
21 11 0.999445
21 12 0.904398
21 13 0.842349
21 14 0.999808
21 15 0.987835
21 16 0.980105
21 17 0.976852
21 18 0.928544
21 19 0.500013
21 20 0.910793
21 21 1.000000
21 22 0.800028
21 23 0.992590
21 24 0.799053
21 25 0.823490
21 26 0.984982
22 1 0.541228
22 2 0.657555
22 3 0.598247
22 5 0.561366
22 6 0.963979
22 7 0.522954
22 8 0.542632
22 9 0.533547
22 10 0.523684
22 11 0.726650
22 12 0.623923
22 13 0.553564
22 14 0.780257
22 15 0.600893
22 16 0.587115
22 17 0.601500
22 18 0.550491
22 19 0.500003
22 20 0.583851
22 21 0.800028
22 22 0.587842
22 23 0.624037
22 24 0.538831
22 25 0.545630
22 26 0.614619
23 1 0.693541
23 2 0.997769
23 3 0.901601
23 4 0.727193
23 5 0.691257
23 6 0.999798
23 7 0.584632
23 8 0.568264
23 9 0.685967
23 10 0.604921
23 11 0.958256
23 12 0.677393
23 13 0.723577
23 14 0.956050
23 15 0.825738
23 16 0.895651
23 17 0.907158
23 18 0.749802
23 19 0.500019
23 20 0.762980
23 21 0.992590
23 22 0.624037
23 23 0.994735
23 24 0.666407
23 25 0.700720
23 26 0.899081
24 1 0.552199
24 2 0.790313
24 3 0.622451
24 4 0.558584
24 5 0.544871
24 6 0.933474
24 7 0.516908
24 8 0.520433
24 9 0.547523
24 10 0.522331
24 11 0.679488
24 12 0.561123
24 13 0.568205
24 14 0.757632
24 15 0.628456
24 16 0.642988
24 17 0.623466
24 18 0.573819
24 19 0.500004
24 20 0.611223
24 21 0.799053
24 22 0.538831
24 23 0.666407
24 24 0.549291
24 25 0.555213
25 1 0.564064
25 2 0.839691
25 3 0.644305
25 4 0.573252
25 5 0.558470
25 6 0.969913
25 7 0.525645
25 8 0.515028
25 9 0.556529
25 10 0.534213
25 11 0.718374
25 12 0.567905
25 13 0.583814
25 14 0.843774
25 15 0.642285
25 16 0.689856
25 17 0.644073
25 18 0.603180
25 19 0.500006
25 20 0.632993
25 21 0.823490
25 22 0.545630
25 23 0.700720
25 24 0.555213
25 25 0.576570
26 2 0.992529
26 6 0.999843
26 7 0.572396
26 8 0.548598
26 10 0.578818
26 12 0.672745
26 15 0.839470
26 16 0.879088
26 17 0.807406
26 19 0.500013
26 20 0.767478
26 21 0.984982
26 22 0.614619
26 23 0.899081
26 26 0.864698
