1 26 0.600990
3 17 0.923316
3 26 0.981024
4 22 0.608213
4 26 0.891114
5 26 0.894318
9 26 0.749390
11 26 0.937568
13 26 0.904834
14 26 0.994980
17 3 0.923316
18 26 0.966326
22 4 0.608213
24 26 0.688696
25 26 0.896732
26 1 0.600990
26 3 0.981024
26 4 0.891114
26 5 0.894318
26 9 0.749390
26 11 0.937568
26 13 0.904834
26 14 0.994980
26 18 0.966326
26 24 0.688696
26 25 0.896732
1 1 0.514068
1 2 0.730802
1 3 0.576088
1 4 0.537063
1 5 0.537007
1 6 0.585824
1 7 0.510029
1 8 0.528379
1 9 0.527960
1 10 0.513820
1 11 0.548023
1 12 0.524979
1 13 0.536013
1 14 0.594443
1 15 0.593138
1 16 0.609276
1 17 0.566429
1 18 0.556192
1 19 0.500001
1 20 0.571446
1 21 0.691912
1 22 0.518186
1 23 0.632372
1 24 0.508973
1 25 0.538563
2 1 0.730802
2 2 1.000000
2 3 0.999903
2 4 0.991022
2 5 0.992399
2 6 0.999995
2 7 0.644627
2 8 0.993385
2 9 0.932099
2 10 0.720249
2 11 0.997615
2 12 0.982985
2 13 0.993899
2 14 0.999988
2 15 0.999926
2 16 0.999998
2 17 0.999566
2 18 0.999613
2 19 0.500014
2 20 0.999449
2 21 1.000000
2 22 0.941801
2 23 1.000000
2 24 0.863376
2 25 0.993106
2 26 0.999997
3 1 0.576088
3 2 0.999903
3 3 0.950704
3 4 0.814806
3 5 0.819454
3 6 0.977181
3 7 0.548177
3 8 0.823405
3 9 0.690115
3 10 0.563375
3 11 0.875867
3 12 0.793146
3 13 0.829383
3 14 0.972968
3 15 0.951548
3 16 0.979544
3 18 0.916539
3 19 0.500005
3 20 0.913312
3 21 0.998767
3 22 0.697865
3 23 0.995825
3 24 0.628978
3 25 0.825434
4 1 0.537063
4 2 0.991022
4 3 0.814806
4 4 0.689021
4 5 0.690817
4 6 0.886048
4 7 0.524447
4 8 0.674452
4 9 0.598946
4 10 0.531104
4 11 0.734600
4 12 0.676369
4 13 0.700328
4 14 0.880247
4 15 0.821946
4 16 0.888899
4 17 0.770560
4 18 0.777734
4 19 0.500001
4 20 0.789463
4 21 0.975833
4 23 0.956249
4 24 0.572699
4 25 0.692119
5 1 0.537007
5 2 0.992399
5 3 0.819454
5 4 0.690817
5 5 0.695215
5 6 0.885150
5 7 0.525297
5 8 0.681688
5 9 0.600200
5 10 0.531050
5 11 0.736501
5 12 0.681916
5 13 0.703981
5 14 0.880913
5 15 0.830770
5 16 0.888955
5 17 0.775481
5 18 0.784178
5 19 0.500001
5 20 0.788404
5 21 0.976404
5 22 0.611354
5 23 0.956992
5 24 0.579744
5 25 0.696148
6 1 0.585824
6 2 0.999995
6 3 0.977181
6 4 0.886048
6 5 0.885150
6 6 0.999956
6 7 0.549265
6 8 0.911908
6 9 0.692763
6 10 0.621206
6 11 0.935892
6 12 0.887561
6 13 0.897201
6 14 0.992247
6 15 0.977271
6 16 0.996257
6 17 0.955051
6 18 0.955991
6 19 0.499997
6 20 0.969811
6 21 0.999755
6 22 0.805992
6 23 0.999971
6 24 0.608625
6 25 0.881849
6 26 0.994387
7 1 0.510029
7 2 0.644627
7 3 0.548177
7 4 0.524447
7 5 0.525297
7 6 0.549265
7 7 0.516446
7 8 0.514958
7 9 0.513140
7 10 0.515593
7 11 0.530505
7 12 0.537649
7 13 0.520802
7 14 0.562231
7 15 0.574575
7 16 0.584568
7 17 0.541398
7 18 0.537373
7 19 0.500001
7 20 0.584906
7 21 0.641352
7 22 0.514239
7 23 0.610008
7 24 0.515097
7 25 0.525916
7 26 0.565259
8 1 0.528379
8 2 0.993385
8 3 0.823405
8 4 0.674452
8 5 0.681688
8 6 0.911908
8 7 0.514958
8 8 0.805231
8 9 0.603128
8 10 0.524419
8 11 0.729479
8 12 0.698491
8 13 0.691955
8 14 0.850962
8 15 0.785958
8 16 0.878469
8 17 0.787031
8 18 0.768432
8 19 0.500002
8 20 0.772912
8 21 0.943541
8 22 0.631064
8 23 0.945731
8 24 0.612275
8 25 0.689400
8 26 0.875260
9 1 0.527960
9 2 0.932099
9 3 0.690115
9 4 0.598946
9 5 0.600200
9 6 0.692763
9 7 0.513140
9 8 0.603128
9 9 0.581628
9 10 0.519639
9 11 0.620759
9 12 0.562774
9 13 0.603270
9 14 0.744703
9 15 0.719575
9 16 0.754952
9 17 0.664327
9 18 0.644897
9 19 0.500002
9 20 0.665880
9 21 0.881027
9 22 0.558541
9 23 0.805543
9 24 0.544115
9 25 0.601147
10 1 0.513820
10 2 0.720249
10 3 0.563375
10 4 0.531104
10 5 0.531050
10 6 0.621206
10 7 0.515593
10 8 0.524419
10 9 0.519639
10 10 0.523320
10 11 0.538030
10 12 0.533415
10 13 0.527072
10 14 0.572560
10 15 0.586264
10 16 0.621550
10 17 0.556367
10 18 0.547066
10 19 0.500001
10 20 0.593249
10 21 0.683464
10 22 0.523071
10 23 0.676153
10 24 0.508469
10 25 0.531212
10 26 0.582061
11 1 0.548023
11 2 0.997615
11 3 0.875867
11 4 0.734600
11 5 0.736501
11 6 0.935892
11 7 0.530505
11 8 0.729479
11 9 0.620759
11 10 0.538030
11 11 0.797462
11 12 0.723317
11 13 0.747904
11 14 0.925249
11 15 0.864890
11 16 0.933006
11 17 0.834256
11 18 0.832227
11 19 0.500002
11 20 0.830958
11 21 0.989774
11 22 0.633616
11 23 0.978046
11 24 0.583001
11 25 0.741130
12 1 0.524979
12 2 0.982985
12 3 0.793146
12 4 0.676369
12 5 0.681916
12 6 0.887561
12 7 0.537649
12 8 0.698491
12 9 0.562774
12 10 0.533415
12 11 0.723317
12 12 0.747344
12 13 0.686971
12 14 0.867371
12 15 0.783731
12 16 0.860645
12 17 0.743649
12 18 0.760515
12 19 0.500000
12 20 0.834447
12 21 0.962140
12 22 0.614186
12 23 0.959510
12 24 0.601276
12 25 0.681352
12 26 0.869488
13 1 0.536013
13 2 0.993899
13 3 0.829383
13 4 0.700328
13 5 0.703981
13 6 0.897201
13 7 0.520802
13 8 0.691955
13 9 0.603270
13 10 0.527072
13 11 0.747904
13 12 0.686971
13 13 0.715887
13 14 0.892812
13 15 0.833337
13 16 0.896268
13 17 0.783608
13 18 0.797103
13 19 0.500001
13 20 0.789327
13 21 0.979774
13 22 0.615893
13 23 0.961804
13 24 0.580057
13 25 0.705349
14 1 0.594443
14 2 0.999988
14 3 0.972968
14 4 0.880247
14 5 0.880913
14 6 0.992247
14 7 0.562231
14 8 0.850962
14 9 0.744703
14 10 0.572560
14 11 0.925249
14 12 0.867371
14 13 0.892812
14 14 0.995111
14 15 0.977768
14 16 0.993868
14 17 0.946863
14 18 0.952504
14 19 0.500000
14 20 0.971128
14 21 0.999926
14 22 0.747419
14 23 0.999532
14 24 0.686185
14 25 0.880574
15 1 0.593138
15 2 0.999926
15 3 0.951548
15 4 0.821946
15 5 0.830770
15 6 0.977271
15 7 0.574575
15 8 0.785958
15 9 0.719575
15 10 0.586264
15 11 0.864890
15 12 0.783731
15 13 0.833337
15 14 0.977768
15 15 0.983378
15 16 0.984106
15 17 0.923649
15 18 0.930071
15 19 0.500007
15 20 0.924286
15 21 0.999189
15 22 0.697572
15 23 0.994926
15 24 0.650704
15 25 0.832635
15 26 0.984358
16 1 0.609276
16 2 0.999998
16 3 0.979544
16 4 0.888899
16 5 0.888955
16 6 0.996257
16 7 0.584568
16 8 0.878469
16 9 0.754952
16 10 0.621550
16 11 0.933006
16 12 0.860645
16 13 0.896268
16 14 0.993868
16 15 0.984106
16 16 0.998704
16 17 0.962281
16 18 0.963190
16 19 0.500003
16 20 0.976072
16 21 0.999967
16 22 0.777447
16 23 0.999836
16 24 0.704604
16 25 0.889806
16 26 0.996344
17 1 0.566429
17 2 0.999566
17 4 0.770560
17 5 0.775481
17 6 0.955051
17 7 0.541398
17 8 0.787031
17 9 0.664327
17 10 0.556367
17 11 0.834256
17 12 0.743649
17 13 0.783608
17 14 0.946863
17 15 0.923649
17 16 0.962281
17 17 0.893059
17 18 0.877368
17 19 0.500005
17 20 0.866788
17 21 0.995734
17 22 0.666795
17 23 0.988027
17 24 0.604306
17 25 0.782598
17 26 0.962591
18 1 0.556192
18 2 0.999613
18 3 0.916539
18 4 0.777734
18 5 0.784178
18 6 0.955991
18 7 0.537373
18 8 0.768432
18 9 0.644897
18 10 0.547066
18 11 0.832227
18 12 0.760515
18 13 0.797103
18 14 0.952504
18 15 0.930071
18 16 0.963190
18 17 0.877368
18 18 0.899274
18 19 0.500004
18 20 0.868663
18 21 0.996793
18 22 0.659702
18 23 0.988285
18 24 0.614921
18 25 0.790058
19 1 0.500001
19 2 0.500014
19 3 0.500005
19 4 0.500001
19 5 0.500001
19 6 0.499997
19 7 0.500001
19 8 0.500002
19 9 0.500002
19 10 0.500001
19 11 0.500002
19 12 0.500000
19 13 0.500001
19 14 0.500000
19 15 0.500007
19 16 0.500003
19 17 0.500005
19 18 0.500004
19 19 0.500000
19 20 0.499999
19 21 0.500003
19 22 0.500000
19 23 0.499995
19 24 0.500000
19 25 0.500002
19 26 0.500004
20 1 0.571446
20 2 0.999449
20 3 0.913312
20 4 0.789463
20 5 0.788404
20 6 0.969811
20 7 0.584906
20 8 0.772912
20 9 0.665880
20 10 0.593249
20 11 0.830958
20 12 0.834447
20 13 0.789327
20 14 0.971128
20 15 0.924286
20 16 0.976072
20 17 0.866788
20 18 0.868663
20 19 0.499999
20 20 0.978019
20 21 0.998967
20 22 0.704994
20 23 0.998527
20 24 0.671626
20 25 0.785295
20 26 0.964560
21 1 0.691912
21 2 1.000000
21 3 0.998767
21 4 0.975833
21 5 0.976404
21 6 0.999755
21 7 0.641352
21 8 0.943541
21 9 0.881027
21 10 0.683464
21 11 0.989774
21 12 0.962140
21 13 0.979774
21 14 0.999926
21 15 0.999189
21 16 0.999967
21 17 0.995734
21 18 0.996793
21 19 0.500003
21 20 0.998967
21 21 1.000000
21 22 0.879807
21 23 1.000000
21 24 0.800531
21 25 0.976468
21 26 0.999947
22 1 0.518186
22 2 0.941801
22 3 0.697865
22 5 0.611354
22 6 0.805992
22 7 0.514239
22 8 0.631064
22 9 0.558541
22 10 0.523071
22 11 0.633616
22 12 0.614186
22 13 0.615893
22 14 0.747419
22 15 0.697572
22 16 0.777447
22 17 0.666795
22 18 0.659702
22 19 0.500000
22 20 0.704994
22 21 0.879807
22 22 0.584248
22 23 0.894985
22 24 0.554972
22 25 0.608881
22 26 0.758075
23 1 0.632372
23 2 1.000000
23 3 0.995825
23 4 0.956249
23 5 0.956992
23 6 0.999971
23 7 0.610008
23 8 0.945731
23 9 0.805543
23 10 0.676153
23 11 0.978046
23 12 0.959510
23 13 0.961804
23 14 0.999532
23 15 0.994926
23 16 0.999836
23 17 0.988027
23 18 0.988285
23 19 0.499995
23 20 0.998527
23 21 1.000000
23 22 0.894985
23 23 1.000000
23 24 0.768912
23 25 0.952287
23 26 0.999590
24 1 0.508973
24 2 0.863376
24 3 0.628978
24 4 0.572699
24 5 0.579744
24 6 0.608625
24 7 0.515097
24 8 0.612275
24 9 0.544115
24 10 0.508469
24 11 0.583001
24 12 0.601276
24 13 0.580057
24 14 0.686185
24 15 0.650704
24 16 0.704604
24 17 0.604306
24 18 0.614921
24 19 0.500000
24 20 0.671626
24 21 0.800531
24 22 0.554972
24 23 0.768912
24 24 0.583365
24 25 0.576382
25 1 0.538563
25 2 0.993106
25 3 0.825434
25 4 0.692119
25 5 0.696148
25 6 0.881849
25 7 0.525916
25 8 0.689400
25 9 0.601147
25 10 0.531212
25 11 0.741130
25 12 0.681352
25 13 0.705349
25 14 0.880574
25 15 0.832635
25 16 0.889806
25 17 0.782598
25 18 0.790058
25 19 0.500002
25 20 0.785295
25 21 0.976468
25 22 0.608881
25 23 0.952287
25 24 0.576382
25 25 0.699903
26 2 0.999997
26 6 0.994387
26 7 0.565259
26 8 0.875260
26 10 0.582061
26 12 0.869488
26 15 0.984358
26 16 0.996344
26 17 0.962591
26 19 0.500004
26 20 0.964560
26 21 0.999947
26 22 0.758075
26 23 0.999590
26 26 0.996509
