1 26 0.809914
3 17 0.995930
3 26 0.971881
4 22 0.533049
4 26 0.619536
5 26 0.793946
9 26 0.799451
11 26 0.869674
13 26 0.834260
14 26 0.979214
17 3 0.995930
18 26 0.951056
22 4 0.533049
24 26 0.846619
25 26 0.587609
26 1 0.809914
26 3 0.971881
26 4 0.619536
26 5 0.793946
26 9 0.799451
26 11 0.869674
26 13 0.834260
26 14 0.979214
26 18 0.951056
26 24 0.846619
26 25 0.587609
1 1 0.641261
1 2 0.965166
1 3 0.799836
1 4 0.545857
1 5 0.631639
1 6 0.966652
1 7 0.532670
1 8 0.626298
1 9 0.639534
1 10 0.531857
1 11 0.672505
1 12 0.553605
1 13 0.656551
1 14 0.825624
1 15 0.635260
1 16 0.718325
1 17 0.799836
1 18 0.763899
1 19 0.500003
1 20 0.837742
1 21 0.779115
1 22 0.545857
1 23 0.710334
1 24 0.665696
1 25 0.532644
2 1 0.965166
2 2 1.000000
2 3 0.997562
2 4 0.614152
2 5 0.958066
2 6 1.000000
2 7 0.834285
2 8 0.959983
2 9 0.970231
2 10 0.769318
2 11 0.991481
2 12 0.692743
2 13 0.977996
2 14 0.999057
2 15 0.883984
2 16 0.997298
2 17 0.997562
2 18 0.998104
2 19 0.500012
2 20 0.999991
2 21 0.941024
2 22 0.614152
2 23 0.345238
2 24 0.977930
2 25 0.798320
2 26 0.999750
3 1 0.799836
3 2 0.997562
3 3 0.995930
3 4 0.656183
3 5 0.792430
3 6 0.999968
3 7 0.647709
3 8 0.868201
3 9 0.821449
3 10 0.597755
3 11 0.851430
3 12 0.754243
3 13 0.810479
3 14 0.984427
3 15 0.902501
3 16 0.989864
3 18 0.934376
3 19 0.500009
3 20 0.974181
3 21 0.998041
3 22 0.656183
3 23 0.999714
3 24 0.856511
3 25 0.511809
4 1 0.545857
4 2 0.614152
4 3 0.656183
4 4 0.533049
4 5 0.542509
4 6 0.869925
4 7 0.513190
4 8 0.556529
4 9 0.549266
4 10 0.508772
4 11 0.565968
4 12 0.550307
4 13 0.549704
4 14 0.640412
4 15 0.578573
4 16 0.602975
4 17 0.656183
4 18 0.591508
4 19 0.500001
4 20 0.614352
4 21 0.706371
4 23 0.732956
4 24 0.558810
4 25 0.504921
5 1 0.631639
5 2 0.958066
5 3 0.792430
5 4 0.542509
5 5 0.623656
5 6 0.959264
5 7 0.534855
5 8 0.623513
5 9 0.636186
5 10 0.530382
5 11 0.662685
5 12 0.556407
5 13 0.646178
5 14 0.810611
5 15 0.631579
5 16 0.718520
5 17 0.792430
5 18 0.746054
5 19 0.500003
5 20 0.823427
5 21 0.762466
5 22 0.542509
5 23 0.719758
5 24 0.655843
5 25 0.529717
6 1 0.966652
6 2 1.000000
6 3 0.999968
6 4 0.869925
6 5 0.959264
6 6 1.000000
6 7 0.794468
6 8 0.987126
6 9 0.934421
6 10 0.724009
6 11 0.996098
6 12 0.978515
6 13 0.976158
6 14 0.999945
6 15 0.995592
6 16 0.999384
6 17 0.999968
6 18 0.998518
6 19 0.500018
6 20 0.999842
6 21 0.999998
6 22 0.869925
6 23 0.999998
6 24 0.984814
6 25 0.584003
6 26 0.999884
7 1 0.532670
7 2 0.834285
7 3 0.647709
7 4 0.513190
7 5 0.534855
7 6 0.794468
7 7 0.550364
7 8 0.571693
7 9 0.559943
7 10 0.520250
7 11 0.555681
7 12 0.559487
7 13 0.536314
7 14 0.583794
7 15 0.593418
7 16 0.684975
7 17 0.647709
7 18 0.541172
7 19 0.500001
7 20 0.626883
7 21 0.620200
7 22 0.513190
7 23 0.706174
7 24 0.545041
7 25 0.502401
7 26 0.585221
8 1 0.626298
8 2 0.959983
8 3 0.868201
8 4 0.556529
8 5 0.623513
8 6 0.987126
8 7 0.571693
8 8 0.730077
8 9 0.640164
8 10 0.546386
8 11 0.695192
8 12 0.644849
8 13 0.637058
8 14 0.823337
8 15 0.660436
8 16 0.827431
8 17 0.868201
8 18 0.735132
8 19 0.500003
8 20 0.787376
8 21 0.934731
8 22 0.556529
8 23 0.922985
8 24 0.653856
8 25 0.526103
8 26 0.799597
9 1 0.639534
9 2 0.970231
9 3 0.821449
9 4 0.549266
9 5 0.636186
9 6 0.934421
9 7 0.559943
9 8 0.640164
9 9 0.781254
9 10 0.506979
9 11 0.652988
9 12 0.608021
9 13 0.659210
9 14 0.862234
9 15 0.652051
9 16 0.697107
9 17 0.821449
9 18 0.722557
9 19 0.500005
9 20 0.844084
9 21 0.648375
9 22 0.549266
9 23 0.717588
9 24 0.683320
9 25 0.533721
10 1 0.531857
10 2 0.769318
10 3 0.597755
10 4 0.508772
10 5 0.530382
10 6 0.724009
10 7 0.520250
10 8 0.546386
10 9 0.506979
10 10 0.522672
10 11 0.554150
10 12 0.511752
10 13 0.534455
10 14 0.551376
10 15 0.548013
10 16 0.622245
10 17 0.597755
10 18 0.565472
10 19 0.500001
10 20 0.602743
10 21 0.598477
10 22 0.508772
10 23 0.614572
10 24 0.533114
10 25 0.510840
10 26 0.584667
11 1 0.672505
11 2 0.991481
11 3 0.851430
11 4 0.565968
11 5 0.662685
11 6 0.996098
11 7 0.555681
11 8 0.695192
11 9 0.652988
11 10 0.554150
11 11 0.758142
11 12 0.614461
11 13 0.691929
11 14 0.862196
11 15 0.661015
11 16 0.761670
11 17 0.851430
11 18 0.809367
11 19 0.500003
11 20 0.873157
11 21 0.852661
11 22 0.565968
11 23 0.759411
11 24 0.696765
11 25 0.555770
12 1 0.553605
12 2 0.692743
12 3 0.754243
12 4 0.550307
12 5 0.556407
12 6 0.978515
12 7 0.559487
12 8 0.644849
12 9 0.608021
12 10 0.511752
12 11 0.614461
12 12 0.716811
12 13 0.563570
12 14 0.700812
12 15 0.611322
12 16 0.673763
12 17 0.754243
12 18 0.603998
12 19 0.500004
12 20 0.641784
12 21 0.884911
12 22 0.550307
12 23 0.836569
12 24 0.578541
12 25 0.505077
12 26 0.663634
13 1 0.656551
13 2 0.977996
13 3 0.810479
13 4 0.549704
13 5 0.646178
13 6 0.976158
13 7 0.536314
13 8 0.637058
13 9 0.659210
13 10 0.534455
13 11 0.691929
13 12 0.563570
13 13 0.675887
13 14 0.847982
13 15 0.644671
13 16 0.719966
13 17 0.810479
13 18 0.789152
13 19 0.500003
13 20 0.868668
13 21 0.770932
13 22 0.549704
13 23 0.662115
13 24 0.682035
13 25 0.541485
14 1 0.825624
14 2 0.999057
14 3 0.984427
14 4 0.640412
14 5 0.810611
14 6 0.999945
14 7 0.583794
14 8 0.823337
14 9 0.862234
14 10 0.551376
14 11 0.862196
14 12 0.700812
14 13 0.847982
14 14 0.991948
14 15 0.833844
14 16 0.920599
14 17 0.984427
14 18 0.954166
14 19 0.500008
14 20 0.982076
14 21 0.985545
14 22 0.640412
14 23 0.973269
14 24 0.875635
14 25 0.544588
15 1 0.635260
15 2 0.883984
15 3 0.902501
15 4 0.578573
15 5 0.631579
15 6 0.995592
15 7 0.593418
15 8 0.660436
15 9 0.652051
15 10 0.548013
15 11 0.661015
15 12 0.611322
15 13 0.644671
15 14 0.833844
15 15 0.858324
15 16 0.914817
15 17 0.902501
15 18 0.707887
15 19 0.500005
15 20 0.861998
15 21 0.876490
15 22 0.578573
15 23 0.972087
15 24 0.671715
15 25 0.488322
15 26 0.796266
16 1 0.718325
16 2 0.997298
16 3 0.989864
16 4 0.602975
16 5 0.718520
16 6 0.999384
16 7 0.684975
16 8 0.827431
16 9 0.697107
16 10 0.622245
16 11 0.761670
16 12 0.673763
16 13 0.719966
16 14 0.920599
16 15 0.914817
16 16 0.995042
16 17 0.989864
16 18 0.842038
16 19 0.500008
16 20 0.960571
16 21 0.991700
16 22 0.602975
16 23 0.999735
16 24 0.772523
16 25 0.482796
16 26 0.914390
17 1 0.799836
17 2 0.997562
17 4 0.656183
17 5 0.792430
17 6 0.999968
17 7 0.647709
17 8 0.868201
17 9 0.821449
17 10 0.597755
17 11 0.851430
17 12 0.754243
17 13 0.810479
17 14 0.984427
17 15 0.902501
17 16 0.989864
17 17 0.995930
17 18 0.934376
17 19 0.500009
17 20 0.974181
17 21 0.998041
17 22 0.656183
17 23 0.999714
17 24 0.856511
17 25 0.511809
17 26 0.971881
18 1 0.763899
18 2 0.998104
18 3 0.934376
18 4 0.591508
18 5 0.746054
18 6 0.998518
18 7 0.541172
18 8 0.735132
18 9 0.722557
18 10 0.565472
18 11 0.809367
18 12 0.603998
18 13 0.789152
18 14 0.954166
18 15 0.707887
18 16 0.842038
18 17 0.934376
18 18 0.929695
18 19 0.500007
18 20 0.964678
18 21 0.949448
18 22 0.591508
18 23 0.805464
18 24 0.793886
18 25 0.580729
19 1 0.500003
19 2 0.500012
19 3 0.500009
19 4 0.500001
19 5 0.500003
19 6 0.500018
19 7 0.500001
19 8 0.500003
19 9 0.500005
19 10 0.500001
19 11 0.500003
19 12 0.500004
19 13 0.500003
19 14 0.500008
19 15 0.500005
19 16 0.500008
19 17 0.500009
19 18 0.500007
19 19 0.500000
19 20 0.500010
19 21 0.500011
19 22 0.500001
19 23 0.500010
19 24 0.500004
19 25 0.500000
19 26 0.500008
20 1 0.837742
20 2 0.999991
20 3 0.974181
20 4 0.614352
20 5 0.823427
20 6 0.999842
20 7 0.626883
20 8 0.787376
20 9 0.844084
20 10 0.602743
20 11 0.873157
20 12 0.641784
20 13 0.868668
20 14 0.982076
20 15 0.861998
20 16 0.960571
20 17 0.974181
20 18 0.964678
20 19 0.500010
20 20 0.998331
20 21 0.890595
20 22 0.614352
20 23 0.900673
20 24 0.877258
20 25 0.608441
20 26 0.981675
21 1 0.779115
21 2 0.941024
21 3 0.998041
21 4 0.706371
21 5 0.762466
21 6 0.999998
21 7 0.620200
21 8 0.934731
21 9 0.648375
21 10 0.598477
21 11 0.852661
21 12 0.884911
21 13 0.770932
21 14 0.985545
21 15 0.876490
21 16 0.991700
21 17 0.998041
21 18 0.949448
21 19 0.500011
21 20 0.890595
21 21 1.000000
21 22 0.706371
21 23 0.999995
21 24 0.821722
21 25 0.508680
21 26 0.972283
22 1 0.545857
22 2 0.614152
22 3 0.656183
22 5 0.542509
22 6 0.869925
22 7 0.513190
22 8 0.556529
22 9 0.549266
22 10 0.508772
22 11 0.565968
22 12 0.550307
22 13 0.549704
22 14 0.640412
22 15 0.578573
22 16 0.602975
22 17 0.656183
22 18 0.591508
22 19 0.500001
22 20 0.614352
22 21 0.706371
22 22 0.533049
22 23 0.732956
22 24 0.558810
22 25 0.504921
22 26 0.619536
23 1 0.710334
23 2 0.345238
23 3 0.999714
23 4 0.732956
23 5 0.719758
23 6 0.999998
23 7 0.706174
23 8 0.922985
23 9 0.717588
23 10 0.614572
23 11 0.759411
23 12 0.836569
23 13 0.662115
23 14 0.973269
23 15 0.972087
23 16 0.999735
23 17 0.999714
23 18 0.805464
23 19 0.500010
23 20 0.900673
23 21 0.999995
23 22 0.732956
23 23 1.000000
23 24 0.817871
23 25 0.346850
23 26 0.923620
24 1 0.665696
24 2 0.977930
24 3 0.856511
24 4 0.558810
24 5 0.655843
24 6 0.984814
24 7 0.545041
24 8 0.653856
24 9 0.683320
24 10 0.533114
24 11 0.696765
24 12 0.578541
24 13 0.682035
24 14 0.875635
24 15 0.671715
24 16 0.772523
24 17 0.856511
24 18 0.793886
24 19 0.500004
24 20 0.877258
24 21 0.821722
24 22 0.558810
24 23 0.817871
24 24 0.701204
24 25 0.527179
25 1 0.532644
25 2 0.798320
25 3 0.511809
25 4 0.504921
25 5 0.529717
25 6 0.584003
25 7 0.502401
25 8 0.526103
25 9 0.533721
25 10 0.510840
25 11 0.555770
25 12 0.505077
25 13 0.541485
25 14 0.544588
25 15 0.488322
25 16 0.482796
25 17 0.511809
25 18 0.580729
25 19 0.500000
25 20 0.608441
25 21 0.508680
25 22 0.504921
25 23 0.346850
25 24 0.527179
25 25 0.537760
26 2 0.999750
26 6 0.999884
26 7 0.585221
26 8 0.799597
26 10 0.584667
26 12 0.663634
26 15 0.796266
26 16 0.914390
26 17 0.971881
26 19 0.500008
26 20 0.981675
26 21 0.972283
26 22 0.619536
26 23 0.923620
26 26 0.975524
