1 26 0.567932
3 17 0.839556
3 26 0.651392
4 22 0.493005
4 26 0.510700
5 26 0.567533
9 26 0.576322
11 26 0.584277
13 26 0.580031
14 26 0.917093
17 3 0.839556
18 26 0.672214
22 4 0.493005
24 26 0.564120
25 26 0.577331
26 1 0.567932
26 3 0.651392
26 4 0.510700
26 5 0.567533
26 9 0.576322
26 11 0.584277
26 13 0.580031
26 14 0.917093
26 18 0.672214
26 24 0.564120
26 25 0.577331
1 1 0.526243
1 2 0.611320
1 3 0.549867
1 4 0.502845
1 5 0.526104
1 6 0.664941
1 7 0.508771
1 8 0.541873
1 9 0.529318
1 10 0.510135
1 11 0.532124
1 12 0.513838
1 13 0.529958
1 14 0.695607
1 15 0.477154
1 16 0.601394
1 17 0.549867
1 18 0.568689
1 19 0.500001
1 20 0.572058
1 21 0.651491
1 22 0.516082
1 23 0.650845
1 24 0.525297
1 25 0.529085
2 1 0.611320
2 2 0.999969
2 3 0.768251
2 4 0.581407
2 5 0.609926
2 6 0.995232
2 7 0.584795
2 8 0.685515
2 9 0.631655
2 10 0.681302
2 11 0.580240
2 12 0.587463
2 13 0.620490
2 14 0.999994
2 15 0.846908
2 16 0.955234
2 17 0.768251
2 18 0.751416
2 19 0.500009
2 20 0.816715
2 21 0.698531
2 22 0.439560
2 23 0.927089
2 24 0.625312
2 25 0.600090
2 26 0.772255
3 1 0.549867
3 2 0.768251
3 3 0.839556
3 4 0.526489
3 5 0.554235
3 6 0.964089
3 7 0.540447
3 8 0.582580
3 9 0.568097
3 10 0.558158
3 11 0.582507
3 12 0.585513
3 13 0.573285
3 14 0.996565
3 15 0.690496
3 16 0.804394
3 18 0.633296
3 19 0.500005
3 20 0.747815
3 21 0.934781
3 22 0.565704
3 23 0.930361
3 24 0.575511
3 25 0.567433
4 1 0.502845
4 2 0.581407
4 3 0.526489
4 4 0.509845
4 5 0.503092
4 6 0.545867
4 7 0.503885
4 8 0.491675
4 9 0.503530
4 10 0.506502
4 11 0.504348
4 12 0.496751
4 13 0.504575
4 14 0.619308
4 15 0.524880
4 16 0.535597
4 17 0.526489
4 18 0.510833
4 19 0.500001
4 20 0.498196
4 21 0.531050
4 23 0.540545
4 24 0.500859
4 25 0.503240
5 1 0.526104
5 2 0.609926
5 3 0.554235
5 4 0.503092
5 5 0.528509
5 6 0.643433
5 7 0.506977
5 8 0.539924
5 9 0.530275
5 10 0.508367
5 11 0.533352
5 12 0.518176
5 13 0.529212
5 14 0.734592
5 15 0.494806
5 16 0.608191
5 17 0.554235
5 18 0.562758
5 19 0.500000
5 20 0.573675
5 21 0.678971
5 22 0.516647
5 23 0.659612
5 24 0.520359
5 25 0.528275
6 1 0.664941
6 2 0.995232
6 3 0.964089
6 4 0.545867
6 5 0.643433
6 6 0.999988
6 7 0.607119
6 8 0.839206
6 9 0.695041
6 10 0.690442
6 11 0.708239
6 12 0.641032
6 13 0.707182
6 14 1.000000
6 15 0.641444
6 16 0.968957
6 17 0.964089
6 18 0.886250
6 19 0.500015
6 20 0.970079
6 21 0.989721
6 22 0.688938
6 23 0.997179
6 24 0.786756
6 25 0.697235
6 26 0.874661
7 1 0.508771
7 2 0.584795
7 3 0.540447
7 4 0.503885
7 5 0.506977
7 6 0.607119
7 7 0.511553
7 8 0.512089
7 9 0.510486
7 10 0.510962
7 11 0.509134
7 12 0.517955
7 13 0.514438
7 14 0.595303
7 15 0.515516
7 16 0.549927
7 17 0.540447
7 18 0.530036
7 19 0.500000
7 20 0.528858
7 21 0.545228
7 22 0.502464
7 23 0.562190
7 24 0.512830
7 25 0.512146
7 26 0.526584
8 1 0.541873
8 2 0.685515
8 3 0.582580
8 4 0.491675
8 5 0.539924
8 6 0.839206
8 7 0.512089
8 8 0.652722
8 9 0.552042
8 10 0.526079
8 11 0.550870
8 12 0.549112
8 13 0.543162
8 14 0.918465
8 15 0.525230
8 16 0.672036
8 17 0.582580
8 18 0.608237
8 19 0.500001
8 20 0.754720
8 21 0.707354
8 22 0.545199
8 23 0.737417
8 24 0.569585
8 25 0.543271
8 26 0.600883
9 1 0.529318
9 2 0.631655
9 3 0.568097
9 4 0.503530
9 5 0.530275
9 6 0.695041
9 7 0.510486
9 8 0.552042
9 9 0.535737
9 10 0.513789
9 11 0.534819
9 12 0.525849
9 13 0.533785
9 14 0.801426
9 15 0.512562
9 16 0.639132
9 17 0.568097
9 18 0.574269
9 19 0.500000
9 20 0.608897
9 21 0.698216
9 22 0.516794
9 23 0.691023
9 24 0.524907
9 25 0.532716
10 1 0.510135
10 2 0.681302
10 3 0.558158
10 4 0.506502
10 5 0.508367
10 6 0.690442
10 7 0.510962
10 8 0.526079
10 9 0.513789
10 10 0.523101
10 11 0.509057
10 12 0.518564
10 13 0.514759
10 14 0.824106
10 15 0.548711
10 16 0.574417
10 17 0.558158
10 18 0.530101
10 19 0.500001
10 20 0.571736
10 21 0.547241
10 22 0.507999
10 23 0.608047
10 24 0.518018
10 25 0.511928
10 26 0.530768
11 1 0.532124
11 2 0.580240
11 3 0.582507
11 4 0.504348
11 5 0.533352
11 6 0.708239
11 7 0.509134
11 8 0.550870
11 9 0.534819
11 10 0.509057
11 11 0.548322
11 12 0.513702
11 13 0.537147
11 14 0.708702
11 15 0.453887
11 16 0.601111
11 17 0.582507
11 18 0.582192
11 19 0.500001
11 20 0.577794
11 21 0.710793
11 22 0.532311
11 23 0.693316
11 24 0.537910
11 25 0.535752
12 1 0.513838
12 2 0.587463
12 3 0.585513
12 4 0.496751
12 5 0.518176
12 6 0.641032
12 7 0.517955
12 8 0.549112
12 9 0.525849
12 10 0.518564
12 11 0.513702
12 12 0.593956
12 13 0.525018
12 14 0.870360
12 15 0.652736
12 16 0.628707
12 17 0.585513
12 18 0.527981
12 19 0.500000
12 20 0.633089
12 21 0.656499
12 22 0.514870
12 23 0.658255
12 24 0.504843
12 25 0.520660
12 26 0.543854
13 1 0.529958
13 2 0.620490
13 3 0.573285
13 4 0.504575
13 5 0.529212
13 6 0.707182
13 7 0.514438
13 8 0.543162
13 9 0.533785
13 10 0.514759
13 11 0.537147
13 12 0.525018
13 13 0.538245
13 14 0.732889
13 15 0.480795
13 16 0.617338
13 17 0.573285
13 18 0.583067
13 19 0.500001
13 20 0.582700
13 21 0.675942
13 22 0.520736
13 23 0.687324
13 24 0.530553
13 25 0.535351
14 1 0.695607
14 2 0.999994
14 3 0.996565
14 4 0.619308
14 5 0.734592
14 6 1.000000
14 7 0.595303
14 8 0.918465
14 9 0.801426
14 10 0.824106
14 11 0.708702
14 12 0.870360
14 13 0.732889
14 14 1.000000
14 15 0.999024
14 16 0.999774
14 17 0.996565
14 18 0.873331
14 19 0.500028
14 20 0.999761
14 21 0.999958
14 22 0.713090
14 23 0.999995
14 24 0.728565
14 25 0.720385
15 1 0.477154
15 2 0.846908
15 3 0.690496
15 4 0.524880
15 5 0.494806
15 6 0.641444
15 7 0.515516
15 8 0.525230
15 9 0.512562
15 10 0.548711
15 11 0.453887
15 12 0.652736
15 13 0.480795
15 14 0.999024
15 15 0.952022
15 16 0.808836
15 17 0.690496
15 18 0.401238
15 19 0.499999
15 20 0.774296
15 21 0.718800
15 22 0.428505
15 23 0.735279
15 24 0.429944
15 25 0.478387
15 26 0.462311
16 1 0.601394
16 2 0.955234
16 3 0.804394
16 4 0.535597
16 5 0.608191
16 6 0.968957
16 7 0.549927
16 8 0.672036
16 9 0.639132
16 10 0.574417
16 11 0.601111
16 12 0.628707
16 13 0.617338
16 14 0.999774
16 15 0.808836
16 16 0.959349
16 17 0.804394
16 18 0.743707
16 19 0.500001
16 20 0.886935
16 21 0.978635
16 22 0.493612
16 23 0.974199
16 24 0.553530
16 25 0.615226
16 26 0.751138
17 1 0.549867
17 2 0.768251
17 4 0.526489
17 5 0.554235
17 6 0.964089
17 7 0.540447
17 8 0.582580
17 9 0.568097
17 10 0.558158
17 11 0.582507
17 12 0.585513
17 13 0.573285
17 14 0.996565
17 15 0.690496
17 16 0.804394
17 17 0.839556
17 18 0.633296
17 19 0.500005
17 20 0.747815
17 21 0.934781
17 22 0.565704
17 23 0.930361
17 24 0.575511
17 25 0.567433
17 26 0.651392
18 1 0.568689
18 2 0.751416
18 3 0.633296
18 4 0.510833
18 5 0.562758
18 6 0.886250
18 7 0.530036
18 8 0.608237
18 9 0.574269
18 10 0.530101
18 11 0.582192
18 12 0.527981
18 13 0.583067
18 14 0.873331
18 15 0.401238
18 16 0.743707
18 17 0.633296
18 18 0.697188
18 19 0.500002
18 20 0.677450
18 21 0.811973
18 22 0.538073
18 23 0.835443
18 24 0.581314
18 25 0.579239
19 1 0.500001
19 2 0.500009
19 3 0.500005
19 4 0.500001
19 5 0.500000
19 6 0.500015
19 7 0.500000
19 8 0.500001
19 9 0.500000
19 10 0.500001
19 11 0.500001
19 12 0.500000
19 13 0.500001
19 14 0.500028
19 15 0.499999
19 16 0.500001
19 17 0.500005
19 18 0.500002
19 19 0.500000
19 20 0.500002
19 21 0.500002
19 22 0.500002
19 23 0.500007
19 24 0.500002
19 25 0.500001
19 26 0.500002
20 1 0.572058
20 2 0.816715
20 3 0.747815
20 4 0.498196
20 5 0.573675
20 6 0.970079
20 7 0.528858
20 8 0.754720
20 9 0.608897
20 10 0.571736
20 11 0.577794
20 12 0.633089
20 13 0.582700
20 14 0.999761
20 15 0.774296
20 16 0.886935
20 17 0.747815
20 18 0.677450
20 19 0.500002
20 20 0.954045
20 21 0.936312
20 22 0.581463
20 23 0.954235
20 24 0.594909
20 25 0.581962
20 26 0.682487
21 1 0.651491
21 2 0.698531
21 3 0.934781
21 4 0.531050
21 5 0.678971
21 6 0.989721
21 7 0.545228
21 8 0.707354
21 9 0.698216
21 10 0.547241
21 11 0.710793
21 12 0.656499
21 13 0.675942
21 14 0.999958
21 15 0.718800
21 16 0.978635
21 17 0.934781
21 18 0.811973
21 19 0.500002
21 20 0.936312
21 21 0.999713
21 22 0.637731
21 23 0.997694
21 24 0.579838
21 25 0.676810
21 26 0.848187
22 1 0.516082
22 2 0.439560
22 3 0.565704
22 5 0.516647
22 6 0.688938
22 7 0.502464
22 8 0.545199
22 9 0.516794
22 10 0.507999
22 11 0.532311
22 12 0.514870
22 13 0.520736
22 14 0.713090
22 15 0.428505
22 16 0.493612
22 17 0.565704
22 18 0.538073
22 19 0.500002
22 20 0.581463
22 21 0.637731
22 22 0.561776
22 23 0.635559
22 24 0.534517
22 25 0.519708
22 26 0.545334
23 1 0.650845
23 2 0.927089
23 3 0.930361
23 4 0.540545
23 5 0.659612
23 6 0.997179
23 7 0.562190
23 8 0.737417
23 9 0.691023
23 10 0.608047
23 11 0.693316
23 12 0.658255
23 13 0.687324
23 14 0.999995
23 15 0.735279
23 16 0.974199
23 17 0.930361
23 18 0.835443
23 19 0.500007
23 20 0.954235
23 21 0.997694
23 22 0.635559
23 23 0.998287
23 24 0.630115
23 25 0.678110
23 26 0.849690
24 1 0.525297
24 2 0.625312
24 3 0.575511
24 4 0.500859
24 5 0.520359
24 6 0.786756
24 7 0.512830
24 8 0.569585
24 9 0.524907
24 10 0.518018
24 11 0.537910
24 12 0.504843
24 13 0.530553
24 14 0.728565
24 15 0.429944
24 16 0.553530
24 17 0.575511
24 18 0.581314
24 19 0.500002
24 20 0.594909
24 21 0.579838
24 22 0.534517
24 23 0.630115
24 24 0.565634
24 25 0.528763
25 1 0.529085
25 2 0.600090
25 3 0.567433
25 4 0.503240
25 5 0.528275
25 6 0.697235
25 7 0.512146
25 8 0.543271
25 9 0.532716
25 10 0.511928
25 11 0.535752
25 12 0.520660
25 13 0.535351
25 14 0.720385
25 15 0.478387
25 16 0.615226
25 17 0.567433
25 18 0.579239
25 19 0.500001
25 20 0.581962
25 21 0.676810
25 22 0.519708
25 23 0.678110
25 24 0.528763
25 25 0.534308
26 2 0.772255
26 6 0.874661
26 7 0.526584
26 8 0.600883
26 10 0.530768
26 12 0.543854
26 15 0.462311
26 16 0.751138
26 17 0.651392
26 19 0.500002
26 20 0.682487
26 21 0.848187
26 22 0.545334
26 23 0.849690
26 26 0.675690
