1 26 0.885556
3 17 0.998718
3 26 0.993080
4 22 0.556443
4 26 0.602946
5 26 0.690883
9 26 0.887418
11 26 0.957544
13 26 0.914725
14 26 0.989164
17 3 0.998718
18 26 0.973594
22 4 0.556443
24 26 0.911381
25 26 0.644316
26 1 0.885556
26 3 0.993080
26 4 0.602946
26 5 0.690883
26 9 0.887418
26 11 0.957544
26 13 0.914725
26 14 0.989164
26 18 0.973594
26 24 0.911381
26 25 0.644316
1 1 0.682773
1 2 0.968741
1 3 0.854899
1 4 0.534935
1 5 0.569434
1 6 0.952679
1 7 0.581236
1 8 0.582535
1 9 0.684415
1 10 0.511208
1 11 0.758973
1 12 0.633485
1 13 0.707322
1 14 0.843986
1 15 0.675957
1 16 0.679140
1 17 0.854899
1 18 0.793928
1 19 0.500005
1 20 0.706152
1 21 0.976627
1 22 0.534935
1 23 0.856226
1 24 0.703979
1 25 0.553139
2 1 0.968741
2 2 1.000000
2 3 0.998759
2 4 0.572074
2 5 0.836055
2 6 0.999746
2 7 0.866120
2 8 0.873795
2 9 0.971434
2 10 0.631742
2 11 0.988280
2 12 0.908690
2 13 0.979057
2 14 0.999139
2 15 0.916424
2 16 0.997724
2 17 0.998759
2 18 0.999043
2 19 0.500028
2 20 0.995811
2 21 1.000000
2 22 0.572074
2 23 0.999939
2 24 0.976460
2 25 0.685075
2 26 0.999880
3 1 0.854899
3 2 0.998759
3 3 0.998718
3 4 0.599299
3 5 0.698021
3 6 0.999861
3 7 0.691282
3 8 0.780578
3 9 0.864467
3 10 0.500935
3 11 0.950833
3 12 0.842562
3 13 0.890197
3 14 0.977305
3 15 0.934147
3 16 0.763337
3 18 0.967170
3 19 0.500015
3 20 0.928573
3 21 0.999988
3 22 0.599299
3 23 0.989776
3 24 0.897778
3 25 0.551382
4 1 0.534935
4 2 0.572074
4 3 0.599299
4 4 0.556443
4 5 0.530560
4 6 0.878693
4 7 0.517449
4 8 0.528655
4 9 0.527809
4 10 0.499925
4 11 0.574975
4 12 0.550078
4 13 0.549491
4 14 0.606481
4 15 0.514562
4 16 0.512507
4 17 0.599299
4 18 0.535770
4 19 0.500001
4 20 0.539758
4 21 0.608355
4 23 0.631144
4 24 0.551817
4 25 0.528597
5 1 0.569434
5 2 0.836055
5 3 0.698021
5 4 0.530560
5 5 0.616676
5 6 0.783792
5 7 0.561851
5 8 0.555595
5 9 0.571079
5 10 0.506722
5 11 0.593370
5 12 0.607656
5 13 0.574128
5 14 0.704444
5 15 0.482092
5 16 0.628652
5 17 0.698021
5 18 0.644039
5 19 0.500004
5 20 0.517498
5 21 0.867249
5 22 0.530560
5 23 0.669788
5 24 0.586311
5 25 0.506628
6 1 0.952679
6 2 0.999746
6 3 0.999861
6 4 0.878693
6 5 0.783792
6 6 1.000000
6 7 0.773935
6 8 0.872502
6 9 0.930052
6 10 0.481666
6 11 0.996952
6 12 0.962827
6 13 0.979206
6 14 0.998408
6 15 0.980218
6 16 0.686856
6 17 0.999861
6 18 0.983092
6 19 0.500018
6 20 0.982776
6 21 0.999998
6 22 0.878693
6 23 0.999943
6 24 0.980758
6 25 0.755514
6 26 0.999766
7 1 0.581236
7 2 0.866120
7 3 0.691282
7 4 0.517449
7 5 0.561851
7 6 0.773935
7 7 0.554024
7 8 0.549398
7 9 0.582460
7 10 0.512045
7 11 0.613735
7 12 0.581086
7 13 0.590112
7 14 0.681590
7 15 0.570259
7 16 0.628272
7 17 0.691282
7 18 0.653248
7 19 0.500002
7 20 0.608598
7 21 0.857149
7 22 0.517449
7 23 0.704215
7 24 0.593313
7 25 0.516121
7 26 0.709497
8 1 0.582535
8 2 0.873795
8 3 0.780578
8 4 0.528655
8 5 0.555595
8 6 0.872502
8 7 0.549398
8 8 0.597468
8 9 0.582158
8 10 0.510053
8 11 0.626729
8 12 0.592902
8 13 0.600240
8 14 0.651352
8 15 0.618590
8 16 0.612787
8 17 0.780578
8 18 0.671778
8 19 0.500003
8 20 0.703105
8 21 0.871439
8 22 0.528655
8 23 0.777920
8 24 0.604732
8 25 0.515906
8 26 0.718230
9 1 0.684415
9 2 0.971434
9 3 0.864467
9 4 0.527809
9 5 0.571079
9 6 0.930052
9 7 0.582460
9 8 0.582158
9 9 0.692125
9 10 0.511306
9 11 0.755193
9 12 0.628889
9 13 0.705410
9 14 0.851891
9 15 0.688965
9 16 0.697885
9 17 0.864467
9 18 0.803058
9 19 0.500006
9 20 0.709464
9 21 0.980345
9 22 0.527809
9 23 0.850259
9 24 0.704182
9 25 0.547956
10 1 0.511208
10 2 0.631742
10 3 0.500935
10 4 0.499925
10 5 0.506722
10 6 0.481666
10 7 0.512045
10 8 0.510053
10 9 0.511306
10 10 0.511854
10 11 0.512740
10 12 0.518751
10 13 0.512024
10 14 0.507018
10 15 0.534214
10 16 0.548270
10 17 0.500935
10 18 0.524142
10 19 0.500000
10 20 0.568212
10 21 0.537037
10 22 0.499925
10 23 0.563801
10 24 0.510468
10 25 0.508432
10 26 0.529179
11 1 0.758973
11 2 0.988280
11 3 0.950833
11 4 0.574975
11 5 0.593370
11 6 0.996952
11 7 0.613735
11 8 0.626729
11 9 0.755193
11 10 0.512740
11 11 0.869508
11 12 0.718926
11 13 0.796687
11 14 0.916205
11 15 0.795756
11 16 0.682394
11 17 0.950833
11 18 0.870859
11 19 0.500007
11 20 0.801938
11 21 0.997179
11 22 0.574975
11 23 0.945713
11 24 0.791669
11 25 0.583320
12 1 0.633485
12 2 0.908690
12 3 0.842562
12 4 0.550078
12 5 0.607656
12 6 0.962827
12 7 0.581086
12 8 0.592902
12 9 0.628889
12 10 0.518751
12 11 0.718926
12 12 0.694968
12 13 0.655845
12 14 0.761180
12 15 0.675686
12 16 0.624710
12 17 0.842562
12 18 0.721419
12 19 0.500004
12 20 0.702898
12 21 0.958730
12 22 0.550078
12 23 0.840331
12 24 0.665637
12 25 0.529046
12 26 0.822122
13 1 0.707322
13 2 0.979057
13 3 0.890197
13 4 0.549491
13 5 0.574128
13 6 0.979206
13 7 0.590112
13 8 0.600240
13 9 0.705410
13 10 0.512024
13 11 0.796687
13 12 0.655845
13 13 0.740408
13 14 0.867806
13 15 0.698626
13 16 0.678090
13 17 0.890197
13 18 0.821938
13 19 0.500006
13 20 0.751843
13 21 0.986331
13 22 0.549491
13 23 0.893393
13 24 0.732778
13 25 0.568517
14 1 0.843986
14 2 0.999139
14 3 0.977305
14 4 0.606481
14 5 0.704444
14 6 0.998408
14 7 0.681590
14 8 0.651352
14 9 0.851891
14 10 0.507018
14 11 0.916205
14 12 0.761180
14 13 0.867806
14 14 0.989385
14 15 0.710493
14 16 0.855701
14 17 0.977305
14 18 0.950148
14 19 0.500013
14 20 0.729749
14 21 0.999656
14 22 0.606481
14 23 0.960480
14 24 0.873101
14 25 0.624559
15 1 0.675957
15 2 0.916424
15 3 0.934147
15 4 0.514562
15 5 0.482092
15 6 0.980218
15 7 0.570259
15 8 0.618590
15 9 0.688965
15 10 0.534214
15 11 0.795756
15 12 0.675686
15 13 0.698626
15 14 0.710493
15 15 0.942746
15 16 0.655925
15 17 0.934147
15 18 0.770644
15 19 0.500002
15 20 0.918892
15 21 0.984435
15 22 0.514562
15 23 0.934609
15 24 0.703762
15 25 0.537359
15 26 0.880709
16 1 0.679140
16 2 0.997724
16 3 0.763337
16 4 0.512507
16 5 0.628652
16 6 0.686856
16 7 0.628272
16 8 0.612787
16 9 0.697885
16 10 0.548270
16 11 0.682394
16 12 0.624710
16 13 0.678090
16 14 0.855701
16 15 0.655925
16 16 0.894639
16 17 0.763337
16 18 0.832935
16 19 0.500006
16 20 0.798931
16 21 0.963745
16 22 0.512507
16 23 0.907459
16 24 0.687025
16 25 0.539045
16 26 0.873469
17 1 0.854899
17 2 0.998759
17 4 0.599299
17 5 0.698021
17 6 0.999861
17 7 0.691282
17 8 0.780578
17 9 0.864467
17 10 0.500935
17 11 0.950833
17 12 0.842562
17 13 0.890197
17 14 0.977305
17 15 0.934147
17 16 0.763337
17 17 0.998718
17 18 0.967170
17 19 0.500015
17 20 0.928573
17 21 0.999988
17 22 0.599299
17 23 0.989776
17 24 0.897778
17 25 0.551382
17 26 0.993080
18 1 0.793928
18 2 0.999043
18 3 0.967170
18 4 0.535770
18 5 0.644039
18 6 0.983092
18 7 0.653248
18 8 0.671778
18 9 0.803058
18 10 0.524142
18 11 0.870859
18 12 0.721419
18 13 0.821938
18 14 0.950148
18 15 0.770644
18 16 0.832935
18 17 0.967170
18 18 0.933198
18 19 0.500011
18 20 0.850136
18 21 0.999226
18 22 0.535770
18 23 0.959335
18 24 0.819744
18 25 0.570879
19 1 0.500005
19 2 0.500028
19 3 0.500015
19 4 0.500001
19 5 0.500004
19 6 0.500018
19 7 0.500002
19 8 0.500003
19 9 0.500006
19 10 0.500000
19 11 0.500007
19 12 0.500004
19 13 0.500006
19 14 0.500013
19 15 0.500002
19 16 0.500006
19 17 0.500015
19 18 0.500011
19 19 0.500000
19 20 0.500006
19 21 0.500030
19 22 0.500001
19 23 0.500013
19 24 0.500006
19 25 0.500002
19 26 0.500014
20 1 0.706152
20 2 0.995811
20 3 0.928573
20 4 0.539758
20 5 0.517498
20 6 0.982776
20 7 0.608598
20 8 0.703105
20 9 0.709464
20 10 0.568212
20 11 0.801938
20 12 0.702898
20 13 0.751843
20 14 0.729749
20 15 0.918892
20 16 0.798931
20 17 0.928573
20 18 0.850136
20 19 0.500006
20 20 0.979356
20 21 0.982627
20 22 0.539758
20 23 0.977190
20 24 0.737907
20 25 0.587936
20 26 0.914404
21 1 0.976627
21 2 1.000000
21 3 0.999988
21 4 0.608355
21 5 0.867249
21 6 0.999998
21 7 0.857149
21 8 0.871439
21 9 0.980345
21 10 0.537037
21 11 0.997179
21 12 0.958730
21 13 0.986331
21 14 0.999656
21 15 0.984435
21 16 0.963745
21 17 0.999988
21 18 0.999226
21 19 0.500030
21 20 0.982627
21 21 1.000000
21 22 0.608355
21 23 0.999836
21 24 0.986221
21 25 0.612365
21 26 0.999966
22 1 0.534935
22 2 0.572074
22 3 0.599299
22 5 0.530560
22 6 0.878693
22 7 0.517449
22 8 0.528655
22 9 0.527809
22 10 0.499925
22 11 0.574975
22 12 0.550078
22 13 0.549491
22 14 0.606481
22 15 0.514562
22 16 0.512507
22 17 0.599299
22 18 0.535770
22 19 0.500001
22 20 0.539758
22 21 0.608355
22 22 0.556443
22 23 0.631144
22 24 0.551817
22 25 0.528597
22 26 0.602946
23 1 0.856226
23 2 0.999939
23 3 0.989776
23 4 0.631144
23 5 0.669788
23 6 0.999943
23 7 0.704215
23 8 0.777920
23 9 0.850259
23 10 0.563801
23 11 0.945713
23 12 0.840331
23 13 0.893393
23 14 0.960480
23 15 0.934609
23 16 0.907459
23 17 0.989776
23 18 0.959335
23 19 0.500013
23 20 0.977190
23 21 0.999836
23 22 0.631144
23 23 0.998376
23 24 0.890383
23 25 0.611532
23 26 0.992021
24 1 0.703979
24 2 0.976460
24 3 0.897778
24 4 0.551817
24 5 0.586311
24 6 0.980758
24 7 0.593313
24 8 0.604732
24 9 0.704182
24 10 0.510468
24 11 0.791669
24 12 0.665637
24 13 0.732778
24 14 0.873101
24 15 0.703762
24 16 0.687025
24 17 0.897778
24 18 0.819744
24 19 0.500006
24 20 0.737907
24 21 0.986221
24 22 0.551817
24 23 0.890383
24 24 0.732384
24 25 0.558951
25 1 0.553139
25 2 0.685075
25 3 0.551382
25 4 0.528597
25 5 0.506628
25 6 0.755514
25 7 0.516121
25 8 0.515906
25 9 0.547956
25 10 0.508432
25 11 0.583320
25 12 0.529046
25 13 0.568517
25 14 0.624559
25 15 0.537359
25 16 0.539045
25 17 0.551382
25 18 0.570879
25 19 0.500002
25 20 0.587936
25 21 0.612365
25 22 0.528597
25 23 0.611532
25 24 0.558951
25 25 0.571332
26 2 0.999880
26 6 0.999766
26 7 0.709497
26 8 0.718230
26 10 0.529179
26 12 0.822122
26 15 0.880709
26 16 0.873469
26 17 0.993080
26 19 0.500014
26 20 0.914404
26 21 0.999966
26 22 0.602946
26 23 0.992021
26 26 0.995993
