1 26 0.607637
3 17 0.863256
3 26 0.669421
4 22 0.546137
4 26 0.603939
5 26 0.620412
9 26 0.618198
11 26 0.670071
13 26 0.627176
14 26 0.765268
17 3 0.863256
18 26 0.712533
22 4 0.546137
24 26 0.615873
25 26 0.611598
26 1 0.607637
26 3 0.669421
26 4 0.603939
26 5 0.620412
26 9 0.618198
26 11 0.670071
26 13 0.627176
26 14 0.765268
26 18 0.712533
26 24 0.615873
26 25 0.611598
1 1 0.536096
1 2 0.726933
1 3 0.547590
1 4 0.533950
1 5 0.539886
1 6 0.755518
1 7 0.502509
1 8 0.524254
1 9 0.538791
1 10 0.510677
1 11 0.555495
1 12 0.557062
1 13 0.542847
1 14 0.587734
1 15 0.595271
1 16 0.560246
1 17 0.547590
1 18 0.547186
1 19 0.500001
1 20 0.586914
1 21 0.641297
1 22 0.543499
1 23 0.558617
1 24 0.535658
1 25 0.533180
2 1 0.726933
2 2 1.000000
2 3 0.822116
2 4 0.703958
2 5 0.762492
2 6 0.999966
2 7 0.557917
2 8 0.717407
2 9 0.746908
2 10 0.567870
2 11 0.813207
2 12 0.897923
2 13 0.749403
2 14 0.947101
2 15 0.951291
2 16 0.944594
2 17 0.822116
2 18 0.967769
2 19 0.500015
2 20 0.972867
2 21 0.997163
2 22 0.833269
2 23 0.907267
2 24 0.729889
2 25 0.764170
2 26 0.965673
3 1 0.547590
3 2 0.822116
3 3 0.863256
3 4 0.564236
3 5 0.550270
3 6 0.867185
3 7 0.547189
3 8 0.591950
3 9 0.575162
3 10 0.515328
3 11 0.600117
3 12 0.500560
3 13 0.551930
3 14 0.721711
3 15 0.396174
3 16 0.596221
3 18 0.884946
3 19 0.500001
3 20 0.667720
3 21 0.836802
3 22 0.598512
3 23 0.881817
3 24 0.594586
3 25 0.605377
4 1 0.533950
4 2 0.703958
4 3 0.564236
4 4 0.534698
4 5 0.537483
4 6 0.742815
4 7 0.505313
4 8 0.525387
4 9 0.537902
4 10 0.508390
4 11 0.557486
4 12 0.544081
4 13 0.540681
4 14 0.586852
4 15 0.564977
4 16 0.553417
4 17 0.564236
4 18 0.568321
4 19 0.500001
4 20 0.566898
4 21 0.638696
4 23 0.584003
4 24 0.537106
4 25 0.533786
5 1 0.539886
5 2 0.762492
5 3 0.550270
5 4 0.537483
5 5 0.546517
5 6 0.774728
5 7 0.505322
5 8 0.526754
5 9 0.543274
5 10 0.511966
5 11 0.562425
5 12 0.558115
5 13 0.547506
5 14 0.596130
5 15 0.603457
5 16 0.572425
5 17 0.550270
5 18 0.566630
5 19 0.500001
5 20 0.591049
5 21 0.654491
5 22 0.551528
5 23 0.573427
5 24 0.539231
5 25 0.531718
6 1 0.755518
6 2 0.999966
6 3 0.867185
6 4 0.742815
6 5 0.774728
6 6 0.999996
6 7 0.561981
6 8 0.736021
6 9 0.771337
6 10 0.550099
6 11 0.853582
6 12 0.911067
6 13 0.800500
6 14 0.967907
6 15 0.934629
6 16 0.904901
6 17 0.867185
6 18 0.982176
6 19 0.500012
6 20 0.951027
6 21 0.996997
6 22 0.901850
6 23 0.908096
6 24 0.795149
6 25 0.820269
6 26 0.976476
7 1 0.502509
7 2 0.557917
7 3 0.547189
7 4 0.505313
7 5 0.505322
7 6 0.561981
7 7 0.518923
7 8 0.504597
7 9 0.507437
7 10 0.501723
7 11 0.510429
7 12 0.471447
7 13 0.501431
7 14 0.529049
7 15 0.446021
7 16 0.515082
7 17 0.547189
7 18 0.625948
7 19 0.500000
7 20 0.518195
7 21 0.551275
7 22 0.526305
7 23 0.573641
7 24 0.513264
7 25 0.507198
7 26 0.518462
8 1 0.524254
8 2 0.717407
8 3 0.591950
8 4 0.525387
8 5 0.526754
8 6 0.736021
8 7 0.504597
8 8 0.547035
8 9 0.526506
8 10 0.503543
8 11 0.541802
8 12 0.556761
8 13 0.532497
8 14 0.581229
8 15 0.557677
8 16 0.567030
8 17 0.591950
8 18 0.632322
8 19 0.500001
8 20 0.579377
8 21 0.632572
8 22 0.551104
8 23 0.623916
8 24 0.531489
8 25 0.540428
8 26 0.579791
9 1 0.538791
9 2 0.746908
9 3 0.575162
9 4 0.537902
9 5 0.543274
9 6 0.771337
9 7 0.507437
9 8 0.526506
9 9 0.546434
9 10 0.512955
9 11 0.561026
9 12 0.546073
9 13 0.543114
9 14 0.609752
9 15 0.583340
9 16 0.568794
9 17 0.575162
9 18 0.598421
9 19 0.500001
9 20 0.610067
9 21 0.676123
9 22 0.550010
9 23 0.586510
9 24 0.542527
9 25 0.537477
10 1 0.510677
10 2 0.567870
10 3 0.515328
10 4 0.508390
10 5 0.511966
10 6 0.550099
10 7 0.501723
10 8 0.503543
10 9 0.512955
10 10 0.513885
10 11 0.513513
10 12 0.505789
10 13 0.510048
10 14 0.532147
10 15 0.521203
10 16 0.508126
10 17 0.515328
10 18 0.536746
10 19 0.500000
10 20 0.573779
10 21 0.554373
10 22 0.504570
10 23 0.494822
10 24 0.508938
10 25 0.501880
10 26 0.528072
11 1 0.555495
11 2 0.813207
11 3 0.600117
11 4 0.557486
11 5 0.562425
11 6 0.853582
11 7 0.510429
11 8 0.541802
11 9 0.561026
11 10 0.513513
11 11 0.600376
11 12 0.578137
11 13 0.568204
11 14 0.633257
11 15 0.588792
11 16 0.580466
11 17 0.600117
11 18 0.604990
11 19 0.500001
11 20 0.593018
11 21 0.715377
11 22 0.583372
11 23 0.651025
11 24 0.562674
11 25 0.557859
12 1 0.557062
12 2 0.897923
12 3 0.500560
12 4 0.544081
12 5 0.558115
12 6 0.911067
12 7 0.471447
12 8 0.556761
12 9 0.546073
12 10 0.505789
12 11 0.578137
12 12 0.770970
12 13 0.580999
12 14 0.628949
12 15 0.796996
12 16 0.566571
12 17 0.500560
12 18 0.370534
12 19 0.500003
12 20 0.590871
12 21 0.683438
12 22 0.579094
12 23 0.470463
12 24 0.542676
12 25 0.584889
12 26 0.670908
13 1 0.542847
13 2 0.749403
13 3 0.551930
13 4 0.540681
13 5 0.547506
13 6 0.800500
13 7 0.501431
13 8 0.532497
13 9 0.543114
13 10 0.510048
13 11 0.568204
13 12 0.580999
13 13 0.554789
13 14 0.595442
13 15 0.619164
13 16 0.565873
13 17 0.551930
13 18 0.535698
13 19 0.500001
13 20 0.577358
13 21 0.643967
13 22 0.559154
13 23 0.569654
13 24 0.542490
13 25 0.541049
14 1 0.587734
14 2 0.947101
14 3 0.721711
14 4 0.586852
14 5 0.596130
14 6 0.967907
14 7 0.529049
14 8 0.581229
14 9 0.609752
14 10 0.532147
14 11 0.633257
14 12 0.628949
14 13 0.595442
14 14 0.801253
14 15 0.651883
14 16 0.642355
14 17 0.721711
14 18 0.859734
14 19 0.500003
14 20 0.774887
14 21 0.906644
14 22 0.650246
14 23 0.713496
14 24 0.608975
14 25 0.606250
15 1 0.595271
15 2 0.951291
15 3 0.396174
15 4 0.564977
15 5 0.603457
15 6 0.934629
15 7 0.446021
15 8 0.557677
15 9 0.583340
15 10 0.521203
15 11 0.588792
15 12 0.796996
15 13 0.619164
15 14 0.651883
15 15 0.944582
15 16 0.704980
15 17 0.396174
15 18 0.199976
15 19 0.500005
15 20 0.748430
15 21 0.677566
15 22 0.550951
15 23 0.327134
15 24 0.541926
15 25 0.560194
15 26 0.730480
16 1 0.560246
16 2 0.944594
16 3 0.596221
16 4 0.553417
16 5 0.572425
16 6 0.904901
16 7 0.515082
16 8 0.567030
16 9 0.568794
16 10 0.508126
16 11 0.580466
16 12 0.566571
16 13 0.565873
16 14 0.642355
16 15 0.704980
16 16 0.739644
16 17 0.596221
16 18 0.734128
16 19 0.500002
16 20 0.727831
16 21 0.725637
16 22 0.570427
16 23 0.699983
16 24 0.559001
16 25 0.564082
16 26 0.676529
17 1 0.547590
17 2 0.822116
17 4 0.564236
17 5 0.550270
17 6 0.867185
17 7 0.547189
17 8 0.591950
17 9 0.575162
17 10 0.515328
17 11 0.600117
17 12 0.500560
17 13 0.551930
17 14 0.721711
17 15 0.396174
17 16 0.596221
17 17 0.863256
17 18 0.884946
17 19 0.500001
17 20 0.667720
17 21 0.836802
17 22 0.598512
17 23 0.881817
17 24 0.594586
17 25 0.605377
17 26 0.669421
18 1 0.547186
18 2 0.967769
18 3 0.884946
18 4 0.568321
18 5 0.566630
18 6 0.982176
18 7 0.625948
18 8 0.632322
18 9 0.598421
18 10 0.536746
18 11 0.604990
18 12 0.370534
18 13 0.535698
18 14 0.859734
18 15 0.199976
18 16 0.734128
18 17 0.884946
18 18 0.998872
18 19 0.500003
18 20 0.869251
18 21 0.949318
18 22 0.723629
18 23 0.930814
18 24 0.636325
18 25 0.602789
19 1 0.500001
19 2 0.500015
19 3 0.500001
19 4 0.500001
19 5 0.500001
19 6 0.500012
19 7 0.500000
19 8 0.500001
19 9 0.500001
19 10 0.500000
19 11 0.500001
19 12 0.500003
19 13 0.500001
19 14 0.500003
19 15 0.500005
19 16 0.500002
19 17 0.500001
19 18 0.500003
19 19 0.500000
19 20 0.500006
19 21 0.500010
19 22 0.500002
19 23 0.500001
19 24 0.500001
19 25 0.500001
19 26 0.500003
20 1 0.586914
20 2 0.972867
20 3 0.667720
20 4 0.566898
20 5 0.591049
20 6 0.951027
20 7 0.518195
20 8 0.579377
20 9 0.610067
20 10 0.573779
20 11 0.593018
20 12 0.590871
20 13 0.577358
20 14 0.774887
20 15 0.748430
20 16 0.727831
20 17 0.667720
20 18 0.869251
20 19 0.500006
20 20 0.946225
20 21 0.934912
20 22 0.591120
20 23 0.610453
20 24 0.588324
20 25 0.581886
20 26 0.733929
21 1 0.641297
21 2 0.997163
21 3 0.836802
21 4 0.638696
21 5 0.654491
21 6 0.996997
21 7 0.551275
21 8 0.632572
21 9 0.676123
21 10 0.554373
21 11 0.715377
21 12 0.683438
21 13 0.643967
21 14 0.906644
21 15 0.677566
21 16 0.725637
21 17 0.836802
21 18 0.949318
21 19 0.500010
21 20 0.934912
21 21 0.997560
21 22 0.772775
21 23 0.860796
21 24 0.678661
21 25 0.659831
21 26 0.886954
22 1 0.543499
22 2 0.833269
22 3 0.598512
22 5 0.551528
22 6 0.901850
22 7 0.526305
22 8 0.551104
22 9 0.550010
22 10 0.504570
22 11 0.583372
22 12 0.579094
22 13 0.559154
22 14 0.650246
22 15 0.550951
22 16 0.570427
22 17 0.598512
22 18 0.723629
22 19 0.500002
22 20 0.591120
22 21 0.772775
22 22 0.652294
22 23 0.643631
22 24 0.568279
22 25 0.561808
22 26 0.657016
23 1 0.558617
23 2 0.907267
23 3 0.881817
23 4 0.584003
23 5 0.573427
23 6 0.908096
23 7 0.573641
23 8 0.623916
23 9 0.586510
23 10 0.494822
23 11 0.651025
23 12 0.470463
23 13 0.569654
23 14 0.713496
23 15 0.327134
23 16 0.699983
23 17 0.881817
23 18 0.930814
23 19 0.500001
23 20 0.610453
23 21 0.860796
23 22 0.643631
23 23 0.963764
23 24 0.618315
23 25 0.632456
23 26 0.721437
24 1 0.535658
24 2 0.729889
24 3 0.594586
24 4 0.537106
24 5 0.539231
24 6 0.795149
24 7 0.513264
24 8 0.531489
24 9 0.542527
24 10 0.508938
24 11 0.562674
24 12 0.542676
24 13 0.542490
24 14 0.608975
24 15 0.541926
24 16 0.559001
24 17 0.594586
24 18 0.636325
24 19 0.500001
24 20 0.588324
24 21 0.678661
24 22 0.568279
24 23 0.618315
24 24 0.547693
24 25 0.546916
25 1 0.533180
25 2 0.764170
25 3 0.605377
25 4 0.533786
25 5 0.531718
25 6 0.820269
25 7 0.507198
25 8 0.540428
25 9 0.537477
25 10 0.501880
25 11 0.557859
25 12 0.584889
25 13 0.541049
25 14 0.606250
25 15 0.560194
25 16 0.564082
25 17 0.605377
25 18 0.602789
25 19 0.500001
25 20 0.581886
25 21 0.659831
25 22 0.561808
25 23 0.632456
25 24 0.546916
25 25 0.573309
26 2 0.965673
26 6 0.976476
26 7 0.518462
26 8 0.579791
26 10 0.528072
26 12 0.670908
26 15 0.730480
26 16 0.676529
26 17 0.669421
26 19 0.500003
26 20 0.733929
26 21 0.886954
26 22 0.657016
26 23 0.721437
26 26 0.801051
