1 26 0.743193
3 17 0.942609
3 26 0.918218
4 22 0.536008
4 26 0.511267
5 26 0.752437
9 26 0.772977
11 26 0.814554
13 26 0.597730
14 26 0.966565
17 3 0.942609
18 26 0.975212
22 4 0.536008
24 26 0.726577
25 26 0.752955
26 1 0.743193
26 3 0.918218
26 4 0.511267
26 5 0.752437
26 9 0.772977
26 11 0.814554
26 13 0.597730
26 14 0.966565
26 18 0.975212
26 24 0.726577
26 25 0.752955
1 1 0.606506
1 2 0.856592
1 3 0.729771
1 4 0.502578
1 5 0.611506
1 6 0.771422
1 7 0.515297
1 8 0.539319
1 9 0.621025
1 10 0.529756
1 11 0.648396
1 12 0.551357
1 13 0.540416
1 14 0.789792
1 15 0.713077
1 16 0.755281
1 17 0.729771
1 18 0.828898
1 19 0.500003
1 20 0.729707
1 21 0.780006
1 22 0.502578
1 23 0.781135
1 24 0.595027
1 25 0.612270
2 1 0.856592
2 2 1.000000
2 3 0.992646
2 4 0.614818
2 5 0.870228
2 6 0.996651
2 7 0.501230
2 8 0.706982
2 9 0.867670
2 10 0.687084
2 11 0.899061
2 12 0.853770
2 13 0.813709
2 14 0.995862
2 15 0.975994
2 16 0.995642
2 17 0.992646
2 18 0.998718
2 19 0.500014
2 20 0.990628
2 21 0.995776
2 22 0.614818
2 23 0.992538
2 24 0.808342
2 25 0.854580
2 26 0.987734
3 1 0.729771
3 2 0.992646
3 3 0.942609
3 4 0.512835
3 5 0.740449
3 6 0.917894
3 7 0.527103
3 8 0.612291
3 9 0.755439
3 10 0.579564
3 11 0.803537
3 12 0.655995
3 13 0.594158
3 14 0.960504
3 15 0.815301
3 16 0.921266
3 18 0.982717
3 19 0.500010
3 20 0.899000
3 21 0.932623
3 22 0.512835
3 23 0.926772
3 24 0.703851
3 25 0.743014
4 1 0.502578
4 2 0.614818
4 3 0.512835
4 4 0.536008
4 5 0.505176
4 6 0.702949
4 7 0.499821
4 8 0.528130
4 9 0.496885
4 10 0.517365
4 11 0.509101
4 12 0.557934
4 13 0.540009
4 14 0.505653
4 15 0.510129
4 16 0.575044
4 17 0.512835
4 18 0.501787
4 19 0.500000
4 20 0.554218
4 21 0.550271
4 23 0.587594
4 24 0.504811
4 25 0.502101
5 1 0.611506
5 2 0.870228
5 3 0.740449
5 4 0.505176
5 5 0.619545
5 6 0.779985
5 7 0.515061
5 8 0.539084
5 9 0.626711
5 10 0.532819
5 11 0.654823
5 12 0.553867
5 13 0.551123
5 14 0.796580
5 15 0.722313
5 16 0.772248
5 17 0.740449
5 18 0.840573
5 19 0.500004
5 20 0.731381
5 21 0.790349
5 22 0.505176
5 23 0.791422
5 24 0.598584
5 25 0.616309
6 1 0.771422
6 2 0.996651
6 3 0.917894
6 4 0.702949
6 5 0.779985
6 6 1.000000
6 7 0.544286
6 8 0.717804
6 9 0.731749
6 10 0.680042
6 11 0.880397
6 12 0.832028
6 13 0.852170
6 14 0.972265
6 15 0.987445
6 16 0.998239
6 17 0.917894
6 18 0.919109
6 19 0.500007
6 20 0.994444
6 21 0.986783
6 22 0.702949
6 23 0.999354
6 24 0.783796
6 25 0.799202
6 26 0.959216
7 1 0.515297
7 2 0.501230
7 3 0.527103
7 4 0.499821
7 5 0.515061
7 6 0.544286
7 7 0.514973
7 8 0.512537
7 9 0.519469
7 10 0.506064
7 11 0.521538
7 12 0.523928
7 13 0.498841
7 14 0.536310
7 15 0.551488
7 16 0.546258
7 17 0.527103
7 18 0.576842
7 19 0.500001
7 20 0.548442
7 21 0.614475
7 22 0.499821
7 23 0.545189
7 24 0.513999
7 25 0.516761
7 26 0.535353
8 1 0.539319
8 2 0.706982
8 3 0.612291
8 4 0.528130
8 5 0.539084
8 6 0.717804
8 7 0.512537
8 8 0.590667
8 9 0.541279
8 10 0.524808
8 11 0.558750
8 12 0.608001
8 13 0.515677
8 14 0.628262
8 15 0.598410
8 16 0.696807
8 17 0.612291
8 18 0.673927
8 19 0.500001
8 20 0.670608
8 21 0.685640
8 22 0.528130
8 23 0.668054
8 24 0.542179
8 25 0.543856
8 26 0.600581
9 1 0.621025
9 2 0.867670
9 3 0.755439
9 4 0.496885
9 5 0.626711
9 6 0.731749
9 7 0.519469
9 8 0.541279
9 9 0.643851
9 10 0.529198
9 11 0.661510
9 12 0.554902
9 13 0.532430
9 14 0.824825
9 15 0.734631
9 16 0.765283
9 17 0.755439
9 18 0.857307
9 19 0.500004
9 20 0.735109
9 21 0.817247
9 22 0.496885
9 23 0.788224
9 24 0.609338
9 25 0.625997
10 1 0.529756
10 2 0.687084
10 3 0.579564
10 4 0.517365
10 5 0.532819
10 6 0.680042
10 7 0.506064
10 8 0.524808
10 9 0.529198
10 10 0.524099
10 11 0.544336
10 12 0.556923
10 13 0.530801
10 14 0.586965
10 15 0.586062
10 16 0.630333
10 17 0.579564
10 18 0.633318
10 19 0.500001
10 20 0.603530
10 21 0.608814
10 22 0.517365
10 23 0.622540
10 24 0.527398
10 25 0.530520
10 26 0.573920
11 1 0.648396
11 2 0.899061
11 3 0.803537
11 4 0.509101
11 5 0.654823
11 6 0.880397
11 7 0.521538
11 8 0.558750
11 9 0.661510
11 10 0.544336
11 11 0.721913
11 12 0.573123
11 13 0.565647
11 14 0.858274
11 15 0.766107
11 16 0.825460
11 17 0.803537
11 18 0.919867
11 19 0.500005
11 20 0.815489
11 21 0.858309
11 22 0.509101
11 23 0.881644
11 24 0.630968
11 25 0.660919
12 1 0.551357
12 2 0.853770
12 3 0.655995
12 4 0.557934
12 5 0.553867
12 6 0.832028
12 7 0.523928
12 8 0.608001
12 9 0.554902
12 10 0.556923
12 11 0.573123
12 12 0.708150
12 13 0.546536
12 14 0.669513
12 15 0.665639
12 16 0.767449
12 17 0.655995
12 18 0.749655
12 19 0.500002
12 20 0.720121
12 21 0.788333
12 22 0.557934
12 23 0.721242
12 24 0.558842
12 25 0.553923
12 26 0.642176
13 1 0.540416
13 2 0.813709
13 3 0.594158
13 4 0.540009
13 5 0.551123
13 6 0.852170
13 7 0.498841
13 8 0.515677
13 9 0.532430
13 10 0.530801
13 11 0.565647
13 12 0.546536
13 13 0.597457
13 14 0.598109
13 15 0.580941
13 16 0.666868
13 17 0.594158
13 18 0.644313
13 19 0.500002
13 20 0.617072
13 21 0.618233
13 22 0.540009
13 23 0.686366
13 24 0.534625
13 25 0.540738
14 1 0.789792
14 2 0.995862
14 3 0.960504
14 4 0.505653
14 5 0.796580
14 6 0.972265
14 7 0.536310
14 8 0.628262
14 9 0.824825
14 10 0.586965
14 11 0.858274
14 12 0.669513
14 13 0.598109
14 14 0.988283
14 15 0.926532
14 16 0.961054
14 17 0.960504
14 18 0.989268
14 19 0.500011
14 20 0.946515
14 21 0.968417
14 22 0.505653
14 23 0.971820
14 24 0.775408
14 25 0.800283
15 1 0.713077
15 2 0.975994
15 3 0.815301
15 4 0.510129
15 5 0.722313
15 6 0.987445
15 7 0.551488
15 8 0.598410
15 9 0.734631
15 10 0.586062
15 11 0.766107
15 12 0.665639
15 13 0.580941
15 14 0.926532
15 15 0.989558
15 16 0.981785
15 17 0.815301
15 18 0.894340
15 19 0.500003
15 20 0.950265
15 21 0.991572
15 22 0.510129
15 23 0.988940
15 24 0.694409
15 25 0.704943
15 26 0.908062
16 1 0.755281
16 2 0.995642
16 3 0.921266
16 4 0.575044
16 5 0.772248
16 6 0.998239
16 7 0.546258
16 8 0.696807
16 9 0.765283
16 10 0.630333
16 11 0.825460
16 12 0.767449
16 13 0.666868
16 14 0.961054
16 15 0.981785
16 16 0.994906
16 17 0.921266
16 18 0.961349
16 19 0.500006
16 20 0.977331
16 21 0.982735
16 22 0.575044
16 23 0.992873
16 24 0.737711
16 25 0.761824
16 26 0.941953
17 1 0.729771
17 2 0.992646
17 4 0.512835
17 5 0.740449
17 6 0.917894
17 7 0.527103
17 8 0.612291
17 9 0.755439
17 10 0.579564
17 11 0.803537
17 12 0.655995
17 13 0.594158
17 14 0.960504
17 15 0.815301
17 16 0.921266
17 17 0.942609
17 18 0.982717
17 19 0.500010
17 20 0.899000
17 21 0.932623
17 22 0.512835
17 23 0.926772
17 24 0.703851
17 25 0.743014
17 26 0.918218
18 1 0.828898
18 2 0.998718
18 3 0.982717
18 4 0.501787
18 5 0.840573
18 6 0.919109
18 7 0.576842
18 8 0.673927
18 9 0.857307
18 10 0.633318
18 11 0.919867
18 12 0.749655
18 13 0.644313
18 14 0.989268
18 15 0.894340
18 16 0.961349
18 17 0.982717
18 18 0.999923
18 19 0.500018
18 20 0.969392
18 21 0.991155
18 22 0.501787
18 23 0.976095
18 24 0.795530
18 25 0.853498
19 1 0.500003
19 2 0.500014
19 3 0.500010
19 4 0.500000
19 5 0.500004
19 6 0.500007
19 7 0.500001
19 8 0.500001
19 9 0.500004
19 10 0.500001
19 11 0.500005
19 12 0.500002
19 13 0.500002
19 14 0.500011
19 15 0.500003
19 16 0.500006
19 17 0.500010
19 18 0.500018
19 19 0.500000
19 20 0.500005
19 21 0.500010
19 22 0.500000
19 23 0.500007
19 24 0.500003
19 25 0.500004
19 26 0.500008
20 1 0.729707
20 2 0.990628
20 3 0.899000
20 4 0.554218
20 5 0.731381
20 6 0.994444
20 7 0.548442
20 8 0.670608
20 9 0.735109
20 10 0.603530
20 11 0.815489
20 12 0.720121
20 13 0.617072
20 14 0.946515
20 15 0.950265
20 16 0.977331
20 17 0.899000
20 18 0.969392
20 19 0.500005
20 20 0.969281
20 21 0.975094
20 22 0.554218
20 23 0.986477
20 24 0.708329
20 25 0.744239
20 26 0.917233
21 1 0.780006
21 2 0.995776
21 3 0.932623
21 4 0.550271
21 5 0.790349
21 6 0.986783
21 7 0.614475
21 8 0.685640
21 9 0.817247
21 10 0.608814
21 11 0.858309
21 12 0.788333
21 13 0.618233
21 14 0.968417
21 15 0.991572
21 16 0.982735
21 17 0.932623
21 18 0.991155
21 19 0.500010
21 20 0.975094
21 21 0.999844
21 22 0.550271
21 23 0.997202
21 24 0.740472
21 25 0.776914
21 26 0.955036
22 1 0.502578
22 2 0.614818
22 3 0.512835
22 5 0.505176
22 6 0.702949
22 7 0.499821
22 8 0.528130
22 9 0.496885
22 10 0.517365
22 11 0.509101
22 12 0.557934
22 13 0.540009
22 14 0.505653
22 15 0.510129
22 16 0.575044
22 17 0.512835
22 18 0.501787
22 19 0.500000
22 20 0.554218
22 21 0.550271
22 22 0.536008
22 23 0.587594
22 24 0.504811
22 25 0.502101
22 26 0.511267
23 1 0.781135
23 2 0.992538
23 3 0.926772
23 4 0.587594
23 5 0.791422
23 6 0.999354
23 7 0.545189
23 8 0.668054
23 9 0.788224
23 10 0.622540
23 11 0.881644
23 12 0.721242
23 13 0.686366
23 14 0.971820
23 15 0.988940
23 16 0.992873
23 17 0.926772
23 18 0.976095
23 19 0.500007
23 20 0.986477
23 21 0.997202
23 22 0.587594
23 23 0.999216
23 24 0.749590
23 25 0.790142
23 26 0.956908
24 1 0.595027
24 2 0.808342
24 3 0.703851
24 4 0.504811
24 5 0.598584
24 6 0.783796
24 7 0.513999
24 8 0.542179
24 9 0.609338
24 10 0.527398
24 11 0.630968
24 12 0.558842
24 13 0.534625
24 14 0.775408
24 15 0.694409
24 16 0.737711
24 17 0.703851
24 18 0.795530
24 19 0.500003
24 20 0.708329
24 21 0.740472
24 22 0.504811
24 23 0.749590
24 24 0.591087
24 25 0.601108
25 1 0.612270
25 2 0.854580
25 3 0.743014
25 4 0.502101
25 5 0.616309
25 6 0.799202
25 7 0.516761
25 8 0.543856
25 9 0.625997
25 10 0.530520
25 11 0.660919
25 12 0.553923
25 13 0.540738
25 14 0.800283
25 15 0.704943
25 16 0.761824
25 17 0.743014
25 18 0.853498
25 19 0.500004
25 20 0.744239
25 21 0.776914
25 22 0.502101
25 23 0.790142
25 24 0.601108
25 25 0.621881
26 2 0.987734
26 6 0.959216
26 7 0.535353
26 8 0.600581
26 10 0.573920
26 12 0.642176
26 15 0.908062
26 16 0.941953
26 17 0.918218
26 19 0.500008
26 20 0.917233
26 21 0.955036
26 22 0.511267
26 23 0.956908
26 26 0.935292
