1 26 0.657891
3 17 0.917857
3 26 0.882930
4 22 0.514245
4 26 0.559400
5 26 0.571731
9 26 0.671969
11 26 0.901063
13 26 0.691795
14 26 0.746212
17 3 0.917857
18 26 0.755023
22 4 0.514245
24 26 0.704626
25 26 0.664866
26 1 0.657891
26 3 0.882930
26 4 0.559400
26 5 0.571731
26 9 0.671969
26 11 0.901063
26 13 0.691795
26 14 0.746212
26 18 0.755023
26 24 0.704626
26 25 0.664866
1 1 0.558983
1 2 0.663185
1 3 0.674442
1 4 0.519982
1 5 0.525535
1 6 0.900683
1 7 0.510786
1 8 0.558958
1 9 0.564328
1 10 0.497170
1 11 0.684762
1 12 0.551044
1 13 0.571564
1 14 0.595613
1 15 0.655054
1 16 0.627736
1 17 0.672307
1 18 0.598680
1 19 0.500001
1 20 0.658033
1 21 0.744641
1 22 0.535619
1 23 0.721798
1 24 0.575486
1 25 0.560393
2 1 0.663185
2 2 0.993337
2 3 0.869959
2 4 0.580698
2 5 0.564304
2 6 0.978670
2 7 0.512732
2 8 0.638528
2 9 0.680583
2 10 0.497149
2 11 0.839241
2 12 0.512682
2 13 0.682228
2 14 0.702303
2 15 0.774305
2 16 0.844757
2 17 0.864424
2 18 0.771896
2 19 0.500006
2 20 0.885335
2 21 0.983105
2 22 0.556889
2 23 0.929097
2 24 0.660512
2 25 0.636244
2 26 0.834554
3 1 0.674442
3 2 0.869959
3 3 0.917977
3 4 0.555237
3 5 0.565763
3 6 0.999136
3 7 0.523568
3 8 0.676150
3 9 0.683363
3 10 0.485119
3 11 0.929154
3 12 0.663499
3 13 0.705812
3 14 0.769507
3 15 0.887423
3 16 0.824798
3 18 0.776374
3 19 0.500003
3 20 0.883562
3 21 0.953895
3 22 0.605725
3 23 0.951804
3 24 0.718244
3 25 0.681801
4 1 0.519982
4 2 0.580698
4 3 0.555237
4 4 0.528060
4 5 0.508617
4 6 0.699567
4 7 0.503585
4 8 0.539430
4 9 0.519867
4 10 0.502489
4 11 0.568980
4 12 0.508319
4 13 0.528029
4 14 0.524397
4 15 0.547883
4 16 0.560310
4 17 0.555161
4 18 0.537652
4 19 0.500002
4 20 0.576088
4 21 0.651939
4 23 0.638803
4 24 0.527817
4 25 0.520401
5 1 0.525535
5 2 0.564304
5 3 0.565763
5 4 0.508617
5 5 0.550219
5 6 0.682166
5 7 0.518469
5 8 0.537906
5 9 0.535262
5 10 0.502459
5 11 0.587679
5 12 0.557315
5 13 0.539077
5 14 0.531272
5 15 0.573947
5 16 0.595168
5 17 0.563251
5 18 0.544974
5 19 0.500001
5 20 0.578017
5 21 0.627212
5 22 0.540928
5 23 0.574628
5 24 0.532660
5 25 0.522079
6 1 0.900683
6 2 0.978670
6 3 0.999136
6 4 0.699567
6 5 0.682166
6 6 1.000000
6 7 0.606243
6 8 0.933424
6 9 0.904641
6 10 0.525804
6 11 0.999713
6 12 0.935528
6 13 0.941692
6 14 0.984254
6 15 0.997366
6 16 0.989613
6 17 0.999061
6 18 0.974861
6 19 0.499999
6 20 0.997772
6 21 0.999865
6 22 0.877591
6 23 0.999953
6 24 0.955887
6 25 0.920076
6 26 0.998330
7 1 0.510786
7 2 0.512732
7 3 0.523568
7 4 0.503585
7 5 0.518469
7 6 0.606243
7 7 0.515876
7 8 0.523274
7 9 0.515360
7 10 0.500928
7 11 0.547944
7 12 0.535933
7 13 0.517012
7 14 0.521340
7 15 0.512117
7 16 0.529512
7 17 0.521338
7 18 0.513741
7 19 0.500000
7 20 0.541878
7 21 0.594396
7 22 0.520861
7 23 0.543372
7 24 0.516861
7 25 0.511712
7 26 0.533493
8 1 0.558958
8 2 0.638528
8 3 0.676150
8 4 0.539430
8 5 0.537906
8 6 0.933424
8 7 0.523274
8 8 0.640874
8 9 0.564351
8 10 0.506231
8 11 0.703443
8 12 0.579163
8 13 0.578931
8 14 0.587678
8 15 0.660465
8 16 0.650469
8 17 0.676052
8 18 0.609201
8 19 0.500002
8 20 0.702655
8 21 0.751565
8 22 0.567483
8 23 0.787133
8 24 0.587990
8 25 0.560713
8 26 0.672689
9 1 0.564328
9 2 0.680583
9 3 0.683363
9 4 0.519867
9 5 0.535262
9 6 0.904641
9 7 0.515360
9 8 0.564351
9 9 0.574487
9 10 0.496357
9 11 0.693184
9 12 0.564130
9 13 0.579191
9 14 0.602478
9 15 0.668038
9 16 0.643956
9 17 0.679841
9 18 0.608933
9 19 0.500001
9 20 0.670524
9 21 0.760787
9 22 0.543302
9 23 0.729504
9 24 0.582061
9 25 0.565510
10 1 0.497170
10 2 0.497149
10 3 0.485119
10 4 0.502489
10 5 0.502459
10 6 0.525804
10 7 0.500928
10 8 0.506231
10 9 0.496357
10 10 0.505220
10 11 0.486778
10 12 0.498167
10 13 0.498508
10 14 0.493968
10 15 0.485612
10 16 0.503395
10 17 0.484154
10 18 0.497926
10 19 0.500000
10 20 0.498038
10 21 0.483386
10 22 0.505381
10 23 0.495600
10 24 0.498126
10 25 0.495908
10 26 0.493220
11 1 0.684762
11 2 0.839241
11 3 0.929154
11 4 0.568980
11 5 0.587679
11 6 0.999713
11 7 0.547944
11 8 0.703443
11 9 0.693184
11 10 0.486778
11 11 0.959977
11 12 0.735619
11 13 0.727832
11 14 0.780801
11 15 0.880402
11 16 0.830706
11 17 0.930826
11 18 0.759137
11 19 0.500003
11 20 0.903833
11 21 0.979459
11 22 0.634503
11 23 0.953910
11 24 0.742032
11 25 0.696185
12 1 0.551044
12 2 0.512682
12 3 0.663499
12 4 0.508319
12 5 0.557315
12 6 0.935528
12 7 0.535933
12 8 0.579163
12 9 0.564130
12 10 0.498167
12 11 0.735619
12 12 0.662828
12 13 0.574157
12 14 0.595931
12 15 0.625891
12 16 0.611921
12 17 0.663361
12 18 0.572271
12 19 0.499999
12 20 0.649071
12 21 0.745971
12 22 0.584619
12 23 0.661667
12 24 0.577202
12 25 0.561181
12 26 0.656456
13 1 0.571564
13 2 0.682228
13 3 0.705812
13 4 0.528029
13 5 0.539077
13 6 0.941692
13 7 0.517012
13 8 0.578931
13 9 0.579191
13 10 0.498508
13 11 0.727832
13 12 0.574157
13 13 0.591077
13 14 0.612729
13 15 0.683755
13 16 0.662983
13 17 0.703594
13 18 0.617580
13 19 0.500002
13 20 0.691805
13 21 0.798750
13 22 0.552140
13 23 0.759207
13 24 0.593644
13 25 0.572899
14 1 0.595613
14 2 0.702303
14 3 0.769507
14 4 0.524397
14 5 0.531272
14 6 0.984254
14 7 0.521340
14 8 0.587678
14 9 0.602478
14 10 0.493968
14 11 0.780801
14 12 0.595931
14 13 0.612729
14 14 0.680918
14 15 0.743353
14 16 0.682700
14 17 0.763633
14 18 0.659218
14 19 0.500000
14 20 0.738702
14 21 0.849947
14 22 0.566021
14 23 0.844464
14 24 0.622382
14 25 0.605001
15 1 0.655054
15 2 0.774305
15 3 0.887423
15 4 0.547883
15 5 0.573947
15 6 0.997366
15 7 0.512117
15 8 0.660465
15 9 0.668038
15 10 0.485612
15 11 0.880402
15 12 0.625891
15 13 0.683755
15 14 0.743353
15 15 0.904671
15 16 0.810494
15 17 0.885763
15 18 0.759564
15 19 0.500004
15 20 0.836403
15 21 0.903750
15 22 0.596753
15 23 0.937298
15 24 0.696233
15 25 0.662081
15 26 0.857902
16 1 0.627736
16 2 0.844757
16 3 0.824798
16 4 0.560310
16 5 0.595168
16 6 0.989613
16 7 0.529512
16 8 0.650469
16 9 0.643956
16 10 0.503395
16 11 0.830706
16 12 0.611921
16 13 0.662983
16 14 0.682700
16 15 0.810494
16 16 0.825293
16 17 0.819115
16 18 0.743110
16 19 0.500005
16 20 0.837476
16 21 0.910325
16 22 0.596044
16 23 0.911700
16 24 0.659553
16 25 0.622863
16 26 0.811664
17 1 0.672307
17 2 0.864424
17 4 0.555161
17 5 0.563251
17 6 0.999061
17 7 0.521338
17 8 0.676052
17 9 0.679841
17 10 0.484154
17 11 0.930826
17 12 0.663361
17 13 0.703594
17 14 0.763633
17 15 0.885763
17 16 0.819115
17 17 0.918597
17 18 0.769774
17 19 0.500003
17 20 0.880503
17 21 0.951604
17 22 0.602383
17 23 0.948256
17 24 0.716463
17 25 0.679423
17 26 0.880408
18 1 0.598680
18 2 0.771896
18 3 0.776374
18 4 0.537652
18 5 0.544974
18 6 0.974861
18 7 0.513741
18 8 0.609201
18 9 0.608933
18 10 0.497926
18 11 0.759137
18 12 0.572271
18 13 0.617580
18 14 0.659218
18 15 0.759564
18 16 0.743110
18 17 0.769774
18 18 0.708370
18 19 0.500003
18 20 0.773968
18 21 0.810536
18 22 0.561451
18 23 0.880169
18 24 0.623036
18 25 0.601572
19 1 0.500001
19 2 0.500006
19 3 0.500003
19 4 0.500002
19 5 0.500001
19 6 0.499999
19 7 0.500000
19 8 0.500002
19 9 0.500001
19 10 0.500000
19 11 0.500003
19 12 0.499999
19 13 0.500002
19 14 0.500000
19 15 0.500004
19 16 0.500005
19 17 0.500003
19 18 0.500003
19 19 0.500000
19 20 0.500004
19 21 0.500008
19 22 0.500000
19 23 0.500008
19 24 0.500001
19 25 0.500001
19 26 0.500003
20 1 0.658033
20 2 0.885335
20 3 0.883562
20 4 0.576088
20 5 0.578017
20 6 0.997772
20 7 0.541878
20 8 0.702655
20 9 0.670524
20 10 0.498038
20 11 0.903833
20 12 0.649071
20 13 0.691805
20 14 0.738702
20 15 0.836403
20 16 0.837476
20 17 0.880503
20 18 0.773968
20 19 0.500004
20 20 0.902783
20 21 0.963739
20 22 0.602740
20 23 0.960487
20 24 0.705663
20 25 0.662508
20 26 0.864791
21 1 0.744641
21 2 0.983105
21 3 0.953895
21 4 0.651939
21 5 0.627212
21 6 0.999865
21 7 0.594396
21 8 0.751565
21 9 0.760787
21 10 0.483386
21 11 0.979459
21 12 0.745971
21 13 0.798750
21 14 0.849947
21 15 0.903750
21 16 0.910325
21 17 0.951604
21 18 0.810536
21 19 0.500008
21 20 0.963739
21 21 0.999864
21 22 0.657394
21 23 0.990317
21 24 0.793847
21 25 0.750586
21 26 0.947654
22 1 0.535619
22 2 0.556889
22 3 0.605725
22 5 0.540928
22 6 0.877591
22 7 0.520861
22 8 0.567483
22 9 0.543302
22 10 0.505381
22 11 0.634503
22 12 0.584619
22 13 0.552140
22 14 0.566021
22 15 0.596753
22 16 0.596044
22 17 0.602383
22 18 0.561451
22 19 0.500000
22 20 0.602740
22 21 0.657394
22 22 0.565877
22 23 0.649099
22 24 0.549884
22 25 0.538575
22 26 0.605094
23 1 0.721798
23 2 0.929097
23 3 0.951804
23 4 0.638803
23 5 0.574628
23 6 0.999953
23 7 0.543372
23 8 0.787133
23 9 0.729504
23 10 0.495600
23 11 0.953910
23 12 0.661667
23 13 0.759207
23 14 0.844464
23 15 0.937298
23 16 0.911700
23 17 0.948256
23 18 0.880169
23 19 0.500008
23 20 0.960487
23 21 0.990317
23 22 0.649099
23 23 0.997231
23 24 0.779844
23 25 0.740888
23 26 0.940350
24 1 0.575486
24 2 0.660512
24 3 0.718244
24 4 0.527817
24 5 0.532660
24 6 0.955887
24 7 0.516861
24 8 0.587990
24 9 0.582061
24 10 0.498126
24 11 0.742032
24 12 0.577202
24 13 0.593644
24 14 0.622382
24 15 0.696233
24 16 0.659553
24 17 0.716463
24 18 0.623036
24 19 0.500001
24 20 0.705663
24 21 0.793847
24 22 0.549884
24 23 0.779844
24 24 0.603314
24 25 0.579506
25 1 0.560393
25 2 0.636244
25 3 0.681801
25 4 0.520401
25 5 0.522079
25 6 0.920076
25 7 0.511712
25 8 0.560713
25 9 0.565510
25 10 0.495908
25 11 0.696185
25 12 0.561181
25 13 0.572899
25 14 0.605001
25 15 0.662081
25 16 0.622863
25 17 0.679423
25 18 0.601572
25 19 0.500001
25 20 0.662508
25 21 0.750586
25 22 0.538575
25 23 0.740888
25 24 0.579506
25 25 0.565552
26 2 0.834554
26 6 0.998330
26 7 0.533493
26 8 0.672689
26 10 0.493220
26 12 0.656456
26 15 0.857902
26 16 0.811664
26 17 0.880408
26 19 0.500003
26 20 0.864791
26 21 0.947654
26 22 0.605094
26 23 0.940350
26 26 0.864394
