1 26 0.733243
3 17 0.895482
3 26 0.789645
4 22 0.553527
4 26 0.703705
5 26 0.500783
9 26 0.731126
11 26 0.825217
13 26 0.720280
14 26 0.999770
17 3 0.895482
18 26 0.844017
22 4 0.553527
24 26 0.748462
25 26 0.762395
26 1 0.733243
26 3 0.789645
26 4 0.703705
26 5 0.500783
26 9 0.731126
26 11 0.825217
26 13 0.720280
26 14 0.999770
26 18 0.844017
26 24 0.748462
26 25 0.762395
1 1 0.599551
1 2 0.944214
1 3 0.627280
1 4 0.584253
1 5 0.498510
1 6 0.979415
1 7 0.523043
1 8 0.575586
1 9 0.596965
1 10 0.487130
1 11 0.650158
1 12 0.627814
1 13 0.592251
1 14 0.960757
1 15 0.701900
1 16 0.625604
1 17 0.627280
1 18 0.660672
1 19 0.500001
1 20 0.549571
1 21 0.911549
1 22 0.548653
1 23 0.695731
1 24 0.607275
1 25 0.613832
2 1 0.944214
2 2 1.000000
2 3 0.983688
2 4 0.926787
2 5 0.695368
2 6 1.000000
2 7 0.640675
2 8 0.932160
2 9 0.943716
2 10 0.484441
2 11 0.987074
2 12 0.975324
2 13 0.956991
2 14 1.000000
2 15 0.999915
2 16 0.998110
2 17 0.983688
2 18 0.965711
2 19 0.500020
2 20 0.949426
2 21 1.000000
2 22 0.864817
2 23 0.997204
2 24 0.937310
2 25 0.951294
2 26 0.999111
3 1 0.627280
3 2 0.983688
3 3 0.895482
3 4 0.658919
3 5 0.505638
3 6 0.998017
3 7 0.558484
3 8 0.698250
3 9 0.650996
3 10 0.523101
3 11 0.726971
3 12 0.746851
3 13 0.709812
3 14 0.995875
3 15 0.879456
3 16 0.801148
3 18 0.718815
3 19 0.500001
3 20 0.736287
3 21 0.977609
3 22 0.607852
3 23 0.906207
3 24 0.653517
3 25 0.637536
4 1 0.584253
4 2 0.926787
4 3 0.658919
4 4 0.583722
4 5 0.503461
4 6 0.975827
4 7 0.522301
4 8 0.579568
4 9 0.588905
4 10 0.496547
4 11 0.632914
4 12 0.621625
4 13 0.596906
4 14 0.966092
4 15 0.703179
4 16 0.621736
4 17 0.658919
4 18 0.640966
4 19 0.500001
4 20 0.574870
4 21 0.888824
4 23 0.713927
4 24 0.592825
4 25 0.595748
5 1 0.498510
5 2 0.695368
5 3 0.505638
5 4 0.503461
5 5 0.559980
5 6 0.540569
5 7 0.498209
5 8 0.491160
5 9 0.503111
5 10 0.515523
5 11 0.505273
5 12 0.489061
5 13 0.504732
5 14 0.506502
5 15 0.544027
5 16 0.507520
5 17 0.505638
5 18 0.466868
5 19 0.500001
5 20 0.515505
5 21 0.528186
5 22 0.512870
5 23 0.491598
5 24 0.485075
5 25 0.492497
6 1 0.979415
6 2 1.000000
6 3 0.998017
6 4 0.975827
6 5 0.540569
6 6 1.000000
6 7 0.702923
6 8 0.967578
6 9 0.982807
6 10 0.436311
6 11 0.997921
6 12 0.994484
6 13 0.986643
6 14 1.000000
6 15 0.999877
6 16 0.993352
6 17 0.998017
6 18 0.997654
6 19 0.500016
6 20 0.934141
6 21 1.000000
6 22 0.918980
6 23 0.999516
6 24 0.982369
6 25 0.987929
6 26 0.999947
7 1 0.523043
7 2 0.640675
7 3 0.558484
7 4 0.522301
7 5 0.498209
7 6 0.702923
7 7 0.517257
7 8 0.505672
7 9 0.521440
7 10 0.502320
7 11 0.535096
7 12 0.535660
7 13 0.519123
7 14 0.641504
7 15 0.573366
7 16 0.539468
7 17 0.558484
7 18 0.545675
7 19 0.500001
7 20 0.523953
7 21 0.679224
7 22 0.512725
7 23 0.531681
7 24 0.526704
7 25 0.525783
7 26 0.556139
8 1 0.575586
8 2 0.932160
8 3 0.698250
8 4 0.579568
8 5 0.491160
8 6 0.967578
8 7 0.505672
8 8 0.684083
8 9 0.578920
8 10 0.489413
8 11 0.638844
8 12 0.657574
8 13 0.623953
8 14 0.917146
8 15 0.712766
8 16 0.746153
8 17 0.698250
8 18 0.606431
8 19 0.499998
8 20 0.622041
8 21 0.816085
8 22 0.550155
8 23 0.784874
8 24 0.595303
8 25 0.586204
8 26 0.681792
9 1 0.596965
9 2 0.943716
9 3 0.650996
9 4 0.588905
9 5 0.503111
9 6 0.982807
9 7 0.521440
9 8 0.578920
9 9 0.601602
9 10 0.493687
9 11 0.647772
9 12 0.625707
9 13 0.600837
9 14 0.975888
9 15 0.704195
9 16 0.613447
9 17 0.650996
9 18 0.659523
9 19 0.500001
9 20 0.567687
9 21 0.908411
9 22 0.554958
9 23 0.720785
9 24 0.603250
9 25 0.610349
10 1 0.487130
10 2 0.484441
10 3 0.523101
10 4 0.496547
10 5 0.515523
10 6 0.436311
10 7 0.502320
10 8 0.489413
10 9 0.493687
10 10 0.518184
10 11 0.485373
10 12 0.486887
10 13 0.500527
10 14 0.473829
10 15 0.522034
10 16 0.491471
10 17 0.523101
10 18 0.465554
10 19 0.500001
10 20 0.518749
10 21 0.490771
10 22 0.505744
10 23 0.499784
10 24 0.480278
10 25 0.481005
10 26 0.471784
11 1 0.650158
11 2 0.987074
11 3 0.726971
11 4 0.632914
11 5 0.505273
11 6 0.997921
11 7 0.535096
11 8 0.638844
11 9 0.647772
11 10 0.485373
11 11 0.738546
11 12 0.703931
11 13 0.657189
11 14 0.992942
11 15 0.798401
11 16 0.701687
11 17 0.726971
11 18 0.724072
11 19 0.500001
11 20 0.577564
11 21 0.976301
11 22 0.579500
11 23 0.805443
11 24 0.661371
11 25 0.668640
12 1 0.627814
12 2 0.975324
12 3 0.746851
12 4 0.621625
12 5 0.489061
12 6 0.994484
12 7 0.535660
12 8 0.657574
12 9 0.625707
12 10 0.486887
12 11 0.703931
12 12 0.731012
12 13 0.663151
12 14 0.986626
12 15 0.809845
12 16 0.721748
12 17 0.746851
12 18 0.699160
12 19 0.500002
12 20 0.590213
12 21 0.948125
12 22 0.572771
12 23 0.823322
12 24 0.653437
12 25 0.649365
12 26 0.787099
13 1 0.592251
13 2 0.956991
13 3 0.709812
13 4 0.596906
13 5 0.504732
13 6 0.986643
13 7 0.519123
13 8 0.623953
13 9 0.600837
13 10 0.500527
13 11 0.657189
13 12 0.663151
13 13 0.639131
13 14 0.982735
13 15 0.763628
13 16 0.660704
13 17 0.709812
13 18 0.627079
13 19 0.500002
13 20 0.590690
13 21 0.905045
13 22 0.566978
13 23 0.780869
13 24 0.601632
13 25 0.602644
14 1 0.960757
14 2 1.000000
14 3 0.995875
14 4 0.966092
14 5 0.506502
14 6 1.000000
14 7 0.641504
14 8 0.917146
14 9 0.975888
14 10 0.473829
14 11 0.992942
14 12 0.986626
14 13 0.982735
14 14 1.000000
14 15 0.999169
14 16 0.865435
14 17 0.995875
14 18 0.995131
14 19 0.500021
14 20 0.899172
14 21 1.000000
14 22 0.910525
14 23 0.999219
14 24 0.964406
14 25 0.976788
15 1 0.701900
15 2 0.999915
15 3 0.879456
15 4 0.703179
15 5 0.544027
15 6 0.999877
15 7 0.573366
15 8 0.712766
15 9 0.704195
15 10 0.522034
15 11 0.798401
15 12 0.809845
15 13 0.763628
15 14 0.999169
15 15 0.981319
15 16 0.917413
15 17 0.879456
15 18 0.717112
15 19 0.500009
15 20 0.742742
15 21 0.998619
15 22 0.659416
15 23 0.930757
15 24 0.701596
15 25 0.702404
15 26 0.890378
16 1 0.625604
16 2 0.998110
16 3 0.801148
16 4 0.621736
16 5 0.507520
16 6 0.993352
16 7 0.539468
16 8 0.746153
16 9 0.613447
16 10 0.491471
16 11 0.701687
16 12 0.721748
16 13 0.660704
16 14 0.865435
16 15 0.917413
16 16 0.941635
16 17 0.801148
16 18 0.643729
16 19 0.499999
16 20 0.759401
16 21 0.971685
16 22 0.583679
16 23 0.828800
16 24 0.644706
16 25 0.626832
16 26 0.768660
17 1 0.627280
17 2 0.983688
17 4 0.658919
17 5 0.505638
17 6 0.998017
17 7 0.558484
17 8 0.698250
17 9 0.650996
17 10 0.523101
17 11 0.726971
17 12 0.746851
17 13 0.709812
17 14 0.995875
17 15 0.879456
17 16 0.801148
17 17 0.895482
17 18 0.718815
17 19 0.500001
17 20 0.736287
17 21 0.977609
17 22 0.607852
17 23 0.906207
17 24 0.653517
17 25 0.637536
17 26 0.789645
18 1 0.660672
18 2 0.965711
18 3 0.718815
18 4 0.640966
18 5 0.466868
18 6 0.997654
18 7 0.545675
18 8 0.606431
18 9 0.659523
18 10 0.465554
18 11 0.724072
18 12 0.699160
18 13 0.627079
18 14 0.995131
18 15 0.717112
18 16 0.643729
18 17 0.718815
18 18 0.812557
18 19 0.500000
18 20 0.586074
18 21 0.970509
18 22 0.567061
18 23 0.812070
18 24 0.690525
18 25 0.693506
19 1 0.500001
19 2 0.500020
19 3 0.500001
19 4 0.500001
19 5 0.500001
19 6 0.500016
19 7 0.500001
19 8 0.499998
19 9 0.500001
19 10 0.500001
19 11 0.500001
19 12 0.500002
19 13 0.500002
19 14 0.500021
19 15 0.500009
19 16 0.499999
19 17 0.500001
19 18 0.500000
19 19 0.500000
19 20 0.500000
19 21 0.500014
19 22 0.500002
19 23 0.500000
19 24 0.500000
19 25 0.500001
19 26 0.500003
20 1 0.549571
20 2 0.949426
20 3 0.736287
20 4 0.574870
20 5 0.515505
20 6 0.934141
20 7 0.523953
20 8 0.622041
20 9 0.567687
20 10 0.518749
20 11 0.577564
20 12 0.590213
20 13 0.590690
20 14 0.899172
20 15 0.742742
20 16 0.759401
20 17 0.736287
20 18 0.586074
20 19 0.500000
20 20 0.739986
20 21 0.819853
20 22 0.560048
20 23 0.710408
20 24 0.557622
20 25 0.546810
20 26 0.625634
21 1 0.911549
21 2 1.000000
21 3 0.977609
21 4 0.888824
21 5 0.528186
21 6 1.000000
21 7 0.679224
21 8 0.816085
21 9 0.908411
21 10 0.490771
21 11 0.976301
21 12 0.948125
21 13 0.905045
21 14 1.000000
21 15 0.998619
21 16 0.971685
21 17 0.977609
21 18 0.970509
21 19 0.500014
21 20 0.819853
21 21 1.000000
21 22 0.792137
21 23 0.990935
21 24 0.912451
21 25 0.924534
21 26 0.996985
22 1 0.548653
22 2 0.864817
22 3 0.607852
22 5 0.512870
22 6 0.918980
22 7 0.512725
22 8 0.550155
22 9 0.554958
22 10 0.505744
22 11 0.579500
22 12 0.572771
22 13 0.566978
22 14 0.910525
22 15 0.659416
22 16 0.583679
22 17 0.607852
22 18 0.567061
22 19 0.500002
22 20 0.560048
22 21 0.792137
22 22 0.540601
22 23 0.640300
22 24 0.548609
22 25 0.552092
22 26 0.623267
23 1 0.695731
23 2 0.997204
23 3 0.906207
23 4 0.713927
23 5 0.491598
23 6 0.999516
23 7 0.531681
23 8 0.784874
23 9 0.720785
23 10 0.499784
23 11 0.805443
23 12 0.823322
23 13 0.780869
23 14 0.999219
23 15 0.930757
23 16 0.828800
23 17 0.906207
23 18 0.812070
23 19 0.500000
23 20 0.710408
23 21 0.990935
23 22 0.640300
23 23 0.990102
23 24 0.734180
23 25 0.716293
23 26 0.892081
24 1 0.607275
24 2 0.937310
24 3 0.653517
24 4 0.592825
24 5 0.485075
24 6 0.982369
24 7 0.526704
24 8 0.595303
24 9 0.603250
24 10 0.480278
24 11 0.661371
24 12 0.653437
24 13 0.601632
24 14 0.964406
24 15 0.701596
24 16 0.644706
24 17 0.653517
24 18 0.690525
24 19 0.500000
24 20 0.557622
24 21 0.912451
24 22 0.548609
24 23 0.734180
24 24 0.626017
24 25 0.627122
25 1 0.613832
25 2 0.951294
25 3 0.637536
25 4 0.595748
25 5 0.492497
25 6 0.987929
25 7 0.525783
25 8 0.586204
25 9 0.610349
25 10 0.481005
25 11 0.668640
25 12 0.649365
25 13 0.602644
25 14 0.976788
25 15 0.702404
25 16 0.626832
25 17 0.637536
25 18 0.693506
25 19 0.500001
25 20 0.546810
25 21 0.924534
25 22 0.552092
25 23 0.716293
25 24 0.627122
25 25 0.634031
26 2 0.999111
26 6 0.999947
26 7 0.556139
26 8 0.681792
26 10 0.471784
26 12 0.787099
26 15 0.890378
26 16 0.768660
26 17 0.789645
26 19 0.500003
26 20 0.625634
26 21 0.996985
26 22 0.623267
26 23 0.892081
26 26 0.927747
