1 26 0.792256
3 17 0.995114
3 26 0.979539
4 22 0.563478
4 26 0.799354
5 26 0.786380
9 26 0.814072
11 26 0.948731
13 26 0.848382
14 26 0.969744
17 3 0.995114
18 26 0.896773
22 4 0.563478
24 26 0.825985
25 26 0.628734
26 1 0.792256
26 3 0.979539
26 4 0.799354
26 5 0.786380
26 9 0.814072
26 11 0.948731
26 13 0.848382
26 14 0.969744
26 18 0.896773
26 24 0.825985
26 25 0.628734
1 1 0.619056
1 2 0.920414
1 3 0.785848
1 4 0.621013
1 5 0.614730
1 6 0.967363
1 7 0.521306
1 8 0.532626
1 9 0.629737
1 10 0.511148
1 11 0.734547
1 12 0.540226
1 13 0.649276
1 14 0.777737
1 15 0.586432
1 16 0.642852
1 17 0.785848
1 18 0.683606
1 19 0.500002
1 20 0.712229
1 21 0.902663
1 22 0.557613
1 23 0.842588
1 24 0.636407
1 25 0.545599
2 1 0.920414
2 2 1.000000
2 3 0.999776
2 4 0.934858
2 5 0.906224
2 6 1.000000
2 7 0.671647
2 8 0.768446
2 9 0.925111
2 10 0.573490
2 11 0.997475
2 12 0.711032
2 13 0.957958
2 14 0.994716
2 15 0.956180
2 16 0.988745
2 17 0.999776
2 18 0.972650
2 19 0.499996
2 20 0.975668
2 21 1.000000
2 22 0.770758
2 23 0.999212
2 24 0.931334
2 25 0.802611
2 26 0.999221
3 1 0.785848
3 2 0.999776
3 3 0.995114
3 4 0.801421
3 5 0.785449
3 6 0.999997
3 7 0.575989
3 8 0.835868
3 9 0.824053
3 10 0.529979
3 11 0.949561
3 12 0.701366
3 13 0.858213
3 14 0.971987
3 15 0.730137
3 16 0.943004
3 18 0.900396
3 19 0.500007
3 20 0.939958
3 21 0.999284
3 22 0.676216
3 23 0.999615
3 24 0.824696
3 25 0.719371
4 1 0.621013
4 2 0.934858
4 3 0.801421
4 4 0.625600
4 5 0.617197
4 6 0.977939
4 7 0.521677
4 8 0.545721
4 9 0.631606
4 10 0.511148
4 11 0.748477
4 12 0.541470
4 13 0.653349
4 14 0.783364
4 15 0.590333
4 16 0.665900
4 17 0.801421
4 18 0.684584
4 19 0.500002
4 20 0.718594
4 21 0.910026
4 23 0.861710
4 24 0.639242
4 25 0.548911
5 1 0.614730
5 2 0.906224
5 3 0.785449
5 4 0.617197
5 5 0.613637
5 6 0.967759
5 7 0.518130
5 8 0.546431
5 9 0.628336
5 10 0.508884
5 11 0.725856
5 12 0.548763
5 13 0.645506
5 14 0.771158
5 15 0.590997
5 16 0.657928
5 17 0.785449
5 18 0.686064
5 19 0.500002
5 20 0.707772
5 21 0.889327
5 22 0.558198
5 23 0.856702
5 24 0.633224
5 25 0.543416
6 1 0.967363
6 2 1.000000
6 3 0.999997
6 4 0.977939
6 5 0.967759
6 6 1.000000
6 7 0.709107
6 8 0.963354
6 9 0.976505
6 10 0.568370
6 11 0.999904
6 12 0.834048
6 13 0.990179
6 14 0.999888
6 15 0.939647
6 16 0.999892
6 17 0.999997
6 18 0.993679
6 19 0.500000
6 20 0.998813
6 21 1.000000
6 22 0.881205
6 23 1.000000
6 24 0.983014
6 25 0.843778
6 26 0.999967
7 1 0.521306
7 2 0.671647
7 3 0.575989
7 4 0.521677
7 5 0.518130
7 6 0.709107
7 7 0.518278
7 8 0.516445
7 9 0.518657
7 10 0.504939
7 11 0.547987
7 12 0.503037
7 13 0.526859
7 14 0.557123
7 15 0.502009
7 16 0.551957
7 17 0.575989
7 18 0.519913
7 19 0.499999
7 20 0.551676
7 21 0.624990
7 22 0.500386
7 23 0.550238
7 24 0.523865
7 25 0.521179
7 26 0.561202
8 1 0.532626
8 2 0.768446
8 3 0.835868
8 4 0.545721
8 5 0.546431
8 6 0.963354
8 7 0.516445
8 8 0.769986
8 9 0.562443
8 10 0.496936
8 11 0.559850
8 12 0.601049
8 13 0.570260
8 14 0.630237
8 15 0.533452
8 16 0.759799
8 17 0.835868
8 18 0.617317
8 19 0.500004
8 20 0.667832
8 21 0.785095
8 22 0.536352
8 23 0.949525
8 24 0.556602
8 25 0.593936
8 26 0.643206
9 1 0.629737
9 2 0.925111
9 3 0.824053
9 4 0.631606
9 5 0.628336
9 6 0.976505
9 7 0.518657
9 8 0.562443
9 9 0.648596
9 10 0.509972
9 11 0.745054
9 12 0.567110
9 13 0.665762
9 14 0.801414
9 15 0.606486
9 16 0.670079
9 17 0.824053
9 18 0.711610
9 19 0.500003
9 20 0.737554
9 21 0.918507
9 22 0.569557
9 23 0.899599
9 24 0.650751
9 25 0.556294
10 1 0.511148
10 2 0.573490
10 3 0.529979
10 4 0.511148
10 5 0.508884
10 6 0.568370
10 7 0.504939
10 8 0.496936
10 9 0.509972
10 10 0.503902
10 11 0.523894
10 12 0.501326
10 13 0.513230
10 14 0.528683
10 15 0.500190
10 16 0.506992
10 17 0.529979
10 18 0.511782
10 19 0.500000
10 20 0.515780
10 21 0.561207
10 22 0.503549
10 23 0.531616
10 24 0.511835
10 25 0.504392
10 26 0.529832
11 1 0.734547
11 2 0.997475
11 3 0.949561
11 4 0.748477
11 5 0.725856
11 6 0.999904
11 7 0.547987
11 8 0.559850
11 9 0.745054
11 10 0.523894
11 11 0.947623
11 12 0.588115
11 13 0.791200
11 14 0.933716
11 15 0.681634
11 16 0.846590
11 17 0.949561
11 18 0.799126
11 19 0.500003
11 20 0.865730
11 21 0.994671
11 22 0.669871
11 23 0.984659
11 24 0.761626
11 25 0.572507
12 1 0.540226
12 2 0.711032
12 3 0.701366
12 4 0.541470
12 5 0.548763
12 6 0.834048
12 7 0.503037
12 8 0.601049
12 9 0.567110
12 10 0.501326
12 11 0.588115
12 12 0.662085
12 13 0.567370
12 14 0.608133
12 15 0.629071
12 16 0.655196
12 17 0.701366
12 18 0.598618
12 19 0.500004
12 20 0.640370
12 21 0.770495
12 22 0.585276
12 23 0.825666
12 24 0.552352
12 25 0.534998
12 26 0.627992
13 1 0.649276
13 2 0.957958
13 3 0.858213
13 4 0.653349
13 5 0.645506
13 6 0.990179
13 7 0.526859
13 8 0.570260
13 9 0.665762
13 10 0.513230
13 11 0.791200
13 12 0.567370
13 13 0.690364
13 14 0.834853
13 15 0.611422
13 16 0.703656
13 17 0.858213
13 18 0.728190
13 19 0.500003
13 20 0.771541
13 21 0.947289
13 22 0.580166
13 23 0.922120
13 24 0.672020
13 25 0.567990
14 1 0.777737
14 2 0.994716
14 3 0.971987
14 4 0.783364
14 5 0.771158
14 6 0.999888
14 7 0.557123
14 8 0.630237
14 9 0.801414
14 10 0.528683
14 11 0.933716
14 12 0.608133
14 13 0.834853
14 14 0.970508
14 15 0.665543
14 16 0.846621
14 17 0.971987
14 18 0.875049
14 19 0.500005
14 20 0.930610
14 21 0.995157
14 22 0.647247
14 23 0.993548
14 24 0.815475
14 25 0.632511
15 1 0.586432
15 2 0.956180
15 3 0.730137
15 4 0.590333
15 5 0.590997
15 6 0.939647
15 7 0.502009
15 8 0.533452
15 9 0.606486
15 10 0.500190
15 11 0.681634
15 12 0.629071
15 13 0.611422
15 14 0.665543
15 15 0.721687
15 16 0.652462
15 17 0.730137
15 18 0.666392
15 19 0.500002
15 20 0.665098
15 21 0.902786
15 22 0.609503
15 23 0.717355
15 24 0.595042
15 25 0.527685
15 26 0.732657
16 1 0.642852
16 2 0.988745
16 3 0.943004
16 4 0.665900
16 5 0.657928
16 6 0.999892
16 7 0.551957
16 8 0.759799
16 9 0.670079
16 10 0.506992
16 11 0.846590
16 12 0.655196
16 13 0.703656
16 14 0.846621
16 15 0.652462
16 16 0.939501
16 17 0.943004
16 18 0.730487
16 19 0.499999
16 20 0.801444
16 21 0.956119
16 22 0.586059
16 23 0.987013
16 24 0.678369
16 25 0.590426
16 26 0.875841
17 1 0.785848
17 2 0.999776
17 4 0.801421
17 5 0.785449
17 6 0.999997
17 7 0.575989
17 8 0.835868
17 9 0.824053
17 10 0.529979
17 11 0.949561
17 12 0.701366
17 13 0.858213
17 14 0.971987
17 15 0.730137
17 16 0.943004
17 17 0.995114
17 18 0.900396
17 19 0.500007
17 20 0.939958
17 21 0.999284
17 22 0.676216
17 23 0.999615
17 24 0.824696
17 25 0.719371
17 26 0.979539
18 1 0.683606
18 2 0.972650
18 3 0.900396
18 4 0.684584
18 5 0.686064
18 6 0.993679
18 7 0.519913
18 8 0.617317
18 9 0.711610
18 10 0.511782
18 11 0.799126
18 12 0.598618
18 13 0.728190
18 14 0.875049
18 15 0.666392
18 16 0.730487
18 17 0.900396
18 18 0.817174
18 19 0.500006
18 20 0.805318
18 21 0.972283
18 22 0.594348
18 23 0.960844
18 24 0.713743
18 25 0.568757
19 1 0.500002
19 2 0.499996
19 3 0.500007
19 4 0.500002
19 5 0.500002
19 6 0.500000
19 7 0.499999
19 8 0.500004
19 9 0.500003
19 10 0.500000
19 11 0.500003
19 12 0.500004
19 13 0.500003
19 14 0.500005
19 15 0.500002
19 16 0.499999
19 17 0.500007
19 18 0.500006
19 19 0.500000
19 20 0.500005
19 21 0.500011
19 22 0.500004
19 23 0.500020
19 24 0.500002
19 25 0.500001
19 26 0.500005
20 1 0.712229
20 2 0.975668
20 3 0.939958
20 4 0.718594
20 5 0.707772
20 6 0.998813
20 7 0.551676
20 8 0.667832
20 9 0.737554
20 10 0.515780
20 11 0.865730
20 12 0.640370
20 13 0.771541
20 14 0.930610
20 15 0.665098
20 16 0.801444
20 17 0.939958
20 18 0.805318
20 19 0.500005
20 20 0.918738
20 21 0.982596
20 22 0.647248
20 23 0.973566
20 24 0.749682
20 25 0.644801
20 26 0.926123
21 1 0.902663
21 2 1.000000
21 3 0.999284
21 4 0.910026
21 5 0.889327
21 6 1.000000
21 7 0.624990
21 8 0.785095
21 9 0.918507
21 10 0.561207
21 11 0.994671
21 12 0.770495
21 13 0.947289
21 14 0.995157
21 15 0.902786
21 16 0.956119
21 17 0.999284
21 18 0.972283
21 19 0.500011
21 20 0.982596
21 21 1.000000
21 22 0.808574
21 23 0.999797
21 24 0.923054
21 25 0.744464
21 26 0.998309
22 1 0.557613
22 2 0.770758
22 3 0.676216
22 5 0.558198
22 6 0.881205
22 7 0.500386
22 8 0.536352
22 9 0.569557
22 10 0.503549
22 11 0.669871
22 12 0.585276
22 13 0.580166
22 14 0.647247
22 15 0.609503
22 16 0.586059
22 17 0.676216
22 18 0.594348
22 19 0.500004
22 20 0.647248
22 21 0.808574
22 22 0.606233
22 23 0.778893
22 24 0.568881
22 25 0.517459
22 26 0.664994
23 1 0.842588
23 2 0.999212
23 3 0.999615
23 4 0.861710
23 5 0.856702
23 6 1.000000
23 7 0.550238
23 8 0.949525
23 9 0.899599
23 10 0.531616
23 11 0.984659
23 12 0.825666
23 13 0.922120
23 14 0.993548
23 15 0.717355
23 16 0.987013
23 17 0.999615
23 18 0.960844
23 19 0.500020
23 20 0.973566
23 21 0.999797
23 22 0.778893
23 23 1.000000
23 24 0.893768
23 25 0.746167
23 26 0.994572
24 1 0.636407
24 2 0.931334
24 3 0.824696
24 4 0.639242
24 5 0.633224
24 6 0.983014
24 7 0.523865
24 8 0.556602
24 9 0.650751
24 10 0.511835
24 11 0.761626
24 12 0.552352
24 13 0.672020
24 14 0.815475
24 15 0.595042
24 16 0.678369
24 17 0.824696
24 18 0.713743
24 19 0.500002
24 20 0.749682
24 21 0.923054
24 22 0.568881
24 23 0.893768
24 24 0.659221
24 25 0.553960
25 1 0.545599
25 2 0.802611
25 3 0.719371
25 4 0.548911
25 5 0.543416
25 6 0.843778
25 7 0.521179
25 8 0.593936
25 9 0.556294
25 10 0.504392
25 11 0.572507
25 12 0.534998
25 13 0.567990
25 14 0.632511
25 15 0.527685
25 16 0.590426
25 17 0.719371
25 18 0.568757
25 19 0.500001
25 20 0.644801
25 21 0.744464
25 22 0.517459
25 23 0.746167
25 24 0.553960
25 25 0.581316
26 2 0.999221
26 6 0.999967
26 7 0.561202
26 8 0.643206
26 10 0.529832
26 12 0.627992
26 15 0.732657
26 16 0.875841
26 17 0.979539
26 19 0.500005
26 20 0.926123
26 21 0.998309
26 22 0.664994
26 23 0.994572
26 26 0.977419
