1 26 0.876879
3 17 0.991548
3 26 0.991818
4 22 0.647830
4 26 0.879623
5 26 0.887767
9 26 0.910126
11 26 0.968822
13 26 0.695815
14 26 0.988902
17 3 0.991548
18 26 0.991617
22 4 0.647830
24 26 0.896530
25 26 0.874329
26 1 0.876879
26 3 0.991818
26 4 0.879623
26 5 0.887767
26 9 0.910126
26 11 0.968822
26 13 0.695815
26 14 0.988902
26 18 0.991617
26 24 0.896530
26 25 0.874329
1 1 0.675766
1 2 0.993268
1 3 0.858092
1 4 0.676552
1 5 0.682684
1 6 0.995853
1 7 0.578906
1 8 0.642898
1 9 0.706455
1 10 0.508901
1 11 0.795169
1 12 0.634936
1 13 0.561764
1 14 0.827720
1 15 0.806567
1 16 0.829001
1 17 0.849442
1 18 0.827035
1 19 0.500001
1 20 0.759174
1 21 0.997458
1 22 0.642409
1 23 0.846294
1 24 0.694514
1 25 0.672046
2 1 0.993268
2 2 1.000000
2 3 0.999998
2 4 0.993536
2 5 0.993785
2 6 1.000000
2 7 0.929073
2 8 0.998403
2 9 0.998056
2 10 0.650974
2 11 0.998197
2 12 0.995047
2 13 0.947101
2 14 0.999877
2 15 0.999992
2 16 0.999999
2 17 0.999998
2 18 1.000000
2 19 0.500028
2 20 0.999961
2 21 1.000000
2 22 0.993073
2 23 0.999999
2 24 0.996044
2 25 0.991501
2 26 0.999999
3 1 0.858092
3 2 0.999998
3 3 0.992093
3 4 0.857796
3 5 0.863095
3 6 0.999999
3 7 0.693897
3 8 0.843643
3 9 0.899992
3 10 0.534789
3 11 0.974245
3 12 0.827603
3 13 0.681013
3 14 0.972778
3 15 0.975109
3 16 0.986120
3 18 0.987124
3 19 0.500003
3 20 0.967606
3 21 1.000000
3 22 0.817785
3 23 0.990634
3 24 0.884860
3 25 0.847526
4 1 0.676552
4 2 0.993536
4 3 0.857796
4 4 0.679552
4 5 0.684383
4 6 0.996382
4 7 0.579788
4 8 0.645743
4 9 0.706029
4 10 0.509587
4 11 0.793255
4 12 0.640051
4 13 0.563040
4 14 0.833656
4 15 0.807961
4 16 0.834748
4 17 0.848756
4 18 0.824191
4 19 0.500001
4 20 0.761891
4 21 0.997751
4 23 0.858331
4 24 0.694859
4 25 0.672830
5 1 0.682684
5 2 0.993785
5 3 0.863095
5 4 0.684383
5 5 0.692140
5 6 0.997067
5 7 0.583098
5 8 0.643144
5 9 0.712811
5 10 0.506889
5 11 0.795660
5 12 0.642086
5 13 0.563964
5 14 0.846218
5 15 0.817547
5 16 0.840310
5 17 0.852919
5 18 0.836667
5 19 0.500001
5 20 0.762992
5 21 0.997989
5 22 0.646829
5 23 0.853664
5 24 0.701720
5 25 0.680427
6 1 0.995853
6 2 1.000000
6 3 0.999999
6 4 0.996382
6 5 0.997067
6 6 1.000000
6 7 0.911205
6 8 0.992298
6 9 0.998482
6 10 0.521111
6 11 0.999925
6 12 0.992406
6 13 0.883244
6 14 0.999998
6 15 0.999992
6 16 0.999999
6 17 0.999998
6 18 1.000000
6 19 0.500016
6 20 0.999930
6 21 1.000000
6 22 0.986853
6 23 0.999999
6 24 0.997359
6 25 0.995067
6 26 1.000000
7 1 0.578906
7 2 0.929073
7 3 0.693897
7 4 0.579788
7 5 0.583098
7 6 0.911205
7 7 0.546442
7 8 0.576831
7 9 0.593322
7 10 0.510886
7 11 0.652223
7 12 0.584441
7 13 0.551295
7 14 0.652710
7 15 0.678983
7 16 0.697196
7 17 0.691564
7 18 0.711043
7 19 0.500002
7 20 0.658309
7 21 0.943461
7 22 0.570396
7 23 0.687786
7 24 0.591424
7 25 0.579521
7 26 0.707405
8 1 0.642898
8 2 0.998403
8 3 0.843643
8 4 0.645743
8 5 0.643144
8 6 0.992298
8 7 0.576831
8 8 0.754880
8 9 0.680141
8 10 0.521125
8 11 0.766976
8 12 0.677070
8 13 0.654205
8 14 0.715893
8 15 0.771494
8 16 0.862359
8 17 0.852381
8 18 0.893978
8 19 0.500002
8 20 0.776760
8 21 0.998595
8 22 0.670391
8 23 0.890395
8 24 0.663608
8 25 0.631410
8 26 0.845703
9 1 0.706455
9 2 0.998056
9 3 0.899992
9 4 0.706029
9 5 0.712811
9 6 0.998482
9 7 0.593322
9 8 0.680141
9 9 0.746361
9 10 0.508144
9 11 0.823670
9 12 0.654198
9 13 0.569861
9 14 0.853161
9 15 0.843817
9 16 0.873771
9 17 0.893459
9 18 0.865021
9 19 0.500001
9 20 0.793370
9 21 0.999215
9 22 0.674763
9 23 0.890811
9 24 0.729186
9 25 0.699435
10 1 0.508901
10 2 0.650974
10 3 0.534789
10 4 0.509587
10 5 0.506889
10 6 0.521111
10 7 0.510886
10 8 0.521125
10 9 0.508144
10 10 0.512788
10 11 0.546473
10 12 0.526129
10 13 0.520602
10 14 0.499899
10 15 0.531808
10 16 0.532162
10 17 0.539920
10 18 0.542923
10 19 0.500001
10 20 0.555878
10 21 0.627714
10 22 0.518641
10 23 0.549147
10 24 0.511690
10 25 0.508304
10 26 0.526235
11 1 0.795169
11 2 0.998197
11 3 0.974245
11 4 0.793255
11 5 0.795660
11 6 0.999925
11 7 0.652223
11 8 0.766976
11 9 0.823670
11 10 0.546473
11 11 0.995457
11 12 0.761526
11 13 0.721264
11 14 0.939746
11 15 0.900614
11 16 0.952210
11 17 0.971363
11 18 0.980199
11 19 0.500000
11 20 0.927574
11 21 0.999976
11 22 0.719339
11 23 0.949467
11 24 0.825234
11 25 0.801617
12 1 0.634936
12 2 0.995047
12 3 0.827603
12 4 0.640051
12 5 0.642086
12 6 0.992406
12 7 0.584441
12 8 0.677070
12 9 0.654198
12 10 0.526129
12 11 0.761526
12 12 0.705341
12 13 0.634554
12 14 0.785609
12 15 0.815320
12 16 0.860615
12 17 0.832150
12 18 0.894612
12 19 0.500005
12 20 0.820940
12 21 0.997864
12 22 0.628531
12 23 0.847397
12 24 0.651393
12 25 0.635150
12 26 0.847148
13 1 0.561764
13 2 0.947101
13 3 0.681013
13 4 0.563040
13 5 0.563964
13 6 0.883244
13 7 0.551295
13 8 0.654205
13 9 0.569861
13 10 0.520602
13 11 0.721264
13 12 0.634554
13 13 0.675721
13 14 0.615092
13 15 0.649956
13 16 0.731500
13 17 0.692193
13 18 0.836089
13 19 0.500002
13 20 0.681983
13 21 0.956198
13 22 0.569515
13 23 0.677140
13 24 0.576707
13 25 0.568514
14 1 0.827720
14 2 0.999877
14 3 0.972778
14 4 0.833656
14 5 0.846218
14 6 0.999998
14 7 0.652710
14 8 0.715893
14 9 0.853161
14 10 0.499899
14 11 0.939746
14 12 0.785609
14 13 0.615092
14 14 0.988124
14 15 0.964252
14 16 0.963702
14 17 0.965403
14 18 0.972743
14 19 0.500004
14 20 0.910655
14 21 0.999998
14 22 0.734163
14 23 0.963231
14 24 0.840893
14 25 0.830776
15 1 0.806567
15 2 0.999992
15 3 0.975109
15 4 0.807961
15 5 0.817547
15 6 0.999992
15 7 0.678983
15 8 0.771494
15 9 0.843817
15 10 0.531808
15 11 0.900614
15 12 0.815320
15 13 0.649956
15 14 0.964252
15 15 0.978391
15 16 0.971307
15 17 0.973845
15 18 0.983403
15 19 0.500007
15 20 0.951293
15 21 0.999999
15 22 0.747180
15 23 0.964024
15 24 0.828775
15 25 0.800853
15 26 0.983785
16 1 0.829001
16 2 0.999999
16 3 0.986120
16 4 0.834748
16 5 0.840310
16 6 0.999999
16 7 0.697196
16 8 0.862359
16 9 0.873771
16 10 0.532162
16 11 0.952210
16 12 0.860615
16 13 0.731500
16 14 0.963702
16 15 0.971307
16 16 0.993829
16 17 0.986032
16 18 0.995798
16 19 0.500010
16 20 0.969168
16 21 1.000000
16 22 0.818877
16 23 0.989147
16 24 0.855111
16 25 0.826789
16 26 0.989043
17 1 0.849442
17 2 0.999998
17 4 0.848756
17 5 0.852919
17 6 0.999998
17 7 0.691564
17 8 0.852381
17 9 0.893459
17 10 0.539920
17 11 0.971363
17 12 0.832150
17 13 0.692193
17 14 0.965403
17 15 0.973845
17 16 0.986032
17 17 0.991383
17 18 0.988084
17 19 0.500004
17 20 0.969808
17 21 1.000000
17 22 0.814903
17 23 0.990503
17 24 0.877027
17 25 0.837137
17 26 0.990465
18 1 0.827035
18 2 1.000000
18 3 0.987124
18 4 0.824191
18 5 0.836667
18 6 1.000000
18 7 0.711043
18 8 0.893978
18 9 0.865021
18 10 0.542923
18 11 0.980199
18 12 0.894612
18 13 0.836089
18 14 0.972743
18 15 0.983403
18 16 0.995798
18 17 0.988084
18 18 0.999791
18 19 0.500014
18 20 0.980394
18 21 1.000000
18 22 0.777375
18 23 0.975696
18 24 0.844230
18 25 0.835245
19 1 0.500001
19 2 0.500028
19 3 0.500003
19 4 0.500001
19 5 0.500001
19 6 0.500016
19 7 0.500002
19 8 0.500002
19 9 0.500001
19 10 0.500001
19 11 0.500000
19 12 0.500005
19 13 0.500002
19 14 0.500004
19 15 0.500007
19 16 0.500010
19 17 0.500004
19 18 0.500014
19 19 0.500000
19 20 0.500009
19 21 0.500025
19 22 0.500001
19 23 0.500003
19 24 0.500001
19 25 0.500002
19 26 0.500006
20 1 0.759174
20 2 0.999961
20 3 0.967606
20 4 0.761891
20 5 0.762992
20 6 0.999930
20 7 0.658309
20 8 0.776760
20 9 0.793370
20 10 0.555878
20 11 0.927574
20 12 0.820940
20 13 0.681983
20 14 0.910655
20 15 0.951293
20 16 0.969168
20 17 0.969808
20 18 0.980394
20 19 0.500009
20 20 0.966444
20 21 0.999987
20 22 0.723511
20 23 0.964116
20 24 0.787148
20 25 0.753676
20 26 0.964125
21 1 0.997458
21 2 1.000000
21 3 1.000000
21 4 0.997751
21 5 0.997989
21 6 1.000000
21 7 0.943461
21 8 0.998595
21 9 0.999215
21 10 0.627714
21 11 0.999976
21 12 0.997864
21 13 0.956198
21 14 0.999998
21 15 0.999999
21 16 1.000000
21 17 1.000000
21 18 1.000000
21 19 0.500025
21 20 0.999987
21 21 1.000000
21 22 0.995187
21 23 1.000000
21 24 0.998410
21 25 0.996905
21 26 1.000000
22 1 0.642409
22 2 0.993073
22 3 0.817785
22 5 0.646829
22 6 0.986853
22 7 0.570396
22 8 0.670391
22 9 0.674763
22 10 0.518641
22 11 0.719339
22 12 0.628531
22 13 0.569515
22 14 0.734163
22 15 0.747180
22 16 0.818877
22 17 0.814903
22 18 0.777375
22 19 0.500001
22 20 0.723511
22 21 0.995187
22 22 0.671685
22 23 0.877737
22 24 0.663390
22 25 0.630403
22 26 0.825188
23 1 0.846294
23 2 0.999999
23 3 0.990634
23 4 0.858331
23 5 0.853664
23 6 0.999999
23 7 0.687786
23 8 0.890395
23 9 0.890811
23 10 0.549147
23 11 0.949467
23 12 0.847397
23 13 0.677140
23 14 0.963231
23 15 0.964024
23 16 0.989147
23 17 0.990503
23 18 0.975696
23 19 0.500003
23 20 0.964116
23 21 1.000000
23 22 0.877737
23 23 0.998180
23 24 0.874984
23 25 0.822342
23 26 0.990358
24 1 0.694514
24 2 0.996044
24 3 0.884860
24 4 0.694859
24 5 0.701720
24 6 0.997359
24 7 0.591424
24 8 0.663608
24 9 0.729186
24 10 0.511690
24 11 0.825234
24 12 0.651393
24 13 0.576707
24 14 0.840893
24 15 0.828775
24 16 0.855111
24 17 0.877027
24 18 0.844230
24 19 0.500001
24 20 0.787148
24 21 0.998410
24 22 0.663390
24 23 0.874984
24 24 0.718954
24 25 0.689848
25 1 0.672046
25 2 0.991501
25 3 0.847526
25 4 0.672830
25 5 0.680427
25 6 0.995067
25 7 0.579521
25 8 0.631410
25 9 0.699435
25 10 0.508304
25 11 0.801617
25 12 0.635150
25 13 0.568514
25 14 0.830776
25 15 0.800853
25 16 0.826789
25 17 0.837137
25 18 0.835245
25 19 0.500002
25 20 0.753676
25 21 0.996905
25 22 0.630403
25 23 0.822342
25 24 0.689848
25 25 0.673781
26 2 0.999999
26 6 1.000000
26 7 0.707405
26 8 0.845703
26 10 0.526235
26 12 0.847148
26 15 0.983785
26 16 0.989043
26 17 0.990465
26 19 0.500006
26 20 0.964125
26 21 1.000000
26 22 0.825188
26 23 0.990358
26 26 0.995880
