1 26 0.882054
3 17 0.730742
3 26 0.978711
4 22 0.569157
4 26 0.692012
5 26 0.896302
9 26 0.909599
11 26 0.981558
13 26 0.916999
14 26 0.987110
17 3 0.730742
18 26 0.975585
22 4 0.569157
24 26 0.795208
25 26 0.779943
26 1 0.882054
26 3 0.978711
26 4 0.692012
26 5 0.896302
26 9 0.909599
26 11 0.981558
26 13 0.916999
26 14 0.987110
26 18 0.975585
26 24 0.795208
26 25 0.779943
1 1 0.685002
1 2 0.899786
1 3 0.817419
1 4 0.570180
1 5 0.696371
1 6 0.853207
1 7 0.538335
1 8 0.569633
1 9 0.708556
1 10 0.517739
1 11 0.810232
1 12 0.602817
1 13 0.716175
1 14 0.840860
1 15 0.686126
1 16 0.726088
1 17 0.648374
1 18 0.802132
1 19 0.499999
1 20 0.715284
1 21 0.898448
1 22 0.570180
1 23 0.823690
1 24 0.625682
1 25 0.612246
2 1 0.899786
2 2 1.000000
2 3 0.981115
2 4 0.832349
2 5 0.908122
2 6 0.998362
2 7 0.689048
2 8 0.795707
2 9 0.931152
2 10 0.635286
2 11 0.997611
2 12 0.768953
2 13 0.923859
2 14 0.986123
2 15 0.982237
2 16 0.988241
2 17 0.911878
2 18 0.982739
2 19 0.499993
2 20 0.985201
2 21 0.999657
2 22 0.832349
2 23 0.990940
2 24 0.832185
2 25 0.809163
2 26 0.997531
3 1 0.817419
3 2 0.981115
3 3 0.958291
3 4 0.634547
3 5 0.833894
3 6 0.961383
3 7 0.569318
3 8 0.651216
3 9 0.844531
3 10 0.527531
3 11 0.947427
3 12 0.700325
3 13 0.857287
3 14 0.952099
3 15 0.815502
3 16 0.891816
3 18 0.938792
3 19 0.499999
3 20 0.843797
3 21 0.975534
3 22 0.634547
3 23 0.955689
3 24 0.722954
3 25 0.698135
4 1 0.570180
4 2 0.832349
4 3 0.634547
4 4 0.569157
4 5 0.574866
4 6 0.720745
4 7 0.513141
4 8 0.543551
4 9 0.579530
4 10 0.518077
4 11 0.725943
4 12 0.563154
4 13 0.580992
4 14 0.616006
4 15 0.606549
4 16 0.620680
4 17 0.546581
4 18 0.648527
4 19 0.500000
4 20 0.628347
4 21 0.738110
4 23 0.675832
4 24 0.559190
4 25 0.563519
5 1 0.696371
5 2 0.908122
5 3 0.833894
5 4 0.574866
5 5 0.710705
5 6 0.877589
5 7 0.540215
5 8 0.570714
5 9 0.721608
5 10 0.519271
5 11 0.829141
5 12 0.608984
5 13 0.729720
5 14 0.855683
5 15 0.699856
5 16 0.743303
5 17 0.657114
5 18 0.816680
5 19 0.499999
5 20 0.729354
5 21 0.910126
5 22 0.574866
5 23 0.842382
5 24 0.631479
5 25 0.619149
6 1 0.853207
6 2 0.998362
6 3 0.961383
6 4 0.720745
6 5 0.877589
6 6 0.999947
6 7 0.573369
6 8 0.568162
6 9 0.884948
6 10 0.572512
6 11 0.989725
6 12 0.780649
6 13 0.888831
6 14 0.989401
6 15 0.957680
6 16 0.945137
6 17 0.879481
6 18 0.948818
6 19 0.500008
6 20 0.922333
6 21 0.997753
6 22 0.720745
6 23 0.981430
6 24 0.719026
6 25 0.693529
6 26 0.992349
7 1 0.538335
7 2 0.689048
7 3 0.569318
7 4 0.513141
7 5 0.540215
7 6 0.573369
7 7 0.520024
7 8 0.521583
7 9 0.546578
7 10 0.506255
7 11 0.573096
7 12 0.516594
7 13 0.543497
7 14 0.587265
7 15 0.558636
7 16 0.582341
7 17 0.541879
7 18 0.555488
7 19 0.499999
7 20 0.561267
7 21 0.614074
7 22 0.513141
7 23 0.562091
7 24 0.528208
7 25 0.522988
7 26 0.593862
8 1 0.569633
8 2 0.795707
8 3 0.651216
8 4 0.543551
8 5 0.570714
8 6 0.568162
8 7 0.521583
8 8 0.577772
8 9 0.578309
8 10 0.509294
8 11 0.694674
8 12 0.541432
8 13 0.577425
8 14 0.602389
8 15 0.592144
8 16 0.641627
8 17 0.541282
8 18 0.641408
8 19 0.499999
8 20 0.609261
8 21 0.694670
8 22 0.543551
8 23 0.659503
8 24 0.554157
8 25 0.573241
8 26 0.669311
9 1 0.708556
9 2 0.931152
9 3 0.844531
9 4 0.579530
9 5 0.721608
9 6 0.884948
9 7 0.546578
9 8 0.578309
9 9 0.736215
9 10 0.522260
9 11 0.839014
9 12 0.614845
9 13 0.742582
9 14 0.874316
9 15 0.722984
9 16 0.758150
9 17 0.675798
9 18 0.829325
9 19 0.499999
9 20 0.747964
9 21 0.922231
9 22 0.579530
9 23 0.849807
9 24 0.644257
9 25 0.629847
10 1 0.517739
10 2 0.635286
10 3 0.527531
10 4 0.518077
10 5 0.519271
10 6 0.572512
10 7 0.506255
10 8 0.509294
10 9 0.522260
10 10 0.509215
10 11 0.567109
10 12 0.514624
10 13 0.519946
10 14 0.538122
10 15 0.545991
10 16 0.536846
10 17 0.523286
10 18 0.531474
10 19 0.500000
10 20 0.551512
10 21 0.578053
10 22 0.518077
10 23 0.562074
10 24 0.513779
10 25 0.514420
10 26 0.552145
11 1 0.810232
11 2 0.997611
11 3 0.947427
11 4 0.725943
11 5 0.829141
11 6 0.989725
11 7 0.573096
11 8 0.694674
11 9 0.839014
11 10 0.567109
11 11 0.996299
11 12 0.775741
11 13 0.842901
11 14 0.951938
11 15 0.864540
11 16 0.916775
11 17 0.754649
11 18 0.946868
11 19 0.500003
11 20 0.899946
11 21 0.992817
11 22 0.725943
11 23 0.982678
11 24 0.709245
11 25 0.790712
12 1 0.602817
12 2 0.768953
12 3 0.700325
12 4 0.563154
12 5 0.608984
12 6 0.780649
12 7 0.516594
12 8 0.541432
12 9 0.614845
12 10 0.514624
12 11 0.775741
12 12 0.669949
12 13 0.622311
12 14 0.711346
12 15 0.646474
12 16 0.662496
12 17 0.535305
12 18 0.684183
12 19 0.499999
12 20 0.658888
12 21 0.745302
12 22 0.563154
12 23 0.742395
12 24 0.589807
12 25 0.577828
12 26 0.753751
13 1 0.716175
13 2 0.923859
13 3 0.857287
13 4 0.580992
13 5 0.729720
13 6 0.888831
13 7 0.543497
13 8 0.577425
13 9 0.742582
13 10 0.519946
13 11 0.842901
13 12 0.622311
13 13 0.752100
13 14 0.879255
13 15 0.714177
13 16 0.757687
13 17 0.671843
13 18 0.841538
13 19 0.499999
13 20 0.744744
13 21 0.924872
13 22 0.580992
13 23 0.858437
13 24 0.648827
13 25 0.631341
14 1 0.840860
14 2 0.986123
14 3 0.952099
14 4 0.616006
14 5 0.855683
14 6 0.989401
14 7 0.587265
14 8 0.602389
14 9 0.874316
14 10 0.538122
14 11 0.951938
14 12 0.711346
14 13 0.879255
14 14 0.983936
14 15 0.864633
14 16 0.878981
14 17 0.833903
14 18 0.942288
14 19 0.499999
14 20 0.874755
14 21 0.992297
14 22 0.616006
14 23 0.959913
14 24 0.742113
14 25 0.721104
15 1 0.686126
15 2 0.982237
15 3 0.815502
15 4 0.606549
15 5 0.699856
15 6 0.957680
15 7 0.558636
15 8 0.592144
15 9 0.722984
15 10 0.545991
15 11 0.864540
15 12 0.646474
15 13 0.714177
15 14 0.864633
15 15 0.879422
15 16 0.841344
15 17 0.727946
15 18 0.771901
15 19 0.500000
15 20 0.813366
15 21 0.878490
15 22 0.606549
15 23 0.834656
15 24 0.625455
15 25 0.591000
15 26 0.889292
16 1 0.726088
16 2 0.988241
16 3 0.891816
16 4 0.620680
16 5 0.743303
16 6 0.945137
16 7 0.582341
16 8 0.641627
16 9 0.758150
16 10 0.536846
16 11 0.916775
16 12 0.662496
16 13 0.757687
16 14 0.878981
16 15 0.841344
16 16 0.911857
16 17 0.688238
16 18 0.835767
16 19 0.500000
16 20 0.818359
16 21 0.917730
16 22 0.620680
16 23 0.888747
16 24 0.657533
16 25 0.646174
16 26 0.925845
17 1 0.648374
17 2 0.911878
17 4 0.546581
17 5 0.657114
17 6 0.879481
17 7 0.541879
17 8 0.541282
17 9 0.675798
17 10 0.523286
17 11 0.754649
17 12 0.535305
17 13 0.671843
17 14 0.833903
17 15 0.727946
17 16 0.688238
17 17 0.722707
17 18 0.724109
17 19 0.500001
17 20 0.709791
17 21 0.897606
17 22 0.546581
17 23 0.776346
17 24 0.576046
17 25 0.560246
17 26 0.831728
18 1 0.802132
18 2 0.982739
18 3 0.938792
18 4 0.648527
18 5 0.816680
18 6 0.948818
18 7 0.555488
18 8 0.641408
18 9 0.829325
18 10 0.531474
18 11 0.946868
18 12 0.684183
18 13 0.841538
18 14 0.942288
18 15 0.771901
18 16 0.835767
18 17 0.724109
18 18 0.938582
18 19 0.499998
18 20 0.842447
18 21 0.984579
18 22 0.648527
18 23 0.950494
18 24 0.723631
18 25 0.723297
19 1 0.499999
19 2 0.499993
19 3 0.499999
19 4 0.500000
19 5 0.499999
19 6 0.500008
19 7 0.499999
19 8 0.499999
19 9 0.499999
19 10 0.500000
19 11 0.500003
19 12 0.499999
19 13 0.499999
19 14 0.499999
19 15 0.500000
19 16 0.500000
19 17 0.500001
19 18 0.499998
19 19 0.500000
19 20 0.499999
19 21 0.500000
19 22 0.500000
19 23 0.500004
19 24 0.499997
19 25 0.499999
19 26 0.499998
20 1 0.715284
20 2 0.985201
20 3 0.843797
20 4 0.628347
20 5 0.729354
20 6 0.922333
20 7 0.561267
20 8 0.609261
20 9 0.747964
20 10 0.551512
20 11 0.899946
20 12 0.658888
20 13 0.744744
20 14 0.874755
20 15 0.813366
20 16 0.818359
20 17 0.709791
20 18 0.842447
20 19 0.499999
20 20 0.876413
20 21 0.973024
20 22 0.628347
20 23 0.950448
20 24 0.651999
20 25 0.632629
20 26 0.922512
21 1 0.898448
21 2 0.999657
21 3 0.975534
21 4 0.738110
21 5 0.910126
21 6 0.997753
21 7 0.614074
21 8 0.694670
21 9 0.922231
21 10 0.578053
21 11 0.992817
21 12 0.745302
21 13 0.924872
21 14 0.992297
21 15 0.878490
21 16 0.917730
21 17 0.897606
21 18 0.984579
21 19 0.500000
21 20 0.973024
21 21 0.999957
21 22 0.738110
21 23 0.998178
21 24 0.791803
21 25 0.799382
21 26 0.997092
22 1 0.570180
22 2 0.832349
22 3 0.634547
22 5 0.574866
22 6 0.720745
22 7 0.513141
22 8 0.543551
22 9 0.579530
22 10 0.518077
22 11 0.725943
22 12 0.563154
22 13 0.580992
22 14 0.616006
22 15 0.606549
22 16 0.620680
22 17 0.546581
22 18 0.648527
22 19 0.500000
22 20 0.628347
22 21 0.738110
22 22 0.569157
22 23 0.675832
22 24 0.559190
22 25 0.563519
22 26 0.692012
23 1 0.823690
23 2 0.990940
23 3 0.955689
23 4 0.675832
23 5 0.842382
23 6 0.981430
23 7 0.562091
23 8 0.659503
23 9 0.849807
23 10 0.562074
23 11 0.982678
23 12 0.742395
23 13 0.858437
23 14 0.959913
23 15 0.834656
23 16 0.888747
23 17 0.776346
23 18 0.950494
23 19 0.500004
23 20 0.950448
23 21 0.998178
23 22 0.675832
23 23 0.997757
23 24 0.688795
23 25 0.694192
23 26 0.983477
24 1 0.625682
24 2 0.832185
24 3 0.722954
24 4 0.559190
24 5 0.631479
24 6 0.719026
24 7 0.528208
24 8 0.554157
24 9 0.644257
24 10 0.513779
24 11 0.709245
24 12 0.589807
24 13 0.648827
24 14 0.742113
24 15 0.625455
24 16 0.657533
24 17 0.576046
24 18 0.723631
24 19 0.499997
24 20 0.651999
24 21 0.791803
24 22 0.559190
24 23 0.688795
24 24 0.612484
24 25 0.603298
25 1 0.612246
25 2 0.809163
25 3 0.698135
25 4 0.563519
25 5 0.619149
25 6 0.693529
25 7 0.522988
25 8 0.573241
25 9 0.629847
25 10 0.514420
25 11 0.790712
25 12 0.577828
25 13 0.631341
25 14 0.721104
25 15 0.591000
25 16 0.646174
25 17 0.560246
25 18 0.723297
25 19 0.499999
25 20 0.632629
25 21 0.799382
25 22 0.563519
25 23 0.694192
25 24 0.603298
25 25 0.655286
26 2 0.997531
26 6 0.992349
26 7 0.593862
26 8 0.669311
26 10 0.552145
26 12 0.753751
26 15 0.889292
26 16 0.925845
26 17 0.831728
26 19 0.499998
26 20 0.922512
26 21 0.997092
26 22 0.692012
26 23 0.983477
26 26 0.995039
