1 26 0.583568
3 17 0.984330
3 26 0.754785
4 22 0.559537
4 26 0.611930
5 26 0.586694
9 26 0.570355
11 26 0.644729
13 26 0.615385
14 26 0.970954
17 3 0.984330
18 26 0.613507
22 4 0.559537
24 26 0.571061
25 26 0.610146
26 1 0.583568
26 3 0.754785
26 4 0.611930
26 5 0.586694
26 9 0.570355
26 11 0.644729
26 13 0.615385
26 14 0.970954
26 18 0.613507
26 24 0.571061
26 25 0.610146
1 1 0.531453
1 2 0.699158
1 3 0.611828
1 4 0.539529
1 5 0.531556
1 6 0.811603
1 7 0.524702
1 8 0.527303
1 9 0.528567
1 10 0.505193
1 11 0.555759
1 12 0.568011
1 13 0.542018
1 14 0.767619
1 15 0.561830
1 16 0.571672
1 17 0.611828
1 18 0.542342
1 19 0.500002
1 20 0.594414
1 21 0.717810
1 22 0.530133
1 23 0.634923
1 24 0.524413
1 25 0.540339
2 1 0.699158
2 2 1.000000
2 3 0.972127
2 4 0.689138
2 5 0.667986
2 6 0.999994
2 7 0.666270
2 8 0.787846
2 9 0.769306
2 10 0.525427
2 11 0.794774
2 12 0.786595
2 13 0.671615
2 14 0.939504
2 15 0.908972
2 16 0.908819
2 17 0.972127
2 18 0.815785
2 19 0.500004
2 20 0.843077
2 21 0.996854
2 22 0.631152
2 23 0.996693
2 24 0.778920
2 25 0.677289
2 26 0.879618
3 1 0.611828
3 2 0.972127
3 3 0.984330
3 4 0.622027
3 5 0.606799
3 6 0.997867
3 7 0.579236
3 8 0.759270
3 9 0.751733
3 10 0.494533
3 11 0.695906
3 12 0.686009
3 13 0.653250
3 14 0.998684
3 15 0.673511
3 16 0.868003
3 18 0.682069
3 19 0.500007
3 20 0.777884
3 21 0.991291
3 22 0.569214
3 23 0.970829
3 24 0.698983
3 25 0.650646
4 1 0.539529
4 2 0.689138
4 3 0.622027
4 4 0.569146
4 5 0.540909
4 6 0.876072
4 7 0.537863
4 8 0.531672
4 9 0.540406
4 10 0.509326
4 11 0.575971
4 12 0.604985
4 13 0.556514
4 14 0.860209
4 15 0.578304
4 16 0.572381
4 17 0.622027
4 18 0.557155
4 19 0.500004
4 20 0.649874
4 21 0.760475
4 23 0.696600
4 24 0.542223
4 25 0.555681
5 1 0.531556
5 2 0.667986
5 3 0.606799
5 4 0.540909
5 5 0.534001
5 6 0.805042
5 7 0.524635
5 8 0.521995
5 9 0.524563
5 10 0.505214
5 11 0.555463
5 12 0.574927
5 13 0.544759
5 14 0.781291
5 15 0.555574
5 16 0.566217
5 17 0.606799
5 18 0.543350
5 19 0.500002
5 20 0.601009
5 21 0.712657
5 22 0.531414
5 23 0.617460
5 24 0.523266
5 25 0.541998
6 1 0.811603
6 2 0.999994
6 3 0.997867
6 4 0.876072
6 5 0.805042
6 6 1.000000
6 7 0.826810
6 8 0.931906
6 9 0.847395
6 10 0.552546
6 11 0.921954
6 12 0.985920
6 13 0.888416
6 14 1.000000
6 15 0.984405
6 16 0.946928
6 17 0.997867
6 18 0.907705
6 19 0.500020
6 20 0.995752
6 21 0.999474
6 22 0.815738
6 23 0.997759
6 24 0.944929
6 25 0.883489
6 26 0.982071
7 1 0.524702
7 2 0.666270
7 3 0.579236
7 4 0.537863
7 5 0.524635
7 6 0.826810
7 7 0.541167
7 8 0.544199
7 9 0.548083
7 10 0.509890
7 11 0.541564
7 12 0.570613
7 13 0.535325
7 14 0.810285
7 15 0.605028
7 16 0.565104
7 17 0.579236
7 18 0.549804
7 19 0.500002
7 20 0.602298
7 21 0.615600
7 22 0.529499
7 23 0.599211
7 24 0.554312
7 25 0.533751
7 26 0.568967
8 1 0.527303
8 2 0.787846
8 3 0.759270
8 4 0.531672
8 5 0.521995
8 6 0.931906
8 7 0.544199
8 8 0.630080
8 9 0.600450
8 10 0.500013
8 11 0.548031
8 12 0.561849
8 13 0.537715
8 14 0.912634
8 15 0.611038
8 16 0.628284
8 17 0.759270
8 18 0.564143
8 19 0.500001
8 20 0.589871
8 21 0.661936
8 22 0.515306
8 23 0.699555
8 24 0.612235
8 25 0.538999
8 26 0.564140
9 1 0.528567
9 2 0.769306
9 3 0.751733
9 4 0.540406
9 5 0.524563
9 6 0.847395
9 7 0.548083
9 8 0.600450
9 9 0.656686
9 10 0.509272
9 11 0.542570
9 12 0.559680
9 13 0.538229
9 14 0.917521
9 15 0.680339
9 16 0.661611
9 17 0.751733
9 18 0.576408
9 19 0.500003
9 20 0.622953
9 21 0.769542
9 22 0.526644
9 23 0.786077
9 24 0.594932
9 25 0.532700
10 1 0.505193
10 2 0.525427
10 3 0.494533
10 4 0.509326
10 5 0.505214
10 6 0.552546
10 7 0.509890
10 8 0.500013
10 9 0.509272
10 10 0.508388
10 11 0.507520
10 12 0.507246
10 13 0.504796
10 14 0.546605
10 15 0.524870
10 16 0.531873
10 17 0.494533
10 18 0.514982
10 19 0.500001
10 20 0.549901
10 21 0.538018
10 22 0.508735
10 23 0.529324
10 24 0.511913
10 25 0.506077
10 26 0.516995
11 1 0.555759
11 2 0.794774
11 3 0.695906
11 4 0.575971
11 5 0.555463
11 6 0.921954
11 7 0.541564
11 8 0.548031
11 9 0.542570
11 10 0.507520
11 11 0.608014
11 12 0.605645
11 13 0.574023
11 14 0.878050
11 15 0.576978
11 16 0.626056
11 17 0.695906
11 18 0.572642
11 19 0.500004
11 20 0.650768
11 21 0.842832
11 22 0.558455
11 23 0.728853
11 24 0.534265
11 25 0.574241
12 1 0.568011
12 2 0.786595
12 3 0.686009
12 4 0.604985
12 5 0.574927
12 6 0.985920
12 7 0.570613
12 8 0.561849
12 9 0.559680
12 10 0.507246
12 11 0.605645
12 12 0.755270
12 13 0.613193
12 14 0.986198
12 15 0.699888
12 16 0.533870
12 17 0.686009
12 18 0.579772
12 19 0.500005
12 20 0.749240
12 21 0.836439
12 22 0.591538
12 23 0.742473
12 24 0.589048
12 25 0.597829
12 26 0.692665
13 1 0.542018
13 2 0.671615
13 3 0.653250
13 4 0.556514
13 5 0.544759
13 6 0.888416
13 7 0.535325
13 8 0.537715
13 9 0.538229
13 10 0.504796
13 11 0.574023
13 12 0.613193
13 13 0.565090
13 14 0.897633
13 15 0.588231
13 16 0.575235
13 17 0.653250
13 18 0.550846
13 19 0.500003
13 20 0.634526
13 21 0.766710
13 22 0.543948
13 23 0.644398
13 24 0.533497
13 25 0.559736
14 1 0.767619
14 2 0.939504
14 3 0.998684
14 4 0.860209
14 5 0.781291
14 6 1.000000
14 7 0.810285
14 8 0.912634
14 9 0.917521
14 10 0.546605
14 11 0.878050
14 12 0.986198
14 13 0.897633
14 14 1.000000
14 15 0.989833
14 16 0.922306
14 17 0.998684
14 18 0.864590
14 19 0.500024
14 20 0.996190
14 21 0.999279
14 22 0.801852
14 23 0.986811
14 24 0.925128
14 25 0.873954
15 1 0.561830
15 2 0.908972
15 3 0.673511
15 4 0.578304
15 5 0.555574
15 6 0.984405
15 7 0.605028
15 8 0.611038
15 9 0.680339
15 10 0.524870
15 11 0.576978
15 12 0.699888
15 13 0.588231
15 14 0.989833
15 15 0.873069
15 16 0.630860
15 17 0.673511
15 18 0.616280
15 19 0.500004
15 20 0.737448
15 21 0.747213
15 22 0.563114
15 23 0.717641
15 24 0.627209
15 25 0.567319
15 26 0.663401
16 1 0.571672
16 2 0.908819
16 3 0.868003
16 4 0.572381
16 5 0.566217
16 6 0.946928
16 7 0.565104
16 8 0.628284
16 9 0.661611
16 10 0.531873
16 11 0.626056
16 12 0.533870
16 13 0.575235
16 14 0.922306
16 15 0.630860
16 16 0.850788
16 17 0.868003
16 18 0.645501
16 19 0.500006
16 20 0.757569
16 21 0.953517
16 22 0.540408
16 23 0.901477
16 24 0.610088
16 25 0.584897
16 26 0.671446
17 1 0.611828
17 2 0.972127
17 4 0.622027
17 5 0.606799
17 6 0.997867
17 7 0.579236
17 8 0.759270
17 9 0.751733
17 10 0.494533
17 11 0.695906
17 12 0.686009
17 13 0.653250
17 14 0.998684
17 15 0.673511
17 16 0.868003
17 17 0.984330
17 18 0.682069
17 19 0.500007
17 20 0.777884
17 21 0.991291
17 22 0.569214
17 23 0.970829
17 24 0.698983
17 25 0.650646
17 26 0.754785
18 1 0.542342
18 2 0.815785
18 3 0.682069
18 4 0.557155
18 5 0.543350
18 6 0.907705
18 7 0.549804
18 8 0.564143
18 9 0.576408
18 10 0.514982
18 11 0.572642
18 12 0.579772
18 13 0.550846
18 14 0.864590
18 15 0.616280
18 16 0.645501
18 17 0.682069
18 18 0.598004
18 19 0.500004
18 20 0.661630
18 21 0.746131
18 22 0.540299
18 23 0.709883
18 24 0.585388
18 25 0.552213
19 1 0.500002
19 2 0.500004
19 3 0.500007
19 4 0.500004
19 5 0.500002
19 6 0.500020
19 7 0.500002
19 8 0.500001
19 9 0.500003
19 10 0.500001
19 11 0.500004
19 12 0.500005
19 13 0.500003
19 14 0.500024
19 15 0.500004
19 16 0.500006
19 17 0.500007
19 18 0.500004
19 19 0.500000
19 20 0.500011
19 21 0.500021
19 22 0.500004
19 23 0.500017
19 24 0.500003
19 25 0.500003
19 26 0.500006
20 1 0.594414
20 2 0.843077
20 3 0.777884
20 4 0.649874
20 5 0.601009
20 6 0.995752
20 7 0.602298
20 8 0.589871
20 9 0.622953
20 10 0.549901
20 11 0.650768
20 12 0.749240
20 13 0.634526
20 14 0.996190
20 15 0.737448
20 16 0.757569
20 17 0.777884
20 18 0.661630
20 19 0.500011
20 20 0.909164
20 21 0.946668
20 22 0.629652
20 23 0.882931
20 24 0.663569
20 25 0.633098
20 26 0.761141
21 1 0.717810
21 2 0.996854
21 3 0.991291
21 4 0.760475
21 5 0.712657
21 6 0.999474
21 7 0.615600
21 8 0.661936
21 9 0.769542
21 10 0.538018
21 11 0.842832
21 12 0.836439
21 13 0.766710
21 14 0.999279
21 15 0.747213
21 16 0.953517
21 17 0.991291
21 18 0.746131
21 19 0.500021
21 20 0.946668
21 21 0.999977
21 22 0.710002
21 23 0.999100
21 24 0.587605
21 25 0.760467
21 26 0.918526
22 1 0.530133
22 2 0.631152
22 3 0.569214
22 5 0.531414
22 6 0.815738
22 7 0.529499
22 8 0.515306
22 9 0.526644
22 10 0.508735
22 11 0.558455
22 12 0.591538
22 13 0.543948
22 14 0.801852
22 15 0.563114
22 16 0.540408
22 17 0.569214
22 18 0.540299
22 19 0.500004
22 20 0.629652
22 21 0.710002
22 22 0.554614
22 23 0.663820
22 24 0.530164
22 25 0.543035
22 26 0.589270
23 1 0.634923
23 2 0.996693
23 3 0.970829
23 4 0.696600
23 5 0.617460
23 6 0.997759
23 7 0.599211
23 8 0.699555
23 9 0.786077
23 10 0.529324
23 11 0.728853
23 12 0.742473
23 13 0.644398
23 14 0.986811
23 15 0.717641
23 16 0.901477
23 17 0.970829
23 18 0.709883
23 19 0.500017
23 20 0.882931
23 21 0.999100
23 22 0.663820
23 23 0.999001
23 24 0.699066
23 25 0.653217
23 26 0.800758
24 1 0.524413
24 2 0.778920
24 3 0.698983
24 4 0.542223
24 5 0.523266
24 6 0.944929
24 7 0.554312
24 8 0.612235
24 9 0.594932
24 10 0.511913
24 11 0.534265
24 12 0.589048
24 13 0.533497
24 14 0.925128
24 15 0.627209
24 16 0.610088
24 17 0.698983
24 18 0.585388
24 19 0.500003
24 20 0.663569
24 21 0.587605
24 22 0.530164
24 23 0.699066
24 24 0.648522
24 25 0.536489
25 1 0.540339
25 2 0.677289
25 3 0.650646
25 4 0.555681
25 5 0.541998
25 6 0.883489
25 7 0.533751
25 8 0.538999
25 9 0.532700
25 10 0.506077
25 11 0.574241
25 12 0.597829
25 13 0.559736
25 14 0.873954
25 15 0.567319
25 16 0.584897
25 17 0.650646
25 18 0.552213
25 19 0.500003
25 20 0.633098
25 21 0.760467
25 22 0.543035
25 23 0.653217
25 24 0.536489
25 25 0.557986
26 2 0.879618
26 6 0.982071
26 7 0.568967
26 8 0.564140
26 10 0.516995
26 12 0.692665
26 15 0.663401
26 16 0.671446
26 17 0.754785
26 19 0.500006
26 20 0.761141
26 21 0.918526
26 22 0.589270
26 23 0.800758
26 26 0.718220
