1 26 0.549055
3 17 0.687970
3 26 0.816263
4 22 0.584414
4 26 0.652000
5 26 0.663415
9 26 0.691643
11 26 0.719829
13 26 0.673792
14 26 0.997380
17 3 0.687970
18 26 0.790632
22 4 0.584414
24 26 0.698310
25 26 0.641764
26 1 0.549055
26 3 0.816263
26 4 0.652000
26 5 0.663415
26 9 0.691643
26 11 0.719829
26 13 0.673792
26 14 0.997380
26 18 0.790632
26 24 0.698310
26 25 0.641764
1 1 0.506974
1 2 0.580103
1 3 0.543239
1 4 0.517612
1 5 0.520514
1 6 0.733573
1 7 0.509596
1 8 0.511434
1 9 0.524564
1 10 0.506104
1 11 0.526421
1 12 0.524799
1 13 0.519636
1 14 0.669648
1 15 0.563213
1 16 0.577441
1 17 0.530961
1 18 0.537604
1 19 0.500001
1 20 0.566315
1 21 0.617639
1 22 0.533187
1 23 0.598866
1 24 0.523390
1 25 0.516708
2 1 0.580103
2 2 1.000000
2 3 0.930375
2 4 0.788933
2 5 0.764982
2 6 1.000000
2 7 0.596875
2 8 0.702676
2 9 0.774948
2 10 0.599990
2 11 0.897811
2 12 0.922722
2 13 0.832404
2 14 0.997973
2 15 0.955264
2 16 0.997754
2 17 0.834820
2 18 0.762208
2 19 0.500005
2 20 0.981482
2 21 0.999810
2 22 0.783679
2 23 0.964200
2 24 0.806482
2 25 0.769095
2 26 0.973508
3 1 0.543239
3 2 0.930375
3 3 0.794556
3 4 0.629504
3 5 0.641269
3 6 0.999473
3 7 0.569483
3 8 0.566095
3 9 0.672914
3 10 0.534160
3 11 0.679315
3 12 0.663788
3 13 0.643522
3 14 0.994396
3 15 0.846347
3 16 0.908724
3 18 0.763474
3 19 0.500005
3 20 0.856061
3 21 0.965862
3 22 0.694151
3 23 0.936378
3 24 0.673609
3 25 0.622531
4 1 0.517612
4 2 0.788933
4 3 0.629504
4 4 0.557038
4 5 0.559679
4 6 0.956760
4 7 0.522757
4 8 0.524559
4 9 0.570597
4 10 0.513293
4 11 0.584850
4 12 0.575630
4 13 0.563945
4 14 0.876563
4 15 0.656468
4 16 0.724180
4 17 0.578704
4 18 0.588779
4 19 0.500002
4 20 0.671843
4 21 0.811556
4 23 0.728761
4 24 0.570891
4 25 0.552281
5 1 0.520514
5 2 0.764982
5 3 0.641269
5 4 0.559679
5 5 0.570570
5 6 0.969842
5 7 0.527389
5 8 0.530664
5 9 0.582061
5 10 0.514317
5 11 0.588071
5 12 0.580844
5 13 0.566962
5 14 0.911169
5 15 0.683810
5 16 0.731255
5 17 0.587775
5 18 0.626658
5 19 0.500002
5 20 0.695146
5 21 0.815795
5 22 0.601226
5 23 0.761463
5 24 0.579300
5 25 0.556236
6 1 0.733573
6 2 1.000000
6 3 0.999473
6 4 0.956760
6 5 0.969842
6 6 1.000000
6 7 0.899116
6 8 0.914872
6 9 0.985482
6 10 0.745186
6 11 0.990744
6 12 0.994109
6 13 0.974498
6 14 1.000000
6 15 0.998745
6 16 0.999986
6 17 0.996177
6 18 0.999726
6 19 0.500031
6 20 0.999978
6 21 1.000000
6 22 0.998776
6 23 1.000000
6 24 0.990259
6 25 0.949650
6 26 0.999889
7 1 0.509596
7 2 0.596875
7 3 0.569483
7 4 0.522757
7 5 0.527389
7 6 0.899116
7 7 0.539239
7 8 0.544652
7 9 0.537855
7 10 0.520799
7 11 0.532820
7 12 0.551031
7 13 0.530938
7 14 0.826965
7 15 0.564905
7 16 0.579047
7 17 0.558326
7 18 0.624297
7 19 0.500002
7 20 0.622490
7 21 0.638053
7 22 0.572330
7 23 0.720392
7 24 0.548781
7 25 0.524096
7 26 0.577286
8 1 0.511434
8 2 0.702676
8 3 0.566095
8 4 0.524559
8 5 0.530664
8 6 0.914872
8 7 0.544652
8 8 0.632831
8 9 0.540514
8 10 0.535888
8 11 0.541905
8 12 0.564280
8 13 0.539089
8 14 0.951622
8 15 0.593658
8 16 0.653644
8 17 0.577105
8 18 0.763874
8 19 0.500001
8 20 0.759951
8 21 0.761425
8 22 0.595646
8 23 0.779770
8 24 0.562139
8 25 0.523915
8 26 0.594748
9 1 0.524564
9 2 0.774948
9 3 0.672914
9 4 0.570597
9 5 0.582061
9 6 0.985482
9 7 0.537855
9 8 0.540514
9 9 0.602083
9 10 0.514809
9 11 0.600050
9 12 0.597079
9 13 0.577655
9 14 0.953196
9 15 0.723461
9 16 0.774118
9 17 0.617940
9 18 0.667744
9 19 0.500003
9 20 0.736164
9 21 0.869287
9 22 0.620148
9 23 0.821074
9 24 0.597469
9 25 0.567621
10 1 0.506104
10 2 0.599990
10 3 0.534160
10 4 0.513293
10 5 0.514317
10 6 0.745186
10 7 0.520799
10 8 0.535888
10 9 0.514809
10 10 0.523800
10 11 0.523993
10 12 0.526561
10 13 0.521753
10 14 0.713974
10 15 0.543643
10 16 0.552026
10 17 0.530535
10 18 0.578042
10 19 0.500000
10 20 0.591341
10 21 0.579839
10 22 0.538606
10 23 0.627424
10 24 0.526823
10 25 0.512162
10 26 0.544442
11 1 0.526421
11 2 0.897811
11 3 0.679315
11 4 0.584850
11 5 0.588071
11 6 0.990744
11 7 0.532820
11 8 0.541905
11 9 0.600050
11 10 0.523993
11 11 0.631311
11 12 0.619813
11 13 0.597616
11 14 0.941808
11 15 0.711502
11 16 0.801061
11 17 0.617584
11 18 0.616994
11 19 0.500002
11 20 0.747057
11 21 0.904159
11 22 0.633539
11 23 0.804274
11 24 0.602733
11 25 0.576979
12 1 0.524799
12 2 0.922722
12 3 0.663788
12 4 0.575630
12 5 0.580844
12 6 0.994109
12 7 0.551031
12 8 0.564280
12 9 0.597079
12 10 0.526561
12 11 0.619813
12 12 0.668003
12 13 0.590290
12 14 0.953638
12 15 0.684104
12 16 0.785197
12 17 0.669063
12 18 0.667043
12 19 0.500004
12 20 0.744558
12 21 0.907047
12 22 0.651728
12 23 0.813918
12 24 0.602466
12 25 0.573535
12 26 0.709679
13 1 0.519636
13 2 0.832404
13 3 0.643522
13 4 0.563945
13 5 0.566962
13 6 0.974498
13 7 0.530938
13 8 0.539089
13 9 0.577655
13 10 0.521753
13 11 0.597616
13 12 0.590290
13 13 0.575617
13 14 0.909439
13 15 0.668723
13 16 0.739303
13 17 0.589937
13 18 0.617864
13 19 0.500002
13 20 0.703832
13 21 0.838321
13 22 0.602475
13 23 0.763450
13 24 0.583432
13 25 0.558630
14 1 0.669648
14 2 0.997973
14 3 0.994396
14 4 0.876563
14 5 0.911169
14 6 1.000000
14 7 0.826965
14 8 0.951622
14 9 0.953196
14 10 0.713974
14 11 0.941808
14 12 0.953638
14 13 0.909439
14 14 1.000000
14 15 0.998318
14 16 0.999898
14 17 0.985676
14 18 0.999943
14 19 0.500024
14 20 0.999968
14 21 1.000000
14 22 0.988519
14 23 0.999999
14 24 0.964935
14 25 0.863395
15 1 0.563213
15 2 0.955264
15 3 0.846347
15 4 0.656468
15 5 0.683810
15 6 0.998745
15 7 0.564905
15 8 0.593658
15 9 0.723461
15 10 0.543643
15 11 0.711502
15 12 0.684104
15 13 0.668723
15 14 0.998318
15 15 0.974486
15 16 0.977101
15 17 0.769385
15 18 0.840644
15 19 0.500007
15 20 0.933422
15 21 0.996192
15 22 0.697491
15 23 0.954753
15 24 0.695203
15 25 0.651364
15 26 0.859860
16 1 0.577441
16 2 0.997754
16 3 0.908724
16 4 0.724180
16 5 0.731255
16 6 0.999986
16 7 0.579047
16 8 0.653644
16 9 0.774118
16 10 0.552026
16 11 0.801061
16 12 0.785197
16 13 0.739303
16 14 0.999898
16 15 0.977101
16 16 0.994659
16 17 0.829309
16 18 0.885002
16 19 0.500009
16 20 0.970792
16 21 0.999477
16 22 0.774052
16 23 0.979991
16 24 0.762866
16 25 0.708890
16 26 0.932772
17 1 0.530961
17 2 0.834820
17 4 0.578704
17 5 0.587775
17 6 0.996177
17 7 0.558326
17 8 0.577105
17 9 0.617940
17 10 0.530535
17 11 0.617584
17 12 0.669063
17 13 0.589937
17 14 0.985676
17 15 0.769385
17 16 0.829309
17 17 0.778939
17 18 0.812906
17 19 0.500007
17 20 0.783936
17 21 0.954072
17 22 0.680627
17 23 0.851821
17 24 0.615906
17 25 0.577817
17 26 0.721756
18 1 0.537604
18 2 0.762208
18 3 0.763474
18 4 0.588779
18 5 0.626658
18 6 0.999726
18 7 0.624297
18 8 0.763874
18 9 0.667744
18 10 0.578042
18 11 0.616994
18 12 0.667043
18 13 0.617864
18 14 0.999943
18 15 0.840644
18 16 0.885002
18 17 0.812906
18 18 0.989148
18 19 0.500008
18 20 0.955714
18 21 0.965829
18 22 0.743422
18 23 0.975360
18 24 0.702695
18 25 0.590338
19 1 0.500001
19 2 0.500005
19 3 0.500005
19 4 0.500002
19 5 0.500002
19 6 0.500031
19 7 0.500002
19 8 0.500001
19 9 0.500003
19 10 0.500000
19 11 0.500002
19 12 0.500004
19 13 0.500002
19 14 0.500024
19 15 0.500007
19 16 0.500009
19 17 0.500007
19 18 0.500008
19 19 0.500000
19 20 0.500006
19 21 0.500026
19 22 0.500006
19 23 0.500010
19 24 0.500003
19 25 0.500002
19 26 0.500006
20 1 0.566315
20 2 0.981482
20 3 0.856061
20 4 0.671843
20 5 0.695146
20 6 0.999978
20 7 0.622490
20 8 0.759951
20 9 0.736164
20 10 0.591341
20 11 0.747057
20 12 0.744558
20 13 0.703832
20 14 0.999968
20 15 0.933422
20 16 0.970792
20 17 0.783936
20 18 0.955714
20 19 0.500006
20 20 0.982951
20 21 0.996031
20 22 0.789739
20 23 0.993347
20 24 0.751643
20 25 0.661481
20 26 0.892534
21 1 0.617639
21 2 0.999810
21 3 0.965862
21 4 0.811556
21 5 0.815795
21 6 1.000000
21 7 0.638053
21 8 0.761425
21 9 0.869287
21 10 0.579839
21 11 0.904159
21 12 0.907047
21 13 0.838321
21 14 1.000000
21 15 0.996192
21 16 0.999477
21 17 0.954072
21 18 0.965829
21 19 0.500026
21 20 0.996031
21 21 0.999999
21 22 0.931149
21 23 0.997687
21 24 0.857355
21 25 0.792902
21 26 0.984868
22 1 0.533187
22 2 0.783679
22 3 0.694151
22 5 0.601226
22 6 0.998776
22 7 0.572330
22 8 0.595646
22 9 0.620148
22 10 0.538606
22 11 0.633539
22 12 0.651728
22 13 0.602475
22 14 0.988519
22 15 0.697491
22 16 0.774052
22 17 0.680627
22 18 0.743422
22 19 0.500006
22 20 0.789739
22 21 0.931149
22 22 0.742008
22 23 0.899397
22 24 0.631239
22 25 0.580700
22 26 0.743504
23 1 0.598866
23 2 0.964200
23 3 0.936378
23 4 0.728761
23 5 0.761463
23 6 1.000000
23 7 0.720392
23 8 0.779770
23 9 0.821074
23 10 0.627424
23 11 0.804274
23 12 0.813918
23 13 0.763450
23 14 0.999999
23 15 0.954753
23 16 0.979991
23 17 0.851821
23 18 0.975360
23 19 0.500010
23 20 0.993347
23 21 0.997687
23 22 0.899397
23 23 0.999811
23 24 0.837342
23 25 0.722977
23 26 0.948123
24 1 0.523390
24 2 0.806482
24 3 0.673609
24 4 0.570891
24 5 0.579300
24 6 0.990259
24 7 0.548781
24 8 0.562139
24 9 0.597469
24 10 0.526823
24 11 0.602733
24 12 0.602466
24 13 0.583432
24 14 0.964935
24 15 0.695203
24 16 0.762866
24 17 0.615906
24 18 0.702695
24 19 0.500003
24 20 0.751643
24 21 0.857355
24 22 0.631239
24 23 0.837342
24 24 0.606091
24 25 0.567212
25 1 0.516708
25 2 0.769095
25 3 0.622531
25 4 0.552281
25 5 0.556236
25 6 0.949650
25 7 0.524096
25 8 0.523915
25 9 0.567621
25 10 0.512162
25 11 0.576979
25 12 0.573535
25 13 0.558630
25 14 0.863395
25 15 0.651364
25 16 0.708890
25 17 0.577817
25 18 0.590338
25 19 0.500002
25 20 0.661481
25 21 0.792902
25 22 0.580700
25 23 0.722977
25 24 0.567212
25 25 0.548950
26 2 0.973508
26 6 0.999889
26 7 0.577286
26 8 0.594748
26 10 0.544442
26 12 0.709679
26 15 0.859860
26 16 0.932772
26 17 0.721756
26 19 0.500006
26 20 0.892534
26 21 0.984868
26 22 0.743504
26 23 0.948123
26 26 0.856812
