1 26 0.581586
3 17 0.981508
3 26 0.785859
4 22 0.532515
4 26 0.579258
5 26 0.607018
9 26 0.611632
11 26 0.649479
13 26 0.575664
14 26 0.771031
17 3 0.981508
18 26 0.704729
22 4 0.532515
24 26 0.584755
25 26 0.579064
26 1 0.581586
26 3 0.785859
26 4 0.579258
26 5 0.607018
26 9 0.611632
26 11 0.649479
26 13 0.575664
26 14 0.771031
26 18 0.704729
26 24 0.584755
26 25 0.579064
1 1 0.534624
1 2 0.818994
1 3 0.635320
1 4 0.534486
1 5 0.546253
1 6 0.695159
1 7 0.531879
1 8 0.545419
1 9 0.548238
1 10 0.507009
1 11 0.573185
1 12 0.531790
1 13 0.532109
1 14 0.633456
1 15 0.630649
1 16 0.616186
1 17 0.635320
1 18 0.590438
1 19 0.500002
1 20 0.556075
1 21 0.726023
1 22 0.521058
1 23 0.671969
1 24 0.535528
1 25 0.533813
2 1 0.818994
2 2 1.000000
2 3 0.995701
2 4 0.804003
2 5 0.906053
2 6 0.999567
2 7 0.808163
2 8 0.896460
2 9 0.881415
2 10 0.603109
2 11 0.877100
2 12 0.742045
2 13 0.798482
2 14 0.999727
2 15 0.998816
2 16 0.995307
2 17 0.995701
2 18 0.980433
2 19 0.500017
2 20 0.976085
2 21 0.999878
2 22 0.701710
2 23 0.999452
2 24 0.832484
2 25 0.808569
2 26 0.974783
3 1 0.635320
3 2 0.995701
3 3 0.981508
3 4 0.661531
3 5 0.673312
3 6 0.987664
3 7 0.618583
3 8 0.727602
3 9 0.783327
3 10 0.481348
3 11 0.801422
3 12 0.726783
3 13 0.636338
3 14 0.901643
3 15 0.959688
3 16 0.882973
3 18 0.828899
3 19 0.500007
3 20 0.728908
3 21 0.997648
3 22 0.609893
3 23 0.994476
3 24 0.625894
3 25 0.622831
4 1 0.534486
4 2 0.804003
4 3 0.661531
4 4 0.544087
4 5 0.554143
4 6 0.761484
4 7 0.532866
4 8 0.563180
4 9 0.549727
4 10 0.508540
4 11 0.617607
4 12 0.546487
4 13 0.533814
4 14 0.653097
4 15 0.642608
4 16 0.621312
4 17 0.661531
4 18 0.584432
4 19 0.500002
4 20 0.586136
4 21 0.745602
4 23 0.735168
4 24 0.535192
4 25 0.532649
5 1 0.546253
5 2 0.906053
5 3 0.673312
5 4 0.554143
5 5 0.622548
5 6 0.783991
5 7 0.567777
5 8 0.587019
5 9 0.559007
5 10 0.519103
5 11 0.707458
5 12 0.535545
5 13 0.542330
5 14 0.694661
5 15 0.717487
5 16 0.649726
5 17 0.673312
5 18 0.603448
5 19 0.500005
5 20 0.521625
5 21 0.746520
5 22 0.542043
5 23 0.713877
5 24 0.542365
5 25 0.544538
6 1 0.695159
6 2 0.999567
6 3 0.987664
6 4 0.761484
6 5 0.783991
6 6 0.999987
6 7 0.671762
6 8 0.848521
6 9 0.723450
6 10 0.537219
6 11 0.926806
6 12 0.805550
6 13 0.696877
6 14 0.939332
6 15 0.970408
6 16 0.976325
6 17 0.987664
6 18 0.864193
6 19 0.500012
6 20 0.908657
6 21 0.999246
6 22 0.722205
6 23 0.998323
6 24 0.708166
6 25 0.675882
6 26 0.879067
7 1 0.531879
7 2 0.808163
7 3 0.618583
7 4 0.532866
7 5 0.567777
7 6 0.671762
7 7 0.554290
7 8 0.549057
7 9 0.537016
7 10 0.510253
7 11 0.616434
7 12 0.517027
7 13 0.527756
7 14 0.566868
7 15 0.663517
7 16 0.615095
7 17 0.618583
7 18 0.585960
7 19 0.500004
7 20 0.503590
7 21 0.686765
7 22 0.520472
7 23 0.611955
7 24 0.529136
7 25 0.530828
7 26 0.572815
8 1 0.545419
8 2 0.896460
8 3 0.727602
8 4 0.563180
8 5 0.587019
8 6 0.848521
8 7 0.549057
8 8 0.626321
8 9 0.557697
8 10 0.509161
8 11 0.684630
8 12 0.571842
8 13 0.548426
8 14 0.614415
8 15 0.747877
8 16 0.677637
8 17 0.727602
8 18 0.618654
8 19 0.500005
8 20 0.592285
8 21 0.809261
8 22 0.546455
8 23 0.835686
8 24 0.547022
8 25 0.542635
8 26 0.604965
9 1 0.548238
9 2 0.881415
9 3 0.783327
9 4 0.549727
9 5 0.559007
9 6 0.723450
9 7 0.537016
9 8 0.557697
9 9 0.635520
9 10 0.494101
9 11 0.634274
9 12 0.565320
9 13 0.546770
9 14 0.663676
9 15 0.748327
9 16 0.639411
9 17 0.783327
9 18 0.626617
9 19 0.500002
9 20 0.558955
9 21 0.900217
9 22 0.532071
9 23 0.816926
9 24 0.542333
9 25 0.542519
10 1 0.507009
10 2 0.603109
10 3 0.481348
10 4 0.508540
10 5 0.519103
10 6 0.537219
10 7 0.510253
10 8 0.509161
10 9 0.494101
10 10 0.512484
10 11 0.541460
10 12 0.495528
10 13 0.506063
10 14 0.562696
10 15 0.502740
10 16 0.518850
10 17 0.481348
10 18 0.510382
10 19 0.500001
10 20 0.535652
10 21 0.477196
10 22 0.506990
10 23 0.501065
10 24 0.507724
10 25 0.508234
10 26 0.514829
11 1 0.573185
11 2 0.877100
11 3 0.801422
11 4 0.617607
11 5 0.707458
11 6 0.926806
11 7 0.616434
11 8 0.684630
11 9 0.634274
11 10 0.541460
11 11 0.971144
11 12 0.592356
11 13 0.580030
11 14 0.428659
11 15 0.855194
11 16 0.692549
11 17 0.801422
11 18 0.648016
11 19 0.500014
11 20 0.420979
11 21 0.940713
11 22 0.601331
11 23 0.853848
11 24 0.551319
11 25 0.567887
12 1 0.531790
12 2 0.742045
12 3 0.726783
12 4 0.546487
12 5 0.535545
12 6 0.805550
12 7 0.517027
12 8 0.571842
12 9 0.565320
12 10 0.495528
12 11 0.592356
12 12 0.583748
12 13 0.534180
12 14 0.673942
12 15 0.651749
12 16 0.617580
12 17 0.726783
12 18 0.584973
12 19 0.500002
12 20 0.614419
12 21 0.821597
12 22 0.534407
12 23 0.826703
12 24 0.533265
12 25 0.528763
12 26 0.572865
13 1 0.532109
13 2 0.798482
13 3 0.636338
13 4 0.533814
13 5 0.542330
13 6 0.696877
13 7 0.527756
13 8 0.548426
13 9 0.546770
13 10 0.506063
13 11 0.580030
13 12 0.534180
13 13 0.531332
13 14 0.599427
13 15 0.631759
13 16 0.612084
13 17 0.636338
13 18 0.586315
13 19 0.500002
13 20 0.553914
13 21 0.727893
13 22 0.520831
13 23 0.680656
13 24 0.532641
13 25 0.531073
14 1 0.633456
14 2 0.999727
14 3 0.901643
14 4 0.653097
14 5 0.694661
14 6 0.939332
14 7 0.566868
14 8 0.614415
14 9 0.663676
14 10 0.562696
14 11 0.428659
14 12 0.673942
14 13 0.599427
14 14 1.000000
14 15 0.534073
14 16 0.726066
14 17 0.901643
14 18 0.715830
14 19 0.500000
14 20 0.979731
14 21 0.673353
14 22 0.628203
14 23 0.990935
14 24 0.636928
14 25 0.655806
15 1 0.630649
15 2 0.998816
15 3 0.959688
15 4 0.642608
15 5 0.717487
15 6 0.970408
15 7 0.663517
15 8 0.747877
15 9 0.748327
15 10 0.502740
15 11 0.855194
15 12 0.651749
15 13 0.631759
15 14 0.534073
15 15 0.981134
15 16 0.899300
15 17 0.959688
15 18 0.832033
15 19 0.500012
15 20 0.621908
15 21 0.995670
15 22 0.588204
15 23 0.978940
15 24 0.621145
15 25 0.612162
15 26 0.780120
16 1 0.616186
16 2 0.995307
16 3 0.882973
16 4 0.621312
16 5 0.649726
16 6 0.976325
16 7 0.615095
16 8 0.677637
16 9 0.639411
16 10 0.518850
16 11 0.692549
16 12 0.617580
16 13 0.612084
16 14 0.726066
16 15 0.899300
16 16 0.880331
16 17 0.882973
16 18 0.789519
16 19 0.500006
16 20 0.706879
16 21 0.973541
16 22 0.575089
16 23 0.927500
16 24 0.622426
16 25 0.608229
16 26 0.758569
17 1 0.635320
17 2 0.995701
17 4 0.661531
17 5 0.673312
17 6 0.987664
17 7 0.618583
17 8 0.727602
17 9 0.783327
17 10 0.481348
17 11 0.801422
17 12 0.726783
17 13 0.636338
17 14 0.901643
17 15 0.959688
17 16 0.882973
17 17 0.981508
17 18 0.828899
17 19 0.500007
17 20 0.728908
17 21 0.997648
17 22 0.609893
17 23 0.994476
17 24 0.625894
17 25 0.622831
17 26 0.785859
18 1 0.590438
18 2 0.980433
18 3 0.828899
18 4 0.584432
18 5 0.603448
18 6 0.864193
18 7 0.585960
18 8 0.618654
18 9 0.626617
18 10 0.510382
18 11 0.648016
18 12 0.584973
18 13 0.586315
18 14 0.715830
18 15 0.832033
18 16 0.789519
18 17 0.828899
18 18 0.751397
18 19 0.500004
18 20 0.616054
18 21 0.943601
18 22 0.540842
18 23 0.878143
18 24 0.592143
18 25 0.588288
19 1 0.500002
19 2 0.500017
19 3 0.500007
19 4 0.500002
19 5 0.500005
19 6 0.500012
19 7 0.500004
19 8 0.500005
19 9 0.500002
19 10 0.500001
19 11 0.500014
19 12 0.500002
19 13 0.500002
19 14 0.500000
19 15 0.500012
19 16 0.500006
19 17 0.500007
19 18 0.500004
19 19 0.500000
19 20 0.499998
19 21 0.500012
19 22 0.500002
19 23 0.500008
19 24 0.500001
19 25 0.500002
19 26 0.500004
20 1 0.556075
20 2 0.976085
20 3 0.728908
20 4 0.586136
20 5 0.521625
20 6 0.908657
20 7 0.503590
20 8 0.592285
20 9 0.558955
20 10 0.535652
20 11 0.420979
20 12 0.614419
20 13 0.553914
20 14 0.979731
20 15 0.621908
20 16 0.706879
20 17 0.728908
20 18 0.616054
20 19 0.499998
20 20 0.948283
20 21 0.815117
20 22 0.569279
20 23 0.953825
20 24 0.580505
20 25 0.549358
20 26 0.623257
21 1 0.726023
21 2 0.999878
21 3 0.997648
21 4 0.745602
21 5 0.746520
21 6 0.999246
21 7 0.686765
21 8 0.809261
21 9 0.900217
21 10 0.477196
21 11 0.940713
21 12 0.821597
21 13 0.727893
21 14 0.673353
21 15 0.995670
21 16 0.973541
21 17 0.997648
21 18 0.943601
21 19 0.500012
21 20 0.815117
21 21 0.999990
21 22 0.660887
21 23 0.999519
21 24 0.723381
21 25 0.695782
21 26 0.909965
22 1 0.521058
22 2 0.701710
22 3 0.609893
22 5 0.542043
22 6 0.722205
22 7 0.520472
22 8 0.546455
22 9 0.532071
22 10 0.506990
22 11 0.601331
22 12 0.534407
22 13 0.520831
22 14 0.628203
22 15 0.588204
22 16 0.575089
22 17 0.609893
22 18 0.540842
22 19 0.500002
22 20 0.569279
22 21 0.660887
22 22 0.528626
22 23 0.674793
22 24 0.521427
22 25 0.518960
22 26 0.548152
23 1 0.671969
23 2 0.999452
23 3 0.994476
23 4 0.735168
23 5 0.713877
23 6 0.998323
23 7 0.611955
23 8 0.835686
23 9 0.816926
23 10 0.501065
23 11 0.853848
23 12 0.826703
23 13 0.680656
23 14 0.990935
23 15 0.978940
23 16 0.927500
23 17 0.994476
23 18 0.878143
23 19 0.500008
23 20 0.953825
23 21 0.999519
23 22 0.674793
23 23 0.999896
23 24 0.681669
23 25 0.655613
23 26 0.837652
24 1 0.535528
24 2 0.832484
24 3 0.625894
24 4 0.535192
24 5 0.542365
24 6 0.708166
24 7 0.529136
24 8 0.547022
24 9 0.542333
24 10 0.507724
24 11 0.551319
24 12 0.533265
24 13 0.532641
24 14 0.636928
24 15 0.621145
24 16 0.622426
24 17 0.625894
24 18 0.592143
24 19 0.500001
24 20 0.580505
24 21 0.723381
24 22 0.521427
24 23 0.681669
24 24 0.539714
24 25 0.534233
25 1 0.533813
25 2 0.808569
25 3 0.622831
25 4 0.532649
25 5 0.544538
25 6 0.675882
25 7 0.530828
25 8 0.542635
25 9 0.542519
25 10 0.508234
25 11 0.567887
25 12 0.528763
25 13 0.531073
25 14 0.655806
25 15 0.612162
25 16 0.608229
25 17 0.622831
25 18 0.588288
25 19 0.500002
25 20 0.549358
25 21 0.695782
25 22 0.518960
25 23 0.655613
25 24 0.534233
25 25 0.535115
26 2 0.974783
26 6 0.879067
26 7 0.572815
26 8 0.604965
26 10 0.514829
26 12 0.572865
26 15 0.780120
26 16 0.758569
26 17 0.785859
26 19 0.500004
26 20 0.623257
26 21 0.909965
26 22 0.548152
26 23 0.837652
26 26 0.688105
