1 26 0.614320
3 17 0.630977
3 26 0.685824
4 22 0.548764
4 26 0.582116
5 26 0.625163
9 26 0.602518
11 26 0.662804
13 26 0.636490
14 26 0.740567
17 3 0.630977
18 26 0.715559
22 4 0.548764
24 26 0.619461
25 26 0.640066
26 1 0.614320
26 3 0.685824
26 4 0.582116
26 5 0.625163
26 9 0.602518
26 11 0.662804
26 13 0.636490
26 14 0.740567
26 18 0.715559
26 24 0.619461
26 25 0.640066
1 1 0.543729
1 2 0.854328
1 3 0.573650
1 4 0.531187
1 5 0.548318
1 6 0.733412
1 7 0.516137
1 8 0.546813
1 9 0.537671
1 10 0.516972
1 11 0.563237
1 12 0.542031
1 13 0.552467
1 14 0.596256
1 15 0.599148
1 16 0.601578
1 17 0.557909
1 18 0.581751
1 19 0.500000
1 20 0.581478
1 21 0.636647
1 22 0.531187
1 23 0.609600
1 24 0.546017
1 25 0.550080
2 1 0.854328
2 2 1.000000
2 3 0.907963
2 4 0.856555
2 5 0.867114
2 6 0.999871
2 7 0.719229
2 8 0.856481
2 9 0.859149
2 10 0.767590
2 11 0.964698
2 12 0.839805
2 13 0.872982
2 14 0.989679
2 15 0.996150
2 16 0.929613
2 17 0.811515
2 18 0.974303
2 19 0.500005
2 20 0.989111
2 21 0.999772
2 22 0.856555
2 23 0.990285
2 24 0.827531
2 25 0.902072
2 26 0.990398
3 1 0.573650
3 2 0.907963
3 3 0.650570
3 4 0.540537
3 5 0.585024
3 6 0.879146
3 7 0.520102
3 8 0.586026
3 9 0.552916
3 10 0.517171
3 11 0.595121
3 12 0.566314
3 13 0.591876
3 14 0.636519
3 15 0.619499
3 16 0.719052
3 18 0.632969
3 19 0.500000
3 20 0.620675
3 21 0.676970
3 22 0.540537
3 23 0.692776
3 24 0.584024
3 25 0.580824
4 1 0.531187
4 2 0.856555
4 3 0.540537
4 4 0.548764
4 5 0.537350
4 6 0.658467
4 7 0.517021
4 8 0.526444
4 9 0.527050
4 10 0.520693
4 11 0.574529
4 12 0.525199
4 13 0.539051
4 14 0.563738
4 15 0.590887
4 16 0.559400
4 17 0.529478
4 18 0.552583
4 19 0.500001
4 20 0.568382
4 21 0.585707
4 23 0.568670
4 24 0.528720
4 25 0.537867
5 1 0.548318
5 2 0.867114
5 3 0.585024
5 4 0.537350
5 5 0.556007
5 6 0.760518
5 7 0.519373
5 8 0.546711
5 9 0.539379
5 10 0.516836
5 11 0.573575
5 12 0.541835
5 13 0.560490
5 14 0.598944
5 15 0.600766
5 16 0.621908
5 17 0.569136
5 18 0.585604
5 19 0.500000
5 20 0.576180
5 21 0.626363
5 22 0.537350
5 23 0.618333
5 24 0.551269
5 25 0.554480
6 1 0.733412
6 2 0.999871
6 3 0.879146
6 4 0.658467
6 5 0.760518
6 6 0.999808
6 7 0.589709
6 8 0.716536
6 9 0.675151
6 10 0.547732
6 11 0.769505
6 12 0.728323
6 13 0.766609
6 14 0.891389
6 15 0.659262
6 16 0.930817
6 17 0.835677
6 18 0.839438
6 19 0.499998
6 20 0.705918
6 21 0.936066
6 22 0.658467
6 23 0.905431
6 24 0.765883
6 25 0.705106
6 26 0.923583
7 1 0.516137
7 2 0.719229
7 3 0.520102
7 4 0.517021
7 5 0.519373
7 6 0.589709
7 7 0.520014
7 8 0.498755
7 9 0.515916
7 10 0.511636
7 11 0.527184
7 12 0.522635
7 13 0.518922
7 14 0.535701
7 15 0.557001
7 16 0.525123
7 17 0.513234
7 18 0.526881
7 19 0.500000
7 20 0.547562
7 21 0.574033
7 22 0.517021
7 23 0.539206
7 24 0.514559
7 25 0.520417
7 26 0.540238
8 1 0.546813
8 2 0.856481
8 3 0.586026
8 4 0.526444
8 5 0.546711
8 6 0.716536
8 7 0.498755
8 8 0.670993
8 9 0.546361
8 10 0.518455
8 11 0.518114
8 12 0.565923
8 13 0.546988
8 14 0.623800
8 15 0.606984
8 16 0.616699
8 17 0.562204
8 18 0.635535
8 19 0.500001
8 20 0.697271
8 21 0.581190
8 22 0.526444
8 23 0.694626
8 24 0.552672
8 25 0.569103
8 26 0.628608
9 1 0.537671
9 2 0.859149
9 3 0.552916
9 4 0.527050
9 5 0.539379
9 6 0.675151
9 7 0.515916
9 8 0.546361
9 9 0.577566
9 10 0.519400
9 11 0.557508
9 12 0.520124
9 13 0.539308
9 14 0.614983
9 15 0.646198
9 16 0.555305
9 17 0.530728
9 18 0.593987
9 19 0.500002
9 20 0.574702
9 21 0.578266
9 22 0.527050
9 23 0.595249
9 24 0.538919
9 25 0.557103
10 1 0.516972
10 2 0.767590
10 3 0.517171
10 4 0.520693
10 5 0.516836
10 6 0.547732
10 7 0.511636
10 8 0.518455
10 9 0.519400
10 10 0.523717
10 11 0.536399
10 12 0.542867
10 13 0.517066
10 14 0.549931
10 15 0.599238
10 16 0.534887
10 17 0.507921
10 18 0.542376
10 19 0.500001
10 20 0.616008
10 21 0.619473
10 22 0.520693
10 23 0.554189
10 24 0.513079
10 25 0.525561
10 26 0.547127
11 1 0.563237
11 2 0.964698
11 3 0.595121
11 4 0.574529
11 5 0.573575
11 6 0.769505
11 7 0.527184
11 8 0.518114
11 9 0.557508
11 10 0.536399
11 11 0.669877
11 12 0.518624
11 13 0.581593
11 14 0.608207
11 15 0.703632
11 16 0.647177
11 17 0.580388
11 18 0.594436
11 19 0.500001
11 20 0.595459
11 21 0.733687
11 22 0.574529
11 23 0.634486
11 24 0.558095
11 25 0.574334
12 1 0.542031
12 2 0.839805
12 3 0.566314
12 4 0.525199
12 5 0.541835
12 6 0.728323
12 7 0.522635
12 8 0.565923
12 9 0.520124
12 10 0.542867
12 11 0.518624
12 12 0.665571
12 13 0.545530
12 14 0.615230
12 15 0.645446
12 16 0.634394
12 17 0.543845
12 18 0.602488
12 19 0.500001
12 20 0.781497
12 21 0.712165
12 22 0.525199
12 23 0.618240
12 24 0.546187
12 25 0.550231
12 26 0.611190
13 1 0.552467
13 2 0.872982
13 3 0.591876
13 4 0.539051
13 5 0.560490
13 6 0.766609
13 7 0.518922
13 8 0.546988
13 9 0.539308
13 10 0.517066
13 11 0.581593
13 12 0.545530
13 13 0.567973
13 14 0.603166
13 15 0.611416
13 16 0.634122
13 17 0.575949
13 18 0.589715
13 19 0.500000
13 20 0.576698
13 21 0.633344
13 22 0.539051
13 23 0.620305
13 24 0.555804
13 25 0.558718
14 1 0.596256
14 2 0.989679
14 3 0.636519
14 4 0.563738
14 5 0.598944
14 6 0.891389
14 7 0.535701
14 8 0.623800
14 9 0.614983
14 10 0.549931
14 11 0.608207
14 12 0.615230
14 13 0.603166
14 14 0.765644
14 15 0.733994
14 16 0.651469
14 17 0.585912
14 18 0.704205
14 19 0.500002
14 20 0.693657
14 21 0.797789
14 22 0.563738
14 23 0.730536
14 24 0.596965
14 25 0.612969
15 1 0.599148
15 2 0.996150
15 3 0.619499
15 4 0.590887
15 5 0.600766
15 6 0.659262
15 7 0.557001
15 8 0.606984
15 9 0.646198
15 10 0.599238
15 11 0.703632
15 12 0.645446
15 13 0.611416
15 14 0.733994
15 15 0.939062
15 16 0.717923
15 17 0.577822
15 18 0.742371
15 19 0.500005
15 20 0.914210
15 21 0.883529
15 22 0.590887
15 23 0.789558
15 24 0.585557
15 25 0.683308
15 26 0.768774
16 1 0.601578
16 2 0.929613
16 3 0.719052
16 4 0.559400
16 5 0.621908
16 6 0.930817
16 7 0.525123
16 8 0.616699
16 9 0.555305
16 10 0.534887
16 11 0.647177
16 12 0.634394
16 13 0.634122
16 14 0.651469
16 15 0.717923
16 16 0.852028
16 17 0.702117
16 18 0.680049
16 19 0.500000
16 20 0.775543
16 21 0.749858
16 22 0.559400
16 23 0.783102
16 24 0.617577
16 25 0.621790
16 26 0.752066
17 1 0.557909
17 2 0.811515
17 4 0.529478
17 5 0.569136
17 6 0.835677
17 7 0.513234
17 8 0.562204
17 9 0.530728
17 10 0.507921
17 11 0.580388
17 12 0.543845
17 13 0.575949
17 14 0.585912
17 15 0.577822
17 16 0.702117
17 17 0.620820
17 18 0.596305
17 19 0.500000
17 20 0.582629
17 21 0.630685
17 22 0.529478
17 23 0.657323
17 24 0.568366
17 25 0.561675
17 26 0.648300
18 1 0.581751
18 2 0.974303
18 3 0.632969
18 4 0.552583
18 5 0.585604
18 6 0.839438
18 7 0.526881
18 8 0.635535
18 9 0.593987
18 10 0.542376
18 11 0.594436
18 12 0.602488
18 13 0.589715
18 14 0.704205
18 15 0.742371
18 16 0.680049
18 17 0.596305
18 18 0.694996
18 19 0.500002
18 20 0.751779
18 21 0.742127
18 22 0.552583
18 23 0.734089
18 24 0.585060
18 25 0.618769
19 1 0.500000
19 2 0.500005
19 3 0.500000
19 4 0.500001
19 5 0.500000
19 6 0.499998
19 7 0.500000
19 8 0.500001
19 9 0.500002
19 10 0.500001
19 11 0.500001
19 12 0.500001
19 13 0.500000
19 14 0.500002
19 15 0.500005
19 16 0.500000
19 17 0.500000
19 18 0.500002
19 19 0.500000
19 20 0.500004
19 21 0.499998
19 22 0.500001
19 23 0.500001
19 24 0.500000
19 25 0.500001
19 26 0.500001
20 1 0.581478
20 2 0.989111
20 3 0.620675
20 4 0.568382
20 5 0.576180
20 6 0.705918
20 7 0.547562
20 8 0.697271
20 9 0.574702
20 10 0.616008
20 11 0.595459
20 12 0.781497
20 13 0.576698
20 14 0.693657
20 15 0.914210
20 16 0.775543
20 17 0.582629
20 18 0.751779
20 19 0.500004
20 20 0.978462
20 21 0.910037
20 22 0.568382
20 23 0.830824
20 24 0.577415
20 25 0.666226
20 26 0.728203
21 1 0.636647
21 2 0.999772
21 3 0.676970
21 4 0.585707
21 5 0.626363
21 6 0.936066
21 7 0.574033
21 8 0.581190
21 9 0.578266
21 10 0.619473
21 11 0.733687
21 12 0.712165
21 13 0.633344
21 14 0.797789
21 15 0.883529
21 16 0.749858
21 17 0.630685
21 18 0.742127
21 19 0.499998
21 20 0.910037
21 21 0.993955
21 22 0.585707
21 23 0.864330
21 24 0.616702
21 25 0.655385
21 26 0.813462
22 1 0.531187
22 2 0.856555
22 3 0.540537
22 5 0.537350
22 6 0.658467
22 7 0.517021
22 8 0.526444
22 9 0.527050
22 10 0.520693
22 11 0.574529
22 12 0.525199
22 13 0.539051
22 14 0.563738
22 15 0.590887
22 16 0.559400
22 17 0.529478
22 18 0.552583
22 19 0.500001
22 20 0.568382
22 21 0.585707
22 22 0.548764
22 23 0.568670
22 24 0.528720
22 25 0.537867
22 26 0.582116
23 1 0.609600
23 2 0.990285
23 3 0.692776
23 4 0.568670
23 5 0.618333
23 6 0.905431
23 7 0.539206
23 8 0.694626
23 9 0.595249
23 10 0.554189
23 11 0.634486
23 12 0.618240
23 13 0.620305
23 14 0.730536
23 15 0.789558
23 16 0.783102
23 17 0.657323
23 18 0.734089
23 19 0.500001
23 20 0.830824
23 21 0.864330
23 22 0.568670
23 23 0.860016
23 24 0.612210
23 25 0.654062
23 26 0.772383
24 1 0.546017
24 2 0.827531
24 3 0.584024
24 4 0.528720
24 5 0.551269
24 6 0.765883
24 7 0.514559
24 8 0.552672
24 9 0.538919
24 10 0.513079
24 11 0.558095
24 12 0.546187
24 13 0.555804
24 14 0.596965
24 15 0.585557
24 16 0.617577
24 17 0.568366
24 18 0.585060
24 19 0.500000
24 20 0.577415
24 21 0.616702
24 22 0.528720
24 23 0.612210
24 24 0.551760
24 25 0.550690
25 1 0.550080
25 2 0.902072
25 3 0.580824
25 4 0.537867
25 5 0.554480
25 6 0.705106
25 7 0.520417
25 8 0.569103
25 9 0.557103
25 10 0.525561
25 11 0.574334
25 12 0.550231
25 13 0.558718
25 14 0.612969
25 15 0.683308
25 16 0.621790
25 17 0.561675
25 18 0.618769
25 19 0.500001
25 20 0.666226
25 21 0.655385
25 22 0.537867
25 23 0.654062
25 24 0.550690
25 25 0.582676
26 2 0.990398
26 6 0.923583
26 7 0.540238
26 8 0.628608
26 10 0.547127
26 12 0.611190
26 15 0.768774
26 16 0.752066
26 17 0.648300
26 19 0.500001
26 20 0.728203
26 21 0.813462
26 22 0.582116
26 23 0.772383
26 26 0.780474
