1 26 0.676078
3 17 0.877998
3 26 0.857751
4 22 0.577424
4 26 0.634774
5 26 0.541537
9 26 0.653967
11 26 0.824134
13 26 0.669759
14 26 0.981146
17 3 0.877998
18 26 0.760184
22 4 0.577424
24 26 0.708627
25 26 0.670620
26 1 0.676078
26 3 0.857751
26 4 0.634774
26 5 0.541537
26 9 0.653967
26 11 0.824134
26 13 0.669759
26 14 0.981146
26 18 0.760184
26 24 0.708627
26 25 0.670620
1 1 0.571134
1 2 0.790572
1 3 0.661139
1 4 0.552526
1 5 0.507210
1 6 0.896136
1 7 0.541730
1 8 0.549708
1 9 0.559412
1 10 0.527784
1 11 0.643379
1 12 0.585262
1 13 0.563864
1 14 0.802560
1 15 0.611574
1 16 0.691851
1 17 0.650742
1 18 0.611740
1 19 0.500001
1 20 0.682048
1 21 0.834191
1 22 0.552526
1 23 0.713934
1 24 0.583516
1 25 0.568884
2 1 0.790572
2 2 0.999587
2 3 0.967008
2 4 0.768026
2 5 0.503071
2 6 0.999995
2 7 0.701161
2 8 0.799185
2 9 0.752411
2 10 0.670640
2 11 0.944075
2 12 0.882045
2 13 0.806464
2 14 0.999243
2 15 0.952979
2 16 0.982773
2 17 0.962475
2 18 0.871968
2 19 0.500007
2 20 0.990529
2 21 0.999916
2 22 0.768026
2 23 0.994683
2 24 0.836417
2 25 0.785229
2 26 0.971281
3 1 0.661139
3 2 0.967008
3 3 0.880154
3 4 0.636326
3 5 0.547599
3 6 0.998556
3 7 0.595955
3 8 0.663243
3 9 0.652198
3 10 0.552370
3 11 0.790296
3 12 0.736214
3 13 0.650460
3 14 0.987534
3 15 0.817391
3 16 0.912058
3 18 0.726901
3 19 0.500004
3 20 0.897908
3 21 0.986942
3 22 0.636326
3 23 0.945911
3 24 0.704747
3 25 0.652339
4 1 0.552526
4 2 0.768026
4 3 0.636326
4 4 0.577424
4 5 0.479945
4 6 0.879368
4 7 0.542583
4 8 0.525791
4 9 0.536062
4 10 0.531946
4 11 0.636624
4 12 0.558725
4 13 0.542637
4 14 0.649197
4 15 0.544217
4 16 0.642730
4 17 0.631214
4 18 0.562273
4 19 0.500001
4 20 0.644809
4 21 0.840274
4 23 0.592539
4 24 0.561722
4 25 0.551250
5 1 0.507210
5 2 0.503071
5 3 0.547599
5 4 0.479945
5 5 0.604778
5 6 0.593735
5 7 0.513344
5 8 0.563324
5 9 0.524315
5 10 0.487504
5 11 0.485404
5 12 0.568764
5 13 0.527875
5 14 0.743614
5 15 0.657570
5 16 0.611331
5 17 0.557786
5 18 0.517519
5 19 0.500001
5 20 0.561903
5 21 0.564709
5 22 0.479945
5 23 0.769028
5 24 0.520862
5 25 0.503761
6 1 0.896136
6 2 0.999995
6 3 0.998556
6 4 0.879368
6 5 0.593735
6 6 1.000000
6 7 0.779942
6 8 0.880715
6 9 0.896995
6 10 0.687108
6 11 0.987871
6 12 0.985939
6 13 0.953301
6 14 1.000000
6 15 0.999424
6 16 0.999794
6 17 0.998544
6 18 0.954820
6 19 0.500011
6 20 0.999766
6 21 1.000000
6 22 0.879368
6 23 0.999862
6 24 0.946516
6 25 0.887632
6 26 0.997671
7 1 0.541730
7 2 0.701161
7 3 0.595955
7 4 0.542583
7 5 0.513344
7 6 0.779942
7 7 0.542391
7 8 0.541672
7 9 0.533459
7 10 0.522057
7 11 0.593704
7 12 0.560049
7 13 0.548416
7 14 0.672153
7 15 0.606772
7 16 0.619674
7 17 0.589487
7 18 0.564236
7 19 0.500001
7 20 0.605868
7 21 0.774438
7 22 0.542583
7 23 0.655067
7 24 0.548845
7 25 0.542473
7 26 0.609325
8 1 0.549708
8 2 0.799185
8 3 0.663243
8 4 0.525791
8 5 0.563324
8 6 0.880715
8 7 0.541672
8 8 0.709916
8 9 0.558701
8 10 0.530680
8 11 0.565189
8 12 0.641861
8 13 0.567983
8 14 0.902092
8 15 0.833961
8 16 0.706482
8 17 0.666324
8 18 0.583046
8 19 0.500004
8 20 0.768652
8 21 0.821749
8 22 0.525791
8 23 0.934765
8 24 0.569541
8 25 0.546926
8 26 0.632839
9 1 0.559412
9 2 0.752411
9 3 0.652198
9 4 0.536062
9 5 0.524315
9 6 0.896995
9 7 0.533459
9 8 0.558701
9 9 0.558244
9 10 0.516517
9 11 0.608530
9 12 0.593314
9 13 0.566988
9 14 0.828940
9 15 0.658219
9 16 0.692625
9 17 0.647053
9 18 0.596123
9 19 0.500001
9 20 0.680129
9 21 0.815713
9 22 0.536062
9 23 0.738036
9 24 0.574087
9 25 0.556976
10 1 0.527784
10 2 0.670640
10 3 0.552370
10 4 0.531946
10 5 0.487504
10 6 0.687108
10 7 0.522057
10 8 0.530680
10 9 0.516517
10 10 0.530986
10 11 0.564472
10 12 0.532600
10 13 0.532815
10 14 0.609794
10 15 0.578298
10 16 0.579067
10 17 0.545305
10 18 0.538918
10 19 0.500001
10 20 0.602626
10 21 0.664736
10 22 0.531946
10 23 0.600873
10 24 0.530024
10 25 0.528071
10 26 0.564976
11 1 0.643379
11 2 0.944075
11 3 0.790296
11 4 0.636624
11 5 0.485404
11 6 0.987871
11 7 0.593704
11 8 0.565189
11 9 0.608530
11 10 0.564472
11 11 0.804914
11 12 0.664599
11 13 0.624945
11 14 0.896289
11 15 0.654038
11 16 0.820434
11 17 0.772404
11 18 0.706498
11 19 0.500002
11 20 0.815681
11 21 0.981513
11 22 0.636624
11 23 0.799884
11 24 0.660468
11 25 0.641920
12 1 0.585262
12 2 0.882045
12 3 0.736214
12 4 0.558725
12 5 0.568764
12 6 0.985939
12 7 0.560049
12 8 0.641861
12 9 0.593314
12 10 0.532600
12 11 0.664599
12 12 0.719312
12 13 0.638066
12 14 0.960607
12 15 0.873362
12 16 0.822433
12 17 0.737865
12 18 0.631648
12 19 0.500003
12 20 0.829838
12 21 0.969704
12 22 0.558725
12 23 0.917143
12 24 0.613772
12 25 0.582795
12 26 0.738782
13 1 0.563864
13 2 0.806464
13 3 0.650460
13 4 0.542637
13 5 0.527875
13 6 0.953301
13 7 0.548416
13 8 0.567983
13 9 0.566988
13 10 0.532815
13 11 0.624945
13 12 0.638066
13 13 0.646522
13 14 0.892870
13 15 0.805921
13 16 0.736229
13 17 0.641782
13 18 0.602505
13 19 0.500001
13 20 0.752431
13 21 0.908600
13 22 0.542637
13 23 0.769936
13 24 0.576235
13 25 0.569151
14 1 0.802560
14 2 0.999243
14 3 0.987534
14 4 0.649197
14 5 0.743614
14 6 1.000000
14 7 0.672153
14 8 0.902092
14 9 0.828940
14 10 0.609794
14 11 0.896289
14 12 0.960607
14 13 0.892870
14 14 1.000000
14 15 0.999282
14 16 0.997966
14 17 0.987803
14 18 0.912898
14 19 0.500012
14 20 0.996364
14 21 0.999921
14 22 0.649197
14 23 0.999972
14 24 0.879521
14 25 0.793045
15 1 0.611574
15 2 0.952979
15 3 0.817391
15 4 0.544217
15 5 0.657570
15 6 0.999424
15 7 0.606772
15 8 0.833961
15 9 0.658219
15 10 0.578298
15 11 0.654038
15 12 0.873362
15 13 0.805921
15 14 0.999282
15 15 0.997799
15 16 0.953140
15 17 0.819861
15 18 0.703731
15 19 0.500009
15 20 0.963369
15 21 0.996900
15 22 0.544217
15 23 0.997170
15 24 0.652129
15 25 0.616993
15 26 0.799076
16 1 0.691851
16 2 0.982773
16 3 0.912058
16 4 0.642730
16 5 0.611331
16 6 0.999794
16 7 0.619674
16 8 0.706482
16 9 0.692625
16 10 0.579067
16 11 0.820434
16 12 0.822433
16 13 0.736229
16 14 0.997966
16 15 0.953140
16 16 0.967373
16 17 0.909828
16 18 0.778265
16 19 0.500007
16 20 0.954579
16 21 0.996557
16 22 0.642730
16 23 0.983098
16 24 0.742833
16 25 0.681304
16 26 0.901930
17 1 0.650742
17 2 0.962475
17 4 0.631214
17 5 0.557786
17 6 0.998544
17 7 0.589487
17 8 0.666324
17 9 0.647053
17 10 0.545305
17 11 0.772404
17 12 0.737865
17 13 0.641782
17 14 0.987803
17 15 0.819861
17 16 0.909828
17 17 0.878971
17 18 0.707355
17 19 0.500004
17 20 0.895039
17 21 0.985520
17 22 0.631214
17 23 0.947913
17 24 0.697687
17 25 0.640779
17 26 0.846249
18 1 0.611740
18 2 0.871968
18 3 0.726901
18 4 0.562273
18 5 0.517519
18 6 0.954820
18 7 0.564236
18 8 0.583046
18 9 0.596123
18 10 0.538918
18 11 0.706498
18 12 0.631648
18 13 0.602505
18 14 0.912898
18 15 0.703731
18 16 0.778265
18 17 0.707355
18 18 0.693304
18 19 0.500002
18 20 0.755939
18 21 0.915834
18 22 0.562273
18 23 0.826781
18 24 0.627772
18 25 0.609626
19 1 0.500001
19 2 0.500007
19 3 0.500004
19 4 0.500001
19 5 0.500001
19 6 0.500011
19 7 0.500001
19 8 0.500004
19 9 0.500001
19 10 0.500001
19 11 0.500002
19 12 0.500003
19 13 0.500001
19 14 0.500012
19 15 0.500009
19 16 0.500007
19 17 0.500004
19 18 0.500002
19 19 0.500000
19 20 0.500007
19 21 0.500005
19 22 0.500001
19 23 0.500013
19 24 0.500002
19 25 0.500001
19 26 0.500003
20 1 0.682048
20 2 0.990529
20 3 0.897908
20 4 0.644809
20 5 0.561903
20 6 0.999766
20 7 0.605868
20 8 0.768652
20 9 0.680129
20 10 0.602626
20 11 0.815681
20 12 0.829838
20 13 0.752431
20 14 0.996364
20 15 0.963369
20 16 0.954579
20 17 0.895039
20 18 0.755939
20 19 0.500007
20 20 0.973539
20 21 0.997867
20 22 0.644809
20 23 0.987738
20 24 0.727014
20 25 0.676557
20 26 0.889472
21 1 0.834191
21 2 0.999916
21 3 0.986942
21 4 0.840274
21 5 0.564709
21 6 1.000000
21 7 0.774438
21 8 0.821749
21 9 0.815713
21 10 0.664736
21 11 0.981513
21 12 0.969704
21 13 0.908600
21 14 0.999921
21 15 0.996900
21 16 0.996557
21 17 0.985520
21 18 0.915834
21 19 0.500005
21 20 0.997867
21 21 1.000000
21 22 0.840274
21 23 0.999041
21 24 0.877510
21 25 0.837212
21 26 0.991485
22 1 0.552526
22 2 0.768026
22 3 0.636326
22 5 0.479945
22 6 0.879368
22 7 0.542583
22 8 0.525791
22 9 0.536062
22 10 0.531946
22 11 0.636624
22 12 0.558725
22 13 0.542637
22 14 0.649197
22 15 0.544217
22 16 0.642730
22 17 0.631214
22 18 0.562273
22 19 0.500001
22 20 0.644809
22 21 0.840274
22 22 0.577424
22 23 0.592539
22 24 0.561722
22 25 0.551250
22 26 0.634774
23 1 0.713934
23 2 0.994683
23 3 0.945911
23 4 0.592539
23 5 0.769028
23 6 0.999862
23 7 0.655067
23 8 0.934765
23 9 0.738036
23 10 0.600873
23 11 0.799884
23 12 0.917143
23 13 0.769936
23 14 0.999972
23 15 0.997170
23 16 0.983098
23 17 0.947913
23 18 0.826781
23 19 0.500013
23 20 0.987738
23 21 0.999041
23 22 0.592539
23 23 0.999956
23 24 0.780801
23 25 0.703494
23 26 0.932148
24 1 0.583516
24 2 0.836417
24 3 0.704747
24 4 0.561722
24 5 0.520862
24 6 0.946516
24 7 0.548845
24 8 0.569541
24 9 0.574087
24 10 0.530024
24 11 0.660468
24 12 0.613772
24 13 0.576235
24 14 0.879521
24 15 0.652129
24 16 0.742833
24 17 0.697687
24 18 0.627772
24 19 0.500002
24 20 0.727014
24 21 0.877510
24 22 0.561722
24 23 0.780801
24 24 0.603684
24 25 0.579370
25 1 0.568884
25 2 0.785229
25 3 0.652339
25 4 0.551250
25 5 0.503761
25 6 0.887632
25 7 0.542473
25 8 0.546926
25 9 0.556976
25 10 0.528071
25 11 0.641920
25 12 0.582795
25 13 0.569151
25 14 0.793045
25 15 0.616993
25 16 0.681304
25 17 0.640779
25 18 0.609626
25 19 0.500001
25 20 0.676557
25 21 0.837212
25 22 0.551250
25 23 0.703494
25 24 0.579370
25 25 0.568404
26 2 0.971281
26 6 0.997671
26 7 0.609325
26 8 0.632839
26 10 0.564976
26 12 0.738782
26 15 0.799076
26 16 0.901930
26 17 0.846249
26 19 0.500003
26 20 0.889472
26 21 0.991485
26 22 0.634774
26 23 0.932148
26 26 0.877278
