1 26 0.757195
3 17 0.709088
3 26 0.901189
4 22 0.541887
4 26 0.726129
5 26 0.618267
9 26 0.781695
11 26 0.755966
13 26 0.776957
14 26 0.942979
17 3 0.709088
18 26 0.856703
22 4 0.541887
24 26 0.813218
25 26 0.754391
26 1 0.757195
26 3 0.901189
26 4 0.726129
26 5 0.618267
26 9 0.781695
26 11 0.755966
26 13 0.776957
26 14 0.942979
26 18 0.856703
26 24 0.813218
26 25 0.754391
1 1 0.598592
1 2 0.852815
1 3 0.685156
1 4 0.579573
1 5 0.545511
1 6 0.871017
1 7 0.524736
1 8 0.589068
1 9 0.610350
1 10 0.503346
1 11 0.589159
1 12 0.587333
1 13 0.605588
1 14 0.716814
1 15 0.645262
1 16 0.578064
1 17 0.609418
1 18 0.643386
1 19 0.500000
1 20 0.712162
1 21 0.857144
1 22 0.527027
1 23 0.744034
1 24 0.623584
1 25 0.595356
2 1 0.852815
2 2 1.000000
2 3 0.966797
2 4 0.802679
2 5 0.831479
2 6 0.999979
2 7 0.645511
2 8 0.860635
2 9 0.846973
2 10 0.596994
2 11 0.645792
2 12 0.898532
2 13 0.847843
2 14 0.928022
2 15 0.919892
2 16 0.902196
2 17 0.924583
2 18 0.965241
2 19 0.500002
2 20 0.983974
2 21 0.999988
2 22 0.666664
2 23 0.994498
2 24 0.888514
2 25 0.850851
2 26 0.994262
3 1 0.685156
3 2 0.966797
3 3 0.834748
3 4 0.650112
3 5 0.596099
3 6 0.970829
3 7 0.550608
3 8 0.667850
3 9 0.707412
3 10 0.505915
3 11 0.683917
3 12 0.668324
3 13 0.697162
3 14 0.836030
3 15 0.775014
3 16 0.679402
3 18 0.784629
3 19 0.499999
3 20 0.853626
3 21 0.977993
3 22 0.548380
3 23 0.903116
3 24 0.722918
3 25 0.683415
4 1 0.579573
4 2 0.802679
4 3 0.650112
4 4 0.579609
4 5 0.545312
4 6 0.889911
4 7 0.519324
4 8 0.584860
4 9 0.586592
4 10 0.503865
4 11 0.605049
4 12 0.587438
4 13 0.590884
4 14 0.689336
4 15 0.608316
4 16 0.585433
4 17 0.592242
4 18 0.615511
4 19 0.500000
4 20 0.666557
4 21 0.791953
4 23 0.751522
4 24 0.602293
4 25 0.580166
5 1 0.545511
5 2 0.831479
5 3 0.596099
5 4 0.545312
5 5 0.603674
5 6 0.922325
5 7 0.545746
5 8 0.520386
5 9 0.541585
5 10 0.505463
5 11 0.575797
5 12 0.630815
5 13 0.551883
5 14 0.539888
5 15 0.625439
5 16 0.605957
5 17 0.602477
5 18 0.545715
5 19 0.500001
5 20 0.578874
5 21 0.782785
5 22 0.532595
5 23 0.697027
5 24 0.548517
5 25 0.541747
6 1 0.871017
6 2 0.999979
6 3 0.970829
6 4 0.889911
6 5 0.922325
6 6 1.000000
6 7 0.766589
6 8 0.822812
6 9 0.869652
6 10 0.529888
6 11 0.987866
6 12 0.978129
6 13 0.904896
6 14 0.983813
6 15 0.969350
6 16 0.932696
6 17 0.976513
6 18 0.805288
6 19 0.500014
6 20 0.971448
6 21 0.999889
6 22 0.801750
6 23 0.998858
6 24 0.913316
6 25 0.862866
6 26 0.995135
7 1 0.524736
7 2 0.645511
7 3 0.550608
7 4 0.519324
7 5 0.545746
7 6 0.766589
7 7 0.529939
7 8 0.496833
7 9 0.526246
7 10 0.498794
7 11 0.544159
7 12 0.559985
7 13 0.528632
7 14 0.543665
7 15 0.575076
7 16 0.542838
7 17 0.560484
7 18 0.505870
7 19 0.500001
7 20 0.529916
7 21 0.635842
7 22 0.508382
7 23 0.578358
7 24 0.527383
7 25 0.519977
7 26 0.556016
8 1 0.589068
8 2 0.860635
8 3 0.667850
8 4 0.584860
8 5 0.520386
8 6 0.822812
8 7 0.496833
8 8 0.652099
8 9 0.597418
8 10 0.516428
8 11 0.572488
8 12 0.541982
8 13 0.595962
8 14 0.686660
8 15 0.598745
8 16 0.581162
8 17 0.594003
8 18 0.689812
8 19 0.499999
8 20 0.699600
8 21 0.836861
8 22 0.540855
8 23 0.748277
8 24 0.616651
8 25 0.593006
8 26 0.760277
9 1 0.610350
9 2 0.846973
9 3 0.707412
9 4 0.586592
9 5 0.541585
9 6 0.869652
9 7 0.526246
9 8 0.597418
9 9 0.628869
9 10 0.498754
9 11 0.593114
9 12 0.591834
9 13 0.618963
9 14 0.750989
9 15 0.674035
9 16 0.576720
9 17 0.614520
9 18 0.659347
9 19 0.500000
9 20 0.733379
9 21 0.872400
9 22 0.523802
9 23 0.767593
9 24 0.639502
9 25 0.606846
10 1 0.503346
10 2 0.596994
10 3 0.505915
10 4 0.503865
10 5 0.505463
10 6 0.529888
10 7 0.498794
10 8 0.516428
10 9 0.498754
10 10 0.510527
10 11 0.521521
10 12 0.498938
10 13 0.502244
10 14 0.495559
10 15 0.496710
10 16 0.512980
10 17 0.513210
10 18 0.519090
10 19 0.500000
10 20 0.520640
10 21 0.574159
10 22 0.505192
10 23 0.524200
10 24 0.503516
10 25 0.503957
10 26 0.517141
11 1 0.589159
11 2 0.645792
11 3 0.683917
11 4 0.605049
11 5 0.575797
11 6 0.987866
11 7 0.544159
11 8 0.572488
11 9 0.593114
11 10 0.521521
11 11 0.887127
11 12 0.646271
11 13 0.617877
11 14 0.751388
11 15 0.666268
11 16 0.606337
11 17 0.687349
11 18 0.558198
11 19 0.500005
11 20 0.722868
11 21 0.896549
11 22 0.566795
11 23 0.855970
11 24 0.615999
11 25 0.591355
12 1 0.587333
12 2 0.898532
12 3 0.668324
12 4 0.587438
12 5 0.630815
12 6 0.978129
12 7 0.559985
12 8 0.541982
12 9 0.591834
12 10 0.498938
12 11 0.646271
12 12 0.724624
12 13 0.604091
12 14 0.688225
12 15 0.706194
12 16 0.578936
12 17 0.636785
12 18 0.563568
12 19 0.500005
12 20 0.689518
12 21 0.883432
12 22 0.555752
12 23 0.775970
12 24 0.610792
12 25 0.584356
12 26 0.740698
13 1 0.605588
13 2 0.847843
13 3 0.697162
13 4 0.590884
13 5 0.551883
13 6 0.904896
13 7 0.528632
13 8 0.595962
13 9 0.618963
13 10 0.502244
13 11 0.617877
13 12 0.604091
13 13 0.617159
13 14 0.744889
13 15 0.662567
13 16 0.586797
13 17 0.620051
13 18 0.645254
13 19 0.500000
13 20 0.721417
13 21 0.860965
13 22 0.535406
13 23 0.775643
13 24 0.634306
13 25 0.602142
14 1 0.716814
14 2 0.928022
14 3 0.836030
14 4 0.689336
14 5 0.539888
14 6 0.983813
14 7 0.543665
14 8 0.686660
14 9 0.750989
14 10 0.495559
14 11 0.751388
14 12 0.688225
14 13 0.744889
14 14 0.960113
14 15 0.802617
14 16 0.554082
14 17 0.693074
14 18 0.720277
14 19 0.500004
14 20 0.897973
14 21 0.953407
14 22 0.567617
14 23 0.915088
14 24 0.783419
14 25 0.706315
15 1 0.645262
15 2 0.919892
15 3 0.775014
15 4 0.608316
15 5 0.625439
15 6 0.969350
15 7 0.575076
15 8 0.598745
15 9 0.674035
15 10 0.496710
15 11 0.666268
15 12 0.706194
15 13 0.662567
15 14 0.802617
15 15 0.836215
15 16 0.653637
15 17 0.702992
15 18 0.676368
15 19 0.500003
15 20 0.785222
15 21 0.959215
15 22 0.526964
15 23 0.879255
15 24 0.680068
15 25 0.631663
15 26 0.841434
16 1 0.578064
16 2 0.902196
16 3 0.679402
16 4 0.585433
16 5 0.605957
16 6 0.932696
16 7 0.542838
16 8 0.581162
16 9 0.576720
16 10 0.512980
16 11 0.606337
16 12 0.578936
16 13 0.586797
16 14 0.554082
16 15 0.653637
16 16 0.807858
16 17 0.648349
16 18 0.688989
16 19 0.499997
16 20 0.612358
16 21 0.876514
16 22 0.552756
16 23 0.902779
16 24 0.575696
16 25 0.577854
16 26 0.708774
17 1 0.609418
17 2 0.924583
17 4 0.592242
17 5 0.602477
17 6 0.976513
17 7 0.560484
17 8 0.594003
17 9 0.614520
17 10 0.513210
17 11 0.687349
17 12 0.636785
17 13 0.620051
17 14 0.693074
17 15 0.702992
17 16 0.648349
17 17 0.710638
17 18 0.640715
17 19 0.500001
17 20 0.690631
17 21 0.917507
17 22 0.541914
17 23 0.790717
17 24 0.630741
17 25 0.600646
17 26 0.770533
18 1 0.643386
18 2 0.965241
18 3 0.784629
18 4 0.615511
18 5 0.545715
18 6 0.805288
18 7 0.505870
18 8 0.689812
18 9 0.659347
18 10 0.519090
18 11 0.558198
18 12 0.563568
18 13 0.645254
18 14 0.720277
18 15 0.676368
18 16 0.688989
18 17 0.640715
18 18 0.817591
18 19 0.499997
18 20 0.806203
18 21 0.961498
18 22 0.536319
18 23 0.867447
18 24 0.669561
18 25 0.650690
19 1 0.500000
19 2 0.500002
19 3 0.499999
19 4 0.500000
19 5 0.500001
19 6 0.500014
19 7 0.500001
19 8 0.499999
19 9 0.500000
19 10 0.500000
19 11 0.500005
19 12 0.500005
19 13 0.500000
19 14 0.500004
19 15 0.500003
19 16 0.499997
19 17 0.500001
19 18 0.499997
19 19 0.500000
19 20 0.500003
19 21 0.500006
19 22 0.500000
19 23 0.499999
19 24 0.500001
19 25 0.500000
19 26 0.500001
20 1 0.712162
20 2 0.983974
20 3 0.853626
20 4 0.666557
20 5 0.578874
20 6 0.971448
20 7 0.529916
20 8 0.699600
20 9 0.733379
20 10 0.520640
20 11 0.722868
20 12 0.689518
20 13 0.721417
20 14 0.897973
20 15 0.785222
20 16 0.612358
20 17 0.690631
20 18 0.806203
20 19 0.500003
20 20 0.929066
20 21 0.990874
20 22 0.552155
20 23 0.911048
20 24 0.760702
20 25 0.709886
20 26 0.934990
21 1 0.857144
21 2 0.999988
21 3 0.977993
21 4 0.791953
21 5 0.782785
21 6 0.999889
21 7 0.635842
21 8 0.836861
21 9 0.872400
21 10 0.574159
21 11 0.896549
21 12 0.883432
21 13 0.860965
21 14 0.953407
21 15 0.959215
21 16 0.876514
21 17 0.917507
21 18 0.961498
21 19 0.500006
21 20 0.990874
21 21 0.999994
21 22 0.610548
21 23 0.996416
21 24 0.895115
21 25 0.857302
21 26 0.994208
22 1 0.527027
22 2 0.666664
22 3 0.548380
22 5 0.532595
22 6 0.801750
22 7 0.508382
22 8 0.540855
22 9 0.523802
22 10 0.505192
22 11 0.566795
22 12 0.555752
22 13 0.535406
22 14 0.567617
22 15 0.526964
22 16 0.552756
22 17 0.541914
22 18 0.536319
22 19 0.500000
22 20 0.552155
22 21 0.610548
22 22 0.535943
22 23 0.646387
22 24 0.536540
22 25 0.529527
22 26 0.595133
23 1 0.744034
23 2 0.994498
23 3 0.903116
23 4 0.751522
23 5 0.697027
23 6 0.998858
23 7 0.578358
23 8 0.748277
23 9 0.767593
23 10 0.524200
23 11 0.855970
23 12 0.775970
23 13 0.775643
23 14 0.915088
23 15 0.879255
23 16 0.902779
23 17 0.790717
23 18 0.867447
23 19 0.499999
23 20 0.911048
23 21 0.996416
23 22 0.646387
23 23 0.997694
23 24 0.790132
23 25 0.747923
23 26 0.965687
24 1 0.623584
24 2 0.888514
24 3 0.722918
24 4 0.602293
24 5 0.548517
24 6 0.913316
24 7 0.527383
24 8 0.616651
24 9 0.639502
24 10 0.503516
24 11 0.615999
24 12 0.610792
24 13 0.634306
24 14 0.783419
24 15 0.680068
24 16 0.575696
24 17 0.630741
24 18 0.669561
24 19 0.500001
24 20 0.760702
24 21 0.895115
24 22 0.536540
24 23 0.790132
24 24 0.658959
24 25 0.619342
25 1 0.595356
25 2 0.850851
25 3 0.683415
25 4 0.580166
25 5 0.541747
25 6 0.862866
25 7 0.519977
25 8 0.593006
25 9 0.606846
25 10 0.503957
25 11 0.591355
25 12 0.584356
25 13 0.602142
25 14 0.706315
25 15 0.631663
25 16 0.577854
25 17 0.600646
25 18 0.650690
25 19 0.500000
25 20 0.709886
25 21 0.857302
25 22 0.529527
25 23 0.747923
25 24 0.619342
25 25 0.595780
26 2 0.994262
26 6 0.995135
26 7 0.556016
26 8 0.760277
26 10 0.517141
26 12 0.740698
26 15 0.841434
26 16 0.708774
26 17 0.770533
26 19 0.500001
26 20 0.934990
26 21 0.994208
26 22 0.595133
26 23 0.965687
26 26 0.968193
