1 26 0.718541
3 17 0.841986
3 26 0.858481
4 22 0.572608
4 26 0.722411
5 26 0.455977
9 26 0.606965
11 26 0.939302
13 26 0.732658
14 26 0.981811
17 3 0.841986
18 26 0.859272
22 4 0.572608
24 26 0.723474
25 26 0.735608
26 1 0.718541
26 3 0.858481
26 4 0.722411
26 5 0.455977
26 9 0.606965
26 11 0.939302
26 13 0.732658
26 14 0.981811
26 18 0.859272
26 24 0.723474
26 25 0.735608
1 1 0.596734
1 2 0.895040
1 3 0.676334
1 4 0.595897
1 5 0.484683
1 6 0.962669
1 7 0.546814
1 8 0.583541
1 9 0.546002
1 10 0.540181
1 11 0.760183
1 12 0.612167
1 13 0.602616
1 14 0.831489
1 15 0.700969
1 16 0.767374
1 17 0.659727
1 18 0.681042
1 19 0.500002
1 20 0.711107
1 21 0.939490
1 22 0.558521
1 23 0.748862
1 24 0.598359
1 25 0.604855
2 1 0.895040
2 2 1.000000
2 3 0.988289
2 4 0.906296
2 5 0.491481
2 6 1.000000
2 7 0.784258
2 8 0.927214
2 9 0.802486
2 10 0.712388
2 11 0.998406
2 12 0.923972
2 13 0.915660
2 14 0.999975
2 15 0.990254
2 16 0.999701
2 17 0.983453
2 18 0.982886
2 19 0.500010
2 20 0.995483
2 21 1.000000
2 22 0.807182
2 23 0.998890
2 24 0.912883
2 25 0.906866
2 26 0.994863
3 1 0.676334
3 2 0.988289
3 3 0.854097
3 4 0.698690
3 5 0.455860
3 6 0.999339
3 7 0.581149
3 8 0.674029
3 9 0.618526
3 10 0.575367
3 11 0.910429
3 12 0.759429
3 13 0.695710
3 14 0.975610
3 15 0.818874
3 16 0.930891
3 18 0.802274
3 19 0.500004
3 20 0.891300
3 21 0.997855
3 22 0.631562
3 23 0.951835
3 24 0.688357
3 25 0.685802
4 1 0.595897
4 2 0.906296
4 3 0.698690
4 4 0.608425
4 5 0.474337
4 6 0.976239
4 7 0.541207
4 8 0.583200
4 9 0.547307
4 10 0.539281
4 11 0.763301
4 12 0.629359
4 13 0.606834
4 14 0.871730
4 15 0.665854
4 16 0.766319
4 17 0.686293
4 18 0.675366
4 19 0.500002
4 20 0.739179
4 21 0.943987
4 23 0.777230
4 24 0.601097
4 25 0.604448
5 1 0.484683
5 2 0.491481
5 3 0.455860
5 4 0.474337
5 5 0.576259
5 6 0.254311
5 7 0.528942
5 8 0.556617
5 9 0.517417
5 10 0.505756
5 11 0.509394
5 12 0.494515
5 13 0.484843
5 14 0.394707
5 15 0.529444
5 16 0.623033
5 17 0.457619
5 18 0.458913
5 19 0.500000
5 20 0.411772
5 21 0.446153
5 22 0.480270
5 23 0.344196
5 24 0.485577
5 25 0.478536
6 1 0.962669
6 2 1.000000
6 3 0.999339
6 4 0.976239
6 5 0.254311
6 6 1.000000
6 7 0.814743
6 8 0.951389
6 9 0.839104
6 10 0.787540
6 11 0.999980
6 12 0.993633
6 13 0.966622
6 14 1.000000
6 15 0.998204
6 16 0.999995
6 17 0.998992
6 18 0.998295
6 19 0.500024
6 20 0.999967
6 21 1.000000
6 22 0.923008
6 23 0.999996
6 24 0.966967
6 25 0.968109
6 26 0.999648
7 1 0.546814
7 2 0.784258
7 3 0.581149
7 4 0.541207
7 5 0.528942
7 6 0.814743
7 7 0.562210
7 8 0.579891
7 9 0.536446
7 10 0.531177
7 11 0.656508
7 12 0.565842
7 13 0.552329
7 14 0.664341
7 15 0.592296
7 16 0.717048
7 17 0.572555
7 18 0.576905
7 19 0.500001
7 20 0.616897
7 21 0.796315
7 22 0.523363
7 23 0.592234
7 24 0.551684
7 25 0.550582
7 26 0.608291
8 1 0.583541
8 2 0.927214
8 3 0.674029
8 4 0.583200
8 5 0.556617
8 6 0.951389
8 7 0.579891
8 8 0.670866
8 9 0.578594
8 10 0.549220
8 11 0.782497
8 12 0.625906
8 13 0.591244
8 14 0.783644
8 15 0.721684
8 16 0.883716
8 17 0.662947
8 18 0.653056
8 19 0.500003
8 20 0.696742
8 21 0.953727
8 22 0.549374
8 23 0.706182
8 24 0.588729
8 25 0.582471
8 26 0.689590
9 1 0.546002
9 2 0.802486
9 3 0.618526
9 4 0.547307
9 5 0.517417
9 6 0.839104
9 7 0.536446
9 8 0.578594
9 9 0.556980
9 10 0.522904
9 11 0.661780
9 12 0.586962
9 13 0.551968
9 14 0.696794
9 15 0.652298
9 16 0.738713
9 17 0.613377
9 18 0.586545
9 19 0.500001
9 20 0.627354
9 21 0.872835
9 22 0.525494
9 23 0.693509
9 24 0.551252
9 25 0.544685
10 1 0.540181
10 2 0.712388
10 3 0.575367
10 4 0.539281
10 5 0.505756
10 6 0.787540
10 7 0.531177
10 8 0.549220
10 9 0.522904
10 10 0.523943
10 11 0.628937
10 12 0.553468
10 13 0.542744
10 14 0.657879
10 15 0.585490
10 16 0.647734
10 17 0.568247
10 18 0.576863
10 19 0.500002
10 20 0.593216
10 21 0.760514
10 22 0.523852
10 23 0.610527
10 24 0.541373
10 25 0.543293
10 26 0.595482
11 1 0.760183
11 2 0.998406
11 3 0.910429
11 4 0.763301
11 5 0.509394
11 6 0.999980
11 7 0.656508
11 8 0.782497
11 9 0.661780
11 10 0.628937
11 11 0.983304
11 12 0.844367
11 13 0.760495
11 14 0.994248
11 15 0.951238
11 16 0.992676
11 17 0.893876
11 18 0.906848
11 19 0.500009
11 20 0.949692
11 21 0.999973
11 22 0.673691
11 23 0.973095
11 24 0.763398
11 25 0.765682
12 1 0.612167
12 2 0.923972
12 3 0.759429
12 4 0.629359
12 5 0.494515
12 6 0.993633
12 7 0.565842
12 8 0.625906
12 9 0.586962
12 10 0.553468
12 11 0.844367
12 12 0.731129
12 13 0.624369
12 14 0.931082
12 15 0.727666
12 16 0.889312
12 17 0.750764
12 18 0.692782
12 19 0.500002
12 20 0.812756
12 21 0.993718
12 22 0.584978
12 23 0.845998
12 24 0.624080
12 25 0.615057
12 26 0.749738
13 1 0.602616
13 2 0.915660
13 3 0.695710
13 4 0.606834
13 5 0.484843
13 6 0.966622
13 7 0.552329
13 8 0.591244
13 9 0.551968
13 10 0.542744
13 11 0.760495
13 12 0.624369
13 13 0.619483
13 14 0.850655
13 15 0.679012
13 16 0.758908
13 17 0.679358
13 18 0.679373
13 19 0.500001
13 20 0.721300
13 21 0.925086
13 22 0.566991
13 23 0.744576
13 24 0.607779
13 25 0.615102
14 1 0.831489
14 2 0.999975
14 3 0.975610
14 4 0.871730
14 5 0.394707
14 6 1.000000
14 7 0.664341
14 8 0.783644
14 9 0.696794
14 10 0.657879
14 11 0.994248
14 12 0.931082
14 13 0.850655
14 14 0.999988
14 15 0.899908
14 16 0.995980
14 17 0.970951
14 18 0.945061
14 19 0.500005
14 20 0.986704
14 21 0.999999
14 22 0.792224
14 23 0.997095
14 24 0.866624
14 25 0.841338
15 1 0.700969
15 2 0.990254
15 3 0.818874
15 4 0.665854
15 5 0.529444
15 6 0.998204
15 7 0.592296
15 8 0.721684
15 9 0.652298
15 10 0.585490
15 11 0.951238
15 12 0.727666
15 13 0.679012
15 14 0.899908
15 15 0.978810
15 16 0.978877
15 17 0.788362
15 18 0.877832
15 19 0.500007
15 20 0.869311
15 21 0.999817
15 22 0.577304
15 23 0.943469
15 24 0.679007
15 25 0.698361
15 26 0.872937
16 1 0.767374
16 2 0.999701
16 3 0.930891
16 4 0.766319
16 5 0.623033
16 6 0.999995
16 7 0.717048
16 8 0.883716
16 9 0.738713
16 10 0.647734
16 11 0.992676
16 12 0.889312
16 13 0.758908
16 14 0.995980
16 15 0.978877
16 16 0.999359
16 17 0.919900
16 18 0.912870
16 19 0.500010
16 20 0.964708
16 21 0.999999
16 22 0.670546
16 23 0.983346
16 24 0.776651
16 25 0.754419
16 26 0.942037
17 1 0.659727
17 2 0.983453
17 4 0.686293
17 5 0.457619
17 6 0.998992
17 7 0.572555
17 8 0.662947
17 9 0.613377
17 10 0.568247
17 11 0.893876
17 12 0.750764
17 13 0.679358
17 14 0.970951
17 15 0.788362
17 16 0.919900
17 17 0.832138
17 18 0.776758
17 19 0.500003
17 20 0.879434
17 21 0.996858
17 22 0.624935
17 23 0.947379
17 24 0.673159
17 25 0.667150
17 26 0.836106
18 1 0.681042
18 2 0.982886
18 3 0.802274
18 4 0.675366
18 5 0.458913
18 6 0.998295
18 7 0.576905
18 8 0.653056
18 9 0.586545
18 10 0.576863
18 11 0.906848
18 12 0.692782
18 13 0.679373
18 14 0.945061
18 15 0.877832
18 16 0.912870
18 17 0.776758
18 18 0.833211
18 19 0.500006
18 20 0.856521
18 21 0.996737
18 22 0.605569
18 23 0.916201
18 24 0.676725
18 25 0.691567
19 1 0.500002
19 2 0.500010
19 3 0.500004
19 4 0.500002
19 5 0.500000
19 6 0.500024
19 7 0.500001
19 8 0.500003
19 9 0.500001
19 10 0.500002
19 11 0.500009
19 12 0.500002
19 13 0.500001
19 14 0.500005
19 15 0.500007
19 16 0.500010
19 17 0.500003
19 18 0.500006
19 19 0.500000
19 20 0.500006
19 21 0.500020
19 22 0.500001
19 23 0.500010
19 24 0.500002
19 25 0.500002
19 26 0.500005
20 1 0.711107
20 2 0.995483
20 3 0.891300
20 4 0.739179
20 5 0.411772
20 6 0.999967
20 7 0.616897
20 8 0.696742
20 9 0.627354
20 10 0.593216
20 11 0.949692
20 12 0.812756
20 13 0.721300
20 14 0.986704
20 15 0.869311
20 16 0.964708
20 17 0.879434
20 18 0.856521
20 19 0.500006
20 20 0.966612
20 21 0.999842
20 22 0.665062
20 23 0.974357
20 24 0.718702
20 25 0.723660
20 26 0.901198
21 1 0.939490
21 2 1.000000
21 3 0.997855
21 4 0.943987
21 5 0.446153
21 6 1.000000
21 7 0.796315
21 8 0.953727
21 9 0.872835
21 10 0.760514
21 11 0.999973
21 12 0.993718
21 13 0.925086
21 14 0.999999
21 15 0.999817
21 16 0.999999
21 17 0.996858
21 18 0.996737
21 19 0.500020
21 20 0.999842
21 21 1.000000
21 22 0.845013
21 23 0.999986
21 24 0.942767
21 25 0.933814
21 26 0.998378
22 1 0.558521
22 2 0.807182
22 3 0.631562
22 5 0.480270
22 6 0.923008
22 7 0.523363
22 8 0.549374
22 9 0.525494
22 10 0.523852
22 11 0.673691
22 12 0.584978
22 13 0.566991
22 14 0.792224
22 15 0.577304
22 16 0.670546
22 17 0.624935
22 18 0.605569
22 19 0.500001
22 20 0.665062
22 21 0.845013
22 22 0.551997
22 23 0.682798
22 24 0.563199
22 25 0.564307
22 26 0.644068
23 1 0.748862
23 2 0.998890
23 3 0.951835
23 4 0.777230
23 5 0.344196
23 6 0.999996
23 7 0.592234
23 8 0.706182
23 9 0.693509
23 10 0.610527
23 11 0.973095
23 12 0.845998
23 13 0.744576
23 14 0.997095
23 15 0.943469
23 16 0.983346
23 17 0.947379
23 18 0.916201
23 19 0.500010
23 20 0.974357
23 21 0.999986
23 22 0.682798
23 23 0.999633
23 24 0.760946
23 25 0.744429
23 26 0.936134
24 1 0.598359
24 2 0.912883
24 3 0.688357
24 4 0.601097
24 5 0.485577
24 6 0.966967
24 7 0.551684
24 8 0.588729
24 9 0.551252
24 10 0.541373
24 11 0.763398
24 12 0.624080
24 13 0.607779
24 14 0.866624
24 15 0.679007
24 16 0.776651
24 17 0.673159
24 18 0.676725
24 19 0.500002
24 20 0.718702
24 21 0.942767
24 22 0.563199
24 23 0.760946
24 24 0.605303
24 25 0.606528
25 1 0.604855
25 2 0.906866
25 3 0.685802
25 4 0.604448
25 5 0.478536
25 6 0.968109
25 7 0.550582
25 8 0.582471
25 9 0.544685
25 10 0.543293
25 11 0.765682
25 12 0.615057
25 13 0.615102
25 14 0.841338
25 15 0.698361
25 16 0.754419
25 17 0.667150
25 18 0.691567
25 19 0.500002
25 20 0.723660
25 21 0.933814
25 22 0.564307
25 23 0.744429
25 24 0.606528
25 25 0.616973
26 2 0.994863
26 6 0.999648
26 7 0.608291
26 8 0.689590
26 10 0.595482
26 12 0.749738
26 15 0.872937
26 16 0.942037
26 17 0.836106
26 19 0.500005
26 20 0.901198
26 21 0.998378
26 22 0.644068
26 23 0.936134
26 26 0.905601
