1 26 0.840423
3 17 0.689418
3 26 0.912723
4 22 0.583714
4 26 0.695997
5 26 0.843005
9 26 0.769629
11 26 0.917043
13 26 0.859549
14 26 0.990935
17 3 0.689418
18 26 0.893221
22 4 0.583714
24 26 0.858137
25 26 0.664472
26 1 0.840423
26 3 0.912723
26 4 0.695997
26 5 0.843005
26 9 0.769629
26 11 0.917043
26 13 0.859549
26 14 0.990935
26 18 0.893221
26 24 0.858137
26 25 0.664472
1 1 0.647318
1 2 0.939183
1 3 0.703598
1 4 0.565813
1 5 0.644296
1 6 0.969701
1 7 0.532327
1 8 0.547024
1 9 0.611990
1 10 0.524177
1 11 0.702223
1 12 0.628709
1 13 0.657576
1 14 0.848695
1 15 0.808762
1 16 0.774320
1 17 0.657853
1 18 0.684663
1 19 0.500001
1 20 0.723954
1 21 0.966486
1 22 0.577897
1 23 0.789314
1 24 0.660186
1 25 0.557961
2 1 0.939183
2 2 1.000000
2 3 0.986887
2 4 0.874621
2 5 0.934949
2 6 1.000000
2 7 0.628625
2 8 0.786060
2 9 0.930317
2 10 0.706419
2 11 0.976990
2 12 0.940008
2 13 0.951744
2 14 0.998527
2 15 0.999500
2 16 0.999725
2 17 0.989119
2 18 0.967640
2 19 0.500017
2 20 0.992627
2 21 1.000000
2 22 0.945065
2 23 0.980246
2 24 0.952776
2 25 0.874531
2 26 0.999648
3 1 0.703598
3 2 0.986887
3 3 0.822981
3 4 0.591584
3 5 0.692147
3 6 0.992177
3 7 0.526296
3 8 0.582907
3 9 0.716651
3 10 0.545061
3 11 0.776676
3 12 0.648599
3 13 0.717301
3 14 0.898703
3 15 0.897591
3 16 0.889344
3 18 0.773644
3 19 0.500003
3 20 0.810782
3 21 0.986937
3 22 0.643509
3 23 0.927522
3 24 0.710369
3 25 0.587221
4 1 0.565813
4 2 0.874621
4 3 0.591584
4 4 0.576055
4 5 0.567483
4 6 0.928973
4 7 0.516246
4 8 0.517279
4 9 0.548551
4 10 0.523475
4 11 0.598377
4 12 0.563279
4 13 0.570262
4 14 0.698671
4 15 0.762975
4 16 0.702730
4 17 0.630387
4 18 0.566264
4 19 0.500003
4 20 0.601426
4 21 0.872667
4 23 0.577908
4 24 0.569406
4 25 0.546342
5 1 0.644296
5 2 0.934949
5 3 0.692147
5 4 0.567483
5 5 0.650374
5 6 0.968893
5 7 0.531753
5 8 0.546166
5 9 0.594764
5 10 0.522691
5 11 0.704478
5 12 0.639082
5 13 0.657191
5 14 0.841433
5 15 0.792606
5 16 0.752720
5 17 0.647778
5 18 0.684030
5 19 0.500002
5 20 0.714154
5 21 0.970017
5 22 0.579823
5 23 0.781719
5 24 0.657048
5 25 0.556613
6 1 0.969701
6 2 1.000000
6 3 0.992177
6 4 0.928973
6 5 0.968893
6 6 1.000000
6 7 0.633302
6 8 0.768268
6 9 0.929034
6 10 0.652055
6 11 0.989207
6 12 0.946414
6 13 0.978755
6 14 0.999970
6 15 0.999996
6 16 0.999991
6 17 0.999659
6 18 0.986666
6 19 0.500017
6 20 0.998853
6 21 1.000000
6 22 0.965608
6 23 0.995926
6 24 0.978651
6 25 0.914625
6 26 0.999947
7 1 0.532327
7 2 0.628625
7 3 0.526296
7 4 0.516246
7 5 0.531753
7 6 0.633302
7 7 0.523331
7 8 0.510362
7 9 0.496029
7 10 0.510532
7 11 0.543869
7 12 0.536936
7 13 0.532848
7 14 0.601689
7 15 0.603244
7 16 0.551674
7 17 0.529943
7 18 0.517316
7 19 0.500000
7 20 0.520458
7 21 0.661085
7 22 0.488730
7 23 0.475931
7 24 0.537891
7 25 0.503950
7 26 0.583730
8 1 0.547024
8 2 0.786060
8 3 0.582907
8 4 0.517279
8 5 0.546166
8 6 0.768268
8 7 0.510362
8 8 0.550619
8 9 0.552822
8 10 0.513485
8 11 0.565207
8 12 0.520393
8 13 0.554043
8 14 0.591384
8 15 0.648757
8 16 0.661440
8 17 0.561257
8 18 0.558944
8 19 0.500001
8 20 0.589512
8 21 0.745207
8 22 0.528247
8 23 0.624081
8 24 0.549684
8 25 0.524429
8 26 0.629721
9 1 0.611990
9 2 0.930317
9 3 0.716651
9 4 0.548551
9 5 0.594764
9 6 0.929034
9 7 0.496029
9 8 0.552822
9 9 0.683495
9 10 0.520484
9 11 0.656300
9 12 0.564925
9 13 0.617489
9 14 0.759015
9 15 0.772676
9 16 0.793787
9 17 0.630188
9 18 0.675194
9 19 0.500002
9 20 0.735912
9 21 0.920976
9 22 0.619383
9 23 0.870729
9 24 0.615809
9 25 0.557159
10 1 0.524177
10 2 0.706419
10 3 0.545061
10 4 0.523475
10 5 0.522691
10 6 0.652055
10 7 0.510532
10 8 0.513485
10 9 0.520484
10 10 0.517452
10 11 0.537333
10 12 0.516171
10 13 0.525988
10 14 0.551932
10 15 0.615884
10 16 0.585929
10 17 0.520502
10 18 0.520261
10 19 0.500001
10 20 0.511600
10 21 0.608267
10 22 0.518334
10 23 0.518510
10 24 0.523199
10 25 0.507653
10 26 0.571353
11 1 0.702223
11 2 0.976990
11 3 0.776676
11 4 0.598377
11 5 0.704478
11 6 0.989207
11 7 0.543869
11 8 0.565207
11 9 0.656300
11 10 0.537333
11 11 0.784284
11 12 0.693608
11 13 0.717883
11 14 0.911282
11 15 0.882549
11 16 0.838419
11 17 0.682094
11 18 0.753886
11 19 0.500003
11 20 0.782370
11 21 0.993166
11 22 0.616226
11 23 0.878834
11 24 0.715109
11 25 0.572270
12 1 0.628709
12 2 0.940008
12 3 0.648599
12 4 0.563279
12 5 0.639082
12 6 0.946414
12 7 0.536936
12 8 0.520393
12 9 0.564925
12 10 0.516171
12 11 0.693608
12 12 0.726318
12 13 0.642092
12 14 0.816482
12 15 0.677901
12 16 0.646555
12 17 0.658142
12 18 0.652630
12 19 0.500001
12 20 0.730475
12 21 0.964283
12 22 0.576306
12 23 0.752176
12 24 0.657955
12 25 0.536380
12 26 0.814119
13 1 0.657576
13 2 0.951744
13 3 0.717301
13 4 0.570262
13 5 0.657191
13 6 0.978755
13 7 0.532848
13 8 0.554043
13 9 0.617489
13 10 0.525988
13 11 0.717883
13 12 0.642092
13 13 0.671574
13 14 0.859632
13 15 0.816364
13 16 0.786918
13 17 0.668317
13 18 0.698303
13 19 0.500002
13 20 0.734538
13 21 0.973713
13 22 0.588078
13 23 0.809641
13 24 0.671298
13 25 0.560995
14 1 0.848695
14 2 0.998527
14 3 0.898703
14 4 0.698671
14 5 0.841433
14 6 0.999970
14 7 0.601689
14 8 0.591384
14 9 0.759015
14 10 0.551932
14 11 0.911282
14 12 0.816482
14 13 0.859632
14 14 0.996570
14 15 0.986259
14 16 0.963599
14 17 0.910527
14 18 0.886280
14 19 0.500002
14 20 0.944863
14 21 0.999942
14 22 0.714921
14 23 0.969959
14 24 0.875256
14 25 0.668341
15 1 0.808762
15 2 0.999500
15 3 0.897591
15 4 0.762975
15 5 0.792606
15 6 0.999996
15 7 0.603244
15 8 0.648757
15 9 0.772676
15 10 0.615884
15 11 0.882549
15 12 0.677901
15 13 0.816364
15 14 0.986259
15 15 0.998952
15 16 0.993580
15 17 0.899671
15 18 0.817525
15 19 0.500008
15 20 0.876510
15 21 0.999919
15 22 0.739709
15 23 0.892029
15 24 0.813670
15 25 0.687663
15 26 0.982763
16 1 0.774320
16 2 0.999725
16 3 0.889344
16 4 0.702730
16 5 0.752720
16 6 0.999991
16 7 0.551674
16 8 0.661440
16 9 0.793787
16 10 0.585929
16 11 0.838419
16 12 0.646555
16 13 0.786918
16 14 0.963599
16 15 0.993580
16 16 0.990555
16 17 0.903007
16 18 0.823974
16 19 0.500006
16 20 0.915634
16 21 0.999549
16 22 0.751258
16 23 0.927251
16 24 0.782194
16 25 0.684581
16 26 0.967889
17 1 0.657853
17 2 0.989119
17 4 0.630387
17 5 0.647778
17 6 0.999659
17 7 0.529943
17 8 0.561257
17 9 0.630188
17 10 0.520502
17 11 0.682094
17 12 0.658142
17 13 0.668317
17 14 0.910527
17 15 0.899671
17 16 0.903007
17 17 0.889828
17 18 0.671666
17 19 0.500002
17 20 0.858832
17 21 0.988403
17 22 0.679237
17 23 0.761392
17 24 0.691867
17 25 0.623908
17 26 0.860326
18 1 0.684663
18 2 0.967640
18 3 0.773644
18 4 0.566264
18 5 0.684030
18 6 0.986666
18 7 0.517316
18 8 0.558944
18 9 0.675194
18 10 0.520261
18 11 0.753886
18 12 0.652630
18 13 0.698303
18 14 0.886280
18 15 0.817525
18 16 0.823974
18 17 0.671666
18 18 0.766540
18 19 0.500002
18 20 0.806170
18 21 0.987405
18 22 0.619979
18 23 0.907679
18 24 0.695136
18 25 0.576573
19 1 0.500001
19 2 0.500017
19 3 0.500003
19 4 0.500003
19 5 0.500002
19 6 0.500017
19 7 0.500000
19 8 0.500001
19 9 0.500002
19 10 0.500001
19 11 0.500003
19 12 0.500001
19 13 0.500002
19 14 0.500002
19 15 0.500008
19 16 0.500006
19 17 0.500002
19 18 0.500002
19 19 0.500000
19 20 0.500001
19 21 0.500011
19 22 0.500004
19 23 0.500002
19 24 0.500001
19 25 0.500001
19 26 0.500006
20 1 0.723954
20 2 0.992627
20 3 0.810782
20 4 0.601426
20 5 0.714154
20 6 0.998853
20 7 0.520458
20 8 0.589512
20 9 0.735912
20 10 0.511600
20 11 0.782370
20 12 0.730475
20 13 0.734538
20 14 0.944863
20 15 0.876510
20 16 0.915634
20 17 0.858832
20 18 0.806170
20 19 0.500001
20 20 0.939882
20 21 0.998016
20 22 0.696561
20 23 0.957543
20 24 0.758316
20 25 0.620874
20 26 0.928719
21 1 0.966486
21 2 1.000000
21 3 0.986937
21 4 0.872667
21 5 0.970017
21 6 1.000000
21 7 0.661085
21 8 0.745207
21 9 0.920976
21 10 0.608267
21 11 0.993166
21 12 0.964283
21 13 0.973713
21 14 0.999942
21 15 0.999919
21 16 0.999549
21 17 0.988403
21 18 0.987405
21 19 0.500011
21 20 0.998016
21 21 1.000000
21 22 0.908158
21 23 0.998924
21 24 0.975685
21 25 0.820533
21 26 0.999933
22 1 0.577897
22 2 0.945065
22 3 0.643509
22 5 0.579823
22 6 0.965608
22 7 0.488730
22 8 0.528247
22 9 0.619383
22 10 0.518334
22 11 0.616226
22 12 0.576306
22 13 0.588078
22 14 0.714921
22 15 0.739709
22 16 0.751258
22 17 0.679237
22 18 0.619979
22 19 0.500004
22 20 0.696561
22 21 0.908158
22 22 0.662689
22 23 0.762388
22 24 0.583939
22 25 0.567867
22 26 0.735075
23 1 0.789314
23 2 0.980246
23 3 0.927522
23 4 0.577908
23 5 0.781719
23 6 0.995926
23 7 0.475931
23 8 0.624081
23 9 0.870729
23 10 0.518510
23 11 0.878834
23 12 0.752176
23 13 0.809641
23 14 0.969959
23 15 0.892029
23 16 0.927251
23 17 0.761392
23 18 0.907679
23 19 0.500002
23 20 0.957543
23 21 0.998924
23 22 0.762388
23 23 0.999267
23 24 0.811818
23 25 0.609549
23 26 0.970084
24 1 0.660186
24 2 0.952776
24 3 0.710369
24 4 0.569406
24 5 0.657048
24 6 0.978651
24 7 0.537891
24 8 0.549684
24 9 0.615809
24 10 0.523199
24 11 0.715109
24 12 0.657955
24 13 0.671298
24 14 0.875256
24 15 0.813670
24 16 0.782194
24 17 0.691867
24 18 0.695136
24 19 0.500001
24 20 0.758316
24 21 0.975685
24 22 0.583939
24 23 0.811818
24 24 0.680674
24 25 0.561726
25 1 0.557961
25 2 0.874531
25 3 0.587221
25 4 0.546342
25 5 0.556613
25 6 0.914625
25 7 0.503950
25 8 0.524429
25 9 0.557159
25 10 0.507653
25 11 0.572270
25 12 0.536380
25 13 0.560995
25 14 0.668341
25 15 0.687663
25 16 0.684581
25 17 0.623908
25 18 0.576573
25 19 0.500001
25 20 0.620874
25 21 0.820533
25 22 0.567867
25 23 0.609549
25 24 0.561726
25 25 0.568644
26 2 0.999648
26 6 0.999947
26 7 0.583730
26 8 0.629721
26 10 0.571353
26 12 0.814119
26 15 0.982763
26 16 0.967889
26 17 0.860326
26 19 0.500006
26 20 0.928719
26 21 0.999933
26 22 0.735075
26 23 0.970084
26 26 0.991055
