1 26 0.749152
3 17 0.801022
3 26 0.840278
4 22 0.589089
4 26 0.753727
5 26 0.780644
9 26 0.571694
11 26 0.803856
13 26 0.766450
14 26 0.934139
17 3 0.801022
18 26 0.998572
22 4 0.589089
24 26 0.756094
25 26 0.740344
26 1 0.749152
26 3 0.840278
26 4 0.753727
26 5 0.780644
26 9 0.571694
26 11 0.803856
26 13 0.766450
26 14 0.934139
26 18 0.998572
26 24 0.756094
26 25 0.740344
1 1 0.592740
1 2 0.948221
1 3 0.639985
1 4 0.594191
1 5 0.606126
1 6 0.899308
1 7 0.516358
1 8 0.618873
1 9 0.528895
1 10 0.517407
1 11 0.619476
1 12 0.620267
1 13 0.599382
1 14 0.699147
1 15 0.643716
1 16 0.737083
1 17 0.648208
1 18 0.901070
1 19 0.500001
1 20 0.655158
1 21 0.948321
1 22 0.582835
1 23 0.824352
1 24 0.595462
1 25 0.588272
2 1 0.948221
2 2 1.000000
2 3 0.985921
2 4 0.947741
2 5 0.970447
2 6 1.000000
2 7 0.729899
2 8 0.983630
2 9 0.644458
2 10 0.602278
2 11 0.967558
2 12 0.981176
2 13 0.951494
2 14 0.996416
2 15 0.991429
2 16 0.999663
2 17 0.983407
2 18 1.000000
2 19 0.500012
2 20 0.996063
2 21 1.000000
2 22 0.922998
2 23 0.999993
2 24 0.947554
2 25 0.942853
2 26 0.999743
3 1 0.639985
3 2 0.985921
3 3 0.769131
3 4 0.643143
3 5 0.649881
3 6 0.972223
3 7 0.543597
3 8 0.768879
3 9 0.530648
3 10 0.556582
3 11 0.707619
3 12 0.707337
3 13 0.644268
3 14 0.727150
3 15 0.708975
3 16 0.902115
3 18 0.985375
3 19 0.500003
3 20 0.844611
3 21 0.994514
3 22 0.632857
3 23 0.976484
3 24 0.647523
3 25 0.629305
4 1 0.594191
4 2 0.947741
4 3 0.643143
4 4 0.597663
4 5 0.608341
4 6 0.909712
4 7 0.515926
4 8 0.619840
4 9 0.530154
4 10 0.516680
4 11 0.624768
4 12 0.615661
4 13 0.601676
4 14 0.701767
4 15 0.641957
4 16 0.738082
4 17 0.650679
4 18 0.904450
4 19 0.500001
4 20 0.652746
4 21 0.946674
4 23 0.841642
4 24 0.597657
4 25 0.590120
5 1 0.606126
5 2 0.970447
5 3 0.649881
5 4 0.608341
5 5 0.627789
5 6 0.926271
5 7 0.513692
5 8 0.620677
5 9 0.532133
5 10 0.510830
5 11 0.633183
5 12 0.641431
5 13 0.614706
5 14 0.725711
5 15 0.669645
5 16 0.749223
5 17 0.657873
5 18 0.925225
5 19 0.500001
5 20 0.648997
5 21 0.971571
5 22 0.597402
5 23 0.830367
5 24 0.610284
5 25 0.601720
6 1 0.899308
6 2 1.000000
6 3 0.972223
6 4 0.909712
6 5 0.926271
6 6 1.000000
6 7 0.629523
6 8 0.924116
6 9 0.671054
6 10 0.434235
6 11 0.939363
6 12 0.975877
6 13 0.890617
6 14 0.993684
6 15 0.954209
6 16 0.999696
6 17 0.942798
6 18 0.999999
6 19 0.499994
6 20 0.990137
6 21 1.000000
6 22 0.930952
6 23 0.999964
6 24 0.924354
6 25 0.901049
6 26 0.998625
7 1 0.516358
7 2 0.729899
7 3 0.543597
7 4 0.515926
7 5 0.513692
7 6 0.629523
7 7 0.520723
7 8 0.553859
7 9 0.507238
7 10 0.509692
7 11 0.527333
7 12 0.520050
7 13 0.512501
7 14 0.506533
7 15 0.513798
7 16 0.599348
7 17 0.541181
7 18 0.702568
7 19 0.500001
7 20 0.572471
7 21 0.659632
7 22 0.512866
7 23 0.631748
7 24 0.515877
7 25 0.515369
7 26 0.540639
8 1 0.618873
8 2 0.983630
8 3 0.768879
8 4 0.619840
8 5 0.620677
8 6 0.924116
8 7 0.553859
8 8 0.810664
8 9 0.529973
8 10 0.567207
8 11 0.699083
8 12 0.683450
8 13 0.618471
8 14 0.611521
8 15 0.678075
8 16 0.906575
8 17 0.821544
8 18 0.986273
8 19 0.500004
8 20 0.884977
8 21 0.992368
8 22 0.611571
8 23 0.979266
8 24 0.623047
8 25 0.604589
8 26 0.781318
9 1 0.528895
9 2 0.644458
9 3 0.530648
9 4 0.530154
9 5 0.532133
9 6 0.671054
9 7 0.507238
9 8 0.529973
9 9 0.536140
9 10 0.496951
9 11 0.542744
9 12 0.511613
9 13 0.531237
9 14 0.561660
9 15 0.523443
9 16 0.554052
9 17 0.528895
9 18 0.698048
9 19 0.500000
9 20 0.524816
9 21 0.633869
9 22 0.529123
9 23 0.545649
9 24 0.528918
9 25 0.528724
10 1 0.517407
10 2 0.602278
10 3 0.556582
10 4 0.516680
10 5 0.510830
10 6 0.434235
10 7 0.509692
10 8 0.567207
10 9 0.496951
10 10 0.537035
10 11 0.535951
10 12 0.518707
10 13 0.519002
10 14 0.526334
10 15 0.530303
10 16 0.587027
10 17 0.587274
10 18 0.634630
10 19 0.500003
10 20 0.587203
10 21 0.656259
10 22 0.513331
10 23 0.687937
10 24 0.514249
10 25 0.512366
10 26 0.551468
11 1 0.619476
11 2 0.967558
11 3 0.707619
11 4 0.624768
11 5 0.633183
11 6 0.939363
11 7 0.527333
11 8 0.699083
11 9 0.542744
11 10 0.535951
11 11 0.677279
11 12 0.648700
11 13 0.628469
11 14 0.718552
11 15 0.672564
11 16 0.823380
11 17 0.735695
11 18 0.966348
11 19 0.500003
11 20 0.739471
11 21 0.981989
11 22 0.615709
11 23 0.936257
11 24 0.624165
11 25 0.611775
12 1 0.620267
12 2 0.981176
12 3 0.707337
12 4 0.615661
12 5 0.641431
12 6 0.975877
12 7 0.520050
12 8 0.683450
12 9 0.511613
12 10 0.518707
12 11 0.648700
12 12 0.761132
12 13 0.619602
12 14 0.740618
12 15 0.710371
12 16 0.845914
12 17 0.725044
12 18 0.959411
12 19 0.500001
12 20 0.795021
12 21 0.994113
12 22 0.617208
12 23 0.921074
12 24 0.632166
12 25 0.614407
12 26 0.816907
13 1 0.599382
13 2 0.951494
13 3 0.644268
13 4 0.601676
13 5 0.614706
13 6 0.890617
13 7 0.512501
13 8 0.618471
13 9 0.531237
13 10 0.519002
13 11 0.628469
13 12 0.619602
13 13 0.609759
13 14 0.720646
13 15 0.655453
13 16 0.731335
13 17 0.654393
13 18 0.905734
13 19 0.500002
13 20 0.640760
13 21 0.953817
13 22 0.586682
13 23 0.836835
13 24 0.601501
13 25 0.594359
14 1 0.699147
14 2 0.996416
14 3 0.727150
14 4 0.701767
14 5 0.725711
14 6 0.993684
14 7 0.506533
14 8 0.611521
14 9 0.561660
14 10 0.526334
14 11 0.718552
14 12 0.740618
14 13 0.720646
14 14 0.931945
14 15 0.794520
14 16 0.830164
14 17 0.699853
14 18 0.973330
14 19 0.500003
14 20 0.642581
14 21 0.994996
14 22 0.679707
14 23 0.930440
14 24 0.702824
14 25 0.694846
15 1 0.643716
15 2 0.991429
15 3 0.708975
15 4 0.641957
15 5 0.669645
15 6 0.954209
15 7 0.513798
15 8 0.678075
15 9 0.523443
15 10 0.530303
15 11 0.672564
15 12 0.710371
15 13 0.655453
15 14 0.794520
15 15 0.751780
15 16 0.832614
15 17 0.736991
15 18 0.959503
15 19 0.500002
15 20 0.725345
15 21 0.994588
15 22 0.618399
15 23 0.905405
15 24 0.647336
15 25 0.633828
15 26 0.852445
16 1 0.737083
16 2 0.999663
16 3 0.902115
16 4 0.738082
16 5 0.749223
16 6 0.999696
16 7 0.599348
16 8 0.906575
16 9 0.554052
16 10 0.587027
16 11 0.823380
16 12 0.845914
16 13 0.731335
16 14 0.830164
16 15 0.832614
16 16 0.990098
16 17 0.922149
16 18 0.999663
16 19 0.500005
16 20 0.966763
16 21 0.999937
16 22 0.728400
16 23 0.998437
16 24 0.751075
16 25 0.719891
16 26 0.947357
17 1 0.648208
17 2 0.983407
17 4 0.650679
17 5 0.657873
17 6 0.942798
17 7 0.541181
17 8 0.821544
17 9 0.528895
17 10 0.587274
17 11 0.735695
17 12 0.725044
17 13 0.654393
17 14 0.699853
17 15 0.736991
17 16 0.922149
17 17 0.868893
17 18 0.989219
17 19 0.500005
17 20 0.888507
17 21 0.997804
17 22 0.643250
17 23 0.986604
17 24 0.654566
17 25 0.631158
17 26 0.847457
18 1 0.901070
18 2 1.000000
18 3 0.985375
18 4 0.904450
18 5 0.925225
18 6 0.999999
18 7 0.702568
18 8 0.986273
18 9 0.698048
18 10 0.634630
18 11 0.966348
18 12 0.959411
18 13 0.905734
18 14 0.973330
18 15 0.959503
18 16 0.999663
18 17 0.989219
18 18 1.000000
18 19 0.500023
18 20 0.987345
18 21 1.000000
18 22 0.852713
18 23 0.999997
18 24 0.904211
18 25 0.890019
19 1 0.500001
19 2 0.500012
19 3 0.500003
19 4 0.500001
19 5 0.500001
19 6 0.499994
19 7 0.500001
19 8 0.500004
19 9 0.500000
19 10 0.500003
19 11 0.500003
19 12 0.500001
19 13 0.500002
19 14 0.500003
19 15 0.500002
19 16 0.500005
19 17 0.500005
19 18 0.500023
19 19 0.500000
19 20 0.500000
19 21 0.500023
19 22 0.500000
19 23 0.500012
19 24 0.500001
19 25 0.500001
19 26 0.500005
20 1 0.655158
20 2 0.996063
20 3 0.844611
20 4 0.652746
20 5 0.648997
20 6 0.990137
20 7 0.572471
20 8 0.884977
20 9 0.524816
20 10 0.587203
20 11 0.739471
20 12 0.795021
20 13 0.640760
20 14 0.642581
20 15 0.725345
20 16 0.966763
20 17 0.888507
20 18 0.987345
20 19 0.500000
20 20 0.979964
20 21 0.996105
20 22 0.693592
20 23 0.995037
20 24 0.672336
20 25 0.638697
20 26 0.826585
21 1 0.948321
21 2 1.000000
21 3 0.994514
21 4 0.946674
21 5 0.971571
21 6 1.000000
21 7 0.659632
21 8 0.992368
21 9 0.633869
21 10 0.656259
21 11 0.981989
21 12 0.994113
21 13 0.953817
21 14 0.994996
21 15 0.994588
21 16 0.999937
21 17 0.997804
21 18 1.000000
21 19 0.500023
21 20 0.996105
21 21 1.000000
21 22 0.910235
21 23 0.999999
21 24 0.954064
21 25 0.937878
21 26 0.999848
22 1 0.582835
22 2 0.922998
22 3 0.632857
22 5 0.597402
22 6 0.930952
22 7 0.512866
22 8 0.611571
22 9 0.529123
22 10 0.513331
22 11 0.615709
22 12 0.617208
22 13 0.586682
22 14 0.679707
22 15 0.618399
22 16 0.728400
22 17 0.643250
22 18 0.852713
22 19 0.500000
22 20 0.693592
22 21 0.910235
22 22 0.616122
22 23 0.849020
22 24 0.591678
22 25 0.579897
22 26 0.725973
23 1 0.824352
23 2 0.999993
23 3 0.976484
23 4 0.841642
23 5 0.830367
23 6 0.999964
23 7 0.631748
23 8 0.979266
23 9 0.545649
23 10 0.687937
23 11 0.936257
23 12 0.921074
23 13 0.836835
23 14 0.930440
23 15 0.905405
23 16 0.998437
23 17 0.986604
23 18 0.999997
23 19 0.500012
23 20 0.995037
23 21 0.999999
23 22 0.849020
23 23 1.000000
23 24 0.841406
23 25 0.806369
23 26 0.991367
24 1 0.595462
24 2 0.947554
24 3 0.647523
24 4 0.597657
24 5 0.610284
24 6 0.924354
24 7 0.515877
24 8 0.623047
24 9 0.528918
24 10 0.514249
24 11 0.624165
24 12 0.632166
24 13 0.601501
24 14 0.702824
24 15 0.647336
24 16 0.751075
24 17 0.654566
24 18 0.904211
24 19 0.500001
24 20 0.672336
24 21 0.954064
24 22 0.591678
24 23 0.841406
24 24 0.600796
24 25 0.591349
25 1 0.588272
25 2 0.942853
25 3 0.629305
25 4 0.590120
25 5 0.601720
25 6 0.901049
25 7 0.515369
25 8 0.604589
25 9 0.528724
25 10 0.512366
25 11 0.611775
25 12 0.614407
25 13 0.594359
25 14 0.694846
25 15 0.633828
25 16 0.719891
25 17 0.631158
25 18 0.890019
25 19 0.500001
25 20 0.638697
25 21 0.937878
25 22 0.579897
25 23 0.806369
25 24 0.591349
25 25 0.585200
26 2 0.999743
26 6 0.998625
26 7 0.540639
26 8 0.781318
26 10 0.551468
26 12 0.816907
26 15 0.852445
26 16 0.947357
26 17 0.847457
26 19 0.500005
26 20 0.826585
26 21 0.999848
26 22 0.725973
26 23 0.991367
26 26 0.965641
