1 26 0.512332
3 17 0.615195
3 26 0.757738
4 22 0.544308
4 26 0.688667
5 26 0.739616
9 26 0.714465
11 26 0.717446
13 26 0.656558
14 26 0.911245
17 3 0.615195
18 26 0.808176
22 4 0.544308
24 26 0.625108
25 26 0.715954
26 1 0.512332
26 3 0.757738
26 4 0.688667
26 5 0.739616
26 9 0.714465
26 11 0.717446
26 13 0.656558
26 14 0.911245
26 18 0.808176
26 24 0.625108
26 25 0.715954
1 1 0.504915
1 2 0.544545
1 3 0.505913
1 4 0.502240
1 5 0.504546
1 6 0.512237
1 7 0.503091
1 8 0.504384
1 9 0.503422
1 10 0.503043
1 11 0.506585
1 12 0.514427
1 13 0.494700
1 14 0.506935
1 15 0.520003
1 16 0.507059
1 17 0.513535
1 18 0.508939
1 19 0.500001
1 20 0.504581
1 21 0.567997
1 22 0.500472
1 23 0.506109
1 24 0.493721
1 25 0.504044
2 1 0.544545
2 2 1.000000
2 3 0.934357
2 4 0.790346
2 5 0.945398
2 6 0.999830
2 7 0.589217
2 8 0.949158
2 9 0.888884
2 10 0.489360
2 11 0.865104
2 12 0.957283
2 13 0.682409
2 14 0.982754
2 15 0.947371
2 16 0.998613
2 17 0.828434
2 18 0.953486
2 19 0.500013
2 20 0.890483
2 21 1.000000
2 22 0.636320
2 23 0.479287
2 24 0.692738
2 25 0.891158
2 26 0.997607
3 1 0.505913
3 2 0.934357
3 3 0.708533
3 4 0.600415
3 5 0.620714
3 6 0.914902
3 7 0.529791
3 8 0.588162
3 9 0.605505
3 10 0.508904
3 11 0.609761
3 12 0.678638
3 13 0.571977
3 14 0.703248
3 15 0.533692
3 16 0.675825
3 18 0.685681
3 19 0.500002
3 20 0.617806
3 21 0.938866
3 22 0.540633
3 23 0.742568
3 24 0.580817
3 25 0.609663
4 1 0.502240
4 2 0.790346
4 3 0.600415
4 4 0.583840
4 5 0.578159
4 6 0.887629
4 7 0.508300
4 8 0.519731
4 9 0.578758
4 10 0.498265
4 11 0.574914
4 12 0.557892
4 13 0.549970
4 14 0.699073
4 15 0.531599
4 16 0.635224
4 17 0.607270
4 18 0.628019
4 19 0.500000
4 20 0.557698
4 21 0.767960
4 23 0.537707
4 24 0.545596
4 25 0.576660
5 1 0.504546
5 2 0.945398
5 3 0.620714
5 4 0.578159
5 5 0.614636
5 6 0.879220
5 7 0.513897
5 8 0.572122
5 9 0.594690
5 10 0.496269
5 11 0.596197
5 12 0.597549
5 13 0.572512
5 14 0.708382
5 15 0.557121
5 16 0.681073
5 17 0.577029
5 18 0.644480
5 19 0.500001
5 20 0.588068
5 21 0.873135
5 22 0.534280
5 23 0.565584
5 24 0.558396
5 25 0.598134
6 1 0.512237
6 2 0.999830
6 3 0.914902
6 4 0.887629
6 5 0.879220
6 6 1.000000
6 7 0.514437
6 8 0.504858
6 9 0.873459
6 10 0.448928
6 11 0.878346
6 12 0.901793
6 13 0.785912
6 14 0.993766
6 15 0.744826
6 16 0.943255
6 17 0.890259
6 18 0.956263
6 19 0.500004
6 20 0.730383
6 21 0.999859
6 22 0.745844
6 23 0.530393
6 24 0.797388
6 25 0.888664
6 26 0.992463
7 1 0.503091
7 2 0.589217
7 3 0.529791
7 4 0.508300
7 5 0.513897
7 6 0.514437
7 7 0.517612
7 8 0.501565
7 9 0.510938
7 10 0.512235
7 11 0.516206
7 12 0.542454
7 13 0.521764
7 14 0.537658
7 15 0.513013
7 16 0.499950
7 17 0.499638
7 18 0.520809
7 19 0.500000
7 20 0.552034
7 21 0.547314
7 22 0.498849
7 23 0.568111
7 24 0.510271
7 25 0.513473
7 26 0.534697
8 1 0.504384
8 2 0.949158
8 3 0.588162
8 4 0.519731
8 5 0.572122
8 6 0.504858
8 7 0.501565
8 8 0.682303
8 9 0.548207
8 10 0.502873
8 11 0.540699
8 12 0.593343
8 13 0.518491
8 14 0.539276
8 15 0.549481
8 16 0.707770
8 17 0.613071
8 18 0.571583
8 19 0.500003
8 20 0.534959
8 21 0.945883
8 22 0.511787
8 23 0.726164
8 24 0.522250
8 25 0.544305
8 26 0.658824
9 1 0.503422
9 2 0.888884
9 3 0.605505
9 4 0.578758
9 5 0.594690
9 6 0.873459
9 7 0.510938
9 8 0.548207
9 9 0.589340
9 10 0.500184
9 11 0.589740
9 12 0.574443
9 13 0.556304
9 14 0.697788
9 15 0.542237
9 16 0.659491
9 17 0.595967
9 18 0.642382
9 19 0.500000
9 20 0.579549
9 21 0.825912
9 22 0.536576
9 23 0.556197
9 24 0.544324
9 25 0.587399
10 1 0.503043
10 2 0.489360
10 3 0.508904
10 4 0.498265
10 5 0.496269
10 6 0.448928
10 7 0.512235
10 8 0.502873
10 9 0.500184
10 10 0.514276
10 11 0.503734
10 12 0.525539
10 13 0.503877
10 14 0.505271
10 15 0.511386
10 16 0.487162
10 17 0.513727
10 18 0.506642
10 19 0.500000
10 20 0.532958
10 21 0.521138
10 22 0.495828
10 23 0.569571
10 24 0.494617
10 25 0.498355
10 26 0.501662
11 1 0.506585
11 2 0.865104
11 3 0.609761
11 4 0.574914
11 5 0.596197
11 6 0.878346
11 7 0.516206
11 8 0.540699
11 9 0.589740
11 10 0.503734
11 11 0.611728
11 12 0.591152
11 13 0.570964
11 14 0.687733
11 15 0.523540
11 16 0.618518
11 17 0.591091
11 18 0.637303
11 19 0.500001
11 20 0.589172
11 21 0.821669
11 22 0.529745
11 23 0.601951
11 24 0.540649
11 25 0.597372
12 1 0.514427
12 2 0.957283
12 3 0.678638
12 4 0.557892
12 5 0.597549
12 6 0.901793
12 7 0.542454
12 8 0.593343
12 9 0.574443
12 10 0.525539
12 11 0.591152
12 12 0.762391
12 13 0.563206
12 14 0.601242
12 15 0.617500
12 16 0.631827
12 17 0.548712
12 18 0.640626
12 19 0.500004
12 20 0.657138
12 21 0.968929
12 22 0.513800
12 23 0.796413
12 24 0.560338
12 25 0.589956
12 26 0.703159
13 1 0.494700
13 2 0.682409
13 3 0.571977
13 4 0.549970
13 5 0.572512
13 6 0.785912
13 7 0.521764
13 8 0.518491
13 9 0.556304
13 10 0.503877
13 11 0.570964
13 12 0.563206
13 13 0.631598
13 14 0.661734
13 15 0.490872
13 16 0.543418
13 17 0.491623
13 18 0.561440
13 19 0.499999
13 20 0.591480
13 21 0.484842
13 22 0.520503
13 23 0.649145
13 24 0.574709
13 25 0.570497
14 1 0.506935
14 2 0.982754
14 3 0.703248
14 4 0.699073
14 5 0.708382
14 6 0.993766
14 7 0.537658
14 8 0.539276
14 9 0.697788
14 10 0.505271
14 11 0.687733
14 12 0.601242
14 13 0.661734
14 14 0.949300
14 15 0.584678
14 16 0.799676
14 17 0.744649
14 18 0.784623
14 19 0.500000
14 20 0.650870
14 21 0.910672
14 22 0.603328
14 23 0.488699
14 24 0.622906
14 25 0.691074
15 1 0.520003
15 2 0.947371
15 3 0.533692
15 4 0.531599
15 5 0.557121
15 6 0.744826
15 7 0.513013
15 8 0.549481
15 9 0.542237
15 10 0.511386
15 11 0.523540
15 12 0.617500
15 13 0.490872
15 14 0.584678
15 15 0.731345
15 16 0.662832
15 17 0.535522
15 18 0.569157
15 19 0.500004
15 20 0.557467
15 21 0.893337
15 22 0.521211
15 23 0.485521
15 24 0.506854
15 25 0.531084
15 26 0.614537
16 1 0.507059
16 2 0.998613
16 3 0.675825
16 4 0.635224
16 5 0.681073
16 6 0.943255
16 7 0.499950
16 8 0.707770
16 9 0.659491
16 10 0.487162
16 11 0.618518
16 12 0.631827
16 13 0.543418
16 14 0.799676
16 15 0.662832
16 16 0.903826
16 17 0.727479
16 18 0.736410
16 19 0.500002
16 20 0.588564
16 21 0.993601
16 22 0.582117
16 23 0.506163
16 24 0.550496
16 25 0.642371
16 26 0.855452
17 1 0.513535
17 2 0.828434
17 4 0.607270
17 5 0.577029
17 6 0.890259
17 7 0.499638
17 8 0.613071
17 9 0.595967
17 10 0.513727
17 11 0.591091
17 12 0.548712
17 13 0.491623
17 14 0.744649
17 15 0.535522
17 16 0.727479
17 17 0.827961
17 18 0.667517
17 19 0.500003
17 20 0.541759
17 21 0.959049
17 22 0.568565
17 23 0.664157
17 24 0.495195
17 25 0.581040
17 26 0.739260
18 1 0.508939
18 2 0.953486
18 3 0.685681
18 4 0.628019
18 5 0.644480
18 6 0.956263
18 7 0.520809
18 8 0.571583
18 9 0.642382
18 10 0.506642
18 11 0.637303
18 12 0.640626
18 13 0.561440
18 14 0.784623
18 15 0.569157
18 16 0.736410
18 17 0.667517
18 18 0.749360
18 19 0.500001
18 20 0.644995
18 21 0.938570
18 22 0.554912
18 23 0.607621
18 24 0.556386
18 25 0.633188
19 1 0.500001
19 2 0.500013
19 3 0.500002
19 4 0.500000
19 5 0.500001
19 6 0.500004
19 7 0.500000
19 8 0.500003
19 9 0.500000
19 10 0.500000
19 11 0.500001
19 12 0.500004
19 13 0.499999
19 14 0.500000
19 15 0.500004
19 16 0.500002
19 17 0.500003
19 18 0.500001
19 19 0.500000
19 20 0.500000
19 21 0.500021
19 22 0.500000
19 23 0.500005
19 24 0.500000
19 25 0.500001
19 26 0.500003
20 1 0.504581
20 2 0.890483
20 3 0.617806
20 4 0.557698
20 5 0.588068
20 6 0.730383
20 7 0.552034
20 8 0.534959
20 9 0.579549
20 10 0.532958
20 11 0.589172
20 12 0.657138
20 13 0.591480
20 14 0.650870
20 15 0.557467
20 16 0.588564
20 17 0.541759
20 18 0.644995
20 19 0.500000
20 20 0.759383
20 21 0.785633
20 22 0.510177
20 23 0.740952
20 24 0.554748
20 25 0.585514
20 26 0.685487
21 1 0.567997
21 2 1.000000
21 3 0.938866
21 4 0.767960
21 5 0.873135
21 6 0.999859
21 7 0.547314
21 8 0.945883
21 9 0.825912
21 10 0.521138
21 11 0.821669
21 12 0.968929
21 13 0.484842
21 14 0.910672
21 15 0.893337
21 16 0.993601
21 17 0.959049
21 18 0.938570
21 19 0.500021
21 20 0.785633
21 21 1.000000
21 22 0.644943
21 23 0.952714
21 24 0.594209
21 25 0.831715
21 26 0.989432
22 1 0.500472
22 2 0.636320
22 3 0.540633
22 5 0.534280
22 6 0.745844
22 7 0.498849
22 8 0.511787
22 9 0.536576
22 10 0.495828
22 11 0.529745
22 12 0.513800
22 13 0.520503
22 14 0.603328
22 15 0.521211
22 16 0.582117
22 17 0.568565
22 18 0.554912
22 19 0.500000
22 20 0.510177
22 21 0.644943
22 22 0.528704
22 23 0.504179
22 24 0.522653
22 25 0.534074
22 26 0.591075
23 1 0.506109
23 2 0.479287
23 3 0.742568
23 4 0.537707
23 5 0.565584
23 6 0.530393
23 7 0.568111
23 8 0.726164
23 9 0.556197
23 10 0.569571
23 11 0.601951
23 12 0.796413
23 13 0.649145
23 14 0.488699
23 15 0.485521
23 16 0.506163
23 17 0.664157
23 18 0.607621
23 19 0.500005
23 20 0.740952
23 21 0.952714
23 22 0.504179
23 23 0.992840
23 24 0.631314
23 25 0.570373
23 26 0.684173
24 1 0.493721
24 2 0.692738
24 3 0.580817
24 4 0.545596
24 5 0.558396
24 6 0.797388
24 7 0.510271
24 8 0.522250
24 9 0.544324
24 10 0.494617
24 11 0.540649
24 12 0.560338
24 13 0.574709
24 14 0.622906
24 15 0.506854
24 16 0.550496
24 17 0.495195
24 18 0.556386
24 19 0.500000
24 20 0.554748
24 21 0.594209
24 22 0.522653
24 23 0.631314
24 24 0.584610
24 25 0.549905
25 1 0.504044
25 2 0.891158
25 3 0.609663
25 4 0.576660
25 5 0.598134
25 6 0.888664
25 7 0.513473
25 8 0.544305
25 9 0.587399
25 10 0.498355
25 11 0.597372
25 12 0.589956
25 13 0.570497
25 14 0.691074
25 15 0.531084
25 16 0.642371
25 17 0.581040
25 18 0.633188
25 19 0.500001
25 20 0.585514
25 21 0.831715
25 22 0.534074
25 23 0.570373
25 24 0.549905
25 25 0.594383
26 2 0.997607
26 6 0.992463
26 7 0.534697
26 8 0.658824
26 10 0.501662
26 12 0.703159
26 15 0.614537
26 16 0.855452
26 17 0.739260
26 19 0.500003
26 20 0.685487
26 21 0.989432
26 22 0.591075
26 23 0.684173
26 26 0.925148
